7.305048465728759766e+00 -9.233110547065734863e-01 -2.422164916992187500e+00 -0.000000000000000000e+00 -0.000000000000000000e+00 -3.711861371994018555e-01 9.285584688186645508e-01
7.027749538421630859e+00 -5.359081625938415527e-01 -2.407638072967529297e+00 -2.269257558509707451e-03 9.203700348734855652e-03 -3.630260825157165527e-01 9.317307472229003906e-01
6.824213027954101562e+00 -2.681616544723510742e-01 -2.390892982482910156e+00 6.772944703698158264e-03 1.660113595426082611e-02 -3.326255083084106445e-01 9.428884983062744141e-01
6.645237922668457031e+00 -4.788818210363388062e-02 -2.370614767074584961e+00 1.229941006749868393e-02 -3.305553272366523743e-02 -3.793200552463531494e-01 9.245930910110473633e-01
6.435606956481933594e+00 1.819635778665542603e-01 -2.335450172424316406e+00 -4.940915107727050781e-02 -8.239337056875228882e-02 -3.911302089691162109e-01 9.153072237968444824e-01
6.098070621490478516e+00 4.090217351913452148e-01 -2.214742660522460938e+00 -4.876862838864326477e-02 -7.756397128105163574e-02 -3.868240416049957275e-01 9.175906181335449219e-01
5.861163139343261719e+00 4.713155925273895264e-01 -2.087936401367187500e+00 -2.891843020915985107e-02 -1.620428860187530518e-01 -4.429723322391510010e-01 8.812952041625976562e-01
5.610289096832275391e+00 5.106747150421142578e-01 -1.946752548217773438e+00 -1.027811225503683090e-02 -5.883395299315452576e-02 -4.103277921676635742e-01 9.099802374839782715e-01
5.294604778289794922e+00 5.571244955062866211e-01 -1.767928719520568848e+00 2.752474136650562286e-02 -3.576866537332534790e-02 -4.077373743057250977e-01 9.119830727577209473e-01
5.025862216949462891e+00 5.887824892997741699e-01 -1.592277765274047852e+00 7.663153111934661865e-03 -1.027393564581871033e-01 -4.700357317924499512e-01 8.766141533851623535e-01
4.928155899047851562e+00 5.967227220535278320e-01 -1.517550587654113770e+00 2.071037143468856812e-02 -6.765938550233840942e-02 -4.550281763076782227e-01 8.876612782478332520e-01
4.784493446350097656e+00 6.047787070274353027e-01 -1.398316979408264160e+00 -3.218727651983499527e-03 1.629805378615856171e-02 -4.209997355937957764e-01 9.069086909294128418e-01
4.550938606262207031e+00 6.129540801048278809e-01 -1.202243804931640625e+00 -8.541159331798553467e-03 9.567952901124954224e-02 -4.028879702091217041e-01 9.101943969726562500e-01
4.277796268463134766e+00 6.252728104591369629e-01 -1.016673922538757324e+00 -1.718894764780998230e-02 7.345471531152725220e-02 -4.272942245006561279e-01 9.009597897529602051e-01
3.968265056610107422e+00 6.491397619247436523e-01 -8.720644116401672363e-01 -1.439701393246650696e-02 8.341088891029357910e-02 -4.262127876281738281e-01 9.006542563438415527e-01
3.788214921951293945e+00 6.674463748931884766e-01 -7.948713302612304688e-01 1.785111799836158752e-02 1.519979387521743774e-01 -3.977093100547790527e-01 9.046575427055358887e-01
3.666690587997436523e+00 6.779820919036865234e-01 -7.068120241165161133e-01 -1.763875782489776611e-02 2.425968348979949951e-01 -3.511958122253417969e-01 9.041554927825927734e-01
3.393334627151489258e+00 6.584161520004272461e-01 -4.921401441097259521e-01 1.010979712009429932e-02 2.682358920574188232e-01 -3.083169162273406982e-01 9.126269221305847168e-01
3.259827613830566406e+00 6.458516716957092285e-01 -4.027532339096069336e-01 6.361183524131774902e-02 2.972905039787292480e-01 -2.388773560523986816e-01 9.222306609153747559e-01
3.105001211166381836e+00 6.305400133132934570e-01 -3.065626323223114014e-01 1.236347332596778870e-01 3.279126882553100586e-01 -1.278245747089385986e-01 9.278192520141601562e-01
3.053517341613769531e+00 6.253033280372619629e-01 -2.763099670410156250e-01 9.912738949060440063e-02 3.109398484230041504e-01 -1.767740845680236816e-01 9.285694360733032227e-01
2.984211921691894531e+00 6.181492209434509277e-01 -2.369995862245559692e-01 1.449826806783676147e-01 3.512268960475921631e-01 -1.195282936096191406e-01 9.172418117523193359e-01
2.739257812500000000e+00 5.919315218925476074e-01 -1.125418096780776978e-01 8.915340155363082886e-02 3.089304268360137939e-01 -2.001521289348602295e-01 9.255013465881347656e-01
2.521817684173583984e+00 5.682302713394165039e-01 -2.147346362471580505e-02 9.490682929754257202e-02 3.221313953399658203e-01 -1.975069195032119751e-01 9.209859371185302734e-01
2.168810129165649414e+00 5.315330624580383301e-01 9.254249185323715210e-02 1.044226586818695068e-01 3.594194650650024414e-01 -1.896545141935348511e-01 9.077140092849731445e-01
1.997462153434753418e+00 5.151739120483398438e-01 1.357959657907485962e-01 1.045820415019989014e-01 3.595959842205047607e-01 -1.895052045583724976e-01 9.076569080352783203e-01
1.747800707817077637e+00 4.935325384140014648e-01 1.881064623594284058e-01 8.088696002960205078e-02 2.804394364356994629e-01 -2.740568816661834717e-01 9.163535833358764648e-01
1.382017135620117188e+00 4.681648015975952148e-01 2.456990778446197510e-01 5.478624626994132996e-02 3.698712289333343506e-01 -2.213872522115707397e-01 9.006561040878295898e-01
1.065866231918334961e+00 4.534646570682525635e-01 2.801259458065032959e-01 6.443711370229721069e-02 3.192110061645507812e-01 -2.678639888763427734e-01 9.067530035972595215e-01
7.885304093360900879e-01 4.466400146484375000e-01 3.001502156257629395e-01 5.831328779458999634e-02 3.000511825084686279e-01 -2.840976417064666748e-01 9.087669253349304199e-01
4.477536976337432861e-01 4.456745684146881104e-01 3.138429820537567139e-01 5.953565984964370728e-02 2.737295329570770264e-01 -3.029518723487854004e-01 9.109049439430236816e-01
1.866891384124755859e-01 4.488952457904815674e-01 3.185465931892395020e-01 3.714437037706375122e-02 2.222300320863723755e-01 -3.111760020256042480e-01 9.232571125030517578e-01
-7.077240198850631714e-02 4.547028243541717529e-01 3.193416595458984375e-01 3.146708011627197266e-02 2.160500884056091309e-01 -3.283155858516693115e-01 9.189891219139099121e-01
-2.467128634452819824e-01 4.599937200546264648e-01 3.179526329040527344e-01 5.934417247772216797e-02 2.342895418405532837e-01 -3.083322048187255859e-01 9.200641512870788574e-01
-5.147954225540161133e-01 4.700685143470764160e-01 3.128946721553802490e-01 4.894113913178443909e-02 3.097849488258361816e-01 -2.675754427909851074e-01 9.110661149024963379e-01
-8.142837882041931152e-01 4.870491027832031250e-01 3.089413344860076904e-01 1.545067876577377319e-02 3.841587305068969727e-01 -1.788070946931838989e-01 9.056552648544311523e-01
-1.086612343788146973e+00 5.163662433624267578e-01 3.634384870529174805e-01 -4.323779046535491943e-02 3.084481954574584961e-01 -2.297758162021636963e-01 9.220592975616455078e-01
-1.252915978431701660e+00 6.184564232826232910e-01 2.913645207881927490e-01 -5.515357851982116699e-02 2.924553453922271729e-01 -2.608383893966674805e-01 9.183633923530578613e-01
-1.246563196182250977e+00 6.198617219924926758e-01 2.848010957241058350e-01 -4.430267959833145142e-02 2.973265051841735840e-01 -2.151177525520324707e-01 9.291708469390869141e-01
-1.145929455757141113e+00 6.331059336662292480e-01 1.943283826112747192e-01 -5.270134657621383667e-02 3.893271684646606445e-01 -1.812076866626739502e-01 9.015601277351379395e-01
-8.757872581481933594e-01 6.404240131378173828e-01 4.339446779340505600e-03 -5.301221460103988647e-02 3.623010516166687012e-01 -1.993901431560516357e-01 9.089396595954895020e-01
-6.923221349716186523e-01 6.363242864608764648e-01 -1.015036776661872864e-01 -4.834019392728805542e-02 3.521660566329956055e-01 -2.494521141052246094e-01 9.007862806320190430e-01
-5.398195385932922363e-01 6.298269033432006836e-01 -1.811881959438323975e-01 -4.628761857748031616e-02 2.980508208274841309e-01 -3.262028992176055908e-01 8.958877325057983398e-01
-2.452799230813980103e-01 6.113052368164062500e-01 -3.248315751552581787e-01 -7.866004109382629395e-02 2.127704024314880371e-01 -3.712578713893890381e-01 9.003938436508178711e-01
1.222499087452888489e-01 5.773506164550781250e-01 -4.974570274353027344e-01 -9.907497465610504150e-02 1.834258437156677246e-01 -4.099779725074768066e-01 8.879510760307312012e-01
5.998446941375732422e-01 5.138487219810485840e-01 -7.213600277900695801e-01 -9.942337870597839355e-02 2.057951092720031738e-01 -3.428343832492828369e-01 9.111685156822204590e-01
9.749667048454284668e-01 4.813946485519409180e-01 -8.439784049987792969e-01 -7.731515169143676758e-02 1.843071281909942627e-01 -4.323611259460449219e-01 8.792707324028015137e-01
1.242991328239440918e+00 4.934637248516082764e-01 -8.636414408683776855e-01 -6.691873073577880859e-02 1.948202997446060181e-01 -4.285853803157806396e-01 8.797053694725036621e-01
1.555717706680297852e+00 5.289968252182006836e-01 -8.311045169830322266e-01 -8.998683840036392212e-02 1.130639165639877319e-01 -5.068714618682861328e-01 8.498237133026123047e-01
2.040047883987426758e+00 5.640463829040527344e-01 -7.405068278312683105e-01 -9.830837696790695190e-02 1.132397800683975220e-01 -4.297168552875518799e-01 8.904243707656860352e-01
2.464137315750122070e+00 6.083094477653503418e-01 -6.478779315948486328e-01 -5.581486970186233521e-02 2.218786180019378662e-01 -4.028490781784057617e-01 8.862094879150390625e-01
2.759828090667724609e+00 6.324918866157531738e-01 -6.521617770195007324e-01 -6.631012260913848877e-02 2.128278315067291260e-01 -4.173775613307952881e-01 8.809671998023986816e-01
3.165456771850585938e+00 6.277171373367309570e-01 -7.194973826408386230e-01 -5.326043069362640381e-02 2.494470030069351196e-01 -3.617935478687286377e-01 8.966855406761169434e-01
3.592844247817993164e+00 6.112780570983886719e-01 -8.132039308547973633e-01 -8.591788262128829956e-02 2.342427521944046021e-01 -3.969055414199829102e-01 8.832975029945373535e-01
3.944486618041992188e+00 5.967331528663635254e-01 -9.047814011573791504e-01 -8.671519160270690918e-02 1.915560960769653320e-01 -4.396120905876159668e-01 8.732284903526306152e-01
4.190754890441894531e+00 5.852163434028625488e-01 -9.878391027450561523e-01 -8.252383768558502197e-02 1.967017799615859985e-01 -4.325252175331115723e-01 8.760252594947814941e-01
4.430976390838623047e+00 5.677886605262756348e-01 -1.106189489364624023e+00 -1.337591707706451416e-01 2.835131287574768066e-01 -3.861985206604003906e-01 8.675134778022766113e-01
4.629789352416992188e+00 5.434921979904174805e-01 -1.242105007171630859e+00 -1.304684877395629883e-01 2.425757944583892822e-01 -4.235620200634002686e-01 8.629775047302246094e-01
4.849242210388183594e+00 5.095250010490417480e-01 -1.406599640846252441e+00 -1.299982666969299316e-01 2.380114197731018066e-01 -4.292528629302978516e-01 8.615061640739440918e-01
5.023552894592285156e+00 4.805540442466735840e-01 -1.536747694015502930e+00 -7.699474692344665527e-02 1.597012579441070557e-01 -5.006181001663208008e-01 8.473186492919921875e-01
5.290268898010253906e+00 4.328031837940216064e-01 -1.731510877609252930e+00 -7.725484669208526611e-02 1.370764672756195068e-01 -5.082995891571044922e-01 8.466835618019104004e-01
5.609870910644531250e+00 3.674423098564147949e-01 -1.954505085945129395e+00 -9.427990019321441650e-02 1.564643830060958862e-01 -4.713045358657836914e-01 8.628455400466918945e-01
6.085419654846191406e+00 2.338147312402725220e-01 -2.240258932113647461e+00 -9.143355488777160645e-02 1.523810625076293945e-01 -4.799432456493377686e-01 8.591126203536987305e-01
6.560824871063232422e+00 -3.569233044981956482e-02 -2.413335800170898438e+00 -8.801905810832977295e-02 1.366369128227233887e-01 -4.924532473087310791e-01 8.550279736518859863e-01
6.847752094268798828e+00 -4.280780255794525146e-01 -2.434715509414672852e+00 -7.531180977821350098e-02 2.079074084758758545e-01 -4.795609712600708008e-01 8.491901159286499023e-01
7.108804702758789062e+00 -6.524558663368225098e-01 -2.433223485946655273e+00 -5.244857817888259888e-02 1.564989686012268066e-01 -5.262117981910705566e-01 8.341813087463378906e-01
7.220378398895263672e+00 -7.988808155059814453e-01 -2.427420616149902344e+00 -7.487960904836654663e-02 1.901954263448715210e-01 -4.822973310947418213e-01 8.518262505531311035e-01
7.305036544799804688e+00 -9.232922196388244629e-01 -2.422165870666503906e+00 -1.532142609357833862e-01 1.113159656524658203e-01 -5.277411937713623047e-01 8.280238509178161621e-01
