1.367178916931152344e+00 4.586360156536102295e-01 -1.085325837135314941e+00 -0.000000000000000000e+00 -0.000000000000000000e+00 -8.485229015350341797e-01 5.291585922241210938e-01
8.381310701370239258e-01 4.334565699100494385e-01 -9.378786087036132812e-01 4.688913002610206604e-03 1.229741238057613373e-02 -8.389053344726562500e-01 5.441181659698486328e-01
4.365630149841308594e-01 4.041086435317993164e-01 -9.044610261917114258e-01 1.122565008699893951e-02 -3.993900492787361145e-02 -8.605515360832214355e-01 5.076711177825927734e-01
1.201055869460105896e-01 3.717881739139556885e-01 -8.933053612709045410e-01 -2.914035692811012268e-03 -7.272035628557205200e-02 -8.701262474060058594e-01 4.874254763126373291e-01
-3.324593305587768555e-01 3.026010096073150635e-01 -9.088287949562072754e-01 -1.563241705298423767e-03 -5.978646129369735718e-02 -8.640466332435607910e-01 4.998466372489929199e-01
-7.658035755157470703e-01 1.916874200105667114e-01 -9.818623065948486328e-01 5.858898162841796875e-03 -8.617272228002548218e-02 -8.709238767623901367e-01 4.837678372859954834e-01
-1.010382294654846191e+00 1.046355813741683960e-01 -1.054780125617980957e+00 1.580343022942543030e-02 -2.161094732582569122e-02 -8.630115389823913574e-01 5.044742226600646973e-01
-1.084315419197082520e+00 7.492801547050476074e-02 -1.081273198127746582e+00 2.650184184312820435e-02 -3.226792439818382263e-02 -9.105560779571533203e-01 4.112712740898132324e-01
-1.249409556388854980e+00 2.977409400045871735e-03 -1.147936701774597168e+00 1.877881772816181183e-02 -2.275969833135604858e-03 -8.716154694557189941e-01 4.898250102996826172e-01
-1.375238895416259766e+00 -5.679672211408615112e-02 -1.205619573593139648e+00 2.717074938118457794e-02 3.740434348583221436e-02 -8.499826788902282715e-01 5.247781276702880859e-01
-1.421725749969482422e+00 -9.360381960868835449e-02 -1.237380743026733398e+00 9.946750849485397339e-02 -4.804570227861404419e-02 -8.530088663101196289e-01 5.100722312927246094e-01
-1.300661921501159668e+00 -4.903926700353622437e-02 -1.174988031387329102e+00 1.324465572834014893e-01 3.220999985933303833e-02 -8.274285793304443359e-01 5.447772741317749023e-01
-1.143850207328796387e+00 6.705436389893293381e-03 -1.098524808883666992e+00 1.336682736873626709e-01 3.058652952313423157e-02 -8.306922912597656250e-01 5.395810008049011230e-01
-8.802295327186584473e-01 3.375785797834396362e-02 -1.029141902923583984e+00 1.338985711336135864e-01 -1.039405912160873413e-02 -8.390253186225891113e-01 5.272566676139831543e-01
-5.459064245223999023e-01 7.598136365413665771e-02 -9.703903198242187500e-01 1.188673973083496094e-01 5.870187655091285706e-02 -8.345232009887695312e-01 5.347856283187866211e-01
-7.534583657979965210e-02 1.657511144876480103e-01 -9.278327822685241699e-01 1.190524697303771973e-01 3.804010897874832153e-02 -8.428737521171569824e-01 5.233958959579467773e-01
3.467522263526916504e-01 2.881967723369598389e-01 -9.455261826515197754e-01 1.220393702387809753e-01 3.955975174903869629e-03 -8.525086641311645508e-01 5.082516074180603027e-01
6.957825422286987305e-01 4.007690250873565674e-01 -9.837327599525451660e-01 6.480661779642105103e-02 7.656379789113998413e-02 -8.232625126838684082e-01 5.587279796600341797e-01
8.984943032264709473e-01 4.572724699974060059e-01 -1.002385020256042480e+00 5.599580705165863037e-02 1.119851022958755493e-01 -8.006041646003723145e-01 5.859664678573608398e-01
1.118162751197814941e+00 5.044955611228942871e-01 -1.013098716735839844e+00 7.075124979019165039e-02 9.812565147876739502e-02 -8.121169805526733398e-01 5.708166956901550293e-01
1.246584415435791016e+00 5.238468050956726074e-01 -1.013248801231384277e+00 3.859950602054595947e-02 1.397335529327392578e-01 -8.117768764495849609e-01 5.656880736351013184e-01
1.464142084121704102e+00 5.460990667343139648e-01 -1.005785107612609863e+00 1.274688988924026489e-01 7.079220563173294067e-02 -8.331369757652282715e-01 5.335007905960083008e-01
1.501261234283447266e+00 5.487803816795349121e-01 -1.003707528114318848e+00 1.383613646030426025e-01 9.395688772201538086e-03 -8.438718318939208984e-01 5.183126926422119141e-01
1.574306726455688477e+00 5.532299876213073730e-01 -9.990377426147460938e-01 1.758091747760772705e-01 -7.611425966024398804e-02 -8.431051373481750488e-01 5.024654269218444824e-01
1.752485156059265137e+00 5.599163770675659180e-01 -9.848203659057617188e-01 1.861381530761718750e-01 -4.596931487321853638e-02 -8.315653204917907715e-01 5.212854743003845215e-01
2.049299716949462891e+00 5.605970621109008789e-01 -9.557405114173889160e-01 1.848252117633819580e-01 -7.604423165321350098e-02 -8.744774460792541504e-01 4.419795870780944824e-01
2.221863269805908203e+00 5.631712079048156738e-01 -1.004362702369689941e+00 1.455344259738922119e-01 -1.642298325896263123e-02 -8.738711476325988770e-01 4.635721743106842041e-01
2.380691051483154297e+00 5.819100141525268555e-01 -1.179163813591003418e+00 1.302565038204193115e-01 5.542677640914916992e-02 -8.544819355010986328e-01 4.998216331005096436e-01
2.503275632858276367e+00 5.959146022796630859e-01 -1.310782313346862793e+00 9.372551739215850830e-02 8.898451924324035645e-02 -8.438750505447387695e-01 5.207420587539672852e-01
2.589958190917968750e+00 6.045609712600708008e-01 -1.403998494148254395e+00 1.299744099378585815e-01 1.267947256565093994e-02 -8.577726483345031738e-01 4.971637129783630371e-01
2.743405342102050781e+00 6.124343872070312500e-01 -1.573457598686218262e+00 1.280581504106521606e-01 1.478277146816253662e-02 -8.576142787933349609e-01 4.978758394718170166e-01
2.762558460235595703e+00 4.642451405525207520e-01 -1.836945891380310059e+00 1.265508979558944702e-01 9.910903871059417725e-03 -8.591386675834655762e-01 4.957493245601654053e-01
2.691436290740966797e+00 3.203671872615814209e-01 -2.020370721817016602e+00 1.079118698835372925e-01 -4.018637165427207947e-02 -8.678219914436340332e-01 4.833477735519409180e-01
2.567227363586425781e+00 1.200277656316757202e-01 -2.154899358749389648e+00 7.770004868507385254e-02 -1.054941713809967041e-01 -8.939447402954101562e-01 4.285982549190521240e-01
2.314318180084228516e+00 -3.104751557111740112e-02 -2.221795082092285156e+00 6.893596053123474121e-02 -6.317947804927825928e-02 -8.648312091827392578e-01 4.932779371738433838e-01
1.909134030342102051e+00 -1.988910287618637085e-01 -2.299958944320678711e+00 6.556449085474014282e-02 -6.926421821117401123e-02 -8.655813336372375488e-01 4.916021525859832764e-01
1.505302429199218750e+00 -3.510816991329193115e-01 -2.362746238708496094e+00 7.115557789802551270e-02 -1.323415040969848633e-01 -8.842579126358032227e-01 4.421657621860504150e-01
1.257628798484802246e+00 -4.384540021419525146e-01 -2.388966560363769531e+00 1.818991452455520630e-02 -8.064800500869750977e-02 -8.608329296112060547e-01 5.021270513534545898e-01
1.117214679718017578e+00 -4.861622750759124756e-01 -2.399019479751586914e+00 6.468985229730606079e-04 -4.365679621696472168e-02 -8.494768738746643066e-01 5.258160829544067383e-01
1.094993591308593750e+00 -4.936177730560302734e-01 -2.400300741195678711e+00 -1.797841116786003113e-02 -2.749843150377273560e-02 -8.429969549179077148e-01 5.369139909744262695e-01
9.245614409446716309e-01 -5.503303408622741699e-01 -2.407426595687866211e+00 1.201421022415161133e-03 -7.822962105274200439e-02 -8.617304563522338867e-01 5.012975335121154785e-01
8.116561174392700195e-01 -5.882995724678039551e-01 -2.409787654876708984e+00 2.192385494709014893e-03 -6.982542574405670166e-02 -8.620814085006713867e-01 5.019314885139465332e-01
7.639740109443664551e-01 -6.049054861068725586e-01 -2.410394430160522461e+00 -7.390825077891349792e-03 -4.659276455640792847e-02 -8.504011034965515137e-01 5.240156054496765137e-01
7.451779842376708984e-01 -6.023929119110107422e-01 -2.408376216888427734e+00 -9.367337450385093689e-03 -4.079498350620269775e-02 -8.470325469970703125e-01 5.298905968666076660e-01
8.470470905303955078e-01 -5.549504756927490234e-01 -2.407042264938354492e+00 -1.151470653712749481e-02 -1.727629266679286957e-02 -8.463274240493774414e-01 5.322581529617309570e-01
8.895823359489440918e-01 -5.352824926376342773e-01 -2.406579017639160156e+00 1.581949554383754730e-02 5.541378259658813477e-02 -7.873570919036865234e-01 6.137979030609130859e-01
9.806050062179565430e-01 -4.934727847576141357e-01 -2.405602693557739258e+00 8.477865159511566162e-02 -1.750430464744567871e-02 -8.053494691848754883e-01 5.864455699920654297e-01
1.095634698867797852e+00 -4.412448406219482422e-01 -2.404275655746459961e+00 8.184082806110382080e-02 -8.849374204874038696e-02 -8.291273713111877441e-01 5.459109544754028320e-01
1.312935113906860352e+00 -3.452261686325073242e-01 -2.400960445404052734e+00 7.817813009023666382e-02 -9.693650901317596436e-02 -8.319877982139587402e-01 5.406364202499389648e-01
1.578537464141845703e+00 -2.396726608276367188e-01 -2.390738487243652344e+00 8.998193591833114624e-02 -1.370336860418319702e-03 -8.272080421447753906e-01 5.546424984931945801e-01
1.678146481513977051e+00 -2.048835009336471558e-01 -2.378336191177368164e+00 9.561131894588470459e-02 -2.230556681752204895e-02 -8.362963199615478516e-01 5.394157767295837402e-01
1.817579269409179688e+00 -1.544981747865676880e-01 -2.347903728485107422e+00 9.909263998270034790e-02 -4.191412404179573059e-02 -8.389874100685119629e-01 5.334078669548034668e-01
2.122961044311523438e+00 -2.763736620545387268e-02 -2.258065700531005859e+00 9.964726865291595459e-02 -3.676748648285865784e-02 -8.386403322219848633e-01 5.342293381690979004e-01
2.344256877899169922e+00 7.310214638710021973e-02 -2.182820796966552734e+00 9.616702795028686523e-02 2.720200084149837494e-02 -8.305967450141906738e-01 5.478329062461853027e-01
2.470400333404541016e+00 1.345146894454956055e-01 -2.134259223937988281e+00 1.067159399390220642e-01 5.044716969132423401e-02 -8.143048286437988281e-01 5.683084130287170410e-01
2.529295206069946289e+00 1.650398969650268555e-01 -2.108771800994873047e+00 1.078132092952728271e-01 2.534848824143409729e-02 -8.233008384704589844e-01 5.566951036453247070e-01
2.614114522933959961e+00 2.145640552043914795e-01 -2.063421249389648438e+00 1.077791377902030945e-01 -8.254621922969818115e-02 -8.232099413871765137e-01 5.512668490409851074e-01
2.688851833343505859e+00 3.023023903369903564e-01 -1.963959455490112305e+00 1.095692962408065796e-01 -7.896351814270019531e-02 -8.177155256271362305e-01 5.595540404319763184e-01
2.687924385070800781e+00 3.874290287494659424e-01 -1.865456938743591309e+00 1.129207015037536621e-01 -8.618733286857604980e-02 -8.203348517417907715e-01 5.539598464965820312e-01
2.661768436431884766e+00 5.354789495468139648e-01 -1.645893096923828125e+00 8.106361329555511475e-02 -1.394754648208618164e-01 -8.533002138137817383e-01 4.958367049694061279e-01
2.593417644500732422e+00 5.504598617553710938e-01 -1.472404956817626953e+00 8.380439877510070801e-02 -1.530924141407012939e-01 -8.721790313720703125e-01 4.569936692714691162e-01
2.573096513748168945e+00 5.482103824615478516e-01 -1.440852284431457520e+00 6.740083545446395874e-02 -6.921076774597167969e-02 -8.673771023750305176e-01 4.881842732429504395e-01
2.450554132461547852e+00 5.427540540695190430e-01 -1.359188079833984375e+00 6.144898012280464172e-02 -1.374521255493164062e-01 -9.099562764167785645e-01 3.864069581031799316e-01
2.433889627456665039e+00 5.424729585647583008e-01 -1.352047443389892578e+00 3.625176474452018738e-02 -4.993168637156486511e-02 -8.954630494117736816e-01 4.408382773399353027e-01
2.345157384872436523e+00 5.415362715721130371e-01 -1.316607475280761719e+00 -2.240412868559360504e-02 3.480583801865577698e-02 -8.932740092277526855e-01 4.476026594638824463e-01
2.150980710983276367e+00 5.410112142562866211e-01 -1.245925664901733398e+00 -1.278587989509105682e-02 -2.254287898540496826e-02 -9.131395220756530762e-01 4.068224132061004639e-01
1.892868280410766602e+00 5.424479842185974121e-01 -1.161634087562561035e+00 -3.395652025938034058e-02 -9.212611615657806396e-02 -9.332008957862854004e-01 3.456817567348480225e-01
1.813622713088989258e+00 5.435319542884826660e-01 -1.138588666915893555e+00 -4.723729193210601807e-02 -8.422648906707763672e-02 -9.271581768989562988e-01 3.620113730430603027e-01
1.652352571487426758e+00 5.472219586372375488e-01 -1.096967458724975586e+00 -7.385676354169845581e-02 -4.906749725341796875e-02 -9.220255017280578613e-01 3.768374621868133545e-01
1.465819478034973145e+00 5.522285103797912598e-01 -1.065199851989746094e+00 -7.634936273097991943e-02 -5.585207790136337280e-02 -9.283278584480285645e-01 3.595255315303802490e-01
1.367182254791259766e+00 4.586411118507385254e-01 -1.085324764251708984e+00 -1.191795915365219116e-01 3.097562491893768311e-02 -8.934977650642395020e-01 4.318547248840332031e-01
