-7.827721810253780177e+01 5.105150390313860953e+01 1.090069326457859056e+01
-6.892596668846438490e+01 4.388378076492265478e+01 8.799593575617956631e+00
-6.001096370061500096e+01 3.722634386437548670e+01 6.775244936964730513e+00
-5.151210129176023855e+01 3.112490652986063111e+01 4.799896878259162669e+00
-4.342351118713646230e+01 2.560162589597717542e+01 2.860219853111285460e+00
-3.575056584859838438e+01 2.065736360000909144e+01 9.548452571985066584e-01
-2.850690900216746115e+01 1.627402692852835742e+01 -9.081070205472902002e-01
-2.171171683664231011e+01 1.241713905220451863e+01 -2.713389878774885577e+00
-1.538734850215414163e+01 9.038721887685685630e+00 -4.440777533875738925e+00
-9.557496162068522594e+00 6.080520350335402391e+00 -6.066927160524145712e+00
-4.245890708971405303e+00 3.477555635424218305e+00 -7.566913043791559268e+00
5.240175092605932061e-01 1.162989420686260766e+00 -8.915323620409811411e+00
4.730638491351577102e+00 -9.180106227495326010e-01 -1.008945566065663435e+01
8.359212520156846793e+00 -2.798544247054100431e+00 -1.107407236089786196e+01
1.140145063546130544e+01 -4.492024130202399768e+00 -1.186124338703049119e+01
1.385447242815696356e+01 -5.995521955380777257e+00 -1.244959538330227389e+01
1.571998233357088282e+01 -7.293294027526653345e+00 -1.284370792442644493e+01
1.700348492901214570e+01 -8.360386058892395056e+00 -1.305353901921015058e+01
1.771338997873439780e+01 -9.166231890662231763e+00 -1.309378795961473330e+01
1.785990934242948569e+01 -9.678174477849015744e+00 -1.298312853928869082e+01
1.745369883241716380e+01 -9.864853894162909143e+00 -1.274327075337189719e+01
1.650312147757786363e+01 -9.700703976934205386e+00 -1.239833400512041450e+01
1.500960758937334205e+01 -9.171693147001505508e+00 -1.197468773750662052e+01
1.297110088943060902e+01 -8.270977606015808448e+00 -1.149695311812537213e+01
1.038355175051151313e+01 -6.997055708537221363e+00 -1.098500551315087925e+01
7.241280125664219192e+00 -5.353178834098814676e+00 -1.045152848777051524e+01
4.075779415925882887e+00 -3.650668154995078130e+00 -9.977235260314458287e+00
1.420146045325612949e+00 -2.202257540071311137e+00 -9.621981060952606413e+00
-7.285096738866316812e-01 -1.012570788772257702e+00 -9.362229918001812479e+00
-2.371496291409755930e+00 -8.147276106891521152e-02 -9.178570776880841109e+00
-3.508890991736411724e+00 5.953594544096700858e-01 -9.057615031732167310e+00
-4.139069413616739190e+00 1.023667503842391913e+00 -8.994444410023183067e+00
-4.256488507363859419e+00 1.203525675110271864e+00 -8.996759678127823179e+00
-3.854811498682642057e+00 1.135161797642328718e+00 -9.082284192806913126e+00
-2.928493236063173022e+00 8.189485084316837638e-01 -9.273304655412669462e+00
-1.473359621218538251e+00 2.526227952082706896e-01 -9.591460773969899378e+00
-1.776832035980676489e-02 -3.322955186225229895e-01 -9.925638220978230564e+00
9.102238864797491669e-01 -7.173392387377756085e-01 -1.013760146577327070e+01
1.314811288934308431e+00 -9.245263253462332464e-01 -1.020763110419911790e+01
1.201146554162851210e+00 -9.677812360834616712e-01 -1.012313654374222338e+01
5.752128799012025118e-01 -8.490182222935673817e-01 -9.882736019259150240e+00
-5.571544195472974970e-01 -5.501251823381381190e-01 -9.500854549846552644e+00
-2.193106125111653704e+00 -2.137700930277230960e-02 -9.009719363846720341e+00
-4.328589189905867940e+00 7.946457560776469808e-01 -8.453382287543858453e+00
-6.957585972882474046e+00 1.950325222603084274e+00 -7.881910768837541603e+00
-1.007362149920531635e+01 3.486493693612009448e+00 -7.344767399594618773e+00
-1.311966762000399633e+01 5.120270159765584417e+00 -6.975115965655223071e+00
-1.555547414748364687e+01 6.514114294342598477e+00 -6.834024466229084105e+00
-1.740359800403848212e+01 7.616938822490676664e+00 -6.849239981603260752e+00
-1.868824475910152572e+01 8.384972620114320208e+00 -6.944275889001545465e+00
-1.943189461398762674e+01 8.785938476418863274e+00 -7.047791755103806288e+00
-1.964773863316912283e+01 8.803355494900305445e+00 -7.110704638225755048e+00
-1.932564003057299118e+01 8.443558007920884734e+00 -7.135910595746603136e+00
-1.844315532537061486e+01 7.729805483496427598e+00 -7.152848509386375397e+00
-1.697266869625524066e+01 6.697135622994418114e+00 -7.201131631087251961e+00
-1.488526530459367692e+01 5.387999314730969935e+00 -7.321562864361220946e+00
-1.264276113818844749e+01 4.086115461287799455e+00 -7.486052351420219964e+00
-1.072826544942076410e+01 3.031908714588279263e+00 -7.640102091340412294e+00
-9.148085904746434238e+00 2.199014769379503242e+00 -7.775827088003833154e+00
-7.909868122588463279e+00 1.555936292212622529e+00 -7.882582694173093429e+00
-7.021141751094630123e+00 1.070360682408491471e+00 -7.950994727723101008e+00
-6.489623261255783149e+00 7.162234363604248477e-01 -7.974946249538645837e+00
-6.325947347796946119e+00 4.855625103112817254e-01 -7.951664142976005323e+00
-6.538830734861013738e+00 3.829256330917372164e-01 -7.887316915824798436e+00
-7.134039493627138739e+00 4.201254191947322303e-01 -7.795420087310612089e+00
-8.114842998989358236e+00 6.127360634588918664e-01 -7.693431246425681991e+00
-9.033684857245741995e+00 8.528785533049546563e-01 -7.661877897825695172e+00
-9.442861593803762332e+00 1.014831515000076401e+00 -7.750186487620869258e+00
-9.345555479778232311e+00 1.087651632807307589e+00 -7.930672519380762786e+00
-8.746822631908754531e+00 1.063400031640749033e+00 -8.179635974321616487e+00
-7.652980411329432187e+00 9.413344586231058297e-01 -8.481446968758652005e+00
-6.069319869895674735e+00 7.298749778449116210e-01 -8.833970736470066143e+00
-3.994699128924570353e+00 4.408552291407441537e-01 -9.252740981353237970e+00
-1.426129471891329326e+00 8.946433362963679414e-02 -9.761599868879018871e+00
1.639317819558376188e+00 -3.064453445975714452e-01 -1.038761726476379366e+01
5.204279945833313548e+00 -7.282702169706893880e-01 -1.115780735241039601e+01
8.655685439285427663e+00 -1.067566716606346722e+00 -1.204525123213388405e+01
1.137995634270671985e+01 -1.238405419327400114e+00 -1.299254912145507213e+01
1.338008052597215425e+01 -1.262273127692934427e+00 -1.397321438779240488e+01
1.466141647518570146e+01 -1.166428939626733996e+00 -1.495672548285203263e+01
1.523208954796571746e+01 -9.814712333671704592e-01 -1.591297645574605824e+01
1.510109614298236025e+01 -7.346533389689411386e-01 -1.681829414384240451e+01
1.427129334513818826e+01 -4.348295842804383859e-01 -1.766372940223164179e+01
1.274297413693922998e+01 -8.313391001450343154e-02 -1.844865853175264192e+01
1.051533594119281645e+01 3.213032679792404700e-01 -1.917720364857062876e+01
7.586398956983639863e+00 7.792112189785176390e-01 -1.985662148678161643e+01
4.665938949074995179e+00 1.166046318989778730e+00 -2.037267733808899450e+01
2.463165281010229357e+00 1.358000692381192254e+00 -2.060995216318902123e+01
9.739810165253701690e-01 1.355530621015694326e+00 -2.057231223817829857e+01
1.947245043772944939e-01 1.160437391184026446e+00 -2.026102146321523989e+01
1.232820967821051106e-01 7.775223236777040192e-01 -1.967648834361992982e+01
7.609949032074889708e-01 2.146178600830097594e-01 -1.881993184977354616e+01
2.114965538626019992e+00 -5.212953201782898338e-01 -1.769398009037058017e+01
4.193364842713685370e+00 -1.420218558628412620e+00 -1.630138721997466078e+01
7.003252450437974730e+00 -2.469927659203026149e+00 -1.464387376574766719e+01
1.054955638161262499e+01 -3.658618510163601734e+00 -1.272116104947948401e+01
1.422132882903443374e+01 -4.809844855831884480e+00 -1.077915849534084458e+01
1.739895220203643333e+01 -5.769429012466215312e+00 -9.058940362291490800e+00
2.007164448686818758e+01 -6.562875157205708909e+00 -7.550835729046649902e+00
2.222854437518492077e+01 -7.216795712095153803e+00 -6.245578407528872944e+00
2.385939241617115769e+01 -7.756940363126894944e+00 -5.134908109258253361e+00
2.495624890466222467e+01 -8.201602226513555749e+00 -4.213918691328033539e+00
2.551815816159913908e+01 -8.545887231930255012e+00 -3.487582388818098345e+00
2.554864667835417080e+01 -8.775017019872967339e+00 -2.965959834066627110e+00
2.505399691493964909e+01 -8.870549370113119281e+00 -2.661463859215824179e+00
2.404241867913297881e+01 -8.812229109681791073e+00 -2.587710192316155400e+00
2.254276420057291119e+01 -8.558144612471050294e+00 -2.740868991475129413e+00
2.058444047760545814e+01 -8.067885069303697421e+00 -3.116611241821034106e+00
1.817620468422282087e+01 -7.325606170387940708e+00 -3.725791611849643470e+00
1.532399794503359480e+01 -6.319688558357537289e+00 -4.575014208034371421e+00
1.202932740684054203e+01 -5.043820325243170366e+00 -5.664894669097159330e+00
8.287951192055551530e+00 -3.499085741838195318e+00 -6.987350378674334728e+00
4.091897683915948214e+00 -1.695291752843439248e+00 -8.524667034581090874e+00
-5.670201709764910447e-01 3.571178644773254085e-01 -1.025813841146490191e+01
-5.695709050208305868e+00 2.649523545435323424e+00 -1.217119790493781117e+01
-1.129863430042038885e+01 5.175872588435071364e+00 -1.425097009837315198e+01
-1.641542053475264140e+01 7.488896811993103420e+00 -1.611746311678999888e+01
-2.007364715320016302e+01 9.150450267440934482e+00 -1.741123254271463594e+01
-2.225558074451674884e+01 1.017273941720575614e+01 -1.815638767209298976e+01
-2.294362873835202166e+01 1.056883374478373661e+01 -1.837624286965596809e+01
-2.212321364204713703e+01 1.034999880802419270e+01 -1.808821568745183583e+01
-1.978913158039393494e+01 9.520077590684872249e+00 -1.729627005879277846e+01
-1.595684239226721957e+01 8.065786044591133574e+00 -1.598308592634024095e+01
-1.064812802101043943e+01 5.966671824599022678e+00 -1.412682080708041532e+01
-3.883575597362453280e+00 3.200543285327315246e+00 -1.171197608139184609e+01
4.321550793675413615e+00 -2.531922156882340791e-01 -8.736640160185146442e+00
1.240646256196789032e+01 -3.684109010629960324e+00 -5.776758110775647381e+00
1.882427383162157142e+01 -6.362727595050663432e+00 -3.422341964141719650e+00
2.358746001512561108e+01 -8.274874497492106684e+00 -1.704391397994143631e+00
2.670489098827371066e+01 -9.406261281572948718e+00 -6.447787344693391987e-01
2.817683398584354748e+01 -9.747260090045289260e+00 -2.492254768885278082e-01
2.798977834103526874e+01 -9.299890445882329715e+00 -4.947376781091907816e-01
2.611326523215955930e+01 -8.087035549594395079e+00 -1.307967557443892481e+00
2.250745484434156296e+01 -6.144526455486035488e+00 -2.588003104800550513e+00
1.713228263689812891e+01 -3.512034333658098362e+00 -4.222625411497087811e+00
9.955030652625033838e+00 -2.247114402206706885e-01 -6.099244673685547902e+00
2.517207815571577356e+00 3.018352975638107782e+00 -7.792112421832779745e+00
-3.591925778026611837e+00 5.562404551683472143e+00 -9.000794588637356597e+00
-8.325576791844483182e+00 7.448866390987659791e+00 -9.814165952375336843e+00
-1.164247378115070575e+01 8.715515219382197643e+00 -1.032306953620069478e+01
-1.351037627216585690e+01 9.389472455818633989e+00 -1.061070746615533089e+01
-1.391181277414601780e+01 9.478307082251383520e+00 -1.074044724629957592e+01
-1.285525535106159900e+01 8.958609439971265687e+00 -1.074034475706078062e+01
-1.036528310604781922e+01 7.783693299968263091e+00 -1.060799426931794542e+01
-6.477435881731079981e+00 5.891615273004532582e+00 -1.031635907868706248e+01
-1.236348283827285455e+00 3.211537044928964413e+00 -9.817956807310270761e+00
4.050296945869593657e+00 3.572265634283096070e-01 -9.203132094159654386e+00
8.118652742362336028e+00 -1.978760508827038800e+00 -8.602771535202073494e+00
1.099079859614383636e+01 -3.744353567523941440e+00 -8.031715462382383208e+00
1.269630311687015478e+01 -4.881545634476177398e+00 -7.521015492282729475e+00
1.327011308688523350e+01 -5.331445526231069820e+00 -7.114366459676697119e+00
1.274967059109800083e+01 -5.039426366811509794e+00 -6.864695546066810650e+00
1.117138227945047291e+01 -3.960113517275594130e+00 -6.830833997515423306e+00
8.569219828052061061e+00 -2.057779952142667845e+00 -7.072580715849738908e+00
4.972893486021481735e+00 6.935119621489103103e-01 -7.645871172938361937e+00
4.054905923558083103e-01 4.309682663982510320e+00 -8.598173412035141183e+00
-4.280985991429662185e+00 8.053496408286274999e+00 -9.734749252009869736e+00
-8.274334655713168729e+00 1.116113152874342518e+01 -1.079742376542746030e+01
-1.161512630863730067e+01 1.360553052818081099e+01 -1.173030907829301128e+01
-1.433895113607264449e+01 1.536532774678510549e+01 -1.248116856841720690e+01
-1.647433453264623537e+01 1.642449248250071037e+01 -1.300447244571341443e+01
-1.803726541902008762e+01 1.677242535916963817e+01 -1.326831837314119333e+01
-1.901941317197709935e+01 1.640602878874300430e+01 -1.326976869666635572e+01
-1.939954714818184911e+01 1.532902415540726615e+01 -1.302330201086351380e+01
-1.915128948678432153e+01 1.355002771760072555e+01 -1.255193192102983701e+01
-1.824780560298486165e+01 1.108060769789883970e+01 -1.188163036551297935e+01
-1.688580351087371056e+01 8.384172850951069123e+00 -1.116458499984794983e+01
-1.527840278225078130e+01 5.920003954642901078e+00 -1.053853581974880882e+01
-1.342934105747113627e+01 3.691560121755158796e+00 -1.000165556772353526e+01
-1.134588903296415729e+01 1.697383032538176684e+00 -9.545510253584975402e+00
-9.037433794693031430e+00 -7.025712867536493267e-02 -9.155092232306637712e+00
-6.515259068895847605e+00 -1.625970031189685638e+00 -8.808194831708544115e+00
-3.793009387305088520e+00 -2.988400594044805292e+00 -8.477922741813701535e+00
-8.810189765139813112e-01 -4.178184146056194592e+00 -8.142121966176187442e+00
2.214293906850424154e+00 -5.217371808421124690e+00 -7.784727205953606344e+00
5.489724570388410996e+00 -6.128987343093236895e+00 -7.395389747162846028e+00
8.566184478848459349e+00 -6.883315918094465857e+00 -6.958372697637133619e+00
1.107028678449016290e+01 -7.424641828033462509e+00 -6.482103010061335269e+00
1.301312471644942548e+01 -7.732989472202438819e+00 -5.999565316989960095e+00
1.441064532900214523e+01 -7.783296769324311803e+00 -5.545108546904282676e+00
1.528334236566965387e+01 -7.546428022287157589e+00 -5.151094844234652470e+00
1.565624471229445724e+01 -6.990230110095853711e+00 -4.842266160673688979e+00
1.555935137157905856e+01 -6.080821433556483413e+00 -4.627024331416734526e+00
1.502412931246201921e+01 -4.782900952231724290e+00 -4.505312626131013687e+00
1.408153408938750673e+01 -3.061578795232609451e+00 -4.472855861488175933e+00
1.276048196229729115e+01 -8.844127294465473632e-01 -4.523295892082803249e+00
1.145529261120591435e+01 1.306626851468839279e+00 -4.636399022857037977e+00
1.051691035566133436e+01 3.034752364141269698e+00 -4.796254825629125307e+00
9.906942649368396303e+00 4.278996138145872763e+00 -5.006134821061308138e+00
9.589166299418431905e+00 5.021201484106480706e+00 -5.271546809841120229e+00
9.531771522695898113e+00 5.246357625281383719e+00 -5.597415222376137756e+00
9.710043898091747394e+00 4.942970406617110513e+00 -5.984362171331790492e+00
1.010926768570058698e+01 4.104244487583708967e+00 -6.424476696474501480e+00
1.072328771995907637e+01 2.727998307855159954e+00 -6.906081171005201469e+00
1.155324087902850394e+01 8.162751256332950733e-01 -7.418161228284009034e+00
1.260662998554229475e+01 -1.624893138845267870e+00 -7.953988420866833664e+00
1.366600213441461520e+01 -4.231123165530366492e+00 -8.411927592118679797e+00
1.451436041005827526e+01 -6.636696425828410462e+00 -8.702683942226640212e+00
1.516154935806402193e+01 -8.833722142512391073e+00 -8.846415949150664204e+00
1.561424172281806833e+01 -1.081863615521606725e+01 -8.866258874144815394e+00
1.587623343546058940e+01 -1.259247817724970986e+01 -8.787107462510910239e+00
1.594911318255233645e+01 -1.416297964992873126e+01 -8.630688926401457906e+00
1.583379526984584018e+01 -1.554999953091686749e+01 -8.400314764349285923e+00
1.553025982341988609e+01 -1.677837949384699812e+01 -8.087843832057730609e+00
1.503755066616931124e+01 -1.787505426130030628e+01 -7.678687742503649716e+00
1.435396638645640977e+01 -1.886817258492482807e+01 -7.153627568025314076e+00
1.370231504109858633e+01 -1.967239521954746095e+01 -6.731669643304909911e+00
1.329738051708420166e+01 -2.016899302286576301e+01 -6.620921379316056843e+00
1.312431008426525736e+01 -2.033712850857041232e+01 -6.781419235499887677e+00
1.316798575819379735e+01 -2.015902362028676365e+01 -7.172802235892849154e+00
1.341378467326322621e+01 -1.962201806389865766e+01 -7.757196515533932413e+00
1.384741124645061916e+01 -1.871885965279523134e+01 -8.506690904019357902e+00
1.445263123851588105e+01 -1.744381410526724352e+01 -9.418085546527272811e+00
1.521470844354644747e+01 -1.579465893714862545e+01 -1.049844322051788303e+01
1.612213312710002810e+01 -1.377335883098158931e+01 -1.175981288022294891e+01
1.716738202747377784e+01 -1.138577519744412037e+01 -1.321840055570393524e+01
1.815332653127279627e+01 -8.944805818026516420e+00 -1.462973842464452368e+01
1.889103638431161869e+01 -6.768061128416285044e+00 -1.575090453894661380e+01
1.938816783531086685e+01 -4.866579015536371067e+00 -1.659920533835913048e+01
1.965144631976983902e+01 -3.245554797562025584e+00 -1.718713719817730023e+01
1.968643761633840228e+01 -1.904743021454506469e+00 -1.752274179652005515e+01
1.949878860392297142e+01 -8.364344509088610380e-01 -1.760860627702163228e+01
1.909726078895047863e+01 -1.909210132307581631e-02 -1.743851622142323166e+01
1.848826312176705500e+01 5.739023780365246630e-01 -1.700315387724222660e+01
1.767518450787941831e+01 9.701469227162720088e-01 -1.629251608308388555e+01
1.665922087452945277e+01 1.196528223560117787e+00 -1.529673672988038291e+01
1.542108298613830542e+01 1.405186583578648118e+00 -1.414378394629153668e+01
1.394486874100117113e+01 1.742863949142961388e+00 -1.296494320410574552e+01
1.223412305118757182e+01 2.223007922566888173e+00 -1.175655556623117448e+01
1.028974246968105533e+01 2.852896775129219353e+00 -1.051602688443946576e+01
8.109061377826328965e+00 3.632249940760768236e+00 -9.242040332930265834e+00
5.685179895015593843e+00 4.550345709113003068e+00 -7.935528484685895556e+00
3.008820267549019434e+00 5.584274058699161714e+00 -6.601418763154898173e+00
7.111542212502675042e-02 6.710159531795968135e+00 -5.245552441390794129e+00
-3.135515249585038244e+00 7.906461598111915734e+00 -3.873802586620586297e+00
-6.616825463474335756e+00 9.154921879017269504e+00 -2.491940060013088765e+00
-9.807615887555753531e+00 1.020905434482601848e+01 -1.298598865795522750e+00
-1.213338819164358995e+01 1.084091516805614397e+01 -4.877187773333750975e-01
-1.358217728674492442e+01 1.106834114455452678e+01 -5.654189466883918769e-02
-1.414088508672047162e+01 1.091284651567004893e+01 -9.432743910533503140e-04
-1.379733188569122504e+01 1.039545410982802487e+01 -3.159799497493254172e-01
-1.254313804583717840e+01 9.531231712014768931e+00 -9.963363080180132059e-01
-1.037717975543802140e+01 8.323662696207509981e+00 -2.036482507909089801e+00
-7.300993727928566379e+00 6.771505330128452016e+00 -3.432240764862635629e+00
-3.316629131013148601e+00 4.873197321255990033e+00 -5.181475280169927089e+00
1.574334975420521365e+00 2.629769579961094284e+00 -7.284471244384389088e+00
6.611352772605989081e+00 3.493291393275170797e-01 -9.419548867307677043e+00
1.103374086175866431e+01 -1.658869514247757415e+00 -1.126730102095898012e+01
1.484216910623427310e+01 -3.385699894553046985e+00 -1.283301764152011692e+01
1.803866946881688449e+01 -4.820061086374645143e+00 -1.412114536983275315e+01
2.062582549843314084e+01 -5.950891705346340821e+00 -1.513498288242139012e+01
2.260581555993922720e+01 -6.771022297613185970e+00 -1.587578494047722089e+01
2.397895126613988381e+01 -7.285621033558692616e+00 -1.634043522227240786e+01
2.474348372070473800e+01 -7.508931092368644755e+00 -1.652279309570141663e+01
2.489604571756060380e+01 -7.461897988962293837e+00 -1.641482026258087501e+01
2.443204038985584248e+01 -7.171289421969185618e+00 -1.600731160020253441e+01
2.352116339582563143e+01 -6.681290144674942866e+00 -1.540687629665604241e+01
2.233229816718705862e+01 -6.028156660212250273e+00 -1.472200412167867611e+01
2.085885715484895897e+01 -5.231160409414812307e+00 -1.394609296936826404e+01
1.909436758086735964e+01 -4.309931588457952323e+00 -1.307307236852895116e+01
1.703265756277972542e+01 -3.283965842707970317e+00 -1.209779578346054763e+01
1.466725351516492282e+01 -2.173249824673397335e+00 -1.101718698890557846e+01
1.198990135179096050e+01 -1.000224696974760796e+00 -9.832431002720586122e+00
8.993929993832804115e+00 2.161291852592106544e-01 -8.546172196952538158e+00
5.675307047459708265e+00 1.462809168454204389e+00 -7.161389224209516513e+00
2.032802270003172485e+00 2.733933582579770594e+00 -5.680891573406118944e+00
-1.590802858185001556e+00 3.925870196508856935e+00 -4.244726341291066518e+00
-4.846120276778231428e+00 4.957852940784952978e+00 -2.993241608211282045e+00
-7.722384080412358465e+00 5.864188660526266084e+00 -1.927881288571696938e+00
-1.020926705060852413e+01 6.677562883093437485e+00 -1.048895537795284882e+00
-1.229718517449236792e+01 7.427220206314598450e+00 -3.562458729192765627e-01
-1.397853498263939720e+01 8.135530781509629605e+00 1.495329024211715652e-01
-1.525171635975523188e+01 8.809700887338996367e+00 4.668268734405907061e-01
-1.611968074687041508e+01 9.444278842840441612e+00 5.920356145039704643e-01
-1.658858953756899979e+01 1.002529097071024466e+01 5.202257846657185603e-01
-1.666711824100022099e+01 1.053339653611385351e+01 2.461777136234082342e-01
-1.637406460323675716e+01 1.090168239548297358e+01 -1.701076646833805661e-01
-1.572903013809205497e+01 1.106576073365960156e+01 -6.660218356976164156e-01
-1.474251946261694179e+01 1.101091373222557834e+01 -1.241184002427472066e+00
-1.342287003511226118e+01 1.072810462587379199e+01 -1.893629998846456886e+00
-1.177481866241069675e+01 1.021607213692870708e+01 -2.620082056279063210e+00
-9.796932748041912831e+00 9.484377385486075340e+00 -3.416878134119024857e+00
-7.478594567956457162e+00 8.554455182293507320e+00 -4.282459399633482100e+00
-4.806637457223902565e+00 7.450093757822616958e+00 -5.215810631365010330e+00
-1.768054886590503916e+00 6.193974697048489908e+00 -6.215587516917842947e+00
1.648935169640972198e+00 4.805945702052708768e+00 -7.279953500171306047e+00
4.950094359391676413e+00 3.521727296427389131e+00 -8.267120899214166485e+00
7.629961241654662274e+00 2.552946675125412845e+00 -9.037476488410213449e+00
9.680026170472880054e+00 1.875363103583511215e+00 -9.593555433071225380e+00
1.109048838258432568e+01 1.461245692574340893e+00 -9.939789817494769864e+00
1.185177471862076004e+01 1.282961735793275437e+00 -1.008221610445886185e+01
1.195612874635315492e+01 1.319404678465788905e+00 -1.002729037764722086e+01
1.139922124318573893e+01 1.567164080996376718e+00 -9.779168056299793577e+00
1.017880984964001101e+01 2.030973882927324503e+00 -9.341279171177820473e+00
8.293309853785270747e+00 2.717514499246922011e+00 -8.716899702697691765e+00
5.740602512833915760e+00 3.631876138130375686e+00 -7.909123365783846893e+00
3.019604062405327305e+00 4.606562400582421724e+00 -7.075963504228385048e+00
6.296513949050881465e-01 5.471377395187628778e+00 -6.370813833262074510e+00
-1.432703552474360542e+00 6.221957080708264698e+00 -5.789721031523678896e+00
-3.171494819466691872e+00 6.852597633051550119e+00 -5.328784598666425509e+00
-4.590694711271533279e+00 7.358048047859673702e+00 -4.984175646631937795e+00
-5.692152220276426533e+00 7.735978957066491191e+00 -4.752725063658731486e+00
-6.470302532970778842e+00 7.992208024820158130e+00 -4.633642940126110332e+00
-6.915966358466265618e+00 8.140767577991654846e+00 -4.626625250397242262e+00
-7.018760439439611254e+00 8.201012298385244037e+00 -4.731057146997391882e+00
-6.768094453600697946e+00 8.194759954454990947e+00 -4.945895623859319912e+00
-6.072581802944410967e+00 8.081050228820208403e+00 -5.248180944514317048e+00
-4.838972867475580308e+00 7.819105560527002119e+00 -5.614694093090414562e+00
-3.056383583182414210e+00 7.424189388293832792e+00 -6.043251160622048701e+00
-7.174711125465562667e-01 6.898843230069452659e+00 -6.531249254946279059e+00
2.180751928400069595e+00 6.228475675672382472e+00 -7.075840870000150495e+00
5.634079798192038524e+00 5.379764298745355333e+00 -7.673259117237245519e+00
9.626702565084347185e+00 4.315117233747491454e+00 -8.317911423682341265e+00
1.414004108705518448e+01 3.003135293032953790e+00 -9.007363437222352331e+00
1.915659796137261850e+01 1.424059344667354843e+00 -9.744820005683585862e+00
2.466218837022254817e+01 -4.243794855855895776e-01 -1.054087244066426798e+01
2.962684804552954532e+01 -2.202849684105846251e+00 -1.126962355759514978e+01
3.303745781624486000e+01 -3.520309414837186068e+00 -1.180854942640182337e+01
3.491085614559258943e+01 -4.287051846299382518e+00 -1.217264556102242601e+01
3.526134422832501514e+01 -4.429779052516906290e+00 -1.236303298383016269e+01
3.409431451759280662e+01 -3.908625608785749606e+00 -1.236157912246084400e+01
3.140046955700683640e+01 -2.749436706712470979e+00 -1.212270810583455116e+01
2.715715511360344792e+01 -1.092707982009542889e+00 -1.156564745937162186e+01
2.134209929594586086e+01 8.734435751182836327e-01 -1.059537727189012557e+01
1.394376425648163220e+01 2.950228721404908327e+00 -9.116102914251110079e+00
4.967091223778944631e+00 4.950481023271323444e+00 -7.039504567086686038e+00
-3.961385715595942880e+00 6.474070231609006854e+00 -4.721482364353995820e+00
-1.120488242351619057e+01 7.338522356559668225e+00 -2.632551084811104225e+00
-1.673834811689565072e+01 7.725865832476775275e+00 -8.698037924721909731e-01
-2.055023112523425510e+01 7.824033731087203236e+00 4.698561492094420755e-01
-2.264104064026726704e+01 7.800417612153886182e+00 1.294936903803631356e+00
-2.302131942287773825e+01 7.766180383010276245e+00 1.527129671652321496e+00
-2.171380231100347658e+01 7.728125773912825736e+00 1.116712226286967979e+00
-1.874168211771112880e+01 7.619597018752754636e+00 3.474863714771569967e-02
-1.412562763862170634e+01 7.330941058885242612e+00 -1.728802391750498213e+00
-7.884255748690213395e+00 6.732688177888827674e+00 -4.164147036191516271e+00
-1.167049677397892893e+00 5.805063335259020185e+00 -6.751906932353332280e+00
4.889591500875100749e+00 4.641650068091828452e+00 -8.957426238989002698e+00
1.028954122553832740e+01 3.306777211314355203e+00 -1.074325145871279474e+01
1.503941485382665277e+01 1.888880049245956982e+00 -1.208630251990769899e+01
1.914898190198025318e+01 4.894643494868580191e-01 -1.297812094303525754e+01
2.262984371755692692e+01 -7.966354287881554086e-01 -1.342380976600214737e+01
2.548986938657473189e+01 -1.924015358137872056e+00 -1.343849346192876482e+01
2.773039919962086230e+01 -2.882672944533302584e+00 -1.304020364549033673e+01
2.934744996019582430e+01 -3.685666886773360851e+00 -1.224770420443775976e+01
3.033341618713570753e+01 -4.363673053472567176e+00 -1.107987756009950076e+01
3.064994627924564341e+01 -4.799558332756060253e+00 -9.790213027752839636e+00
3.025751261766218292e+01 -4.877968237509533900e+00 -8.627838444046140864e+00
2.914490991807068099e+01 -4.641592137853599809e+00 -7.602726785094641393e+00
2.730179245981695146e+01 -4.129943748986948826e+00 -6.722264729473843126e+00
2.471981807046175206e+01 -3.376458157912896496e+00 -5.991451342093908394e+00
2.139402065287148957e+01 -2.402800861837589785e+00 -5.412102208193481090e+00
1.732387988920167388e+01 -1.211281704222088251e+00 -4.980879201447801385e+00
1.251022388611097647e+01 2.020212673537096215e-01 -4.691976379661420893e+00
6.954351416943592490e+00 1.843305188400527150e+00 -4.538039195505829682e+00
6.578985575511515638e-01 3.720549645188524490e+00 -4.510322488273957653e+00
-5.333628584410467610e+00 5.505669687137062063e+00 -4.542006033928696063e+00
-9.971177329310592086e+00 6.881346056774573228e+00 -4.569684549702886400e+00
-1.324928889757659078e+01 7.867196150627447260e+00 -4.591547848614764504e+00
-1.516441173707485746e+01 8.476460553938995446e+00 -4.609173859639160931e+00
-1.571448703266231384e+01 8.717271349056062490e+00 -4.627131713419190717e+00
-1.489893519376216879e+01 8.593004115757928218e+00 -4.653118482340216744e+00
-1.271919154478403691e+01 8.101599434435856395e+00 -4.698846942977172425e+00
-9.176465116164756353e+00 7.242797107339551843e+00 -4.776411569869451590e+00
-4.269977151230943235e+00 6.024178022976956370e+00 -4.895307683715590663e+00
2.004401360601320015e+00 4.466229694243477155e+00 -5.059945428359796438e+00
8.219534056602112670e+00 2.982924809128908006e+00 -5.256577928658407117e+00
1.294380242888966492e+01 1.972845709809324610e+00 -5.460990956372526739e+00
1.617533236941820007e+01 1.438285732737158540e+00 -5.659506473075595956e+00
1.790776301597967191e+01 1.366584328219710542e+00 -5.844638131599806385e+00
1.812925061147874928e+01 1.724382378743224642e+00 -6.017922236451060058e+00
1.682209841833612529e+01 2.449431215559575659e+00 -6.193952250019816752e+00
1.396438703429547523e+01 3.441528915493006213e+00 -6.404213745041080763e+00
9.535348456066776279e+00 4.576668640146248634e+00 -6.686863730683611173e+00
3.519482357396443106e+00 5.718822316323397992e+00 -7.078197336414806529e+00
-4.091070974239137570e+00 6.729733000906052531e+00 -7.605863884695055255e+00
-1.180367458163092920e+01 7.349949900044791207e+00 -8.196323789773140689e+00
-1.810876337142765991e+01 7.490518064285267563e+00 -8.730459711257461564e+00
-2.298761775483266590e+01 7.283765239357254728e+00 -9.157465774952548543e+00
-2.642904308452109063e+01 6.868206661172528982e+00 -9.431616516195722610e+00
-2.842881909742791535e+01 6.378793169000741337e+00 -9.517796875405245771e+00
-2.898670916730480585e+01 5.932728049192428799e+00 -9.402519646895648009e+00
-2.810057009130117223e+01 5.607912169006800340e+00 -9.115248004426231176e+00
-2.576729361424393971e+01 5.455071533979951148e+00 -8.707865072065667178e+00
-2.198353550177323257e+01 5.504015533822827599e+00 -8.241443533832837787e+00
-1.674574549089964037e+01 5.765016031747086878e+00 -7.778842353046234948e+00
-1.113889648354908424e+01 6.151821466593744070e+00 -7.407183973323178350e+00
-6.247208619505787652e+00 6.545190948105662265e+00 -7.163006000354024572e+00
-2.065704021259199052e+00 6.899825029967947110e+00 -7.024583097375685092e+00
1.410568078062663933e+00 7.180674329171657710e+00 -6.965412757286675749e+00
4.186264491407073685e+00 7.362589361937865284e+00 -6.957633763758156675e+00
6.263625773576579903e+00 7.432123567747531467e+00 -6.975034458570418039e+00
7.636836870733668015e+00 7.394058105994932184e+00 -6.997390338401030085e+00
8.297550818913464354e+00 7.265755927563288807e+00 -7.016095914809842959e+00
8.237234635834205676e+00 7.072398267796575766e+00 -7.032781287622518640e+00
7.447791835604724575e+00 6.843577428595952306e+00 -7.056580662330536491e+00
6.502349409492524046e+00 6.630853922837821379e+00 -7.098821717178729784e+00
5.975700918826224672e+00 6.460816305048010300e+00 -7.156896173477826473e+00
5.862690518389121586e+00 6.327185153931746520e+00 -7.222070184420871897e+00
6.157833982384270044e+00 6.225643914767241327e+00 -7.286052124579669886e+00
6.855309890441843912e+00 6.155580987765576495e+00 -7.342985187237576206e+00
7.950943259501625171e+00 6.119324710170999104e+00 -7.391359107668326267e+00
9.448039824226016847e+00 6.114784780368327510e+00 -7.433987801772267368e+00
1.135170987706371548e+01 6.139525412897385515e+00 -7.475877812872917971e+00
1.366702239246139072e+01 6.191091216372497819e+00 -7.522817022485894789e+00
1.639906877450784606e+01 6.265226966198473413e+00 -7.580074833407975277e+00
1.884768328213533906e+01 6.341618293234498438e+00 -7.656462124422292348e+00
2.031283217993108536e+01 6.395774639115952453e+00 -7.750226399347318385e+00
2.079998552469401929e+01 6.415103756246424815e+00 -7.848413182183646697e+00
2.031469584405217432e+01 6.390903086741216654e+00 -7.939092530153388338e+00
1.886243033099018973e+01 6.322636351653298625e+00 -8.014583696161778903e+00
1.644638784510075169e+01 6.225922780545549706e+00 -8.076056178975548505e+00
1.306152189226766147e+01 6.143145182761406531e+00 -8.137723200507972265e+00
8.701467501330453658e+00 6.123524169378302240e+00 -8.217084709704655765e+00
3.360855600343214622e+00 6.212573216659286857e+00 -8.329271576638085151e+00
-2.965054621545599289e+00 6.445954009660708195e+00 -8.483091234774782663e+00
-9.196133757924172869e+00 6.788325452060451681e+00 -8.652689215799080458e+00
-1.425562876374012156e+01 7.150643959540454730e+00 -8.793540740940246181e+00
-1.815437891618436694e+01 7.475359631598360366e+00 -8.878224724548820390e+00
-2.090376987471806913e+01 7.708485784092077964e+00 -8.881831660509295290e+00
-2.251420680319623457e+01 7.806607507339366592e+00 -8.786855979681423179e+00
-2.299064739065282481e+01 7.747918245685167626e+00 -8.591977785309607540e+00
-2.232359952541477099e+01 7.550578991342241864e+00 -8.327605628002164195e+00
-2.049957433176556165e+01 7.260081610442560063e+00 -8.042212344479086283e+00
-1.750638623709851771e+01 6.939013935590308435e+00 -7.792647818435128215e+00
-1.333510733501999823e+01 6.660051215125843527e+00 -7.638177285987424625e+00
-8.980294711333481672e+00 6.498391684773741517e+00 -7.586308819143950721e+00
-5.437491308662001366e+00 6.459460672603940523e+00 -7.588622261136118929e+00
-2.701150024783549597e+00 6.506384478275343497e+00 -7.615425125915404436e+00
-7.636128992899980927e-01 6.595765722066738057e+00 -7.635597853521018052e+00
3.847607151466712061e-01 6.683031259544648606e+00 -7.620207806530422623e+00
7.529034940404236709e-01 6.728663304729987082e+00 -7.545241275052732455e+00
3.422952505381557931e-01 6.705428317430362384e+00 -7.392654676952559178e+00
-8.483819403074721599e-01 6.596883556655178893e+00 -7.152240548293399058e+00
-2.821629888951565412e+00 6.394518435288562230e+00 -6.820777852715310452e+00
-5.581018076701109720e+00 6.095397484541932087e+00 -6.400635120622393259e+00
-8.340457291037166598e+00 5.786912426905185924e+00 -6.008208632884569411e+00
-1.031417701342059168e+01 5.564424437129368961e+00 -5.757281322096509335e+00
-1.150581147544016147e+01 5.435439166950956746e+00 -5.645595056746726570e+00
-1.191791868102326646e+01 5.403782163297853991e+00 -5.666452478948660776e+00
-1.155251572525072490e+01 5.472066371487410485e+00 -5.809962603268467696e+00
-1.041127997447842901e+01 5.644382945029888354e+00 -6.064621844091894864e+00
-8.494906599762371613e+00 5.928840351043524137e+00 -6.419280543172914300e+00
-5.804272135137043875e+00 6.337278671960881127e+00 -6.862239446803180876e+00
-2.340953746647902900e+00 6.885464752941391708e+00 -7.381035486872182361e+00
1.892556394265721753e+00 7.593582169973100982e+00 -7.962574546240045237e+00
5.924382996703166704e+00 8.329938988534179245e+00 -8.455945835949409073e+00
8.783468376094528907e+00 8.938195956224664229e+00 -8.728968250865081657e+00
1.046855454595614709e+01 9.400387542369898597e+00 -8.797019997948689607e+00
1.097977530485408870e+01 9.691564688545284412e+00 -8.676451152205842732e+00
1.031910432585408977e+01 9.779059684491658189e+00 -8.384570305208509211e+00
8.491704451012905608e+00 9.620341302973432818e+00 -7.940655414393267719e+00
5.508692178663978645e+00 9.160322299517915212e+00 -7.368758224760749265e+00
1.384107505288120210e+00 8.341881598769790074e+00 -6.694582547139099837e+00
-3.867022254173615003e+00 7.112929037793973563e+00 -5.943360475027279932e+00
-1.023018908398652727e+01 5.431451345439258560e+00 -5.138027348916658354e+00
-1.640765029180624524e+01 3.670532358214390278e+00 -4.491396527188328491e+00
-2.112019622619127901e+01 2.279646621386385519e+00 -4.181372298972319435e+00
-2.438324187902091111e+01 1.336817120315711982e+00 -4.176352822390311914e+00
-2.621102234400428088e+01 9.080574553209617150e-01 -4.448575379347953884e+00
-2.661375405667355309e+01 1.040904164270215482e+00 -4.977774368277861683e+00
-2.559500937526380326e+01 1.755283870370972110e+00 -5.754677523778250148e+00
-2.315140567343372169e+01 3.033125145293686487e+00 -6.781760460683178948e+00
-1.927461003159487518e+01 4.834591932230710931e+00 -8.071157336631092249e+00
-1.395433063582579081e+01 7.109633328980693001e+00 -9.641177968015574251e+00
-7.181301379331483048e+00 9.806436040516103958e+00 -1.151270682811970403e+01
-1.980698349839031813e-01 1.241592347388697881e+01 -1.338994678564328034e+01
5.738149044541742683e+00 1.448255104842822583e+01 -1.495386794354678273e+01
1.061015487715118510e+01 1.604963702265390069e+01 -1.618545969794276473e+01
1.440007700873504071e+01 1.716934837927005475e+01 -1.706149163308960581e+01
1.709146253503522317e+01 1.789510358426122849e+01 -1.755711830750388813e+01
1.867412944020431453e+01 1.826777585612725474e+01 -1.765087667206555011e+01
1.915505782265020329e+01 1.828970992436910947e+01 -1.733503524972726950e+01
1.854880121606365151e+01 1.794067212613519402e+01 -1.660811957258803062e+01
1.687253680953206469e+01 1.718962124390762725e+01 -1.547186409141197316e+01
1.414405100102879231e+01 1.600132022435160550e+01 -1.393077859730435897e+01
1.105732929115023921e+01 1.465408314642452403e+01 -1.223509999481183641e+01
8.296523757915513997e+00 1.344805837998865883e+01 -1.063586391524994568e+01
5.862237274872807546e+00 1.238641239092836521e+01 -9.139374606460991757e+00
3.753592577911014416e+00 1.147732467604590312e+01 -7.750689931784133790e+00
1.969121431955100920e+00 1.073213611687793367e+01 -6.474023634050574572e+00
5.060996093298788523e-01 1.016421849428677326e+01 -5.312017724788988815e+00
-6.425837174686535036e-01 9.786950245512871405e+00 -4.262691853535633513e+00
-1.482023085097188719e+00 9.607207764776058312e+00 -3.323411033023851768e+00
-2.014301470694599860e+00 9.625465220044635117e+00 -2.491954887811517860e+00
-2.239470017683916403e+00 9.837324089867561128e+00 -1.766260935521587694e+00
-2.421456327141451315e+00 1.002187249818843995e+01 -1.121784921226569587e+00
-2.831579577771575096e+00 9.965987343704147960e+00 -5.314982201514499849e-01
-3.479590491092020343e+00 9.673181913315769265e+00 1.050564516190988229e-02
-4.373958620373741724e+00 9.144924458216468821e+00 5.098776916009581939e-01
-5.521000488238553494e+00 8.379764343735649490e+00 9.715944064179691253e-01
-6.923115402092679282e+00 7.373444205975641097e+00 1.398432165848536801e+00
-8.576639040868910158e+00 6.123115633740935593e+00 1.787709807943165252e+00
-1.047682312924709791e+01 4.627632208974764794e+00 2.135491278457923858e+00
-1.261980895872184760e+01 2.887711571023537260e+00 2.438266659370386336e+00
-1.500345529250603960e+01 9.066862346026478559e-01 2.693451255029449154e+00
-1.722379172205731024e+01 -9.747280506761059060e-01 2.856129698364854530e+00
-1.887759888156773869e+01 -2.415083151589920263e+00 2.881775306330078834e+00
-1.996609644511456239e+01 -3.407483692870221681e+00 2.769400962554197765e+00
-2.048965081575735780e+01 -3.946983327411241582e+00 2.517460443086715571e+00
-2.044598506853345299e+01 -4.033175189870100041e+00 2.123144710717272510e+00
-1.982792050825261043e+01 -3.675338664587544102e+00 1.582528658962280899e+00
-1.862126094621199002e+01 -2.900893462806006795e+00 8.926015743345104836e-01
-1.680829170512771853e+01 -1.745427837361130052e+00 4.949322865675950811e-02
-1.437035545299463912e+01 -2.477774877989736835e-01 -9.516474547182578458e-01
-1.128967319612751830e+01 1.552334615893805614e+00 -2.116247129255370840e+00
-7.966641081480387854e+00 3.377706314404147481e+00 -3.346968969231230329e+00
-4.818675771646893757e+00 4.981525120454305622e+00 -4.540353824104097491e+00
-1.857272000782764554e+00 6.375040799239331868e+00 -5.693117140271649390e+00
9.039498020859129124e-01 7.574976902791695110e+00 -6.802407227065103257e+00
3.449964331565322784e+00 8.602677239705927903e+00 -7.865975108972340202e+00
5.766438848576877163e+00 9.481783000638829506e+00 -8.882681806156366378e+00
7.845741892563495412e+00 1.023083484711931312e+01 -9.853246753540995329e+00
9.684332646554629775e+00 1.086321740327379004e+01 -1.077749461418053123e+01
1.128110663603583319e+01 1.138845300148951800e+01 -1.165379254472099646e+01
1.263698169315995123e+01 1.181275224335012553e+01 -1.247926548862540663e+01
1.357791686568475775e+01 1.206774393912201582e+01 -1.313336364568908010e+01
1.393146069486176053e+01 1.208852720686460636e+01 -1.349103823157270554e+01
1.370264987385443334e+01 1.188326212215957156e+01 -1.354220499909550313e+01
1.289621478566366441e+01 1.146006522836712627e+01 -1.327784702892493840e+01
1.151545121918344883e+01 1.082881259860642054e+01 -1.269082387989433691e+01
9.560111621728394127e+00 1.000377540733611426e+01 -1.177684439833407559e+01
7.023191808537871950e+00 9.006796182844725607e+00 -1.053492226043755942e+01
3.895218410270893106e+00 7.863947615568457117e+00 -8.965707881244455280e+00
1.659717839140208429e-01 6.604443027370471064e+00 -7.070666168955696662e+00
-4.174940485184838401e+00 5.260517281122735866e+00 -4.851538095806581907e+00
-8.364550898036149817e+00 4.086328104547942708e+00 -2.707932080528983043e+00
-1.162757841209869980e+01 3.292932743081831148e+00 -1.041162727802233512e+00
-1.395436766454014865e+01 2.846266007178638091e+00 1.462426321995459744e-01
-1.533414178740498457e+01 2.707303631269307509e+00 8.532497243143748467e-01
-1.575587262216163253e+01 2.832273865010183300e+00 1.079419462117504391e+00
-1.520943934849611878e+01 3.171546158970942386e+00 8.238577011787788784e-01
-1.368762970010036462e+01 3.667028493394389521e+00 8.412456806739210258e-02
-1.118670442658385156e+01 4.261033860180202915e+00 -1.143456927246257360e+00
-7.706926899551111099e+00 4.903602690293713096e+00 -2.863838277145914990e+00
-3.252850589807638748e+00 5.558507166870462868e+00 -5.083623392294133403e+00
1.377040542289813319e+00 6.110281793425166974e+00 -7.417848701613244167e+00
5.380987988340182326e+00 6.497401469158963216e+00 -9.475750483573884608e+00
8.748100882165196879e+00 6.777725396349144837e+00 -1.125646964629084401e+01
1.146959004527964865e+01 7.005023794569603446e+00 -1.275841797001739764e+01
1.353835838966322136e+01 7.225070714370597003e+00 -1.397884910966013372e+01
1.495084738309022754e+01 7.468414817994586841e+00 -1.491272376741259542e+01
1.571441872993169575e+01 7.735138853518973789e+00 -1.555003784932649502e+01
1.584175698040181501e+01 8.002468277424522825e+00 -1.587766001810688898e+01
1.534886664622803920e+01 8.232135551543997565e+00 -1.588131920296629929e+01
1.425505290314485762e+01 8.375106362479961319e+00 -1.554728308082016142e+01
1.280641299709547631e+01 8.440387934789008284e+00 -1.497432311429247065e+01
1.124295080131301106e+01 8.457906523550557054e+00 -1.426747912917838690e+01
9.576756626561582664e+00 8.407210469592868662e+00 -1.342562333506612937e+01
7.818856438897615391e+00 8.271786746545149782e+00 -1.245022622494085063e+01
5.978301629809246620e+00 8.039740789371270679e+00 -1.134566293386547109e+01
4.059305789662558617e+00 7.703213263533338129e+00 -1.012111146852041799e+01
2.055958748490111176e+00 7.254501598235412629e+00 -8.794269158644977935e+00
-4.032950399460100144e-02 6.689062877428220588e+00 -7.383366155011251486e+00
-2.238490645239143095e+00 6.007306574455849812e+00 -5.904173241251590376e+00
-4.547543901075218109e+00 5.215147331631000860e+00 -4.368926770901055079e+00
-6.654113809650463729e+00 4.442464856007939389e+00 -2.993999587135807161e+00
-8.242378180775235208e+00 3.834014667811975752e+00 -1.982235399441769408e+00
-9.315015335025981003e+00 3.414696761440245698e+00 -1.321665224425912832e+00
-9.871870341854084074e+00 3.197812555782898247e+00 -1.001990430164691581e+00
-9.910781513442168844e+00 3.183446610335399996e+00 -1.017544231673782829e+00
-9.428452546663278255e+00 3.357443065505360202e+00 -1.368608151025892949e+00
-8.421133143341110738e+00 3.693498238830386970e+00 -2.058420092842408344e+00
-6.885400123214401091e+00 4.155818414077570466e+00 -3.093744218554966618e+00
-4.818662814102678382e+00 4.703833891257749755e+00 -4.482517888266006167e+00
-2.219471834061009119e+00 5.297670992162150760e+00 -6.231000281463426660e+00
3.912859979510848740e-01 5.784053277101099511e+00 -8.004890587742904628e+00
2.488463876054920920e+00 6.067882774856247607e+00 -9.454604808062338606e+00
4.066858417450641916e+00 6.205566612577321450e+00 -1.056153886918552409e+01
5.122314585144951415e+00 6.255541700391438198e+00 -1.130915327371685386e+01
5.651645372297175562e+00 6.272106852268604094e+00 -1.168351106466245426e+01
5.653047969497628777e+00 6.294333378496796527e+00 -1.167500329005012460e+01
5.127797498634977913e+00 6.326937964111646551e+00 -1.128409297738027384e+01
4.078332691312017033e+00 6.355519866545789931e+00 -1.051410766487475179e+01
2.507520070821298575e+00 6.355676180789063601e+00 -9.369129192017654262e+00
4.184967158934485010e-01 6.297585997906127275e+00 -7.854370547432343308e+00
-1.550595357499315652e+00 6.194973830352179966e+00 -6.429961895465458710e+00
-2.762587531088832371e+00 6.089751035324958650e+00 -5.555837352251870698e+00
-3.215866587127755416e+00 5.998633137110888747e+00 -5.237375597625322676e+00
-2.908730506653136150e+00 5.940372347162337086e+00 -5.478829589484520923e+00
-1.838972537901293558e+00 5.928970487832798675e+00 -6.283190261982769975e+00
-3.882165961777067631e-03 5.967797786942447225e+00 -7.651617854621340697e+00
2.598480063872623536e+00 6.048642714878464943e+00 -9.581816525929850670e+00
5.970103882068009682e+00 6.150440354537774823e+00 -1.207111900064276355e+01
1.011285545362415483e+01 6.238664438179773342e+00 -1.511771778167658553e+01
1.502773325806959548e+01 6.265235420640491881e+00 -1.872091446991172248e+01
1.960014087091760970e+01 6.136811412511892883e+00 -2.206535180970001164e+01
2.270960993626637148e+01 5.807382383183357533e+00 -2.433891883416027468e+01
2.434733272522853653e+01 5.309146076559592586e+00 -2.554524464334508238e+01
2.450588742353228255e+01 4.700463028831233459e+00 -2.568579334657414392e+01
2.318107038364137296e+01 4.066047496278709872e+00 -2.476001216114785919e+01
2.037376771396710495e+01 3.521260229745621473e+00 -2.276551835064179485e+01
1.609183935465173931e+01 3.219208957950073113e+00 -1.969822287095182389e+01
1.035277375152476864e+01 3.322426734826306571e+00 -1.555486977928110193e+01
3.183853952524154707e+00 3.983932697823914015e+00 -1.033250737525785468e+01
-5.379445494507662850e+00 5.333269412811262988e+00 -4.025749724095575743e+00
-1.366356736786613091e+01 7.099063319172402409e+00 2.146807213916011037e+00
-2.003657053333773064e+01 8.802582746756391074e+00 6.970753148355965045e+00
-2.452947565101793614e+01 1.024123983675748306e+01 1.046220571409582689e+01
-2.718210339820341304e+01 1.123243991973121680e+01 1.263351134195149861e+01
-2.803895292959200347e+01 1.163025110477184754e+01 1.348709763208073475e+01
-2.714408347182058634e+01 1.134774550627282075e+01 1.300448176865230643e+01
-2.453539184779378246e+01 1.038576038899913812e+01 1.113032023132134896e+01
-2.024326564415200735e+01 8.808765926926142242e+00 7.791135095987881343e+00
-1.428877863097742384e+01 6.726898529661081483e+00 2.910107691572464184e+00
-6.681448192765957472e+00 4.283797829984980154e+00 -3.581899207025511789e+00
1.091925004480660544e+00 2.035554933567353064e+00 -1.043037585984829896e+01
7.573964703256631736e+00 4.179868541957914019e-01 -1.630259439229949692e+01
1.280586428705191970e+01 -6.169701632915991496e-01 -2.113476751209142890e+01
1.682260983697735668e+01 -1.148470009174351603e+00 -2.486497916651700280e+01
1.965072164626833384e+01 -1.277111320360036828e+00 -2.744048704813271655e+01
2.130128033231361684e+01 -1.112388577673497636e+00 -2.882732665150702189e+01
2.175379942713050951e+01 -7.546720992939128791e-01 -2.902578403539862606e+01
2.096890404693990462e+01 -2.958986777951579938e-01 -2.806166492615751196e+01
1.889812077406745416e+01 1.814843942028296908e-01 -2.597756074405970139e+01
1.548972466201090192e+01 6.078857223830596013e-01 -2.282640239886733724e+01
1.167603832678957865e+01 7.976601288635620790e-01 -1.952354393919883790e+01
8.436937704743552757e+00 6.375973327999329143e-01 -1.694118404932761379e+01
5.793737813408769810e+00 1.741427721151138641e-01 -1.506446021786363154e+01
3.765945301711889126e+00 -5.534641396078381348e-01 -1.387204132806232337e+01
2.367845721569803441e+00 -1.515030831337121242e+00 -1.333960315380753237e+01
1.607277966527439039e+00 -2.690061959376666145e+00 -1.344337381965153888e+01
1.490516362162954689e+00 -4.065707730199800807e+00 -1.416454125668502328e+01
2.019585358900361616e+00 -5.638152706604954822e+00 -1.549244756302670822e+01
3.193121791894014905e+00 -7.408273565274618555e+00 -1.742434864845314735e+01
5.008803934622556575e+00 -9.375821097267539983e+00 -1.996469651757128361e+01
6.796146570388482466e+00 -1.117008304309637978e+01 -2.244146058012041323e+01
7.895296888016044790e+00 -1.240517338833431360e+01 -2.418295566642076722e+01
8.324049519054288027e+00 -1.305613890754019302e+01 -2.519499588000936185e+01
8.101095348765056769e+00 -1.310629245035646484e+01 -2.547722848058673151e+01
7.241396360748196592e+00 -1.255354941363492571e+01 -2.502229741903302696e+01
5.749088702905846837e+00 -1.142213643076310881e+01 -2.381329368715159234e+01
3.608423693719219116e+00 -9.778932138355276749e+00 -2.181995411701898036e+01
7.964441681505549653e-01 -7.706655301205371345e+00 -1.901035870027869734e+01
-2.710932299778899157e+00 -5.288604519782551527e+00 -1.535798813216752023e+01
-6.936762025223142558e+00 -2.598825572721743526e+00 -1.084588197073941274e+01
-1.128966531543888507e+01 -5.234845659053499745e-02 -6.194921063382454740e+00
-1.515725865043759590e+01 2.023163377590904588e+00 -2.153678540567657507e+00
-1.852704443252208932e+01 3.708396759138765209e+00 1.244088724953503311e+00
-2.138382468224072497e+01 5.091665917992014734e+00 3.966827293945149435e+00
-2.370975158811378947e+01 6.260558375422361266e+00 5.987284189828042003e+00
-2.548525216309599628e+01 7.283517225649652538e+00 7.288140485831906545e+00
-2.669480170438267308e+01 8.167599135602829463e+00 7.877894323724905057e+00
-2.732636663905566010e+01 8.879926118161098003e+00 7.780669313018739430e+00
-2.737253218232454799e+01 9.365899189916635947e+00 7.028898830433497835e+00
-2.683217632635387062e+01 9.559914902975544138e+00 5.659465013289726620e+00
-2.583126590703444236e+01 9.679511632889402861e+00 4.187037251007120986e+00
-2.450425003773746013e+01 9.965532823837891740e+00 3.113473985473710570e+00
-2.287031697611493186e+01 1.039595213027455323e+01 2.453095023841508571e+00
-2.095174328788355211e+01 1.096397958090988212e+01 2.214025058509645483e+00
-1.877390007375366210e+01 1.167936703638875429e+01 2.397614040283707393e+00
-1.636064909683073054e+01 1.257750540064877143e+01 2.993033990240959952e+00
-1.371766184564345892e+01 1.373557812849549897e+01 3.964944155623216560e+00
-1.084585620585171206e+01 1.523121851753941947e+01 5.274848432024692002e+00
-7.745734328153250026e+00 1.712936520800915474e+01 6.888140266393096844e+00
-4.414849403702791442e+00 1.947942197100751116e+01 8.774858534962682199e+00
-1.295725160216230076e+00 2.181653956190961807e+01 1.045289656222842467e+01
1.204255672115303266e+00 2.361803319851220095e+01 1.146355948383025947e+01
3.147932047702316716e+00 2.482881343082387104e+01 1.181795659424982148e+01
4.596902656136552245e+00 2.539269794427643490e+01 1.152926132413264959e+01
5.603670347365534710e+00 2.525736474706986101e+01 1.061229099580459945e+01
6.191727560646771877e+00 2.438045797991469854e+01 9.086072601777562596e+00
6.317225890347462958e+00 2.274251614674108879e+01 6.979556446786632229e+00
5.907115375124753598e+00 2.034753998167235522e+01 4.321626231384994021e+00
4.879152212676153511e+00 1.721926047563167828e+01 1.136462740549468720e+00
3.151509014419212384e+00 1.339713818382597488e+01 -2.558665409190124862e+00
1.123967492109750221e+00 9.543478519520126824e+00 -6.175129562423204987e+00
-7.377840250598010075e-01 6.292108471631157052e+00 -9.140808613483484280e+00
-2.402075617783220096e+00 3.641524215426924727e+00 -1.146959215698211132e+01
-3.831211487358843648e+00 1.581621647120554641e+00 -1.317395968132278128e+01
-4.987928760900993908e+00 9.522426258846383718e-02 -1.426330643148274646e+01
-5.841306151381993494e+00 -8.388692085223850015e-01 -1.474270007302960295e+01
-6.373062947584949178e+00 -1.239373221284267856e+00 -1.461198958154230532e+01
-6.581042315473680127e+00 -1.119941645264428409e+00 -1.386545218067816521e+01
-6.475715419127411110e+00 -4.900628082641587113e-01 -1.249307999772131339e+01
-6.075896871018066747e+00 6.436364067525452981e-01 -1.048198216582516906e+01
-5.428479113111791321e+00 2.049698550489316595e+00 -8.306513011088371812e+00
-4.566625850364048667e+00 3.509174646957838206e+00 -6.446895294098418105e+00
-3.490677665968007215e+00 5.037692161755836118e+00 -4.899168747474917041e+00
-2.198880519819889745e+00 6.652210071892684873e+00 -3.661630976158226858e+00
-6.873367365052241995e-01 8.369027600686109736e+00 -2.735201027491394044e+00
1.049574827947490574e+00 1.020186682209804374e+01 -2.123897334422885308e+00
3.016365632391416973e+00 1.216125829437685013e+01 -1.834548643669531742e+00
5.216800932072912289e+00 1.425478853771013021e+01 -1.875383725855189532e+00
7.655314226243904230e+00 1.648607044624684193e+01 -2.255577026069971680e+00
1.033817209603499165e+01 1.885350280086894514e+01 -2.985023459989953665e+00
1.275141931205907397e+01 2.093306346893000836e+01 -3.832579639242632119e+00
1.439231944813404773e+01 2.228540442401262567e+01 -4.564841749492163814e+00
1.528068152807561297e+01 2.288787808037726990e+01 -5.185399385979722275e+00
1.542750455516822683e+01 2.272786908062052902e+01 -5.693373862468289026e+00
1.483308220763155383e+01 2.180451918314508220e+01 -6.083445639174797748e+00
1.348151909112640112e+01 2.013380881996145533e+01 -6.344221202046110619e+00
1.133106364906594976e+01 1.775753093262350291e+01 -6.454562831816901713e+00
8.333038282603947522e+00 1.472785483375468019e+01 -6.393119267883960788e+00
4.442101964189632213e+00 1.109716047566608843e+01 -6.143406200437702580e+00
-3.782241159739108682e-01 6.910449433601706382e+00 -5.696380547499486191e+00
-5.188612822391982959e+00 2.969901721037355280e+00 -5.142446179362742953e+00
-9.002325618407047259e+00 1.638052077343177260e-02 -4.586122340222997806e+00
-1.177620195587962115e+01 -2.009690322448126398e+00 -4.042982562572148275e+00
-1.347372124316935427e+01 -3.163573367069457465e+00 -3.521663766070165735e+00
-1.407104939215007455e+01 -3.487046734619883459e+00 -3.021139624163130755e+00
-1.356359761595157387e+01 -2.996343924647471457e+00 -2.527943221378406768e+00
-1.197164371488582901e+01 -1.667279964260912850e+00 -2.014578510877734097e+00
-9.334373698896996530e+00 5.499985355683214561e-01 -1.442449060511463266e+00
-5.702680867345208071e+00 3.717191637304427143e+00 -7.663610908758564655e-01
-1.132221273164470521e+00 7.897655504657692838e+00 6.029371639354375034e-02
3.319462164256608894e+00 1.219662504766275113e+01 8.804791794334940747e-01
6.666203328844885867e+00 1.565424319429922129e+01 1.470232692495560656e+00
8.968373488684852290e+00 1.822752063327009608e+01 1.768126351170364430e+00
1.029097808317714957e+01 1.987232353981174526e+01 1.711143553515164228e+00
1.069566110283970595e+01 2.054786532064347071e+01 1.241822657386306261e+00
1.022761634674356657e+01 2.022199757771017303e+01 3.208991070206010932e-01
8.895112977741465699e+00 1.888062193223127849e+01 -1.052378694533528503e+00
6.685144213214355702e+00 1.652146621801849591e+01 -2.857059215210910885e+00
3.573162364379179223e+00 1.315024244963264444e+01 -5.061376933872710815e+00
-4.716818691096811289e-01 8.779064799233916361e+00 -7.629151607629195198e+00
-4.558113611921445596e+00 4.405290442670306561e+00 -1.002412236924135058e+01
-7.770461062559604670e+00 1.020668183637192250e+00 -1.174058508033287751e+01
-1.009736224400731430e+01 -1.370694770193176204e+00 -1.279533330981762163e+01
-1.152201625236162030e+01 -2.769075433279589937e+00 -1.320892440816627555e+01
-1.202720744195749525e+01 -3.178559972277120949e+00 -1.299937821911253089e+01
-1.160047076111115061e+01 -2.606878821557343962e+00 -1.217559193693345243e+01
-1.023831392139369356e+01 -1.065906698129540864e+00 -1.073208562938265587e+01
-7.945610055037261255e+00 1.432397796467977713e+00 -8.651279232217476078e+00
-4.734176241825544196e+00 4.877339307279921599e+00 -5.906769110315926774e+00
-6.215809360886123125e-01 9.259863235261443393e+00 -2.466203594538425747e+00
3.490887125128284918e+00 1.365615859260371678e+01 1.031512387331346758e+00
6.717065504979609969e+00 1.715325165782364891e+01 3.912662054122165500e+00
9.063247673910408864e+00 1.976027771945443590e+01 6.154034826178223838e+00
1.054127672513129532e+01 2.148648254133347990e+01 7.726377454179776727e+00
1.116752633174672127e+01 2.234046437070818314e+01 8.596979473907072844e+00
1.096310957037353617e+01 2.232857221380751866e+01 8.732403150379372647e+00
9.956117165876570141e+00 2.145225219443286591e+01 8.101517416622318279e+00
8.175102017853982161e+00 1.971081234948383809e+01 6.677246946510700276e+00
5.643971328327783255e+00 1.710339112368514947e+01 4.438680480975785159e+00
2.377956983425785875e+00 1.363008069365277564e+01 1.373379271324255413e+00
-9.575861344700320466e-01 1.001343035389340486e+01 -1.888024746163819767e+00
-3.716331662525416135e+00 6.976213395417863339e+00 -4.696086536826330260e+00
-5.918908680949204637e+00 4.520154285850308540e+00 -7.030070389600044933e+00
-7.581531140516671208e+00 2.646362344057990867e+00 -8.874118863224143894e+00
-8.713290767906959999e+00 1.354448164774120222e+00 -1.021878460910774855e+01
-9.313532261581061178e+00 6.406267232418585422e-01 -1.106252799566118838e+01
-9.369201050739006220e+00 4.939916221328948254e-01 -1.141324983542643423e+01
-8.855115377260803555e+00 8.985132214126707595e-01 -1.128808547758614722e+01
-7.738135047505857678e+00 1.834938465960978426e+00 -1.071128625445627769e+01
-5.981611735520094619e+00 3.282395387593930014e+00 -9.712013112356954636e+00
-3.960115761951434443e+00 4.909360218991597691e+00 -8.489315116820081997e+00
-2.080104062676188192e+00 6.411814141376506626e+00 -7.219597062989000946e+00
-3.550618515729440094e-01 7.813179523309668362e+00 -5.899025362984418486e+00
1.198916506950378658e+00 9.139741455855931562e+00 -4.522218748971795321e+00
2.563595839912701457e+00 1.041904965643511183e+01 -3.082588635175361080e+00
3.720949075632084657e+00 1.167738988418017776e+01 -1.572563716136222922e+00
4.661264089364241414e+00 1.293438545766539605e+01 1.625176981832598955e-02
5.379006130170282951e+00 1.420196411141023418e+01 1.693583883569158566e+00
5.870553760868357784e+00 1.548502070230041916e+01 3.470733147020744092e+00
6.133880513605996398e+00 1.678182077269615746e+01 5.360648386004541521e+00
6.181247138057023527e+00 1.791562710969271421e+01 7.068465077166612431e+00
6.023981006463373866e+00 1.869428872677190867e+01 8.305962504245984590e+00
5.662511399843005222e+00 1.909173501050237576e+01 9.094103999599997934e+00
5.100317007148884585e+00 1.908794815106121945e+01 9.448285603182911885e+00
4.342981430974092838e+00 1.867070317246389877e+01 9.376709421509840325e+00
3.396333018939619919e+00 1.783901700298554260e+01 8.875971186810325264e+00
2.263248500510352201e+00 1.660824479124363151e+01 7.922894538123615327e+00
9.459312386211882195e-01 1.500219436805577011e+01 6.487315803899912581e+00
-5.535969108572562636e-01 1.304852569774032744e+01 4.538354357547154549e+00
-2.233876859853805463e+00 1.077569229340122803e+01 2.047333071832531992e+00
-3.929110333623401008e+00 8.557453417944387297e+00 -4.807312248512864983e-01
-5.475929699847386090e+00 6.736406161930053038e+00 -2.517165774648141507e+00
-6.877157904648280251e+00 5.289463618125916256e+00 -4.048972150949467164e+00
-8.135256108801472763e+00 4.191741632218160873e+00 -5.061318165811218961e+00
-9.251877119448542075e+00 3.420194443968637366e+00 -5.539799749748674174e+00
-1.022725928333304957e+01 2.958455229841714385e+00 -5.472170678442587644e+00
-1.105943820970703761e+01 2.802977796881152006e+00 -4.849777191784468755e+00
-1.174475161482324204e+01 2.959383161988281330e+00 -3.669548693425501718e+00
-1.227825103611176694e+01 3.439031952433068362e+00 -1.933136642560818297e+00
-1.265397652003990459e+01 4.256477248940469416e+00 3.544655027457086494e-01
-1.293004199742170357e+01 5.139540954179262044e+00 2.570187854894765422e+00
-1.317198219733128184e+01 5.800116528098760327e+00 4.097951367032653280e+00
-1.338518343032698787e+01 6.226313284859768871e+00 4.942966352432890176e+00
-1.357583465592314553e+01 6.404165725047873181e+00 5.111488229111188275e+00
-1.375057865097094911e+01 6.320672607122599373e+00 4.609718441934839817e+00
-1.391659728373162608e+01 5.966027941722065187e+00 3.442124119399815996e+00
-1.408218131907133497e+01 5.333049643792962868e+00 1.609159178322454142e+00
-1.425377609347230035e+01 4.418855804210013893e+00 -8.913211610225351134e-01
-1.443386274398318747e+01 3.225331474483315475e+00 -4.063557647289991692e+00
-1.461932759732617981e+01 1.758995238490448365e+00 -7.913852406813271401e+00
-1.469365215290543070e+01 3.111757044784022597e-01 -1.178102822630428825e+01
-1.453684321101270882e+01 -8.321846527947336369e-01 -1.500070505290290157e+01
-1.413798926134769118e+01 -1.670560967575188016e+00 -1.757359234808032156e+01
-1.349096724168963135e+01 -2.204267281468213824e+00 -1.949718197198264136e+01
-1.259617427520795374e+01 -2.433433527018854292e+00 -2.076564724933999173e+01
-1.146419850108234151e+01 -2.356202523968466522e+00 -2.136885766083347704e+01
-1.012269079523764326e+01 -1.967665725473782601e+00 -2.129050342154214803e+01
-8.608347327512674951e+00 -1.266722316282809402e+00 -2.051337302957063713e+01
-6.960205038844327063e+00 -2.569741894359367507e-01 -1.902252832300144192e+01
-5.214606822793082408e+00 1.054682704026191686e+00 -1.680726728970952522e+01
-3.557387981811206856e+00 2.363727957434670124e+00 -1.438723749463673940e+01
-2.132410525023299197e+00 3.367843714488898854e+00 -1.229844364307819404e+01
-9.068587607109506177e-01 4.061220295255186130e+00 -1.055849133539622464e+01
1.504751370323897941e-01 4.436315633236654676e+00 -9.182907171715559258e+00
1.065127452825082033e+00 4.482900935560635958e+00 -8.183307375667340011e+00
1.852520991402005102e+00 4.188513947518156755e+00 -7.564608662186893540e+00
2.513944273846939303e+00 3.543530964334403510e+00 -7.320486537928950987e+00
3.038453272178689435e+00 2.538027562452089825e+00 -7.435979607792786439e+00
3.406637758148035378e+00 1.161631876744607439e+00 -7.890051371912585765e+00
3.594263955914608566e+00 -5.949961641015701908e-01 -8.657533380721202931e+00
3.503251017998015193e+00 -2.334332360214838253e+00 -9.461670434485430548e+00
3.064189561813701612e+00 -3.637217303462833229e+00 -1.004908041047774780e+01
2.299837393208878922e+00 -4.477335150588240609e+00 -1.043235112266102860e+01
1.237191671070551280e+00 -4.828944800535342807e+00 -1.062919784309654148e+01
-9.636335207994761731e-02 -4.670019298661328477e+00 -1.066099303723486358e+01
-1.678315439133207132e+00 -3.985077589660122044e+00 -1.055061177683603901e+01
-3.497524896417541385e+00 -2.766037461182936141e+00 -1.031871541180440488e+01
-5.549916134289230918e+00 -1.009411780418380644e+00 -9.981099905055629051e+00
-7.836560814497675942e+00 1.284431407502533595e+00 -9.546772945880372063e+00
-1.036319104011510106e+01 4.111397740261814704e+00 -9.016063876717435477e+00
-1.274397326541071251e+01 6.958874765034805066e+00 -8.500079412763867026e+00
-1.459603972328124577e+01 9.310777897500010170e+00 -8.097380374844599160e+00
-1.592901299965749651e+01 1.115961207090035145e+01 -7.784325444562698593e+00
-1.674781370793643376e+01 1.250362768142365688e+01 -7.542236250006312481e+00
-1.705310568139874050e+01 1.334652020379773951e+01 -7.359387644338630352e+00
-1.684172199654184254e+01 1.369602469317056048e+01 -7.235332375974224739e+00
-1.610699859371013076e+01 1.356030854782096640e+01 -7.189933891271161670e+00
-1.483901373516935074e+01 1.295240735144798983e+01 -7.254639998580672433e+00
-1.302502267935897251e+01 1.189128087527599575e+01 -7.466291112735477853e+00
-1.065002143164783099e+01 1.040105844317247730e+01 -7.863316011512328174e+00
-8.148103990773643446e+00 8.844610210832181352e+00 -8.200127615931910086e+00
-5.970620140166027490e+00 7.540674839168203469e+00 -8.201494956018164473e+00
-4.127234597679739991e+00 6.449338236198562058e+00 -7.859643639417699390e+00
-2.627186000762645079e+00 5.531923647741891159e+00 -7.166678129055501500e+00
-1.478688889991307764e+00 4.754351896300438085e+00 -6.115207979062216026e+00
-6.881397157039345069e-01 4.091580730643902264e+00 -4.697729815114576546e+00
-2.595520586927637652e-01 3.531112794249800846e+00 -2.904928278716435219e+00
-1.967766796788500971e-01 3.067055374997342820e+00 -7.290453388580150351e-01
-5.042196547033914733e-01 2.698558073721499362e+00 1.835387999807106763e+00
-1.187084243208684775e+00 2.429662433335447957e+00 4.791641087889741080e+00
-1.932044275671509048e+00 2.194039217910773054e+00 7.622478842566274615e+00
-2.419695837753949696e+00 1.935670406574089064e+00 9.812012951658090287e+00
-2.647694490304454362e+00 1.668619855825526521e+00 1.136383922318609940e+01
-2.614102022178490969e+00 1.396121786525024167e+00 1.228166144271595250e+01
-2.316597335668960866e+00 1.112025580972217043e+00 1.256955920106173075e+01
-1.751442766274230012e+00 8.027088358222442821e-01 1.223236063269244944e+01
-9.117978113227314108e-01 4.501900930390059230e-01 1.127596576680501173e+01
2.108009228229330567e-01 3.234205803633649623e-02 9.707149433027787211e+00
1.625138084924500514e+00 -4.765490805862038215e-01 7.533297320322555279e+00
3.339412868495697406e+00 -1.104808758680673630e+00 4.762136187788186703e+00
5.090620798469816854e+00 -1.784409307878381368e+00 1.855339876308621960e+00
6.608059781434483249e+00 -2.421814749854703130e+00 -7.349580632820273962e-01
7.887573094588129941e+00 -3.005613930532033962e+00 -3.016015342135371480e+00
8.925434914570251621e+00 -3.521309531005649696e+00 -4.995934870809456640e+00
9.718551176833649663e+00 -3.952165967416296777e+00 -6.683370331392854524e+00
1.026461979327358875e+01 -4.280516313600394973e+00 -8.086903413087847881e+00
1.056252044209314001e+01 -4.490036476592443648e+00 -9.213698029963103053e+00
1.061245243567315732e+01 -4.565035394678425007e+00 -1.007006686823111608e+01
1.041573794363409711e+01 -4.490242786972190814e+00 -1.066176524133083880e+01
9.974609791943652937e+00 -4.250994502113881524e+00 -1.099401640622897247e+01
9.292000864180341324e+00 -3.833406812185404355e+00 -1.107152627018839475e+01
8.371335535774354852e+00 -3.224540971023208247e+00 -1.089848671011555759e+01
7.216323605788198314e+00 -2.412559352979564142e+00 -1.047856725723492488e+01
5.830757217871442855e+00 -1.386874518319585192e+00 -9.814895415599920625e+00
4.218311278720412894e+00 -1.382926131944524073e-01 -8.910026385972551921e+00
2.382339877812926776e+00 1.340658409839048826e+00 -7.765938543945866357e+00
3.258919192726724701e-01 3.055477290892638642e+00 -6.384309624111373260e+00
-1.947933802552703764e+00 5.011122524118243327e+00 -4.766850936543496786e+00
-4.435862365245776928e+00 7.212618582409049850e+00 -2.915510829057805342e+00
-7.134361401948019932e+00 9.665375724762380827e+00 -8.326803102175226456e-01
-1.003955239159677149e+01 1.237550173939918352e+01 1.478592233129056410e+00
-1.314711466301604403e+01 1.535010505532477154e+01 4.014377472942528335e+00
-1.645218136888937721e+01 1.859758813586855553e+01 6.769632506112003512e+00
-1.994922585262632708e+01 2.212792949670365061e+01 9.737958477356208675e+00
