-9.338265517463085530e+01 3.641241159335645072e+00 2.070069326457859304e+01
-8.168075457608163958e+01 3.330179139107998232e+00 1.823636082932241109e+01
-7.061565707852037121e+01 3.031786709081679021e+00 1.590390288754455383e+01
-6.018736268194699335e+01 2.746063869256686107e+00 1.370331943924501239e+01
-5.039587138636152730e+01 2.473010619633019491e+00 1.163461048442379209e+01
-4.124118319176398728e+01 2.212626960210680505e+00 9.697776023080898256e+00
-3.272329809815434487e+01 1.964912890989667593e+00 7.892816055216321125e+00
-2.484221610553259296e+01 1.729868411969980757e+00 6.219730580830058919e+00
-1.759793721389876353e+01 1.507493523151621329e+00 4.678519599922121408e+00
-1.099046142325286191e+01 1.297788224534588863e+00 3.269183112492506371e+00
-5.019788733594856112e+00 1.100752516118882696e+00 1.991721118541208480e+00
3.140808550752218764e-01 9.163863979045037134e-01 8.461336180682363928e-01
5.011147342757406697e+00 7.446898698914509174e-01 -1.675793889264198255e-01
9.071410729451672594e+00 5.856629320797248628e-01 -1.049417902442756123e+00
1.249487101515803822e+01 4.393055844693255496e-01 -1.799381922480769669e+00
1.528152819987647248e+01 3.056178270602532554e-01 -2.417471449040462961e+00
1.743138228360701092e+01 1.845996598525072585e-01 -2.903686482121836221e+00
1.894443326634963043e+01 7.625108284608808629e-02 -3.258027021724889227e+00
1.982068114810434878e+01 -1.942790395900409472e-02 -3.480493067849621092e+00
2.006012592887114820e+01 -1.024373005627698952e-01 -3.571084620496032258e+00
1.966276760865004292e+01 -1.727771069652090374e-01 -3.529801679664124947e+00
1.862860618744101870e+01 -2.304473231663212163e-01 -3.356644245353895162e+00
1.695764166524408978e+01 -2.754479491661068757e-01 -3.051612317565346011e+00
1.464987404205924371e+01 -3.077789849645657938e-01 -2.614705896298475274e+00
1.170530331788649292e+01 -3.274404305616978594e-01 -2.045924981553285171e+00
8.123929492725830315e+00 -3.344322859575034057e-01 -1.345269573329774149e+00
4.515886130255827524e+00 -3.305647220455504853e-01 -6.394481984415470999e-01
1.491308612496475172e+00 -3.176479151141424206e-01 -5.516976132339811850e-02
-9.498030605518870129e-01 -2.956818651632799888e-01 4.075657380246024419e-01
-2.807448888889251037e+00 -2.646665721929635229e-01 7.487582996024534365e-01
-4.081628872515641326e+00 -2.246020362031926065e-01 9.684079234101584666e-01
-4.772343011431039450e+00 -1.754882571939673785e-01 1.066514609447714701e+00
-4.879591305635449849e+00 -1.173252351652878944e-01 1.043078357715123028e+00
-4.403373755128869860e+00 -5.011297011715409866e-02 8.980991682123826703e-01
-3.343690359911303922e+00 2.614853795043392548e-02 6.315770409394944052e-01
-1.700541119982757365e+00 1.114592890374757617e-01 2.435119758964601200e-01
-5.339024047664661654e-02 1.768545980668752848e-01 -1.294965658895989857e-01
1.018296001145782892e+00 1.933696763756330705e-01 -3.508486348732667293e-01
1.514517604884067170e+00 1.610045239637257486e-01 -4.205442310544340034e-01
1.435274570738206190e+00 7.975914083115359654e-02 -3.385833544331012801e-01
7.805668987082019505e-01 -5.036647302208341337e-02 -1.049660050092682262e-01
-4.496054112059413299e-01 -2.293723175959843652e-01 2.803078172170627713e-01
-2.255242359004234309e+00 -4.572583928905510353e-01 8.172381122458958203e-01
-4.636343944686671215e+00 -7.340246989057827021e-01 1.505824880077228922e+00
-7.592910168253255598e+00 -1.059671235641679532e+00 2.346068120711062743e+00
-1.112494102970397947e+01 -1.434198003098240637e+00 3.337967834147395063e+00
-1.461736296216751008e+01 -1.805080882792011510e+00 4.316436310068251458e+00
-1.745510166554736031e+01 -2.119795693625880162e+00 5.116385641355680747e+00
-1.963815713984352129e+01 -2.378342435599848148e+00 5.737815828009684260e+00
-2.116652938505598058e+01 -2.580721108713912137e+00 6.180726870030254005e+00
-2.204021840118473108e+01 -2.726931712968073018e+00 6.445118767417392647e+00
-2.225922418822976567e+01 -2.816974248362329014e+00 6.530991520171093079e+00
-2.182354674619109858e+01 -2.850848714896682345e+00 6.438345128291364183e+00
-2.073318607506871913e+01 -2.828555112571131680e+00 6.167179591778200631e+00
-1.898814217486263800e+01 -2.750093441385677462e+00 5.717494910631604199e+00
-1.658841504557283741e+01 -2.615463701340319247e+00 5.089291084851573999e+00
-1.405863466921484850e+01 -2.473275994515864440e+00 4.432092990655528197e+00
-1.192343352943860779e+01 -2.372140654784497649e+00 3.895426217252121681e+00
-1.018281162624481695e+01 -2.312057682146284154e+00 3.479290764641552958e+00
-8.836768959633502618e+00 -2.293027076601225289e+00 3.183686632823829132e+00
-7.885305529604664798e+00 -2.315048838149321497e+00 3.008613821798951982e+00
-7.328421336158301713e+00 -2.378122966790573223e+00 2.954072331566919729e+00
-7.166116379294415140e+00 -2.482249462524979577e+00 3.020062162127733707e+00
-7.398390659013003301e+00 -2.627428325352540561e+00 3.206583313481392139e+00
-8.025244175314069750e+00 -2.813659555273257062e+00 3.513635785627896801e+00
-9.046676928197609158e+00 -3.040943152287128193e+00 3.941219578567245918e+00
-1.003690358974126440e+01 -3.204691667945963385e+00 4.320058897073335125e+00
-1.057013781687059151e+01 -3.200317404445474523e+00 4.480877542334808616e+00
-1.064637960958543594e+01 -3.027820361785626080e+00 4.423675514351608662e+00
-1.026562896788581014e+01 -2.687200539966423385e+00 4.148452813123739702e+00
-9.427885891771705218e+00 -2.178457938987858888e+00 3.655209438651195075e+00
-8.133150381243117621e+00 -1.501592558849933035e+00 2.943945390933976114e+00
-6.381422436300054457e+00 -6.566043995526493759e-01 2.014660669972084595e+00
-4.172702056942509508e+00 3.565065389039951960e-01 8.673552757655178524e-01
-1.506989243170485437e+00 1.537740256519998905e+00 -4.979707916857210037e-01
1.615716005016019530e+00 2.887096753295362195e+00 -2.081317532381635527e+00
4.639744595692987694e+00 4.193477869404060421e+00 -3.692078409535068495e+00
7.009427436936400468e+00 5.245785445020060500e+00 -5.139646886358863576e+00
8.724764528746261405e+00 6.044019480143368206e+00 -6.424022962853022101e+00
9.785755871122564287e+00 6.588179974773980874e+00 -7.545206639017542294e+00
1.019240146406531977e+01 6.878266928911901168e+00 -8.503197914852428596e+00
9.944701307574518978e+00 6.914280342557126424e+00 -9.297996790357677455e+00
9.042655401650179670e+00 6.696220215709661083e+00 -9.929603265533284429e+00
7.486263746292281418e+00 6.224086548369502481e+00 -1.039801734037926018e+01
5.275526341500829552e+00 5.497879340536647952e+00 -1.070323901489560114e+01
2.410443187276072319e+00 4.517598592211166775e+00 -1.084526828908230556e+01
-4.001945049596148385e-01 3.472987430259264929e+00 -1.083867328303519351e+01
-2.447597213671025340e+00 2.553788529165022858e+00 -1.069802208211701711e+01
-3.731764938858161074e+00 1.760001888928443003e+00 -1.042331468632778169e+01
-4.252697680521020374e+00 1.091627509549523367e+00 -1.001455109566748369e+01
-4.010395438659600131e+00 5.486653910282652813e-01 -9.471731310136123128e+00
-3.004858213273908341e+00 1.311155333646677468e-01 -8.794855329733707094e+00
-1.236086004363937008e+00 -1.610220634412688201e-01 -7.983923154460226712e+00
1.295921188070309427e+00 -3.277473993895442250e-01 -7.038934784315685533e+00
4.591163364028789218e+00 -3.690604744801593284e-01 -5.959890219300097769e+00
8.649640523510633727e+00 -2.849612887132203509e-01 -4.746789459413613521e+00
1.280484801079949264e+01 -1.500225063130856962e-01 -3.526080434107425887e+00
1.639028434831047676e+01 -3.881643591510806901e-02 -2.424210469883968155e+00
1.940594953604358253e+01 4.865692248071227383e-02 -1.441179566743242102e+00
2.185184357399882771e+01 1.123975688743755197e-01 -5.769877246852475050e-01
2.372796646217619809e+01 1.524055032658814535e-01 1.683650562900146919e-01
2.503431820057569013e+01 1.686807256552302348e-01 7.948787761825455433e-01
2.577089878919731092e+01 1.612232360424217803e-01 1.302553434992344661e+00
2.593770822804106047e+01 1.300330344274561456e-01 1.691389032719412544e+00
2.553474651710693877e+01 7.511012081033333065e-02 1.961385569363748305e+00
2.456201365639494583e+01 -3.545504808946664532e-03 2.112543044925352387e+00
2.303332831445652218e+01 -7.808352770356738470e-02 2.158657869183865152e+00
2.096250922573578279e+01 -1.206535003458654443e-01 2.113526517705432095e+00
1.834955639023272767e+01 -1.312554227358013192e-01 1.977148990490072755e+00
1.519446980794736746e+01 -1.098892948733751485e-01 1.749525287537788909e+00
1.149724947887969329e+01 -5.655511675858662657e-02 1.430655408848577892e+00
7.257895403029715808e+00 2.874711160856402437e-02 1.020539354422441480e+00
2.476407580397427921e+00 1.460173902280768599e-01 5.191771242593790081e-01
-2.847213989017047808e+00 2.952557190999482994e-01 -7.343128164059531393e-02
-8.712969305213940530e+00 4.764620982241848379e-01 -7.572858632775076870e-01
-1.512085836819313833e+01 6.896365276007833112e-01 -1.532386620651345233e+00
-2.095859973743158378e+01 8.902256919352876663e-01 -2.252668558377282526e+00
-2.511389606102138572e+01 1.033675638590102697e+00 -2.772064591584624704e+00
-2.758674733894833864e+01 1.119986367564658414e+00 -3.090574720271503928e+00
-2.837715357121243898e+01 1.149157878858955151e+00 -3.208198944437921973e+00
-2.748511475781367608e+01 1.121190172472993352e+00 -3.124937264083877508e+00
-2.491063089875205705e+01 1.036083248406771906e+00 -2.840789679209371421e+00
-2.065370199402757834e+01 8.938371066602914805e-01 -2.355756189814402379e+00
-1.471432804364025060e+01 6.944517472335524078e-01 -1.669836795898971271e+00
-7.092509047590063176e+00 4.379271701265536887e-01 -7.830314974630776526e-01
2.211754994122987483e+00 1.242633753392961005e-01 3.046597054932784765e-01
1.140681344560298527e+01 -1.766919704206889596e-01 1.390642489528247872e+00
1.870101567095402118e+01 -3.950912004458699833e-01 2.272322531199981732e+00
2.409436167017609520e+01 -5.309343147362465265e-01 2.949699830508478282e+00
2.758685144326920735e+01 -5.842213132918190333e-01 3.422774387453740630e+00
2.917848499023336473e+01 -5.549521961125877256e-01 3.691546202035766999e+00
2.886926231106856022e+01 -4.431269631985518265e-01 3.756015274254557834e+00
2.665918340577479739e+01 -2.487456145497118909e-01 3.616181604110112247e+00
2.254824827435207624e+01 2.819184983393197008e-02 3.272045191602432013e+00
1.653645691680038965e+01 3.876854299523803116e-01 2.723606036731515356e+00
8.623809333141760902e+00 8.297351258043655919e-01 1.970864139499487688e+00
5.315206188778591745e-01 1.255280617692776879e+00 1.179932583247897737e+00
-6.019218752427001107e+00 1.565263002975810336e+00 5.169220750749402571e-01
-1.102840878077272713e+01 1.759682281653463409e+00 -1.816738501937470440e-02
-1.449604946615952983e+01 1.838538453725743205e+00 -4.253357970350701289e-01
-1.642214080858729019e+01 1.801831519192645281e+00 -7.045831609721326938e-01
-1.680668280805601000e+01 1.649561478054170083e+00 -8.559094768305630652e-01
-1.564967546456567149e+01 1.381728330310315389e+00 -8.793147446103606324e-01
-1.295111877811630130e+01 9.983320759610836426e-01 -7.747989643115260616e-01
-8.711012748707879894e+00 4.993727150064741771e-01 -5.423621359340586867e-01
-2.929357376342445640e+00 -1.151497525533094063e-01 -1.820042594780943157e-01
2.964366962559202179e+00 -7.014656224371051962e-01 2.109108356571579024e-01
7.540686707847514825e+00 -1.115805875908875144e+00 5.410197748011711383e-01
1.079960185952248608e+01 -1.358170512968619459e+00 8.083225579539451422e-01
1.274111241758411772e+01 -1.428559533616337696e+00 1.012819185115479748e+00
1.336521838203241330e+01 -1.326972937852030299e+00 1.154509656285775510e+00
1.267191975286736394e+01 -1.053410725675696380e+00 1.233393971464832095e+00
1.066121653008897496e+01 -6.078728970873370496e-01 1.249472130652649282e+00
7.333108713697248149e+00 9.640547913047914363e-03 1.202744133849227293e+00
2.687596303692178168e+00 7.991296093254591781e-01 1.093209981054566127e+00
-3.275320699926226098e+00 1.760594287149895854e+00 9.208696722686660063e-01
-9.436153196497121698e+00 2.673026157446788620e+00 7.576036101901617581e-01
-1.467540674721169403e+01 3.315415742424709933e+00 6.752925402706677627e-01
-1.899308135206835502e+01 3.687763042083346932e+00 6.739364625102866047e-01
-2.238917701106711178e+01 3.790068056422700060e+00 7.535353769090178400e-01
-2.486369372420794832e+01 3.622330785442768430e+00 9.140892834668615796e-01
-2.641663149149087886e+01 3.184551229143551154e+00 1.155598182183817713e+00
-2.704799031291589628e+01 2.476729387525049120e+00 1.478062073059886794e+00
-2.675777018848302191e+01 1.498865260587287196e+00 1.881480956095058499e+00
-2.554597111819224153e+01 2.509588483302218620e-01 2.365854831289350813e+00
-2.341259310204354804e+01 -1.266989849246126454e+00 2.931183698642755076e+00
-2.078766224114678707e+01 -2.789985476560231437e+00 3.462669930493371684e+00
-1.810121078821203611e+01 -4.053028887224638943e+00 3.845514256978716183e+00
-1.535323874324478766e+01 -5.056120081235957464e+00 4.079716678097321747e+00
-1.254374610624505060e+01 -5.799259058594190996e+00 4.165277193849187931e+00
-9.672732877212821379e+00 -6.282445819299338652e+00 4.102195804234313847e+00
-6.740199056148099110e+00 -6.505680363351397766e+00 3.890472509252700384e+00
-3.746144643050886458e+00 -6.468962690750370115e+00 3.530107308904347985e+00
-6.905696379211816449e-01 -6.172292801496256587e+00 3.021100203189257094e+00
2.426525959241017105e+00 -5.615670695589055406e+00 2.363451192107425936e+00
5.605142148435705352e+00 -4.799096373028765683e+00 1.557160275658854509e+00
8.513883904310468154e+00 -3.844165752097347788e+00 7.493273350814614320e-01
1.082135620151288791e+01 -2.872474751076755428e+00 8.705225161316351712e-02
1.252755904004295573e+01 -1.884023369966989714e+00 -4.296649747460387081e-01
1.363249241990068406e+01 -8.788116087680504229e-01 -8.008243439961456600e-01
1.413615634108606756e+01 1.431605325200615564e-01 -1.026425856137157977e+00
1.403855080359910090e+01 1.181893053897347556e+00 -1.106469511169074549e+00
1.333967580743979298e+01 2.237385955363806911e+00 -1.040955309091896375e+00
1.203953135260814200e+01 3.309639236919439398e+00 -8.298832499056228995e-01
1.013811743910414442e+01 4.398652898564245461e+00 -4.732533336102542343e-01
7.635434066934982056e+00 5.504426940296616166e+00 2.893443979213405556e-02
5.093062960055947386e+00 6.501145641048027279e+00 5.143652088149455182e-01
3.072577809010312411e+00 7.262995079540587540e+00 8.207264338814739268e-01
1.573978613798107329e+00 7.789975255774285401e+00 9.480181149917176198e-01
5.972653744192637504e-01 8.082086169749148397e+00 8.962402521456838134e-01
1.424380908738207552e-01 8.139327821465160540e+00 6.653928453433661794e-01
2.094967631617801196e-01 7.961700210922321830e+00 2.554758945847652729e-01
7.984413912831400673e-01 7.549203338120629603e+00 -3.335106001301191281e-01
1.909271975237901042e+00 6.901837203060087411e+00 -1.101566638801286357e+00
3.541988515026064821e+00 6.019601805740692591e+00 -2.048692221428737525e+00
5.696591010647127362e+00 4.902497146162621888e+00 -3.174887348012155552e+00
8.020029571534625035e+00 3.673251897872209071e+00 -4.257342905444410519e+00
1.015925599058963513e+01 2.454594149201790199e+00 -5.073250843051531511e+00
1.211427026781215410e+01 1.246523900151366160e+00 -5.622611160833516308e+00
1.388507240320218372e+01 4.904115072093540029e-02 -5.905423858790368463e+00
1.547166239675972932e+01 -1.137854099089500526e+00 -5.921688936922085311e+00
1.687404024848475359e+01 -2.314161849279916083e+00 -5.671406395228676622e+00
1.809220595837734891e+01 -3.479882099850390098e+00 -5.154576233710115751e+00
1.912615952643740158e+01 -4.635014850800817321e+00 -4.371198452366449771e+00
1.997590095266501109e+01 -5.779560102131301669e+00 -3.321273051197607629e+00
2.064143023706016677e+01 -6.913517853838828664e+00 -2.004800030211067785e+00
2.112567275672161671e+01 -7.908802861569969700e+00 -7.465034593895645276e-01
2.143155383295161798e+01 -8.637332323971232739e+00 1.288987848228362876e-01
2.155907346575018835e+01 -9.099106241042674625e+00 6.214067024262112104e-01
2.150823165511732427e+01 -9.294124612784258943e+00 7.310202934205176639e-01
2.127902840105301507e+01 -9.222387439196005232e+00 4.577395578057652514e-01
2.087146370355728564e+01 -8.883894720277917045e+00 -1.984355044180210470e-01
2.028553756263009689e+01 -8.278646456029965961e+00 -1.237504893250902072e+00
1.952124997827149500e+01 -7.406642646452202605e+00 -2.659468608692783231e+00
1.857860095048142668e+01 -6.267883291544553259e+00 -4.464326650743791092e+00
1.745759047926058827e+01 -4.862368391308258708e+00 -6.652079019401586635e+00
1.626835708662940760e+01 -3.390864286775173486e+00 -8.839330962706835493e+00
1.512103824425258480e+01 -2.054135404332919190e+00 -1.064269138501314771e+01
1.401563395213002217e+01 -8.521817439813791362e-01 -1.206216028632067605e+01
1.295214421026181206e+01 2.149966942793418712e-01 -1.309773766662929795e+01
1.193056901864786923e+01 1.147399910449337757e+00 -1.374942352593911110e+01
1.095090837728827537e+01 1.945027904528525919e+00 -1.401721786425005156e+01
1.001316228618294701e+01 2.607880676516977303e+00 -1.390112068156213887e+01
9.117330745331969410e+00 3.135958226414632399e+00 -1.340113197787539434e+01
8.263413754735260852e+00 3.529260554221539614e+00 -1.251725175318976646e+01
7.451411314392897722e+00 3.787787659937661644e+00 -1.124948000750533339e+01
6.550054984837016647e+00 3.934083744373455538e+00 -9.730763909977417470e+00
5.428076326599739154e+00 3.990693008339355252e+00 -8.094050629761287752e+00
4.085475339681164719e+00 3.957615451835354570e+00 -6.339340166857089010e+00
2.522252024081175659e+00 3.834851074861453046e+00 -4.466632521264669364e+00
7.384063797999078638e-01 3.622399877417659120e+00 -2.475927692984193573e+00
-1.266061593162794985e+00 3.320261859503955026e+00 -3.672256820154826684e-01
-3.491151894806754363e+00 2.928437021120368300e+00 1.859473511641272836e+00
-5.936864525132168779e+00 2.446925362266863413e+00 4.204169887986273224e+00
-8.603199484138823294e+00 1.875726882943482332e+00 6.666863447019307998e+00
-1.149015677182694972e+01 1.214841583150175541e+00 9.247554188740597425e+00
-1.409645905604019589e+01 5.612543416090934878e-01 1.155365751305655131e+01
-1.592082422405524866e+01 1.195096196491171950e-02 1.319258507588433460e+01
-1.696325227586909179e+01 -4.330685557817698927e-01 1.416433687722156165e+01
-1.722374321148183185e+01 -7.738042116309913343e-01 1.446891291706833194e+01
-1.670229703089343332e+01 -1.010256005582722105e+00 1.410631319542461171e+01
-1.539891373410385000e+01 -1.142423937636982689e+00 1.307653771229036543e+01
-1.331359332111320271e+01 -1.170308007793761984e+00 1.137958646766569260e+01
-1.044633579192130313e+01 -1.093908216053062210e+00 9.015459461550435094e+00
-6.797141146528408839e+00 -9.132245624148900287e-01 5.984156693944806982e+00
-2.366009384934192994e+00 -6.282570468792292306e-01 2.285678164848537364e+00
2.190357026363112247e+00 -3.141210902769655533e-01 -1.498830967526264768e+00
6.215243095185885025e+00 -4.593354616042270161e-02 -4.788214460437851372e+00
9.708648821518835348e+00 1.763055854686667312e-01 -7.582472313872714587e+00
1.267057420536228030e+01 3.525963046103228749e-01 -9.881604527831106211e+00
1.510101924671594631e+01 4.829386112645299156e-01 -1.168561110231281575e+01
1.699998394557998438e+01 5.673325054312968740e-01 -1.299449203731796310e+01
1.836746830195443536e+01 6.057779871106241387e-01 -1.380824733284656425e+01
1.920347231583918912e+01 5.982750563025087676e-01 -1.412687698889855525e+01
1.950799598723431316e+01 5.448237130069495393e-01 -1.395038100547396098e+01
1.928103931614237965e+01 4.454239572246076473e-01 -1.327875938257676403e+01
1.863697483031683078e+01 3.289275203963269445e-01 -1.228645690398037438e+01
1.769017287605692346e+01 2.241855836670809121e-01 -1.114791502623177522e+01
1.644063345336259374e+01 1.311981470368604463e-01 -9.863133749330865285e+00
1.488835656223393933e+01 4.996521050567367256e-02 -8.432113073277761828e+00
1.303334220267082344e+01 -1.951322592648660134e-02 -6.854852998072333392e+00
1.087559037467341660e+01 -7.723716225961416160e-02 -5.131353523714721199e+00
8.415101078241518096e+00 -1.232065984937141534e-01 -3.261614650204772925e+00
5.651874313375359726e+00 -1.574215346287825557e-01 -1.245636377542657769e+00
2.585910080074685702e+00 -1.798819706648223105e-01 9.165812942718085665e-01
-7.827916216584337450e-01 -1.905879066018626722e-01 3.225038365237207216e+00
-4.137923837963408680e+00 -1.950244761350976574e-01 5.464061346049889245e+00
-7.163182631497481800e+00 -1.986767606497513994e-01 7.417978804215011657e+00
-9.858568002260913232e+00 -2.015447601458242033e-01 9.086790739732744981e+00
-1.222407995025346850e+01 -2.036284746233158471e-01 1.047049715260294001e+01
-1.425971847547536164e+01 -2.049279040822264975e-01 1.156909804282572196e+01
-1.596548357792640616e+01 -2.054430485225560432e-01 1.238259341040099315e+01
-1.734137525760675302e+01 -2.051739079443045122e-01 1.291098325532882285e+01
-1.838739351451628323e+01 -2.041204823474719598e-01 1.315426757760916843e+01
-1.910353834865509270e+01 -2.022827717320582752e-01 1.311244637724204942e+01
-1.948980976002310683e+01 -1.996607760980636248e-01 1.278551965422746939e+01
-1.951810579282881264e+01 -1.952301321637497367e-01 1.224765985299753623e+01
-1.916032449128060833e+01 -1.879664766473780613e-01 1.157303941798431879e+01
-1.841646585537852943e+01 -1.778698095489491260e-01 1.076165834918788100e+01
-1.728652988512251909e+01 -1.649401308684622092e-01 9.813516646608150040e+00
-1.577051658051266259e+01 -1.491774406059183100e-01 8.728614310245205843e+00
-1.386842594154882846e+01 -1.305817387613161240e-01 7.506951340098952485e+00
-1.158025796823119613e+01 -1.091530253346572610e-01 6.148527736169504543e+00
-8.906012660559554206e+00 -8.489130032593986130e-02 4.653343498456738558e+00
-5.845690018534137167e+00 -5.779656373516600665e-02 3.021398626960782874e+00
-2.399290042154683000e+00 -2.786881556233335167e-02 1.252693121681499377e+00
9.165508081368339832e-01 6.971705864204164526e-04 -4.181808268186152922e-01
3.585191144855085277e+00 2.370658110036472088e-02 -1.756628790725208722e+00
5.606630967996895976e+00 4.115941597947368052e-02 -2.762650770036831460e+00
6.980870277562450710e+00 5.305567522374890488e-02 -3.436246764753573935e+00
7.707909073551624246e+00 5.939535883318929760e-02 -3.777416774875374195e+00
7.787747355964480533e+00 6.017846680779541380e-02 -3.786160800402263327e+00
7.220385124801008914e+00 5.540499914756719102e-02 -3.462478841334239554e+00
6.005822380061166754e+00 4.507495585250421294e-02 -2.806370897671275344e+00
4.144059121745058860e+00 2.918833692260737467e-02 -1.817836969413430204e+00
1.635095349852518254e+00 7.745142357875316186e-03 -4.968770565606135392e-01
-1.035855329612254350e+00 -1.478870625025869093e-02 8.930100265236732282e-01
-3.383570055875264160e+00 -3.394720212916294694e-02 2.088320439605174883e+00
-5.408048828925272389e+00 -4.973034527873423927e-02 3.089054182677794635e+00
-7.109291648762460447e+00 -6.213813569897397998e-02 3.895211255741622303e+00
-8.487298515386671127e+00 -7.117057338988103110e-02 4.506791658796584166e+00
-9.542069428797994135e+00 -7.682765835145603794e-02 4.923795391842721969e+00
-1.027360438899644812e+01 -7.910939058369902133e-02 5.146222454880039265e+00
-1.068190339598197269e+01 -7.801577008660978696e-02 5.174072847908519179e+00
-1.076696644975460337e+01 -7.354679686018823770e-02 5.007346570928163487e+00
-1.052879355031197939e+01 -6.570247090445592575e-02 4.646043623939341671e+00
-9.863910919139380340e+00 -5.541445308606738479e-02 4.105861224188334546e+00
-8.668846751301995113e+00 -4.361438650189088800e-02 3.402496289524766571e+00
-6.943601046799711796e+00 -3.030227115192539109e-02 2.535948819948576460e+00
-4.688173805632685820e+00 -1.547810703617207712e-02 1.506218815459839933e+00
-1.902565027800715569e+00 8.581058453703688249e-04 3.133062760584661710e-01
1.413225286695949379e+00 1.870636749270050692e-02 -1.042788798255438909e+00
5.259197137857605675e+00 3.806667790581991229e-02 -2.562066407481996322e+00
9.635350525683907819e+00 5.893903708472685715e-02 -4.244526551621070176e+00
1.454168545017524927e+01 8.132344502942319420e-02 -6.090169230672809242e+00
1.997820191132543144e+01 1.052199017398841169e-01 -8.098994444634934453e+00
2.493116137177241853e+01 1.266072172680022256e-01 -9.898432684879900023e+00
2.838683496185401722e+01 1.414642400144707490e-01 -1.111591799585626816e+01
3.034522268157050817e+01 1.497909699792909499e-01 -1.175145037756413835e+01
3.080632453092171730e+01 1.515874071624621344e-01 -1.180502983000345729e+01
2.977014050990771565e+01 1.468535515639844691e-01 -1.127665635317423742e+01
2.723667061852856719e+01 1.355894031838582869e-01 -1.016632994707651605e+01
2.320591485678405519e+01 1.177949620220826304e-01 -8.474050611710197245e+00
1.767787322467454558e+01 9.347022807865917882e-02 -6.199818347075436442e+00
1.065254572219953388e+01 6.261520135358566996e-02 -3.343633153172019590e+00
2.129932349359648924e+00 2.522988184686483781e-02 9.450496999978597046e-02
-6.331239028905552679e+00 -1.261212758208833488e-02 3.490181368570078213e+00
-1.317224054765650365e+01 -4.483722407385898334e-02 6.218981388668940014e+00
-1.839307220689259026e+01 -7.144540762844421578e-02 8.280905030296125346e+00
-2.199373400661429301e+01 -9.243667824584647641e-02 9.675952293451821618e+00
-2.397422594682128150e+01 -1.078110359260638085e-01 1.040412317813590448e+01
-2.433454802751372270e+01 -1.175684806690976275e-01 1.046541768434843078e+01
-2.307470024869160241e+01 -1.217090124749471008e-01 9.859835812089407625e+00
-2.019468261035480339e+01 -1.202326313436125060e-01 8.587377561358774614e+00
-1.569449511250357077e+01 -1.131393372750939957e-01 6.648042932156640994e+00
-9.574137755137517303e+00 -1.004291302693910287e-01 4.041831924482843341e+00
-2.945380700046287270e+00 -8.136539199117553967e-02 1.316656042348330447e+00
3.079995288283444488e+00 -5.521149708015594265e-02 -9.795679849295203523e-01
8.501990209844825230e+00 -2.196744553633037111e-02 -2.846840157347392264e+00
1.332060406463834212e+01 1.836676264030416561e-02 -4.285160474905453043e+00
1.753583685266356440e+01 6.579112744974402460e-02 -5.294528937603571350e+00
2.114768857392086332e+01 1.203056488919934663e-01 -5.874945545441838668e+00
2.415615922840992624e+01 1.819103269670476475e-01 -6.026410298420202594e+00
2.656124881613100541e+01 2.506051616749119804e-01 -5.748923196538678226e+00
2.836295733708390543e+01 3.263901530155804975e-01 -5.042484239797289547e+00
2.956128479126877195e+01 4.092653009890597771e-01 -3.907093428195972162e+00
3.006611404775955521e+01 4.860094329367959931e-01 -2.613533708705412906e+00
2.978732625677223211e+01 5.434011240248902697e-01 -1.432593193101707518e+00
2.872492141830478829e+01 5.814403742530367403e-01 -3.642718813911187681e-01
2.687889953235713136e+01 6.001271836212391797e-01 5.914302264264503783e-01
2.424926059892940700e+01 5.994615521294952565e-01 1.434513130350912213e+00
2.083600461802157255e+01 5.794434797778068580e-01 2.164976830382314255e+00
1.663913158963340067e+01 5.400729665661714307e-01 2.782821326520679150e+00
1.165864151376529101e+01 4.813500124945926384e-01 3.288046618765954054e+00
5.894534390416781733e+00 4.032746175630652075e-01 3.680652707118182931e+00
-6.531897803866454355e-01 3.058467817721307047e-01 3.960639591577840513e+00
-6.886722493339407336e+00 2.125788457225677441e-01 4.150427013779773411e+00
-1.170827618189574615e+01 1.469827015587448771e-01 4.272434287741754488e+00
-1.511785084605608276e+01 1.090583492806564969e-01 4.326661413463798844e+00
-1.711544648582012584e+01 9.880578888830578166e-02 4.313108390945897597e+00
-1.770106310118804416e+01 1.162250203816919403e-01 4.231775220188052522e+00
-1.687470069215978796e+01 1.613160437608133768e-01 4.082661901190268061e+00
-1.463635925873528443e+01 2.340788590256741020e-01 3.865768433952533556e+00
-1.098603880091473961e+01 3.345134661762675932e-01 3.581094818474867658e+00
-5.923739318697817779e+00 4.626198652126028987e-01 3.228641054757244611e+00
5.505391879066056093e-01 6.183980561344546434e-01 2.808407142799999257e+00
6.954088041817729327e+00 7.642183592578499773e-01 2.373909383084641611e+00
1.180421270607285145e+01 8.624514537610288301e-01 1.978663565724884998e+00
1.510091318067239285e+01 9.130973396439996392e-01 1.622669690720695002e+00
1.684418946561605779e+01 9.161560169067579640e-01 1.305927758072103595e+00
1.703404156090401855e+01 8.716274855493049145e-01 1.028437767779082135e+00
1.567046946653623785e+01 7.795117455716434884e-01 7.901997198416552681e-01
1.275347318251260020e+01 6.398087969737655811e-01 5.912136142598021227e-01
8.283052708833377409e+00 4.525186397556840712e-01 4.314794510335404065e-01
2.259208045498155570e+00 2.176412739173818611e-01 3.109972301628555758e-01
-5.318060807492521747e+00 -6.482330054111984374e-02 2.297669516477585661e-01
-1.294940501207648964e+01 -3.452508169048881248e-01 1.707771582726170800e-01
-1.913547573019160097e+01 -5.740170084589896193e-01 1.170163928218027616e-01
-2.387627296183729442e+01 -7.511218752034032331e-01 6.848465529532041240e-02
-2.717179670701401051e+01 -8.765654171381458415e-01 2.518194569316569223e-02
-2.902204696572143661e+01 -9.503476342632056761e-01 -1.289173598465752010e-02
-2.942702373795973259e+01 -9.724685265785891763e-01 -4.573638973815262465e-02
-2.838672702372889489e+01 -9.429280940842947878e-01 -7.335201556731671402e-02
-2.590115682302880629e+01 -8.617263367803199570e-01 -9.573861347215223416e-02
-2.197031313585968348e+01 -7.288632546666709011e-01 -1.128961834526571589e-01
-1.659419596222119253e+01 -5.443388477433370731e-01 -1.248247255088330843e-01
-1.086412547324016309e+01 -3.463772823120778166e-01 -1.316210722476650885e-01
-5.871432247713713970e+00 -1.732030892097647934e-01 -1.333820571996104098e-01
-1.616116285648490081e+00 -2.481626843663061258e-02 -1.301076803646694646e-01
1.901822412955890274e+00 9.878318000733803117e-02 -1.217979417428419753e-01
4.682383848099111567e+00 1.975952561221299697e-01 -1.084528413341286773e-01
6.725568019781420048e+00 2.716199599077541715e-01 -9.007237913852833566e-02
8.031374928002636082e+00 3.208572913642038782e-01 -6.665655515604262948e-02
8.599804572762872468e+00 3.453072504914835861e-01 -3.820536938666947713e-02
8.430856954062083020e+00 3.449698372895911302e-01 -4.718821830411390472e-03
7.524532071900249974e+00 3.198450517585263997e-01 3.380308751273460033e-02
6.460985709029068325e+00 2.907097850247321591e-01 6.279337540571178211e-02
5.820384713859414028e+00 2.783413245047578477e-01 6.768478076665737642e-02
5.602729086404536929e+00 2.827396701990768091e-01 4.847730359523984289e-02
5.808018826664417489e+00 3.039048221076895429e-01 5.170943891457446817e-03
6.436253934639037055e+00 3.418367802305941616e-01 -6.223429834468599542e-02
7.487434410328393852e+00 3.965355445677911095e-01 -1.537384231131918300e-01
8.961560253732489656e+00 4.680011151192805530e-01 -2.693414304140601678e-01
1.085863146485151276e+01 5.562334918850708743e-01 -4.090433202473042762e-01
1.317864804368512210e+01 6.612326748651466968e-01 -5.728440926128994803e-01
1.592160999021746726e+01 7.829986640588211255e-01 -7.607437475100896629e-01
1.838349809088476761e+01 8.910249090248565373e-01 -9.389837739618800416e-01
1.986030656004806616e+01 9.548054411806587982e-01 -1.073806304875338791e+00
2.035203539770709469e+01 9.743402605262169169e-01 -1.165211340250441152e+00
1.985868460386202727e+01 9.496293670615383320e-01 -1.213198880087201781e+00
1.838025417851287102e+01 8.806727607866232654e-01 -1.217768924385620233e+00
1.591674412165935593e+01 7.674704417014597269e-01 -1.178921473145691179e+00
1.246815443330191897e+01 6.100224098060671452e-01 -1.096656526367421725e+00
8.034485113440394954e+00 4.083286651004385259e-01 -9.709740840508105375e-01
2.615736162074773219e+00 1.623892075845729810e-01 -8.018741461958567296e-01
-3.788092420573529573e+00 -1.277959627317447333e-01 -5.893567128107337627e-01
-1.009199277329609679e+01 -4.142762471578367856e-01 -3.734618619578099485e-01
-1.521101911709189203e+01 -6.491037906504406596e-01 -1.942273806778759826e-01
-1.914517145196091263e+01 -8.322785932095563277e-01 -5.165326897093165670e-02
-2.189444977790335756e+01 -9.638006548351937264e-01 5.426047316303078683e-02
-2.345885409491873475e+01 -1.043669975527328875e+00 1.235138457239923215e-01
-2.383838440300733552e+01 -1.071886555285975540e+00 1.561068487119641190e-01
-2.303304070216916699e+01 -1.048450394111134276e+00 1.520394821269462349e-01
-2.104282299240399823e+01 -9.733614920027958695e-01 1.113117459689333399e-01
-1.786773127371218095e+01 -8.466198489609737532e-01 3.392364023793276173e-02
-1.350776554609359437e+01 -6.682254649856635975e-01 -8.012483506605760919e-02
-8.961831607123142973e+00 -4.783736035789937224e-01 -1.941784070292297271e-01
-5.228835254375744590e+00 -3.172595282430930030e-01 -2.715818027377756572e-01
-2.308776487851166959e+00 -1.848832389779508090e-01 -3.123350221916973979e-01
-2.016553075499352143e-01 -8.124473578359062143e-02 -3.164380653909876218e-01
1.092528286528249293e+00 -6.344018659999520193e-03 -2.838909323356517134e-01
1.573774294383384120e+00 3.981891239282259187e-02 -2.146936230256896172e-01
1.242082716015403321e+00 5.724405737487590906e-02 -1.088461374610902310e-01
9.745355142436906704e-02 4.593141628615740601e-02 3.365152435812751586e-02
-1.860113199389715533e+00 5.880989126669872169e-03 2.127993624319713950e-01
-4.630617536426847813e+00 -6.290722410358670635e-02 4.285973767604416840e-01
-7.413503234581561685e+00 -1.398406145219899255e-01 6.255480474345401776e-01
-9.408168259733795225e+00 -2.043253949062922015e-01 7.481506788948651954e-01
-1.061461261172000370e+01 -2.563615652522867050e-01 7.964052711300804166e-01
-1.103283629054018888e+01 -2.959491255599736581e-01 7.703118241401860633e-01
-1.066283929619427973e+01 -3.230880758293548372e-01 6.698703379251698120e-01
-9.504621628682343726e+00 -3.377784160604252461e-01 4.950808124850493153e-01
-7.558183288004385325e+00 -3.400201462531881047e-01 2.459432478198193550e-01
-4.823524274160400083e+00 -3.298132664076431908e-01 -7.754235607052062385e-02
-1.300644587150044273e+00 -3.071577765237881730e-01 -4.753759991860088130e-01
3.010455773026061266e+00 -2.720536766016268815e-01 -9.475576815265748243e-01
7.125157735260549074e+00 -2.341572441706439023e-01 -1.387784188904286342e+00
1.005882344821551833e+01 -2.031249409402997586e-01 -1.689750279546199829e+00
1.181145291186868640e+01 -1.789567669108122205e-01 -1.853455953449905325e+00
1.238304612621973888e+01 -1.616527220821855071e-01 -1.878901210615374850e+00
1.177360309126888538e+01 -1.512128064544172590e-01 -1.766086051042629501e+00
9.983123807016127671e+00 -1.476370200275074207e-01 -1.515010474731667722e+00
7.011608273461463980e+00 -1.509253628014559645e-01 -1.125674481682490624e+00
2.859056490604475087e+00 -1.610778347762641394e-01 -5.980780718950453601e-01
-2.474531541554105374e+00 -1.780944359519301412e-01 6.777875463057547734e-02
-8.989155822984082889e+00 -2.019751663291219912e-01 8.718959978893462415e-01
-1.534303380920717075e+01 -2.620724634393317154e-01 1.591524489359785743e+00
-2.019440854788076578e+01 -3.877382049680928588e-01 2.003919309067926591e+00
-2.354328003900401711e+01 -5.789723909153832171e-01 2.109080457013697174e+00
-2.538964828257741146e+01 -8.357750212812111723e-01 1.907007933197144345e+00
-2.573351327860097015e+01 -1.158146096065576280e+00 1.397701737618272322e+00
-2.457487502707449423e+01 -1.546085615268516289e+00 5.811618702769925093e-01
-2.191373352799820395e+01 -1.999593578889962142e+00 -5.426116688265505417e-01
-1.775008878137207091e+01 -2.518669986929945370e+00 -1.973618879692414119e+00
-1.208394078719608267e+01 -3.103314839388466417e+00 -3.711859762320599554e+00
-4.915289545739669919e+00 -3.753528136244355995e+00 -5.757334316640489114e+00
2.435779640202342389e+00 -4.365567054593562979e+00 -7.763993399211071456e+00
8.649257000752683666e+00 -4.835694707510646673e+00 -9.385807666903810187e+00
1.372514253591134725e+01 -5.163911094995605744e+00 -1.062277711971870531e+01
1.766343624567864978e+01 -5.350216217048453515e+00 -1.147490175765581633e+01
2.046413813005388249e+01 -5.394610073669153572e+00 -1.194218158071499047e+01
2.212724818903744151e+01 -5.297092664857730782e+00 -1.202461658889632190e+01
2.265276642262932683e+01 -5.057663990614185145e+00 -1.172220678219980705e+01
2.204069283082944608e+01 -4.676324050938475807e+00 -1.103495216062537132e+01
2.029102741363789164e+01 -4.153072845830671156e+00 -9.962852724173135499e+00
1.740377017105467417e+01 -3.487910375290742326e+00 -8.505908472843055179e+00
1.411307020518573374e+01 -2.749695050757829939e+00 -6.932148167812567152e+00
1.115307661813703533e+01 -2.007285283671074616e+00 -5.509600570259110874e+00
8.523789409908349768e+00 -1.260681074030408855e+00 -4.238265680182573547e+00
6.225208580500151356e+00 -5.098824218359657712e-01 -3.118143497583186541e+00
4.257334129912186960e+00 2.451106729123214700e-01 -2.149234022460827287e+00
2.620166058144460575e+00 1.004298210214451759e+00 -1.331537254815497340e+00
1.313704365196868284e+00 1.767680190070494151e+00 -6.650531946471436306e-01
3.379490510696431804e-01 2.535256612480312199e+00 -1.497818419558843428e-01
-3.070998842373456328e-01 3.307027477443973851e+00 2.142768032583461657e-01
-6.214424407240981552e-01 4.082992784961479771e+00 4.271227409955479781e-01
-8.986616753030709503e-01 4.773276128433932897e+00 6.365932798573918916e-01
-1.432357444144337855e+00 5.287995958401048746e+00 9.905341879154279106e-01
-2.222529747307990355e+00 5.627152274844505975e+00 1.488945465199921658e+00
-3.269178584794030673e+00 5.790745077764303694e+00 2.131827111710873801e+00
-4.572303956602584485e+00 5.778774367160432135e+00 2.919179127448360056e+00
-6.131905862733419532e+00 5.591240143032894849e+00 3.851001512412240313e+00
-7.947984303186642840e+00 5.228142405381697166e+00 4.927294266602578965e+00
-1.002053927796225175e+01 4.689481154206839975e+00 6.148057390019376456e+00
-1.234957078706046474e+01 3.975256389508252219e+00 7.513290882662758463e+00
-1.493507883048086882e+01 3.085468111286060022e+00 9.022994744532484290e+00
-1.733991717055327797e+01 2.168814070655065152e+00 1.042457261927385836e+01
-1.912693123165485432e+01 1.373994854931543053e+00 1.146542333261022328e+01
-2.029612101377573197e+01 7.010104641188195096e-01 1.214554688453588049e+01
-2.084748651691570842e+01 1.498608982170139825e-01 1.246494327505070565e+01
-2.078102774107491157e+01 -2.794538427739383657e-01 1.242361250415478224e+01
-2.009674468625334143e+01 -5.869337588540373130e-01 1.202155457184810317e+01
-1.879463735245099798e+01 -7.725788500232833034e-01 1.125876947813067375e+01
-1.687470573966768583e+01 -8.363891162816767810e-01 1.013525722300237319e+01
-1.433694984790374249e+01 -7.783645576292057555e-01 8.651017806463405790e+00
-1.118136967716862706e+01 -5.985051740676231580e-01 6.806051228519081064e+00
-7.830346571580900417e+00 -3.734166087413642310e-01 4.837671518960000583e+00
-4.706253819079724288e+00 -1.797030436773257023e-01 2.983188181230072900e+00
-1.809091419665651124e+00 -1.736447887554198530e-02 1.242601215329627307e+00
8.611406266616030702e-01 1.135990856640054780e-01 -3.840893787415053939e-01
3.304442319902040293e+00 2.131876499413167536e-01 -1.896883600983325646e+00
5.520813660055845062e+00 2.814012139563964454e-01 -3.295781451395952022e+00
7.510254647122626359e+00 3.182397777092325630e-01 -4.580782929979136497e+00
9.272765281102589796e+00 3.237033411998324617e-01 -5.751888036733008747e+00
1.080834556199573626e+01 2.977919044281961414e-01 -6.809096771657568326e+00
1.211699548976655016e+01 2.405054673983117175e-01 -7.752409134724472572e+00
1.302464508435810231e+01 1.713648326365297958e-01 -8.442937410466882397e+00
1.335723432568618385e+01 1.098896857238439578e-01 -8.741801830324432032e+00
1.311476321375078946e+01 5.608002666025412725e-02 -8.649002394297122365e+00
1.229723174855182677e+01 9.935855445756515414e-03 -8.164539102384892999e+00
1.090463993008944144e+01 -2.854282791964061691e-02 -7.288411954587834529e+00
8.936987758363585499e+00 -5.935602343594175573e-02 -6.020620950905911428e+00
6.394275233374253631e+00 -8.250373110314689062e-02 -4.361166091339134354e+00
3.276502355121147403e+00 -9.798595092125703121e-02 -2.310047375887295473e+00
-4.163308763951754088e-01 -1.058026828902694505e-01 1.327351954492348440e-01
-4.684224461174974152e+00 -1.059539270101858832e-01 2.967181622670625352e+00
-8.782305706427100844e+00 -1.004973881432474347e-01 5.694188020567896302e+00
-1.196570191936041461e+01 -9.149077115169527985e-02 7.814650503932065284e+00
-1.423441309997507531e+01 -7.893407603552812790e-02 9.328569072763244208e+00
-1.558843924827068328e+01 -6.282730279474821322e-02 1.023594372706116395e+01
-1.602778036424748009e+01 -4.317045142935458518e-02 1.053677446682598351e+01
-1.555243644790546043e+01 -1.996352193934722297e-02 1.023106129205770642e+01
-1.416240749924445907e+01 6.793485675276392244e-03 9.318804202756217236e+00
-1.185769351826474249e+01 3.710057141451149343e-02 7.800003198921687364e+00
-8.638294504966200549e+00 7.095773527836031491e-02 5.674658280554055523e+00
-4.504210459348851003e+00 1.083649772668228706e-01 2.942769447653326154e+00
-1.958264022857763020e-01 1.394991153247037985e-01 9.441111383808652169e-02
3.546430279420421883e+00 1.545364052997617588e-01 -2.380314264487927378e+00
6.722559585618636646e+00 1.534768471899899678e-01 -4.481406687224696483e+00
9.332561516308869543e+00 1.363204409953885088e-01 -6.208866154372224777e+00
1.137643607149128044e+01 1.030671867159537181e-01 -7.562692665930612179e+00
1.285418325116549632e+01 5.371708435169139650e-02 -8.542886221899616217e+00
1.376580305533173565e+01 -1.172986609740059305e-02 -9.149446822279379887e+00
1.411129548398999134e+01 -9.327366463132230612e-02 -9.382374467069897861e+00
1.389066053714022075e+01 -1.909143112500830686e-01 -9.241669156271143493e+00
1.310389821478246120e+01 -3.046518059536656442e-01 -8.727330889883143428e+00
1.196581924273322706e+01 -4.116799276068657254e-01 -7.979887641956070254e+00
1.069123844402287560e+01 -4.891920200777330474e-01 -7.139870066914453695e+00
9.280155818656158573e+00 -5.371880833657519672e-01 -6.207278164761404149e+00
7.732571366633328225e+00 -5.556681174709139359e-01 -5.182111935497086819e+00
6.048485087954261985e+00 -5.446321223932246713e-01 -4.064371379121422656e+00
4.227896982618960742e+00 -5.040800981326839514e-01 -2.854056495634411661e+00
2.270807050627425383e+00 -4.340120446892921091e-01 -1.551167285036054277e+00
1.772152919794649506e-01 -3.344279620630386529e-01 -1.557037473262221638e-01
-2.052878293324550185e+00 -2.053278502539412909e-01 1.332334117494837322e+00
-4.419473705277228603e+00 -4.671170926283827601e-02 2.912946309422207669e+00
-6.589592173418790999e+00 1.042328501668538659e-01 4.364637213820961925e+00
-8.230261278272301695e+00 2.103189265798070251e-01 5.465915440694420369e+00
-9.341481019837473809e+00 2.715465199760026538e-01 6.216780990042389377e+00
-9.923251398114468103e+00 2.879156303554518681e-01 6.617233861864978195e+00
-9.975572413103291680e+00 2.594262577181548624e-01 6.667274056162191265e+00
-9.498444064803875264e+00 1.860784020641031988e-01 6.366901572933985065e+00
-8.491866353216304120e+00 6.787206339330964511e-02 5.716116412180409334e+00
-6.955839278340562259e+00 -9.519275829423012869e-02 4.714918573901458743e+00
-4.890362840176644355e+00 -3.031160629985161226e-01 3.363308058097128850e+00
-2.295437038832048415e+00 -5.558978507067451336e-01 1.661284864837612618e+00
3.023919175143039428e-01 -7.908510305614118163e-01 -4.732268903347416206e-02
2.376607948714725360e+00 -9.452920985480930405e-01 -1.418705959913176828e+00
3.927211054769216503e+00 -1.019221054666788806e+00 -2.452864947801494111e+00
4.954201235677849979e+00 -1.012637898917495338e+00 -3.149799652698475505e+00
5.457578491440438384e+00 -9.255426313002134142e-01 -3.509510074603996443e+00
5.437342822057097180e+00 -7.579352518149454765e-01 -3.531996213518131089e+00
4.893494227527828144e+00 -5.098157604616927463e-01 -3.217258069440882551e+00
3.826032707852510040e+00 -1.811841572404215839e-01 -2.565295642372176665e+00
2.234958263031335157e+00 2.279595578488091689e-01 -1.576108932312131561e+00
1.202708930642319984e-01 7.176153848060252693e-01 -2.496979392607001635e-01
-1.868233163790583795e+00 1.139447477736228009e+00 1.005807541918469550e+00
-3.080757669274893029e+00 1.345119990744418903e+00 1.782277716361732933e+00
-3.517302623388704141e+00 1.334632923830587403e+00 2.079712584069095538e+00
-3.177868026131934087e+00 1.107986276994735064e+00 1.898112145040502963e+00
-2.062453877504659694e+00 6.651800502368705459e-01 1.237476399276005612e+00
-1.710601775068818498e-01 6.214243556994958340e-03 9.780534677560126511e-02
2.496313073861676557e+00 -8.689111430449814044e-01 -1.520901012460875279e+00
5.939665876600533245e+00 -1.960196109568900447e+00 -3.618642678433134030e+00
1.015899823070989960e+01 -3.267640656014831890e+00 -6.195419651141299333e+00
1.515431013618976941e+01 -4.791244782382776179e+00 -9.251231930585372965e+00
1.978336711256604730e+01 -6.203143181182229959e+00 -1.208253018555157432e+01
2.290386931901333156e+01 -7.175451783983436194e+00 -1.398572482668978800e+01
2.451581675529834570e+01 -7.708170590719443993e+00 -1.496081585385633872e+01
2.461920942142111102e+01 -7.801299601390258687e+00 -1.500780326705121936e+01
2.321404731738141436e+01 -7.454838815995823431e+00 -1.412668706627431447e+01
2.030033044317951152e+01 -6.668788234536203063e+00 -1.231746725152577682e+01
1.587805879881534921e+01 -5.443147857011386037e+00 -9.580143822805581522e+00
9.947232384288920315e+00 -3.777917683421371464e+00 -5.914716780113705497e+00
2.507851199599503644e+00 -1.673097713765953287e+00 -1.321186123449722416e+00
-6.440084755251586301e+00 8.713120519544936826e-01 4.200448147185564807e+00
-1.518079589225942883e+01 3.346720792733074212e+00 9.596406157744187482e+00
-2.199846989732506586e+01 5.244527986904866879e+00 1.381288793480207211e+01
-2.689310677040983322e+01 6.564733634458400857e+00 1.684989347833547058e+01
-2.986470651151285338e+01 7.307337735393441669e+00 1.870742278834384464e+01
-3.091326912063466636e+01 7.472340289710132311e+00 1.938547586482752294e+01
-3.003879459777524374e+01 7.059741297408471006e+00 1.888405270778649481e+01
-2.724128294293461394e+01 6.069540758488459531e+00 1.720315331722077445e+01
-2.252073415611226181e+01 4.501738672949932685e+00 1.434277769313004036e+01
-1.587714823730901514e+01 2.356335040793170243e+00 1.030292583551480412e+01
-7.310525186562471411e+00 -3.666701379706099329e-01 5.083597744398189455e+00
1.511313557550347131e+00 -3.168753734928631438e+00 -2.897698575748981487e-01
8.920578367205166614e+00 -5.551402130117670808e+00 -4.791759806156658641e+00
1.491726924240068008e+01 -7.514615323537303659e+00 -8.422372101346303097e+00
1.950138618313759054e+01 -9.058393315187757366e+00 -1.118160674314425940e+01
2.267292918941592106e+01 -1.018273610506903815e+01 -1.306946373155053287e+01
2.443189826123574449e+01 -1.088764369318118241e+01 -1.408594306656517858e+01
2.477829339859675883e+01 -1.117311607952406938e+01 -1.423104474818800647e+01
2.371211460149918793e+01 -1.103915326409778430e+01 -1.350476877641915330e+01
2.123336186994301755e+01 -1.048575524690232008e+01 -1.190711515125861730e+01
1.734203520414565958e+01 -9.512922028023185206e+00 -9.438083872837401245e+00
1.310256519251613661e+01 -8.539025799343535894e+00 -6.739127075201878370e+00
9.579321518651440215e+00 -7.982414814239097822e+00 -4.451660189656048594e+00
6.772304182551576623e+00 -7.843089072709873655e+00 -2.575683216199907921e+00
4.681513184216385959e+00 -8.121048574755906913e+00 -1.111196154833344885e+00
3.306948523646247029e+00 -8.816293320377146969e+00 -5.819900555662205210e-02
2.648610200840937789e+00 -9.928823309573598266e+00 5.833082316304121218e-01
2.706498215800458240e+00 -1.145863854234526436e+01 8.133255567277564158e-01
3.480612568524910966e+00 -1.340573901869233531e+01 6.318529697353758579e-01
4.970953259014155634e+00 -1.577012473861446118e+01 3.889047065330375474e-02
7.177520287268230881e+00 -1.855179570211180362e+01 -9.655619405184583393e-01
9.354839141977009831e+00 -2.115480571830200063e+01 -2.012649830313384403e+00
1.075743531183037405e+01 -2.298320859630269197e+01 -2.733518765264947525e+00
1.138530879682833863e+01 -2.403700433611394516e+01 -3.128168745373170800e+00
1.123845959697079167e+01 -2.431619293773556834e+01 -3.196599770637980953e+00
1.031688771225782908e+01 -2.382077440116768230e+01 -2.938811841059429497e+00
8.620593142689447319e+00 -2.255074872641029771e+01 -2.354804956637516433e+00
6.149575888265387924e+00 -2.050611591346319784e+01 -1.444579117372143617e+00
2.903835948986101201e+00 -1.768687596232673798e+01 -2.081343232634766949e-01
-1.116626675148610914e+00 -1.409302887300077600e+01 1.354529425688552280e+00
-5.911811984138740428e+00 -9.724574645485317248e+00 3.243412129483944639e+00
-1.079469009921067446e+01 -5.262280971301905197e+00 5.150333891756563531e+00
-1.507819182872145980e+01 -1.386954496509696488e+00 6.767097181629287306e+00
-1.876231717253095255e+01 1.901404778752416647e+00 8.093701999039227601e+00
-2.184706613063916691e+01 4.602796854484443756e+00 9.130148343986391524e+00
-2.433243870304628587e+01 6.717221730686537384e+00 9.876436216470827034e+00
-2.621843488975186887e+01 8.244679407358322720e+00 1.033256561649240268e+01
-2.750505469075617526e+01 9.185169884500021809e+00 1.049853654405119840e+01
-2.819229810605919084e+01 9.538693162111622215e+00 1.037434899914721242e+01
-2.828016513566090140e+01 9.305249240193088411e+00 9.960002981780396780e+00
-2.776865577956129982e+01 8.484838118744454150e+00 9.255498491950827855e+00
-2.681159081958135459e+01 7.598303953995224624e+00 8.427812148966484784e+00
-2.556279397145807408e+01 7.166500836547967879e+00 7.643923756980625761e+00
-2.402226523519480850e+01 7.189428766414547312e+00 6.903833315996976694e+00
-2.219000461079182784e+01 7.667087743594958482e+00 6.207540826015672586e+00
-2.006601209824901488e+01 8.599477768089183627e+00 5.555046287036644159e+00
-1.765028769756636251e+01 9.986598839897222746e+00 4.946349699059891414e+00
-1.494283140874387605e+01 1.182845095901907584e+01 4.381451062085415238e+00
-1.194364323178127307e+01 1.412503412545496850e+01 3.860350376113172111e+00
-8.652723166679082922e+00 1.687634833920449040e+01 3.383047641143252182e+00
-5.070071213446881053e+00 2.008239360025219966e+01 2.949542857175196708e+00
-1.627713975472537600e+00 2.305582801457433106e+01 2.541715735502460216e+00
1.242330184001727345e+00 2.510932279798152678e+01 2.141446333031009619e+00
3.540061264975411515e+00 2.624287795047342442e+01 1.748734649760915083e+00
5.265479267448790246e+00 2.645649347205024071e+01 1.363580685692141081e+00
6.418584191421866869e+00 2.575016936271198986e+01 9.859844408246877245e-01
6.999376036894663144e+00 2.412390562245847292e+01 6.159459151585227055e-01
7.007854803867077820e+00 2.157770225128997765e+01 2.534651086937108611e-01
6.444020492339191719e+00 1.811155924920641525e+01 -1.014579785697798942e-01
5.307873102311001290e+00 1.372547661620776793e+01 -4.488233466319502263e-01
3.599412633863408928e+00 8.419454352473637826e+00 -7.886309954817454226e-01
1.714866720454740312e+00 3.073648428898726692e+00 -1.066711910931463558e+00
5.044032410766015329e-02 -1.431835544571255170e+00 -1.228900178247426922e+00
-1.393866555177833089e+00 -5.096997567936297102e+00 -1.275195797429634403e+00
-2.618053917401838238e+00 -7.921837641196623814e+00 -1.205598768478076455e+00
-3.622121762564137093e+00 -9.906355764351724602e+00 -1.020109091392764622e+00
-4.406070090664847783e+00 -1.105055193740189345e+01 -7.187267661736971291e-01
-4.969898901703972527e+00 -1.135442616034712771e+01 -3.014517928208748643e-01
-5.313608195681529089e+00 -1.081797843318734209e+01 2.317158286657550192e-01
-5.437197972597458850e+00 -9.441208755922634310e+00 8.807760982860974863e-01
-5.340668232451800890e+00 -7.224117128552991929e+00 1.645729016040194947e+00
-4.994469540168140931e+00 -4.663116192162267915e+00 2.318126610034353607e+00
-4.369052460670064697e+00 -2.254618587834317900e+00 2.689520908374880115e+00
-3.464416993957479818e+00 1.375684431054957635e-03 2.759911911061767142e+00
-2.280563140030547942e+00 2.104866624633446648e+00 2.529299618095001811e+00
-8.174908988891989026e-01 4.055854232773066670e+00 1.997684029474604550e+00
9.247997294665655232e-01 5.854338508849913580e+00 1.165065145200574470e+00
2.946308745036940291e+00 7.500319452864125935e+00 3.144296527279699660e-02
5.247036147821560803e+00 8.993797064815414188e+00 -1.403182510308524478e+00
7.826981937820599811e+00 1.033477134470393111e+01 -3.138811281543478326e+00
1.068614611503405420e+01 1.152324229252967491e+01 -5.175443348432064994e+00
1.327679238733656497e+01 1.241593668969523989e+01 -7.083477348531721063e+00
1.505115312031955810e+01 1.286957311929705838e+01 -8.433287336972634662e+00
1.600922831387120127e+01 1.288415158130590399e+01 -9.224873313667082186e+00
1.615101796799150691e+01 1.245967207572178737e+01 -9.458235278615065411e+00
1.547652208268037555e+01 1.159613460254460371e+01 -9.133373231816531046e+00
1.398574065793792442e+01 1.029353916177450934e+01 -8.250287173271535934e+00
1.167867369376413400e+01 8.551885753411447411e+00 -6.808977102980075635e+00
8.555321190158997169e+00 6.371174377455414373e+00 -4.809443020942151037e+00
4.615683147122135566e+00 3.751405033906164199e+00 -2.251684927157511673e+00
-1.402404353457580299e-01 6.925777227641596312e-01 8.642971783733912616e-01
-4.799175301041031183e+00 -2.215409579019589792e+00 3.947936365005966675e+00
-8.447829774331923502e+00 -4.382647643015833872e+00 6.408654437858050557e+00
-1.108620385519785678e+01 -5.809136469211253484e+00 8.246451396916345544e+00
-1.271429754363835940e+01 -6.494876057605596387e+00 9.461327242180530561e+00
-1.333211083965371735e+01 -6.439866408199021564e+00 1.005328197365079390e+01
-1.293964374324392708e+01 -5.644107520991528126e+00 1.002231559132713556e+01
-1.153689625440899214e+01 -4.107599395983117851e+00 9.368428095209557327e+00
-9.123868373148646072e+00 -1.830342033173556260e+00 8.091619485297915304e+00
-5.700560099463322317e+00 1.187664567436753416e+00 6.191889761592437758e+00
-1.266971433374983080e+00 4.946420405828781952e+00 3.669238924105341138e+00
3.203488746826462563e+00 8.601455325745479996e+00 1.064763235791355900e+00
6.737430128908781235e+00 1.130831527770870082e+01 -1.080451360851764520e+00
9.334852712871349212e+00 1.306700026171797724e+01 -2.766404865823639092e+00
1.099575649871452221e+01 1.387751027777357393e+01 -3.993097279124476984e+00
1.172014148643829401e+01 1.373984532587551222e+01 -4.760528600754279971e+00
1.150800767604260955e+01 1.265400540602363932e+01 -5.068698830713055159e+00
1.035935506752750079e+01 1.061999051821815243e+01 -4.917607969000744816e+00
8.274183660893005055e+00 7.637800662459000023e+00 -4.307256015617401346e+00
5.252493456139106343e+00 3.707435838746169665e+00 -3.237642970563020750e+00
1.294284453449787931e+00 -1.171103952705297990e+00 -1.708768833915387253e+00
-2.699429218897892113e+00 -5.944681195989026001e+00 -1.015079774348267988e-01
-5.827684987041900300e+00 -9.560218633841561342e+00 1.203287020067828728e+00
-8.090482850982235519e+00 -1.201771626626289802e+01 2.205616158592579978e+00
-9.487822810718983035e+00 -1.331717409325310442e+01 2.905479438139475068e+00
-1.001970486625189594e+01 -1.345859211481195317e+01 3.302876858708390095e+00
-9.686129017581132317e+00 -1.244197033093959703e+01 3.397808420299400112e+00
-8.487095264706699282e+00 -1.026730874163605556e+01 3.190274122912504673e+00
-6.422603607628366795e+00 -6.934607346900962810e+00 2.680273966547646047e+00
-3.492654046346512331e+00 -2.443866146734929856e+00 1.867807951204915717e+00
3.027534191390177654e-01 3.204914858862306204e+00 7.528760768842794882e-01
4.143619700925326832e+00 8.859922533105397235e+00 -4.016256897331545450e-01
7.209945711109519095e+00 1.336934373920901464e+01 -1.332801381966280063e+00
9.501731449691765974e+00 1.673317847717340001e+01 -2.040650999815151856e+00
1.101897691667165979e+01 1.895142674699796004e+01 -2.525174543279640638e+00
1.176168211204943681e+01 2.002408854868304289e+01 -2.786372012359823458e+00
1.172984703582509702e+01 1.995116388222864501e+01 -2.824243407055696764e+00
1.092347168799853563e+01 1.873265274763461363e+01 -2.638788727367234799e+00
9.342556068569900063e+00 1.636855514490116548e+01 -2.230007973294473089e+00
6.987100177539144141e+00 1.285887107402824014e+01 -1.597901144837401866e+00
3.857104014906275857e+00 8.203600535015834083e+00 -7.424682419960229041e-01
6.072576358208664482e-01 3.348258577012280135e+00 1.474977977453468536e-01
-2.107711442231237520e+00 -7.615856470601539696e-01 8.831932338904239232e-01
-4.287803219116375075e+00 -4.125932137008439859e+00 1.464618066400658281e+00
-5.933017694834546774e+00 -6.744780892832581642e+00 1.891772295276051841e+00
-7.043354869385826333e+00 -8.618131914532710880e+00 2.164655920516620480e+00
-7.618814742770014803e+00 -9.745985202108492729e+00 2.283268942122316236e+00
-7.659397314987236527e+00 -1.012834075556013147e+01 2.247611360093169974e+00
-7.165102586037492394e+00 -9.765198574887619998e+00 2.057683174429182138e+00
-6.135930555920666052e+00 -8.656558660090833968e+00 1.713484385130315202e+00
-4.571881224636941354e+00 -6.802421011169967002e+00 1.215014992196629784e+00
-2.850547401713174001e+00 -4.566977301849247439e+00 6.967091886766940689e-01
-1.349529098730484877e+00 -2.314426152299259964e+00 2.930037317631168925e-01
-6.882631569735347954e-02 -4.476756252808256065e-02 3.898621458934825590e-03
9.915609473859922085e-01 2.241998467463883760e+00 -1.706061422358013391e-01
1.831632690519675810e+00 4.545871937676836616e+00 -2.305105593211222992e-01
2.451388913703696382e+00 6.866852848110777785e+00 -1.758146297970277772e-01
2.850829616938054922e+00 9.204941198765707711e+00 -6.518353663518050567e-03
3.029954800222757427e+00 1.156013698964183334e+01 2.773782690794370787e-01
2.988764463557771478e+00 1.393244022073874078e+01 6.758752384317877615e-01
2.727258606944946262e+00 1.632185089204912742e+01 1.188972554391414249e+00
2.325582517387588588e+00 1.839803226510752765e+01 1.722575646327469734e+00
1.863879953258978706e+00 1.983065390203920941e+01 2.182591738297110950e+00
1.342150914559198549e+00 2.061971580284391692e+01 2.569020830300257519e+00
7.603954012882094826e-01 2.076521796752180649e+01 2.881862922336951183e+00
1.186134134460119505e-01 2.026716039607288522e+01 3.121118014407194607e+00
-5.831950489674595506e-01 1.912554308849700746e+01 3.286786106510997119e+00
-1.345029985952080231e+00 1.734036604479438637e+01 3.378867198648330294e+00
-2.166891397507908934e+00 1.491162926496495267e+01 3.397361290819212343e+00
-3.048779283634947213e+00 1.183933274900869570e+01 3.342268383023641931e+00
-3.990693644325709943e+00 8.123476497057666279e+00 3.213588475279864465e+00
-4.955636625038718712e+00 4.411122550012420263e+00 3.100546065986572231e+00
-5.906612488183689891e+00 1.349295925041946509e+00 3.092360548276501753e+00
-6.843621233760622147e+00 -1.062003377853747654e+00 3.189031922149652587e+00
-7.766662861769598081e+00 -2.822775358674794344e+00 3.390560187606048270e+00
-8.675737372210454268e+00 -3.933020017420880698e+00 3.696945344645652831e+00
-9.570844765083272421e+00 -4.392737354092190571e+00 4.108187393268478260e+00
-1.045198504038805254e+01 -4.201927368688723519e+00 4.624286333474525890e+00
-1.131915819812487101e+01 -3.360590061210376511e+00 5.245242165263855227e+00
-1.217236423829357150e+01 -1.868725431657301428e+00 5.971054888636354363e+00
-1.301160316089423929e+01 2.736665199705514695e-01 6.801724503592076587e+00
-1.376179899163995302e+01 2.410753128872591855e+00 7.562168292844140716e+00
-1.434787575624381262e+01 3.886701730248229847e+00 8.077303539105669117e+00
-1.476983345470583764e+01 4.701512324097513407e+00 8.347130242376675113e+00
-1.502767208702596236e+01 4.855184910420293320e+00 8.371648402657111632e+00
-1.512139165320422940e+01 4.347719489216672173e+00 8.150858019947012423e+00
-1.505099215324063344e+01 3.179116060486650852e+00 7.684759094246374822e+00
-1.481647358713515317e+01 1.349374624230036623e+00 6.973351625555128663e+00
-1.441783595488782588e+01 -1.141504819552844552e+00 6.016635613873400956e+00
-1.385507925649864092e+01 -4.293522270862127677e+00 4.814611059201135745e+00
-1.312820349196759828e+01 -8.106677729697810975e+00 3.367277961538335251e+00
-1.229458079290472661e+01 -1.188676134734644840e+01 1.904364637561637874e+00
-1.141158657383869901e+01 -1.493952355137702881e+01 6.556125493428801576e-01
-1.047922083478118616e+01 -1.726496434164785754e+01 -3.789783030710671685e-01
-9.497483575732184491e+00 -1.886308371815893636e+01 -1.199407919680204104e+00
-8.466374796691608751e+00 -1.973388168091030792e+01 -1.805676300484575059e+00
-7.385894497659631242e+00 -1.987735822990181589e+01 -2.197783445484071230e+00
-6.256042678636170251e+00 -1.929351336513357396e+01 -2.375729354678757677e+00
-5.076819339621222227e+00 -1.798234708660558212e+01 -2.339514028068633511e+00
-3.848224480614677034e+00 -1.594385939431762189e+01 -2.089137465653666759e+00
-2.570258101616752278e+00 -1.317805028827005742e+01 -1.624599667433901828e+00
-1.321081915595749612e+00 -1.029544787596731048e+01 -1.039433446564468122e+00
-1.788591263453198910e-01 -7.906591909882825675e+00 -4.271734002079660697e-01
8.564102661328454325e-01 -6.011482390030337797e+00 2.121804716335348728e-01
1.784726261838564199e+00 -4.610119316410183465e+00 8.786281689599219069e-01
2.606088860771930804e+00 -3.702502689022173499e+00 1.572169691771250211e+00
3.320498062932946581e+00 -3.288632507866307009e+00 2.292805040067519062e+00
3.927953868321612863e+00 -3.368508772942584883e+00 3.040534213848729905e+00
4.428456276937927427e+00 -3.942131484251005347e+00 3.815357213114881851e+00
4.822005288781891608e+00 -5.009500641791571063e+00 4.617274037865975345e+00
5.108600903853545816e+00 -6.570616245564600888e+00 5.446284688102159599e+00
5.185647223161379493e+00 -8.183817718065384383e+00 6.142231129737166562e+00
4.950540520081537110e+00 -9.407410784958781136e+00 6.544943109305586759e+00
4.403280794576694746e+00 -1.024139544608411612e+01 6.654420626749153911e+00
3.543868046646851067e+00 -1.068577170144138044e+01 6.470663682067867128e+00
2.372302276292007850e+00 -1.074053955103057767e+01 5.993672275261728188e+00
8.885834835121642072e-01 -1.040569899485170957e+01 5.223446406330733538e+00
-9.072883316926789732e-01 -9.681250032904776148e+00 4.159986075274884065e+00
-3.015313169322925368e+00 -8.567192665189544698e+00 2.803291282093916870e+00
-5.435491029377825356e+00 -7.063526891706407795e+00 1.153362026788308015e+00
-8.167821911857725325e+00 -5.170252712455205568e+00 -7.898016906421521099e-01
-1.077364330128974856e+01 -3.251133915121476647e+00 -2.707792806516858164e+00
-1.281427594835461115e+01 -1.669948164043397076e+00 -4.282192110744897029e+00
-1.428971985301241432e+01 -4.266954592540507241e-01 -5.512999603297307871e+00
-1.519997501526316519e+01 4.786241992465635198e-01 -6.400215284174091579e+00
-1.554504143510685843e+01 1.046010811458444101e+00 -6.943839153375249929e+00
-1.532491911254339989e+01 1.275464377381601455e+00 -7.143871210900786473e+00
-1.453960804757287839e+01 1.166984897015956202e+00 -7.000311456750630157e+00
-1.318910824019530104e+01 7.205723703615767306e-01 -6.513159890924846707e+00
-1.127341969041066605e+01 -6.377320258153584831e-02 -5.682416513423435234e+00
-8.792542398218975208e+00 -1.186051821813380425e+00 -4.508081324246399291e+00
-6.232666446957940032e+00 -2.283426377128318752e+00 -3.153789186364994723e+00
-4.079981919965272930e+00 -2.993059758320714359e+00 -1.783174962750481818e+00
-2.334488817240976122e+00 -3.314951965390565025e+00 -3.962386534028613516e-01
-9.961871387850483872e-01 -3.249102998337869863e+00 1.007019741677867231e+00
-6.507688459736038489e-02 -2.795512857162516074e+00 2.426600222491956504e+00
4.588419453217564836e-01 -1.954181541864662197e+00 3.862502789038903206e+00
5.755693509725048340e-01 -7.251090524442647123e-01 5.314727441318957801e+00
2.851053323548837781e-01 8.917046110986781571e-01 6.783274179332121179e+00
-4.125501105311064620e-01 2.896259448764165079e+00 8.268143003078391118e+00
-1.517396977651305212e+00 5.288555460509425821e+00 9.769333912546960264e+00
-2.653825852849712064e+00 7.598324346463940948e+00 1.116801401562114293e+01
-3.446241647956634679e+00 9.355315745598625554e+00 1.234535495318043807e+01
-3.894644362972122131e+00 1.055952965791364662e+01 1.330135672522499135e+01
-3.999033997896014103e+00 1.121096608340857692e+01 1.403601933175446348e+01
-3.759410552728422061e+00 1.130962502208368115e+01 1.454934277276904808e+01
-3.175774027469345562e+00 1.085550647393895574e+01 1.484132704826874161e+01
-2.248124422118783272e+00 9.848610438974400694e+00 1.491197215825354760e+01
-9.764617366767396334e-01 8.288936917190021347e+00 1.476127810272346252e+01
6.392140288567906836e-01 6.176485908585813256e+00 1.438924488167848814e+01
2.598902874371344041e+00 3.511257413317304010e+00 1.379587249516080405e+01
4.598958292750197963e+00 7.207838713803960129e-01 1.309710114809653092e+01
6.335756942050451812e+00 -1.767434893653226702e+00 1.240886220034051135e+01
7.809298822272476848e+00 -3.953398881784086605e+00 1.173115565189260501e+01
9.019583933416281951e+00 -5.837108093012182586e+00 1.106398150275281900e+01
9.966612275481862682e+00 -7.418562527337519974e+00 1.040733975292115154e+01
1.065038384846921815e+01 -8.697762184760092552e+00 9.761230402397604422e+00
1.107089865237835191e+01 -9.674707065279903873e+00 9.125653451182175857e+00
1.122815668720926219e+01 -1.034939716889694949e+01 8.500608899274865848e+00
1.112215795296194543e+01 -1.072183249561123652e+01 7.886096746675675284e+00
1.075290244963631636e+01 -1.079201304542274187e+01 7.282116993384497583e+00
1.012039017723250822e+01 -1.055993881833144954e+01 6.688669639401546796e+00
9.224621135750474821e+00 -1.002560981433739329e+01 6.105754684726714565e+00
8.065595325190219711e+00 -9.189026033440576668e+00 5.533372129360001779e+00
6.643312745551741116e+00 -8.050187475640994350e+00 4.971521973301408437e+00
4.957773396835030155e+00 -6.609094140938648110e+00 4.420204216550932763e+00
3.008977279040104591e+00 -4.865746029333545053e+00 3.879418859108577422e+00
7.969243921669502129e-01 -2.820143140825670969e+00 3.349165900974340193e+00
-1.678385263784887727e+00 -4.722854754145977552e-01 2.829445342148131370e+00
-4.416951688814533483e+00 2.177826966898848582e+00 2.320257182630134363e+00
-7.418774882922404501e+00 5.130194186115058841e+00 1.821601422420256133e+00
-1.068385484610849900e+01 8.384816182234027693e+00 1.333478061518497571e+00
-1.421219157837281521e+01 1.194169295525576224e+01 8.558870999248577860e-01
-1.800378507971535669e+01 1.580082450518026249e+01 3.888285376393366133e-01
-2.205863535013612520e+01 1.996221083200752133e+01 -6.769762533806511495e-02
