-7.827721810253780177e+01 5.105150390313860953e+01 2.070069326457858949e+01
-6.891169039793601314e+01 4.382512497954964203e+01 1.859940763948524278e+01
-5.997953991138408014e+01 3.710042342448376473e+01 1.657438554154265731e+01
-5.146133419012142696e+01 3.092695859975015082e+01 1.459776599957100807e+01
-4.335204573363589731e+01 2.533069655559130240e+01 1.265621342096717683e+01
-3.565806746277225869e+01 2.031625899873787588e+01 1.074847031126358132e+01
-2.839423781421507798e+01 1.586925744659833981e+01 8.882882044399289967e+00
-2.158107744382272486e+01 1.195886363557311682e+01 7.075017396750332921e+00
-1.524239686968878260e+01 8.540701820729058369e+00 5.345486566236938408e+00
-9.403385862006606644e+00 5.560093065037571947e+00 3.718030961825300018e+00
-4.089240890098219339e+00 2.955639308947689781e+00 2.217925441457150981e+00
6.755812387240330841e-01 6.631314035283086827e-01 8.707466020336187551e-01
4.870009908104891316e+00 -1.373543401852057810e+00 -3.010407994364948658e-01
8.480296308911384529e+00 -3.189702982959360611e+00 -1.282630507961909805e+00
1.149924180048886058e+01 -4.800954115026873303e+00 -2.066602038184737644e+00
1.392506465760688528e+01 -6.206568730795678945e+00 -2.652122444032257498e+00
1.576051606659117077e+01 -7.393032906579298569e+00 -3.044299311020592480e+00
1.701204566628469550e+01 -8.337667329448695597e+00 -3.253569092056810330e+00
1.768886750722063184e+01 -9.012234067624261158e+00 -3.295028685150928727e+00
1.780182889897969289e+01 -9.386458772675965179e+00 -3.187643425755820381e+00
1.736203569401569169e+01 -9.431414426572800380e+00 -2.953289747415166033e+00
1.637826748493826656e+01 -9.124337773542450236e+00 -2.616094308603582164e+00
1.485286811276294294e+01 -8.455330330773396241e+00 -2.202162114516538871e+00
1.278483664506006434e+01 -7.421991661930072759e+00 -1.735573681897420339e+00
1.017120413174912130e+01 -6.027228770537416125e+00 -1.235423768320187410e+00
7.007420174014289849e+00 -4.278658309691275363e+00 -7.134221438430033979e-01
3.826176881658384765e+00 -2.491921544283959733e+00 -2.491827899043250194e-01
1.161855151685450505e+00 -9.840329306889366023e-01 9.857523050302638423e-02
-9.870512265186335288e-01 2.361297571463923384e-01 3.544517795832795026e-01
-2.620358964226093157e+00 1.164455612828988906e+00 5.387194759208568939e-01
-3.736540444989470799e+00 1.801007801558276000e+00 6.652748570535456096e-01
-4.333107133781232356e+00 2.149888771538502663e+00 7.386935741699052205e-01
-4.407037495926307002e+00 2.220111877162975755e+00 7.492080776078204885e-01
-3.955526540516455469e+00 2.023480801192767853e+00 6.768523380691462421e-01
-2.976781548181252290e+00 1.571941375104553673e+00 4.976047179083499250e-01
-1.470596539972077954e+00 8.747991445020603107e-01 1.887687200533100518e-01
3.053999873830525597e-02 1.751304561772559498e-01 -1.389030561541392816e-01
9.943736559980389522e-01 -2.970514225651732509e-01 -3.469795770541036495e-01
1.420968819774052871e+00 -5.522067401771223460e-01 -4.152816054758675657e-01
1.311587884018522221e+00 -5.926448903574916827e-01 -3.309419258450162493e-01
6.687763102262296311e-01 -4.085491792873976458e-01 -9.308674532399492663e-02
-5.031049051451587095e-01 2.535125294868719598e-02 2.820849635319532256e-01
-2.197083806242938309e+00 7.470922685668266450e-01 7.601035182235282850e-01
-4.403878397969019254e+00 1.797536338028113745e+00 1.294876121822620130e+00
-7.112818026332950794e+00 3.212301481754615828e+00 1.835255429747282951e+00
-1.031360896134321870e+01 5.015299317955868474e+00 2.332275505187359599e+00
-1.344637540734611036e+01 6.906694291617824888e+00 2.655146275988355065e+00
-1.596899145024530853e+01 8.532092445150325943e+00 2.747038503148550248e+00
-1.790295975042224441e+01 9.823732703260388277e+00 2.685994604606241509e+00
-1.927193844919070642e+01 1.072131563825296396e+01 2.555240044862921334e+00
-2.009787858986911857e+01 1.117600449664982776e+01 2.432928141760906549e+00
-2.039326188364923453e+01 1.116013984014766436e+01 2.372425785478781357e+00
-2.014794171394982314e+01 1.069125770717282720e+01 2.367334429164540843e+00
-1.933912892722005239e+01 9.809393397648198842e+00 2.381958537014872146e+00
-1.793873616718500585e+01 8.566551434656249242e+00 2.370284051282840920e+00
-1.591778982347379845e+01 7.022531495196077778e+00 2.285840409621575642e+00
-1.373883281425257152e+01 5.478829682371509691e+00 2.152359031132464295e+00
-1.188668600650942686e+01 4.194005255329169124e+00 2.021553742051317215e+00
-1.037037308047523076e+01 3.160052948746038481e+00 1.900040815075907608e+00
-9.201098380400726029e+00 2.363927585384005603e+00 1.798319871779594514e+00
-8.390448885145968205e+00 1.791782851442222935e+00 1.726016589138258617e+00
-7.949021363740136792e+00 1.430638693368879499e+00 1.689409291262748747e+00
-7.885071845955724079e+00 1.264059253925391868e+00 1.692145976443777622e+00
-8.203010089930554471e+00 1.282645396509372926e+00 1.728347981699244640e+00
-8.903910927759538296e+00 1.484145768468076554e+00 1.784528545274761679e+00
-9.986338294375327607e+00 1.869951947739607823e+00 1.843702158306605554e+00
-1.099830119507411652e+01 2.317924194371900004e+00 1.826742861522240080e+00
-1.148812244225422674e+01 2.688081135977761882e+00 1.686822772080729393e+00
-1.145555388377077932e+01 2.955314034897689623e+00 1.455473861694213333e+00
-1.090272749719210843e+01 3.097689370836028910e+00 1.161335125959338299e+00
-9.833378472965520700e+00 3.100667768338757124e+00 8.257085553725564964e-01
-8.251423901434248975e+00 2.962477113583440236e+00 4.554807919593102383e-01
-6.158656296635094840e+00 2.698569035537482730e+00 3.488615073598055893e-02
-3.555751045537073551e+00 2.331073365183409685e+00 -4.621428469492325775e-01
-4.431965092662793482e-01 1.884663882488450737e+00 -1.065483687882452957e+00
3.178296612131979781e+00 1.384682840205453402e+00 -1.805223703507037758e+00
6.692239010746062533e+00 9.462641970312417605e-01 -2.657527164313525425e+00
9.481466648181628543e+00 6.620050283642884281e-01 -3.567891196093199824e+00
1.154515524903987789e+01 5.170785687103824912e-01 -4.512402754080333978e+00
1.288460566495852611e+01 4.908853450977377353e-01 -5.462714070055643134e+00
1.350365597861128819e+01 5.594904209701987430e-01 -6.390479168994515291e+00
1.340779689933722807e+01 7.008297913144199143e-01 -7.273026947260491148e+00
1.260019728775857217e+01 9.053216043059808538e-01 -8.100705154707181777e+00
1.108254285930719796e+01 1.169643884564918856e+00 -8.871941152103703487e+00
8.855532200615547467e+00 1.492490550188025233e+00 -9.590057467732547636e+00
5.918771202578923862e+00 1.872415449397679676e+00 -1.026162684460839358e+01
2.983690758463318105e+00 2.182690065516669442e+00 -1.077181922447063123e+01
7.612180432312756206e-01 2.297305628762964957e+00 -1.100468892700931711e+01
-7.509620783404777900e-01 2.214498799130074858e+00 -1.096363152808799768e+01
-1.554656250997861200e+00 1.933834146995643044e+00 -1.064949065741624423e+01
-1.650032889766600785e+00 1.457865774380425083e+00 -1.006230680031798563e+01
-1.034033767617482225e+00 7.932287075665982456e-01 -9.203119407072449576e+00
3.008347373032504990e-01 -5.007946908790184004e-02 -8.074890473500738963e+00
2.362661795359260353e+00 -1.057961831536602171e+00 -6.680716951428712136e+00
5.158243347161692860e+00 -2.214071490528518815e+00 -5.022518402298149276e+00
8.692050169673295912e+00 -3.502469175975787774e+00 -3.100075452830866496e+00
1.235249246992299099e+01 -4.742571684734683046e+00 -1.159235159715260810e+00
1.551915500437718443e+01 -5.776069726277240690e+00 5.590801407326377870e-01
1.818035164380713908e+01 -6.624342979724832325e+00 2.064736697417666633e+00
2.032427970275097806e+01 -7.309881918417673319e+00 3.367179314140416935e+00
2.193979028141779608e+01 -7.854306226450210815e+00 4.474756168587754601e+00
2.301855130774526970e+01 -8.273230510918191172e+00 5.392339550660649294e+00
2.356079254761113617e+01 -8.564956337225710925e+00 6.114935834148238492e+00
2.357171954344603293e+01 -8.719381648762292158e+00 6.632407933879405526e+00
2.305933783948577087e+01 -8.722768723914676059e+00 6.932257840589659992e+00
2.203353236073267496e+01 -8.559606571216585635e+00 7.000853704994200122e+00
2.052471282697501920e+01 -8.192768969007881097e+00 6.842135197853160378e+00
1.856367940953080620e+01 -7.586663719825339491e+00 6.460703137406579089e+00
1.616039517182258578e+01 -6.730282477523252815e+00 5.846151853843760904e+00
1.332182126394908650e+01 -5.616838005157288372e+00 4.992497988852942825e+00
1.005032518867728264e+01 -4.244822867362815444e+00 3.899892483934823684e+00
6.341607700969321471e+00 -2.619557917536594616e+00 2.577072124591897051e+00
2.184395006445666976e+00 -7.529610771874680752e-01 1.041599030773847412e+00
-2.433529847362969623e+00 1.342962049762050247e+00 -6.881722218539895186e-01
-7.523016412118180618e+00 3.658030883140038547e+00 -2.596028937504093914e+00
-1.309239184374734144e+01 6.184607195971153715e+00 -4.669483346969865778e+00
-1.818506783627453416e+01 8.473793935488142637e+00 -6.529015584246085524e+00
-2.183234250678415833e+01 1.008576117786274828e+01 -7.815807374743807046e+00
-2.402013841021719642e+01 1.103097283562109787e+01 -8.554837190846068751e+00
-2.473445960815916678e+01 1.132070402228456452e+01 -8.770639511117964915e+00
-2.396426478880832889e+01 1.096439386783987935e+01 -8.482329503164445228e+00
-2.170597105265452598e+01 9.965307034502481898e+00 -7.695879588611802546e+00
-1.796922405318258598e+01 8.314619996235592225e+00 -6.395155924753842314e+00
-1.276816156785596768e+01 5.997687630635295086e+00 -4.558932023235491293e+00
-6.115790886054594644e+00 2.998214438279382499e+00 -2.171730909354528283e+00
1.980092264204729835e+00 -6.984413729532550352e-01 7.691120532235191654e-01
9.966011094230355027e+00 -4.375892005937412677e+00 3.689267080455422843e+00
1.630220124726714559e+01 -7.298727540213118203e+00 6.001195268867110855e+00
2.100805657728303544e+01 -9.446907355505992143e+00 7.677133898277338275e+00
2.409917845410262416e+01 -1.080034844218582180e+01 8.699031151111491056e+00
2.558242830704211812e+01 -1.134367892113615284e+01 9.065306507572174155e+00
2.544838427675507830e+01 -1.107427127206719319e+01 8.802191325261166099e+00
2.366089753234758319e+01 -1.001473003989778121e+01 7.982343880660479840e+00
2.017200499708706118e+01 -8.201726162332642289e+00 6.704660850013978823e+00
1.493349965677304070e+01 -5.675868024068974727e+00 5.079158136111136201e+00
7.904480066868579513e+00 -2.473402088554101486e+00 3.216260286505908006e+00
6.182268428180882625e-01 7.053008106026776858e-01 1.539750251125131086e+00
-5.344261035432994689e+00 3.204020293462260582e+00 3.483949396706904622e-01
-9.944461039434756344e+00 5.062567489375567220e+00 -4.480145898855656950e-01
-1.314935351537293684e+01 6.317035812282552065e+00 -9.413527423345900980e-01
-1.493490099342774968e+01 6.992902123703456319e+00 -1.215645999526220988e+00
-1.528983889025863085e+01 7.096300654738984193e+00 -1.334752726350438845e+00
-1.422106970333733322e+01 6.602793105944208207e+00 -1.326276531503409517e+00
-1.174959240425444129e+01 5.464938270660880448e+00 -1.187428315992189010e+00
-7.907311978274246478e+00 3.620176711894518728e+00 -8.910728118601024539e-01
-2.735206230358607549e+00 9.970975625893512273e-01 -3.898242968299797662e-01
2.462692340597682161e+00 -1.791141324986210259e+00 2.257611088281029632e-01
6.426153803165056466e+00 -4.052697838231078542e+00 8.245415122425980847e-01
9.180816061009881679e+00 -5.736368799739442359e+00 1.391438921216110014e+00
1.075972282015728432e+01 -6.785203443742880758e+00 1.895233426453512893e+00
1.120118997285635842e+01 -7.141575286532296118e+00 2.292173148442164354e+00
1.054583826070838981e+01 -6.752484292844066260e+00 2.529374690076123589e+00
8.832865575155846471e+00 -5.574953807198281375e+00 2.548058818898324418e+00
6.098861220929778781e+00 -3.575912813951387825e+00 2.288647887603620923e+00
2.376053041464047055e+00 -7.321600132004275618e-01 1.695642576139690050e+00
-2.310043223406749835e+00 2.969432173008752063e+00 7.222130990970394571e-01
-7.105068505736213957e+00 6.788803161842416500e+00 -4.360875770811956098e-01
-1.119451328480674235e+01 9.959299067019586005e+00 -1.520131298973037559e+00
-1.461665761056157997e+01 1.245104703519774070e+01 -2.472988855464032909e+00
-1.740477921466653299e+01 1.423990684020685649e+01 -3.241356558666035781e+00
-1.958502378730813120e+01 1.530713816946108707e+01 -3.778686208212421960e+00
-2.117207445000624233e+01 1.564085131362049808e+01 -4.052434665178771489e+00
-2.216092243831777253e+01 1.524207729028931979e+01 -4.060201039129814227e+00
-2.253477911778769993e+01 1.412005872174278309e+01 -3.817395044303080187e+00
-2.227172633448005001e+01 1.228894029472626670e+01 -3.347990787395256351e+00
-2.134946725113429977e+01 9.765785214251854640e+00 -2.678862474443722608e+00
-1.996935386604583584e+01 7.019441073018771959e+00 -1.962996855325309653e+00
-1.834925262691439940e+01 4.514567939514126493e+00 -1.338827626609837562e+00
-1.649771716720198356e+01 2.259962322290695269e+00 -8.051564626400429248e-01
-1.442683990343522815e+01 2.595013312874894229e-01 -3.541970749933538443e-01
-1.215074204589971352e+01 -1.489149423972165653e+00 2.826534470820041278e-02
-9.683856954694862296e+00 -2.996778909174361960e+00 3.635482119090833741e-01
-7.037218426240405833e+00 -4.284899737944849463e+00 6.781789221892080555e-01
-4.217018724004254260e+00 -5.378634294021729545e+00 9.940711757727271891e-01
-1.225473397171792600e+00 -6.304489993614372345e+00 1.327142796718834727e+00
1.938393321806344938e+00 -7.089965596496633715e+00 1.687812725496797617e+00
4.899573268007853422e+00 -7.709878548543033894e+00 2.092193939125670532e+00
7.288588147093901348e+00 -8.113131122027404274e+00 2.532592653574292640e+00
9.120204259629824506e+00 -8.284471603795198646e+00 2.977128828151077045e+00
1.041375310256342601e+01 -8.203682403710253368e+00 3.392907365401743203e+00
1.119278411107884175e+01 -7.846605049028229750e+00 3.749311153157595555e+00
1.148441504685680492e+01 -7.184947988576660727e+00 4.023280759306728349e+00
1.131804233573078733e+01 -6.183782393720830051e+00 4.207040231575425615e+00
1.072390934263674822e+01 -4.805583594688364713e+00 4.300798530835328037e+00
9.731797284430625083e+00 -3.013289912948361682e+00 4.308798761158475266e+00
8.369516100273624915e+00 -7.723146305411980883e-01 4.237232220694678198e+00
7.030357147764849657e+00 1.477509079571234230e+00 4.106068901505073754e+00
6.064315956948001407e+00 3.261539254206701877e+00 3.930885073962328669e+00
5.432123898805128803e+00 4.560973884197397688e+00 3.708019509700751115e+00
5.096739148087937821e+00 5.359850068324894856e+00 3.431522500832870470e+00
5.025566887950753348e+00 5.645383795442547203e+00 3.095967197909299085e+00
5.193216381485624922e+00 5.407113009788342417e+00 2.700270280830545655e+00
5.584674551103734785e+00 4.634395641714489145e+00 2.252331283429906961e+00
6.193529935517230633e+00 3.320017231852047779e+00 1.764028863355267873e+00
7.020651860740321659e+00 1.461026616887199259e+00 1.246706474446326318e+00
8.073319427330151399e+00 -9.415079441530750382e-01 7.075403159369546557e-01
9.133945630684804584e+00 -3.528145864876213178e+00 2.486894044795064929e-01
9.985525687764761571e+00 -5.938102677035379529e+00 -4.002714235883519933e-02
1.063804994161842643e+01 -8.168427406370936339e+00 -1.783518086704614092e-01
1.109850874746046756e+01 -1.022051652441968095e+01 -1.892542871618205780e-01
1.137119607149729816e+01 -1.210040357163770963e+01 -9.788995275743150870e-02
1.145820982858329629e+01 -1.381873858477019645e+01 7.294739150430196162e-02
1.136039793338588844e+01 -1.538985391289955729e+01 3.176591775240753535e-01
1.107743995732193909e+01 -1.683089172293919233e+01 6.419693220641389253e-01
1.060794300748960239e+01 -1.816100521160313974e+01 1.058406056019228991e+00
9.949590547734466384e+00 -1.940049007059012709e+01 1.584685287768838879e+00
9.324366742183393342e+00 -2.045611649916254748e+01 2.000990297852999422e+00
8.946003663973375097e+00 -2.120127704548131220e+01 2.099165155739889599e+00
8.798359843507222777e+00 -2.160732331520077310e+01 1.919888693064344398e+00
8.864791452998675325e+00 -2.164878317663494656e+01 1.504935674185191363e+00
9.128919930026521357e+00 -2.130545241715971727e+01 8.941607716452046883e-01
9.574940107526607846e+00 -2.056423160133313743e+01 1.177274960010624982e-01
1.018681347107588664e+01 -1.941978232831031193e+01 -8.193444551513233698e-01
1.095043857444323443e+01 -1.787179430965980842e+01 -1.922808484376112403e+00
1.185496526846793586e+01 -1.592408737894241000e+01 -3.203783124591923048e+00
1.289358785163410204e+01 -1.358430826127217905e+01 -4.677842277124384829e+00
1.386998322665578876e+01 -1.116706649640963356e+01 -6.100111960835874036e+00
1.459614112174233824e+01 -8.991614274562554243e+00 -7.227426018423260601e+00
1.508077513101507172e+01 -7.070570965561621790e+00 -8.076952844141228383e+00
1.533182462694954573e+01 -5.410668516210212609e+00 -8.661109341300589293e+00
1.535624143492596438e+01 -4.013174346489927657e+00 -8.987876924825215497e+00
1.516092065926443055e+01 -2.872315404476473155e+00 -9.060033855991056484e+00
1.475470683974718256e+01 -1.970202980838981599e+00 -8.872572517773674505e+00
1.414372887305157178e+01 -1.284327843573568995e+00 -8.417584437465208680e+00
1.333096040462391230e+01 -7.912329169905949477e-01 -7.686398607650028580e+00
1.231699146604718287e+01 -4.681914083751625988e-01 -6.670396120377357185e+00
1.108170759772854908e+01 -1.672281995819366873e-01 -5.498708296642096371e+00
9.608160077941468202e+00 2.542409008554789018e-01 -4.303710070662780218e+00
7.898650074324473636e+00 8.055224789745430991e-01 -3.082778471787621655e+00
5.952683504672916293e+00 1.489774246827401782e+00 -1.834332550562087327e+00
3.766133090004025519e+00 2.302612149866394731e+00 -5.580874753970994639e-01
1.331008496902576832e+00 3.230534139732005094e+00 7.442923001680565864e-01
-1.361544512277677255e+00 4.253108411359821872e+00 2.068524126541317898e+00
-4.319453262765419410e+00 5.350239868596418980e+00 3.409707527720628573e+00
-7.549256876679393713e+00 6.504158363369869633e+00 4.762888358821797397e+00
-1.105563496181934724e+01 7.700371503558431030e+00 6.123235703873253222e+00
-1.427233540207677009e+01 8.696159120585917890e+00 7.293108048265661836e+00
-1.662386720844940413e+01 9.267345606997929863e+00 8.079630698212595163e+00
-1.809735627547612680e+01 9.435539232781065877e+00 8.486707874396167028e+00
-1.867888714164485009e+01 9.226028903642982115e+00 8.519689547955973552e+00
-1.835554658839238584e+01 8.663615106366153285e+00 8.184808977766001803e+00
-1.711835307801850803e+01 7.766111028449051545e+00 7.488459292451715044e+00
-1.496586883741455409e+01 6.535605871404754907e+00 6.436225754519497855e+00
-1.189934080806579431e+01 4.968429727824578812e+00 5.032044349839605246e+00
-7.920491924988619203e+00 3.060594105632330475e+00 3.277775097786686409e+00
-3.030551739369232500e+00 8.107071279245690043e-01 1.172835072614167862e+00
2.010299873676857807e+00 -1.475540906614703607e+00 -9.614071366035458199e-01
6.441761417247986898e+00 -3.491302192736952303e+00 -2.805864070889783513e+00
1.026490648679233608e+01 -5.229841399235863442e+00 -4.366152281579298133e+00
1.348220476670655898e+01 -6.682426163913787853e+00 -5.647053929661408844e+00
1.609672984566359943e+01 -7.840332166284234461e+00 -6.652217571944222030e+00
1.811085453669348055e+01 -8.698317104905171959e+00 -7.383384801218178417e+00
1.952367022912440575e+01 -9.261977699218792992e+00 -7.838406922430590562e+00
2.033186540328565073e+01 -9.545634889250781185e+00 -8.012243086143968185e+00
2.053052216957051002e+01 -9.570345842105494327e+00 -7.897975083612326586e+00
2.011349449255902400e+01 -9.363030840657291520e+00 -7.487544532579860856e+00
1.924892160296830212e+01 -8.968069967099797424e+00 -6.888743396359531701e+00
1.810411593538984931e+01 -8.421954260845417650e+00 -6.211292749418580783e+00
1.667089833736288540e+01 -7.744219796255791266e+00 -5.449885964989714893e+00
1.494117891312786561e+01 -6.954776489066889056e+00 -4.599830996900077018e+00
1.290713931240669154e+01 -6.073393438494409935e+00 -3.657464459768080101e+00
1.056120941240008904e+01 -5.119369271384300646e+00 -2.620712607841701569e+00
7.896273043158463345e+00 -4.110712542865098129e+00 -1.489345684246900614e+00
4.907177123626816240e+00 -3.061065361352748315e+00 -2.637542600502996715e-01
1.591191625395965703e+00 -1.978161690448085430e+00 1.055649218407529899e+00
-2.051811063268401902e+00 -8.627192905248080024e-01 2.468956402356907720e+00
-5.678114696884710710e+00 1.866665800444429202e-01 3.839346781080148485e+00
-8.937515970247696728e+00 1.094134338677928753e+00 5.029984665750562911e+00
-1.181848792962417960e+01 1.898776757970050078e+00 6.043156391651473669e+00
-1.430991377577345602e+01 2.637981808649163540e+00 6.882465075516011055e+00
-1.640129095160024519e+01 3.345669260522016408e+00 7.551804306942347722e+00
-1.808411604885969481e+01 4.046989654214844911e+00 8.053205185550863732e+00
-1.935665298417676183e+01 4.744289161929676091e+00 8.382755297345598322e+00
-2.022183483409551741e+01 5.425442185449516508e+00 8.533149123696077254e+00
-2.068582478935737257e+01 6.069855238351400395e+00 8.495637464239477410e+00
-2.075744099615643279e+01 6.651560274322232402e+00 8.261201543612370912e+00
-2.045583996293895623e+01 7.096970951306971642e+00 7.886149576708813669e+00
-1.980122793484897059e+01 7.334963928052545157e+00 7.429554752746243551e+00
-1.880494480192966833e+01 7.344025938224005401e+00 6.888430642112093771e+00
-1.747633349837308003e+01 7.108282466097378460e+00 6.261510802120825225e+00
-1.582120168084406409e+01 6.619622155531201813e+00 5.548903927271158665e+00
-1.383897452767580560e+01 5.882710411568076836e+00 4.751958579923096337e+00
-1.151915016717108209e+01 4.921850316268487013e+00 3.873403052430475668e+00
-8.848356336008960099e+00 3.765669497313134606e+00 2.916195663113717806e+00
-5.813305591056343147e+00 2.441702784670792603e+00 1.883573071291286594e+00
-2.401957480273494649e+00 9.746390981603241244e-01 7.792870624276038161e-01
8.916124158252011211e-01 -3.949926517841036988e-01 -2.528817487378668405e-01
3.561961120460353847e+00 -1.450805484618252095e+00 -1.071213647070425434e+00
5.600428976893948807e+00 -2.212338547870364991e+00 -1.676006446999576127e+00
6.996897069431967431e+00 -2.702680944931243001e+00 -2.069324448893306467e+00
7.741330819532632468e+00 -2.944874990640715673e+00 -2.254723046840409584e+00
7.825700193755116274e+00 -2.956879277855539279e+00 -2.236722009627355234e+00
7.246546914448838805e+00 -2.744591797444241532e+00 -2.020040710767805336e+00
6.002888297796078909e+00 -2.307143567044717791e+00 -1.609370210054866579e+00
4.094475919025541977e+00 -1.641700937447623687e+00 -1.009303815211493038e+00
1.520574387940582195e+00 -7.470150239882413779e-01 -2.242892871957628820e-01
-1.218480548143345388e+00 2.055784678575352520e-01 5.862802440302080642e-01
-3.621888537830967092e+00 1.042052719880019351e+00 1.267608197567452688e+00
-5.691563748711820914e+00 1.754237719323492373e+00 1.822216536324069214e+00
-7.429890855041368702e+00 2.332676098199501169e+00 2.252532735608838710e+00
-8.839014191002954490e+00 2.768455339463520737e+00 2.560850554062890083e+00
-9.919432979040816889e+00 3.057298449152595854e+00 2.749277741689113430e+00
-1.066701580817825068e+01 3.209461685014859178e+00 2.819741199630566353e+00
-1.107491883105642927e+01 3.244926590465666116e+00 2.774310863068182975e+00
-1.113539431489739151e+01 3.188850790307037997e+00 2.615476903313179946e+00
-1.084084165821787060e+01 3.068657729154854241e+00 2.346278687212520087e+00
-1.010322703176447412e+01 2.848770172540242562e+00 1.991787594923198901e+00
-8.832982644168762221e+00 2.493576590639148716e+00 1.577428479180202903e+00
-7.023161157177405300e+00 2.023330653940305979e+00 1.107650923031985535e+00
-4.670499237935686665e+00 1.445468778574657165e+00 5.873373836826489836e-01
-1.776082678620384270e+00 7.503200694587109920e-01 2.157211268551212369e-02
1.653722760360851973e+00 -9.251480378821297368e-02 -5.844708374702330955e-01
5.608166965665112080e+00 -1.126154858985283003e+00 -1.226795175231195856e+00
1.007567073354752551e+01 -2.389594889224180729e+00 -1.905296497879903406e+00
1.504573842953302787e+01 -3.910275954473736437e+00 -2.625430928956499876e+00
2.051103801509971447e+01 -5.698349819696792551e+00 -3.399920988366150976e+00
2.544823696050456263e+01 -7.422596854308248560e+00 -4.104887074006210668e+00
2.885063727963107283e+01 -8.700261478149903027e+00 -4.619764381905682171e+00
3.074138425155632959e+01 -9.449964769100537509e+00 -4.961554500966778747e+00
3.114115334920665390e+01 -9.606569460025479401e+00 -5.133588454936034218e+00
3.006204050178116916e+01 -9.137914439141836098e+00 -5.120356532999633004e+00
2.749953722032800840e+01 -8.073593097831729182e+00 -4.878670169189170736e+00
2.342611986619647624e+01 -6.544550373804900012e+00 -4.327084720980117538e+00
1.781200399918940036e+01 -4.726196826031120679e+00 -3.368866732657980645e+00
1.063763379703429557e+01 -2.805087010817539639e+00 -1.905982096432081718e+00
1.899215870173249998e+00 -9.569698164952062935e-01 1.528639850997558502e-01
-6.786218553729333358e+00 4.283924162320027484e-01 2.455571292214390411e+00
-1.379207132646039824e+01 1.177750529467647578e+00 4.536224548098021891e+00
-1.910396849232666483e+01 1.481286966897899404e+00 6.302997266452504022e+00
-2.272125645981873276e+01 1.534276123328270458e+00 7.664687504580533606e+00
-2.465523989600415078e+01 1.511090658898059935e+00 8.535611446499137500e+00
-2.492410886963547512e+01 1.527199850210318566e+00 8.841124081866929885e+00
-2.354686355890969196e+01 1.582819080082843222e+00 8.527184012900349330e+00
-2.053992146480696235e+01 1.602591278223340687e+00 7.558177188612296149e+00
-1.591717334627209901e+01 1.468473402913330617e+00 5.917231675665276747e+00
-9.690712775678299806e+00 1.042478365559422304e+00 3.607482477708094493e+00
-3.003929023030046608e+00 2.958922394133457479e-01 1.142072299079223141e+00
3.012347080916773834e+00 -6.872172795209172680e-01 -9.499843141741837194e-01
8.367016569922297364e+00 -1.852645229461544973e+00 -2.636201500425467970e+00
1.307125558471916804e+01 -3.122614299171846408e+00 -3.897818320301354778e+00
1.713909855350565081e+01 -4.406651218822361216e+00 -4.730186579372764655e+00
2.058544379815263881e+01 -5.618467754376956336e+00 -5.140672558793351499e+00
2.341800994312531614e+01 -6.710488361011859304e+00 -5.141682349257343354e+00
2.563749196019140086e+01 -7.667519114757909371e+00 -4.747738004052283856e+00
2.723954222049113838e+01 -8.497144121615049173e+00 -3.974469542016221268e+00
2.821630054480005967e+01 -9.224396250342184800e+00 -2.837839501440018175e+00
2.852913128758967076e+01 -9.726423885634417843e+00 -1.588497378266573445e+00
2.813808773363004434e+01 -9.882154606236518646e+00 -4.727077309310918629e-01
2.703133895618087834e+01 -9.728621163752464440e+00 5.025155603703380658e-01
2.519767016010724348e+01 -9.299786291836626972e+00 1.332882533612408604e+00
2.262762434958763080e+01 -8.623664883207718290e+00 2.016641253297063230e+00
1.931507625398346661e+01 -7.717736907732182239e+00 2.554669096066638279e+00
1.525894058291369149e+01 -6.584602815160647715e+00 2.950290062922296119e+00
1.045971771336942879e+01 -5.221714499814213539e+00 3.208562511040415899e+00
4.918451529818537615e+00 -3.624221942145409603e+00 3.336048607303355507e+00
-1.363418680166630370e+00 -1.785469593617794004e+00 3.340666542822673613e+00
-7.340538413999772693e+00 -3.484666431146976606e-02 3.288382940779346342e+00
-1.196397249626359915e+01 1.309040417898064579e+00 3.241728721243274158e+00
-1.522835479655605617e+01 2.264537086229823082e+00 3.201622852429818700e+00
-1.713020897081505112e+01 2.843626241939594568e+00 3.165581367979366068e+00
-1.766753956071046261e+01 3.053196699304581596e+00 3.128114522821624277e+00
-1.683963145851483745e+01 2.895671905041870886e+00 3.080839345881519087e+00
-1.464700695025168464e+01 2.369153987840277420e+00 3.012352507448632366e+00
-1.108974092387498800e+01 1.473822342522888462e+00 2.911130680195864961e+00
-6.165885114550146540e+00 2.177009035898600509e-01 2.768265664054817332e+00
1.298952411442836352e-01 -1.378269107527851478e+00 2.579953822560442589e+00
6.371704105411387431e+00 -2.899638054092438466e+00 2.360572367333628740e+00
1.112919340629289167e+01 -3.947305299152577884e+00 2.134995228856992444e+00
1.440178191324325496e+01 -4.518394109265692293e+00 1.917596141992946368e+00
1.618441254052036982e+01 -4.624887075855492746e+00 1.716600758481854783e+00
1.646653981985768311e+01 -4.299335695982949623e+00 1.531264036230524539e+00
1.523140229867188999e+01 -3.603381688409071693e+00 1.347476116306801197e+00
1.245663970176663504e+01 -2.637970196409956891e+00 1.132787550542149191e+00
8.120707993140623415e+00 -1.528231141336557464e+00 8.476562287234428172e-01
2.207364522960838737e+00 -4.113884968831573730e-01 4.543229705078018488e-01
-5.291937506194249963e+00 5.729945297618546096e-01 -7.642227390059216918e-02
-1.288518348287433746e+01 1.164023771363989823e+00 -6.727171794408691730e-01
-1.906337010596186587e+01 1.271147161573243922e+00 -1.217261220808739441e+00
-2.380829901478918842e+01 1.024934315308756894e+00 -1.661232205103593262e+00
-2.710929448232453964e+01 5.619828817886836081e-01 -1.961087774525546168e+00
-2.896271211838379855e+01 1.517704770363202497e-02 -2.084133706889863547e+00
-2.936959783931960644e+01 -4.993505104854699117e-01 -2.018634377813074643e+00
-2.833157878353921433e+01 -9.004137945232264517e-01 -1.792111508596631264e+00
-2.585006415294257920e+01 -1.133086945922826771e+00 -1.453258474764292263e+00
-2.192628834014361416e+01 -1.163581263094059626e+00 -1.059530437990682028e+00
-1.656123576815813436e+01 -9.778465088828406371e-01 -6.697101331206800623e-01
-1.084429015912746053e+01 -6.585138353238190190e-01 -3.664070141327949726e-01
-5.863907801678973186e+00 -3.212928854902819542e-01 -1.812812674517872980e-01
-1.619153742804232410e+00 -7.944007322260276949e-03 -8.748573779750856705e-02
1.891057908197763648e+00 2.501571001553790086e-01 -5.331752780341512260e-02
4.667649200137148569e+00 4.318255500803819258e-01 -4.584805046758609615e-02
6.710927748687117500e+00 5.266190774349233106e-01 -3.573127472445643271e-02
8.020091598664642163e+00 5.370908536093647045e-01 -6.316321253844285610e-03
8.593463016157903311e+00 4.771300133114353970e-01 4.556070158479640780e-02
8.429114551609867334e+00 3.683545007955330020e-01 1.127753224713664570e-01
7.525515209787918991e+00 2.365076618883359960e-01 1.808628210386932222e-01
6.462326271618614726e+00 1.288874627806951556e-01 2.334923991645507790e-01
5.820841503554607499e+00 6.734525107315419978e-02 2.687045728246165721e-01
5.602362536168868701e+00 4.039164224988806007e-02 2.911486120170487801e-01
5.807812705042067591e+00 3.808675378435214670e-02 3.054972222254430103e-01
6.437729376169146533e+00 5.389319977815906770e-02 3.143663556932437819e-01
7.492306683201549689e+00 8.540185939020432382e-02 3.171704227742390692e-01
8.971408720697262140e+00 1.312387622808012522e-01 3.126243506836577923e-01
1.087479926592086876e+01 1.913089738993273559e-01 2.978778730110108186e-01
1.320224009068363991e+01 2.656971748390840604e-01 2.690815179543312730e-01
1.595353837207572845e+01 3.527928365219369922e-01 2.227852398436696024e-01
1.842325518522213201e+01 4.349675906968240024e-01 1.519524565769687641e-01
1.990608851746607044e+01 4.904247414713667208e-01 6.011304138338224856e-02
2.040224506189444043e+01 5.092695536111511156e-01 -3.797626129148878871e-02
1.991202496552158507e+01 4.855254644485004212e-01 -1.285630153440486811e-01
1.843566625825049243e+01 4.214645090399825600e-01 -2.021549246358373964e-01
1.597318281800662376e+01 3.348496339594373428e-01 -2.586823114990196570e-01
1.252438589210181163e+01 2.670344189943866797e-01 -3.132227557979532229e-01
8.089754887558051166e+00 2.653143217923066288e-01 -3.846403237036755129e-01
2.670725554970212912e+00 3.730987039393620641e-01 -4.893571679364264182e-01
-3.730690900580214464e+00 6.237189514635756993e-01 -6.373675578074199377e-01
-1.002767069877339878e+01 9.792762986764456112e-01 -8.038998665063017413e-01
-1.513681728127240333e+01 1.347985985792269581e+00 -9.454411470088692759e-01
-1.906235621032928051e+01 1.669461518540225065e+00 -1.035576936071683329e+00
-2.180905289929458490e+01 1.886916320131556635e+00 -1.050497698680314063e+00
-2.338063595823659924e+01 1.954349393987457661e+00 -9.740219552058738683e-01
-2.377760179530865869e+01 1.848719613698168951e+00 -8.060829577797931078e-01
-2.299519325939056102e+01 1.591105384780351573e+00 -5.768871974838241101e-01
-2.102696112386503913e+01 1.231008371356811404e+00 -3.342853177578897772e-01
-1.786780762113082943e+01 8.349504613262762609e-01 -1.343331418682343070e-01
-1.351598052418009033e+01 4.792775931276910262e-01 -3.519613889420580150e-02
-8.973313180276878853e+00 2.424528964339763282e-01 -4.288909498898896278e-02
-5.242715485308549361e+00 1.326662922149767776e-01 -1.070625810349413176e-01
-2.326072844647033122e+00 1.152653108322787279e-01 -1.956601096576298660e-01
-2.231938384972337874e-01 1.485422865881934062e-01 -2.748059659760266893e-01
1.068090613959499224e+00 1.891518050443699306e-01 -3.125002398712566909e-01
1.551019525844436364e+00 1.979349921418139535e-01 -2.821428654938545888e-01
1.228460035434094211e+00 1.458584798797835091e-01 -1.658465626944389260e-01
1.022703458965773388e-01 1.443898022652563215e-02 4.551490941562458259e-02
-1.826863191070176917e+00 -2.066103270456867147e-01 3.538676632575649128e-01
-4.559316953181583365e+00 -5.218061184505230488e-01 7.553933373103010052e-01
-7.305805369736782851e+00 -8.452009717969988234e-01 1.132139206577062129e+00
-9.277356633405336339e+00 -1.082787363470562259e+00 1.368697823084176424e+00
-1.047439508714450973e+01 -1.228356624460181568e+00 1.465664036010780658e+00
-1.089625542510727563e+01 -1.279344981016657945e+00 1.428053547860934858e+00
-1.054171249613447436e+01 -1.234374840097002712e+00 1.264068998835837121e+00
-9.409586447817483545e+00 -1.090437534504906658e+00 9.836973305116700761e-01
-7.499329667810840760e+00 -8.399804128149027660e-01 5.972636232472625650e-01
-4.810966280777737580e+00 -4.715608220754314295e-01 1.158009818663777724e-01
-1.345200905432725857e+00 3.023413129357294116e-02 -4.489153636173971451e-01
2.896368543668291995e+00 6.852879911429758941e-01 -1.084505579774702300e+00
6.942784022801046007e+00 1.361674519531570260e+00 -1.640804631243627298e+00
9.823928948823516194e+00 1.902899162520222509e+00 -1.986413777886132159e+00
1.153951058159418430e+01 2.290934929849412161e+00 -2.137535279139275879e+00
1.209065163746177873e+01 2.500881658266786101e+00 -2.111389741090409444e+00
1.148033691224234154e+01 2.500249175777669031e+00 -1.926207009562711736e+00
9.714131688078211369e+00 2.247375929660409888e+00 -1.601487231263243105e+00
6.801002646710997190e+00 1.690230336341920658e+00 -1.158471619790767404e+00
2.752069430851521670e+00 7.750034601137765211e-01 -6.191372626403105484e-01
-2.420717865247226985e+00 -5.474668441509311645e-01 -4.796797970862846927e-03
-8.706073552270385818e+00 -2.316682565209986944e+00 6.657208148675740622e-01
-1.480959996931585287e+01 -4.157464040145556261e+00 1.183875056978559881e+00
-1.945552492347624352e+01 -5.618618782356574748e+00 1.376169699605299224e+00
-2.266275767049801360e+01 -6.620708141294155524e+00 1.278711411792836206e+00
-2.444904527515974024e+01 -7.096490544072968198e+00 9.238214911619517800e-01
-2.482809203020067557e+01 -6.997235558815180667e+00 3.363314755466080275e-01
-2.380567976462492652e+01 -6.302376587490217119e+00 -4.714580990040750375e-01
-2.137568633819250863e+01 -5.031827477303766116e+00 -1.505079682228890992e+00
-1.752572749726599355e+01 -3.227620299414709848e+00 -2.781342234661427160e+00
-1.224140863631931708e+01 -9.418331554753591739e-01 -4.323303799394466296e+00
-5.509353922750270804e+00 1.771699625130276345e+00 -6.156625943955939206e+00
1.431971088498580125e+00 4.401772505907723954e+00 -7.990284680454701416e+00
7.329380958908765287e+00 6.490539027288108720e+00 -9.509997551201664123e+00
1.216963850257136137e+01 8.078826322694316886e+00 -1.070146593359035592e+01
1.593876872271256318e+01 9.216152592027423651e+00 -1.154613991455677535e+01
1.862415961117103080e+01 9.953208420546772572e+00 -1.202384252534973186e+01
2.021810587920473523e+01 1.032886604283260290e+01 -1.211645278766841116e+01
2.072473725589749449e+01 1.034635923211916264e+01 -1.181423039384141305e+01
2.015446662580000847e+01 9.987151431998274376e+00 -1.111236237635820245e+01
1.852036151195654767e+01 9.221917211798459135e+00 -1.000923045855767413e+01
1.583611366880479743e+01 8.017072763288121351e+00 -8.505954507177554191e+00
1.279161788925108212e+01 6.652473886762770405e+00 -6.849332425171207106e+00
1.006693270219507852e+01 5.429682541668354290e+00 -5.286910645174007328e+00
7.658561170779247362e+00 4.353166747854283258e+00 -3.821462901757093356e+00
5.561518995678678579e+00 3.432344674696207854e+00 -2.454493292135898841e+00
3.770224764078698776e+00 2.679815439673541633e+00 -1.186665267296917348e+00
2.279175529261578514e+00 2.109954022885877745e+00 -1.815093321899530210e-02
1.083833074376167493e+00 1.735783406206560020e+00 1.051270659174692979e+00
1.830182861337495970e-01 1.563533888737246080e+00 2.021394651752737026e+00
-4.214308709568503897e-01 1.593022478911323869e+00 2.891596622381902737e+00
-7.256409530336243030e-01 1.819101087085341684e+00 3.661116095851312480e+00
-9.896150233823992615e-01 2.019959333441746274e+00 4.351716351697658247e+00
-1.480752655046136734e+00 1.981394931879093324e+00 4.987700149346236955e+00
-2.204894782124026786e+00 1.705654124452102627e+00 5.572308570762912083e+00
-3.166614449756369964e+00 1.192767298685747823e+00 6.108584378310004226e+00
-4.368345618882811365e+00 4.397159988182339774e-01 6.598940053570336417e+00
-5.809879459173598271e+00 -5.589146162390319361e-01 7.044527210304140752e+00
-7.489997985751783105e+00 -1.805173351892608302e+00 7.444691775177615156e+00
-9.407652830906412689e+00 -3.298801437046284590e+00 7.798399058774637460e+00
-1.156267718710205017e+01 -5.037592134339266892e+00 8.105014721106906350e+00
-1.395661679267779398e+01 -7.016679717851596720e+00 8.364818033749216397e+00
-1.618918505132084817e+01 -8.893787514925033832e+00 8.535749953149245783e+00
-1.786084334560543141e+01 -1.032587186328672502e+01 8.576126027789060302e+00
-1.897648720141957313e+01 -1.130437717067109205e+01 8.487770218300060066e+00
-1.954014974359477108e+01 -1.182257915209222432e+01 8.271888140106602449e+00
-1.955320405629704084e+01 -1.187809979707280306e+01 7.928323430747830081e+00
-1.901083504247817757e+01 -1.147857193893030825e+01 7.454659601627821708e+00
-1.789614533581497113e+01 -1.065199447427985113e+01 6.845301840725189990e+00
-1.618743571449281404e+01 -9.435201572743878273e+00 6.092829868089518541e+00
-1.386204637748916468e+01 -7.868458522661235577e+00 5.188942292907729126e+00
-1.089819023008543120e+01 -5.993175601184908885e+00 4.124907944227392598e+00
-7.692266574802166801e+00 -4.088546754467004440e+00 2.994937979128798222e+00
-4.657725983309141782e+00 -2.403701040159335278e+00 1.899563079259018128e+00
-1.802147518145088112e+00 -9.300251549845793830e-01 8.393381941223547749e-01
8.646963526688052903e-01 3.462766262448296883e-01 -1.854327312278913897e-01
3.331547959283740035e+00 1.443379418483625276e+00 -1.174904023576721412e+00
5.586634530063951054e+00 2.382278175489697780e+00 -2.129556481928465139e+00
7.620345288443516552e+00 3.181645868765480945e+00 -3.048973749148383039e+00
9.426044862616501874e+00 3.855885964087937268e+00 -3.931284456577579967e+00
1.099955492277081248e+01 4.415712225222821807e+00 -4.773268240589421119e+00
1.233874471805878237e+01 4.868657667917467791e+00 -5.570531506619064821e+00
1.326655279712616498e+01 5.147773006021562736e+00 -6.201044069828812511e+00
1.360753708938465145e+01 5.189656873579219010e+00 -6.538293333165351662e+00
1.336377481133292378e+01 5.004033875529412256e+00 -6.570735826620672348e+00
1.253706896566234086e+01 4.600646553476066103e+00 -6.287897835795465795e+00
1.112782093173224496e+01 3.991063797082132325e+00 -5.681192356946526800e+00
9.133561134874341292e+00 3.191039136093068329e+00 -4.745153337098948043e+00
6.547641997757057908e+00 2.222798220135590253e+00 -3.478632582467653833e+00
3.361594048770003784e+00 1.112519177030856010e+00 -1.882385279518733023e+00
-4.337905318952314238e-01 -1.104782086773633265e-01 4.200688399766625003e-02
-4.847883046713345578e+00 -1.413856407096237167e+00 2.292682238064269740e+00
-9.116684424810621579e+00 -2.543363420790784701e+00 4.469914771888088723e+00
-1.246387065383311032e+01 -3.287860504651800575e+00 6.172281353702683937e+00
-1.487873131579362962e+01 -3.681348256263613727e+00 7.397160082284507610e+00
-1.634942196610558796e+01 -3.762807157009275372e+00 8.143439882749119008e+00
-1.686383414958570981e+01 -3.575989644461090133e+00 8.410625368851198047e+00
-1.641030081455431144e+01 -3.170781383485411276e+00 8.197650014740109015e+00
-1.497827873209069871e+01 -2.606611918637460334e+00 7.501378848240296549e+00
-1.256034979713074229e+01 -1.942960110945225249e+00 6.317344450770342235e+00
-9.153220562660228765e+00 -1.231781627589612071e+00 4.639847078192605778e+00
-4.758006116924063278e+00 -5.114647024477132486e-01 2.461570332513527415e+00
-1.698544244923962943e-01 1.002594177676348619e-01 1.667901827265786674e-01
3.812738911737200365e+00 5.395716531976061381e-01 -1.854408166253675772e+00
7.182115180289336820e+00 8.621037285812165329e-01 -3.601856065883599634e+00
9.932740516517695184e+00 1.119577424093990636e+00 -5.074693967543099760e+00
1.206085877012444563e+01 1.356028772423763851e+00 -6.270973815006509966e+00
1.356476631548767209e+01 1.601025998868265798e+00 -7.186629817736265302e+00
1.444730983989991557e+01 1.855280775536351623e+00 -7.813003272462760940e+00
1.471514537770382525e+01 2.097013223283299421e+00 -8.138386996680122110e+00
1.437831010286561906e+01 2.288799154969757499e+00 -8.149904554061981443e+00
1.345015607856424822e+01 2.382154678207924370e+00 -7.835171099542853845e+00
1.217080787770685468e+01 2.386252541200420296e+00 -7.294254705202287248e+00
1.077425222157115670e+01 2.330757042077236552e+00 -6.633452611472987925e+00
9.266495699675568076e+00 2.194534294445098510e+00 -5.852883216720645265e+00
7.652388151070103284e+00 1.960026735116374930e+00 -4.955296347531961132e+00
5.934676959352882974e+00 1.614043227511748446e+00 -3.946439479229155722e+00
4.112624970219146192e+00 1.148773709335173532e+00 -2.835750860057212996e+00
2.181277394141122539e+00 5.623380923169185586e-01 -1.636109978583045743e+00
1.343631468655994698e-01 -1.426250577653325469e-01 -3.592987839030925556e-01
-2.034812259372307253e+00 -9.587665619040990350e-01 9.858441879001621500e-01
-4.333040921706983184e+00 -1.873569707669608508e+00 2.394510166675235308e+00
-6.444675831558993373e+00 -2.750904259695309939e+00 3.658186256523372037e+00
-8.051540710785632271e+00 -3.440040623318478819e+00 4.582191512454271809e+00
-9.153852965184999135e+00 -3.910212354983276573e+00 5.186770311605984674e+00
-9.748876093980721080e+00 -4.142096045350830202e+00 5.490360002613346779e+00
-9.831739447918559804e+00 -4.129077430391812520e+00 5.506315400910626323e+00
-9.396512995376317789e+00 -3.880490170309907505e+00 5.238305072177836585e+00
-8.437543670099447723e+00 -3.427400958310603318e+00 4.674523195108883478e+00
-6.949721626841054878e+00 -2.812791123838884300e+00 3.796418613499949135e+00
-4.928843934343875688e+00 -2.084808478915733065e+00 2.584461303059507831e+00
-2.371969385967388266e+00 -1.291683881308633097e+00 1.021388762715698117e+00
2.013543669284018345e-01 -5.960428471762972968e-01 -5.686079532192800379e-01
2.267153318255294092e+00 -1.033744069419831879e-01 -1.844965760570651314e+00
3.821239923243883396e+00 2.313859072572239661e-01 -2.796950248048878152e+00
4.860354223465654933e+00 4.545845426065218131e-01 -3.414834251631870377e+00
5.382148666337988274e+00 6.079732227860452642e-01 -3.690704188924622819e+00
5.385166997697880653e+00 7.209210525803313452e-01 -3.618619806732684907e+00
4.869051171111165033e+00 8.006028330845427199e-01 -3.195046657969768944e+00
3.834230610230595193e+00 8.386517196510214767e-01 -2.418146942156931267e+00
2.281640932205084571e+00 8.171260171259244753e-01 -1.287456054645357728e+00
2.124970905184530579e-01 7.128878079678782065e-01 1.960151751057910008e-01
-1.737023611270218870e+00 5.464086930070597425e-01 1.576220490376453398e+00
-2.931792100155731440e+00 3.662939564261347147e-01 2.397363819591441736e+00
-3.372322816225312270e+00 1.958203957562465458e-01 2.658375521625385929e+00
-3.059124620314427112e+00 6.012787216818882285e-02 2.359544382512273053e+00
-1.992262848315649926e+00 -2.056744369239882353e-02 1.502662323449087900e+00
-1.708573359493439081e-01 -3.777271185262469355e-02 9.081343513577062876e-02
2.407087953528173507e+00 1.551338842821547992e-03 -1.872338271860170211e+00
5.744143379528043880e+00 7.670852238062009221e-02 -4.383549587471081921e+00
9.842821848897665760e+00 1.536358404978317438e-01 -7.440510684189154844e+00
1.470484001819675690e+01 1.848128368418375800e-01 -1.104209938175680250e+01
1.921639726932499315e+01 7.755292354239529118e-02 -1.437261969346928225e+01
2.225790566136969062e+01 -2.134030927888748153e-01 -1.661971515111356368e+01
2.382153014629406584e+01 -6.550130633522748269e-01 -1.778687255882943674e+01
2.390092205927813751e+01 -1.187981999008366429e+00 -1.787552881442390529e+01
2.249305995519678447e+01 -1.726576516615468293e+00 -1.688523288198115679e+01
1.960054421255078339e+01 -2.155310613462968483e+00 -1.481450150504955054e+01
1.523462199138903017e+01 -2.324900677733825027e+00 -1.166279962512103374e+01
9.416376243319131589e+00 -2.077940341567065641e+00 -7.430880910084347590e+00
2.176389814768643127e+00 -1.266936350434850755e+00 -2.119506081627454464e+00
-6.446899006874393656e+00 2.317347603340786932e-01 4.273339815637706707e+00
-1.477731924576931277e+01 2.140431774991955471e+00 1.052603927679180806e+01
-2.118064921889905960e+01 3.973883306142035998e+00 1.542147771335362449e+01
-2.568591261120273828e+01 5.522791460197387536e+00 1.897331013566509483e+01
-2.833113359506308271e+01 6.597803151634774821e+00 2.119154100037832222e+01
-2.915909989528435631e+01 7.046319573380078083e+00 2.207620948900532198e+01
-2.821325466254487324e+01 6.776836783881119430e+00 2.160702013918507802e+01
-2.553525856402370309e+01 5.793359215666686879e+00 1.972974567799802514e+01
-2.116010286788138828e+01 4.165689054267009084e+00 1.637258291437855462e+01
-1.511322525440333386e+01 2.009464962099810847e+00 1.146031870070947534e+01
-7.408349957958356491e+00 -5.261373022513671227e-01 4.925517430675894204e+00
4.636011594629508292e-01 -2.879571666426902432e+00 -1.975392734388433436e+00
7.041155973371991728e+00 -4.609742675810482915e+00 -7.907473748112090028e+00
1.236138643408248505e+01 -5.759687158870525181e+00 -1.280440729529387767e+01
1.645508769400141347e+01 -6.403835926179707982e+00 -1.660144139188313162e+01
1.934447997651254170e+01 -6.638395029737010233e+00 -1.924275242036668843e+01
2.103740375235325644e+01 -6.569497147962352734e+00 -2.069158235841198490e+01
2.151479401677407921e+01 -6.297152394192897518e+00 -2.094718337721054269e+01
2.073976044248514583e+01 -5.913611086111338899e+00 -2.003490963488396659e+01
1.866619377477584152e+01 -5.501555852990653861e+00 -1.799700541151682032e+01
1.524463535649989865e+01 -5.130720151132502238e+00 -1.488610430239911864e+01
1.140959963093853879e+01 -4.986789235632541839e+00 -1.161727073553747047e+01
8.143104461327448362e+00 -5.182908377848052695e+00 -9.062391292986211155e+00
5.468583264652701281e+00 -5.672464028889556253e+00 -7.206250279597211872e+00
3.407666615404834953e+00 -6.415952370203552135e+00 -6.027115061419351605e+00
1.976802141760094500e+00 -7.382831777199459822e+00 -5.500215615330650287e+00
1.185861628145516988e+00 -8.552815924648049517e+00 -5.601784426394617711e+00
1.042445727655186394e+00 -9.915742085095045510e+00 -6.314934212186729567e+00
1.549789773396439863e+00 -1.147114207579571143e+01 -7.631434452317083839e+00
2.707768665500775551e+00 -1.322329479323374457e+01 -9.550978311609780391e+00
4.515281346522555417e+00 -1.517540815914746055e+01 -1.208045746952675614e+01
6.303024145191287175e+00 -1.696026555464123931e+01 -1.455028723537834878e+01
7.412288166293742542e+00 -1.819548250761140906e+01 -1.629124971156178248e+01
7.861999143067029294e+00 -1.885956460412387514e+01 -1.731167426825951239e+01
7.672014052912234483e+00 -1.893917588143992248e+01 -1.761380936922420659e+01
6.858565837115266461e+00 -1.843539303457677292e+01 -1.719303459237044152e+01
5.426124815515273703e+00 -1.737391490104288394e+01 -1.603434598401361555e+01
3.354926730729205442e+00 -1.581728436619994405e+01 -1.410541967466678948e+01
6.168403512679532241e-01 -1.384261444728032764e+01 -1.137113440545266485e+01
-2.817528137598260596e+00 -1.152790046247951672e+01 -7.801545618206024102e+00
-6.976739378653766366e+00 -8.942275256001192218e+00 -3.376005939176735637e+00
-1.127513395861082834e+01 -6.496274642894725559e+00 1.188547237161124759e+00
-1.510626031301432448e+01 -4.513450219711542033e+00 5.147696798992746459e+00
-1.846373775647923310e+01 -2.909279205448169314e+00 8.471976182053040816e+00
-2.133862385836672004e+01 -1.591707030053237659e+00 1.113414777811899903e+01
-2.371939827756322217e+01 -4.692456313716091287e-01 1.311116269605780715e+01
-2.558978951844827066e+01 5.295698593231623619e-01 1.438837054648680436e+01
-2.692540882642047251e+01 1.409934970237451957e+00 1.497160952687495161e+01
-2.770218101337482608e+01 2.135833207726080651e+00 1.488109003093927996e+01
-2.790057166873712546e+01 2.649184941971804541e+00 1.414556406158243007e+01
-2.750735831399715181e+01 2.880319981202088542e+00 1.279859247850425064e+01
-2.663650259099804174e+01 3.042049101753476315e+00 1.135192978548144893e+01
-2.541058216527064317e+01 3.369918087727167944e+00 1.030488749933871517e+01
-2.383703262612535667e+01 3.836283246446526185e+00 9.669479505461321622e+00
-2.192642010509662498e+01 4.428822114244121089e+00 9.451546871110291903e+00
-1.969231553193640138e+01 5.152396160380407153e+00 9.649866395925357665e+00
-1.715109289591192265e+01 6.040301515547291444e+00 1.025114421020236399e+01
-1.431893605997155383e+01 7.174837792472352760e+00 1.121995315371984248e+01
-1.121188457430477392e+01 8.640389846447549260e+00 1.251825927649575654e+01
-7.845802610667061749e+00 1.050791411145107368e+01 1.411215381252688950e+01
-4.233891328394627784e+00 1.283149806962806849e+01 1.597293897188811940e+01
-8.345390862983573799e-01 1.514929250051950049e+01 1.762054080755820351e+01
1.928929665182739672e+00 1.693984171491873170e+01 1.859914678357170814e+01
4.103488155043661934e+00 1.814769861217254743e+01 1.892356123465307860e+01
5.735057527543410139e+00 1.871519531338322295e+01 1.861132049524291787e+01
6.860685225225196859e+00 1.858812740863747592e+01 1.768202839690365380e+01
7.493126599100572882e+00 1.772258063068128564e+01 1.615848589182758488e+01
7.596006661160125795e+00 1.609799858333811784e+01 1.406864003282434439e+01
7.108187330466257059e+00 1.371841826544664400e+01 1.143866012406506627e+01
5.959244560692848580e+00 1.060819463466393842e+01 8.289588558410169838e+00
4.079113006778417372e+00 6.807305996701892070e+00 4.635336438106184787e+00
1.879288144430099505e+00 2.977958675138073108e+00 1.061129131487883459e+00
-1.628951609560313485e-01 -2.470632781400128319e-01 -1.864220428013309228e+00
-2.004220618571658896e+00 -2.871394676753270314e+00 -4.157711488953900414e+00
-3.595568623823484078e+00 -4.908322932123322602e+00 -5.834675533723108209e+00
-4.888359901632254534e+00 -6.379049270663996296e+00 -6.907093529527642772e+00
-5.842870226020320246e+00 -7.308553345257273293e+00 -7.381777255573117813e+00
-6.441840699589993058e+00 -7.716302857692323158e+00 -7.257762762504961884e+00
-6.686463116972502618e+00 -7.615348746509663869e+00 -6.527974886423399070e+00
-6.590449042312834571e+00 -7.014056687130818979e+00 -5.181148647919055605e+00
-6.175804136342827100e+00 -5.917587729722471934e+00 -3.203221531673706934e+00
-5.492618206908248979e+00 -4.555742120609742152e+00 -1.067449555278811912e+00
-4.577305700171212521e+00 -3.145749010673889678e+00 7.469824538134592906e-01
-3.433546682719840426e+00 -1.670304931307621032e+00 2.245025472323791682e+00
-2.063037836636741229e+00 -1.109028336265946990e-01 3.429338674927880248e+00
-4.654533890111693384e-01 1.550115479584787126e+00 4.299939714867803353e+00
1.361214803633439718e+00 3.327683325549338544e+00 4.853815885632227989e+00
3.418098862466254051e+00 5.233643930989889448e+00 5.085478064663923270e+00
5.705647345819738092e+00 7.276815449859980411e+00 4.988210140990806174e+00
8.224986085066543495e+00 9.461910419217925750e+00 4.554463347375314441e+00
1.097909929708236021e+01 1.178832699819097130e+01 3.776078757859679058e+00
1.345078815861741539e+01 1.383298449948814124e+01 2.886033450090089936e+00
1.513412176238639617e+01 1.515747146068737550e+01 2.119640354374316971e+00
1.604577106170404122e+01 1.574013571563323666e+01 1.475262525029992666e+00
1.619365825693003913e+01 1.556949038310031952e+01 9.557330646434740729e-01
1.557506515725473051e+01 1.464602295772536777e+01 5.682754233112277120e-01
1.417283291296365633e+01 1.298654314077091954e+01 3.250125253622986321e-01
1.195069606753694913e+01 1.063061352221071232e+01 2.434296951373395856e-01
8.867088392245790374e+00 7.627266321867510079e+00 3.401142246697812510e-01
4.883687267233730367e+00 4.025461526481746155e+00 6.268283887209735727e-01
-2.907956700570113462e-02 -1.335983645872715897e-01 1.107992215713508699e+00
-4.925092805147340158e+00 -4.051923789411505439e+00 1.688697480473507095e+00
-8.810916457191657614e+00 -6.993164380542827629e+00 2.260018383530353336e+00
-1.163674010221206956e+01 -9.021583634054120893e+00 2.802008494984224107e+00
-1.335936345339648668e+01 -1.019708018506774216e+01 3.301583564716687569e+00
-1.394813685430653827e+01 -1.056571107216002048e+01 3.755098543469284511e+00
-1.339371574390878195e+01 -1.014564248679462821e+01 4.172703778638226169e+00
-1.172064734471250347e+01 -8.907397117543350618e+00 4.585247579929906614e+00
-8.974687362639201638e+00 -6.794007164761959316e+00 5.036455631874876104e+00
-5.213450263445757571e+00 -3.736909251613130589e+00 5.576905682171505063e+00
-4.995615112569232741e-01 3.335259507489101161e-01 6.258977908812674684e+00
4.102182235431529378e+00 4.527975632397901684e+00 6.931856331449230524e+00
7.598093066947294361e+00 7.891061146431667339e+00 7.378243018120118180e+00
1.004080784836315132e+01 1.038329330640709891e+01 7.543763302076923694e+00
1.148746450973148647e+01 1.196317356694363809e+01 7.372748179215520281e+00
1.199179613541296163e+01 1.259193331075807087e+01 6.815257848668005991e+00
1.159314211711574316e+01 1.223813711564132944e+01 5.837538617869883595e+00
1.030208911857783427e+01 1.088449150477462979e+01 4.436001424064236254e+00
8.110096990499094716e+00 8.525177619504514581e+00 2.626450448479292987e+00
4.997156240893008139e+00 5.162849646398357528e+00 4.353309578104738176e-01
9.369730171477909098e-01 8.068042446917083055e-01 -2.106583992659383675e+00
-3.174642334882358696e+00 -3.548368213457928189e+00 -4.468465683717644410e+00
-6.417526291418388595e+00 -6.913763967902542440e+00 -6.150025722124651928e+00
-8.775880236822969138e+00 -9.288267138763115938e+00 -7.173435668171529223e+00
-1.022851996712905631e+01 -1.067530011275509949e+01 -7.564592855383262204e+00
-1.075388367483904517e+01 -1.108219686990528174e+01 -7.346841587250514394e+00
-1.033608511984685485e+01 -1.051914408400257273e+01 -6.533129055631772708e+00
-8.971852871814343544e+00 -8.997205188612618088e+00 -5.116875867961522495e+00
-6.667151187970717707e+00 -6.526606189115603307e+00 -3.078147394311284035e+00
-3.434853785008020743e+00 -3.116231604982545367e+00 -3.882017940787649835e-01
7.064328387667073716e-01 1.226698843188748667e+00 2.987661939532787692e+00
4.854386471796795277e+00 5.580187377639118651e+00 6.412920982364603617e+00
8.121803913382818152e+00 9.033014424000359810e+00 9.216288857582867422e+00
1.051392099605533659e+01 1.159598133683421040e+01 1.137704272289361818e+01
1.204149894851217972e+01 1.327989144759123086e+01 1.286847779359211152e+01
1.271980007015511305e+01 1.409478058091509567e+01 1.366049061537710152e+01
1.256843198687588448e+01 1.404816726852334696e+01 1.372217607919973048e+01
1.161249670026878889e+01 1.314195627697789348e+01 1.302446253132529463e+01
9.877155976842669105e+00 1.137563621407356962e+01 1.154220852008742426e+01
7.382894667963835644e+00 8.748422940825548721e+00 9.256423965458196790e+00
4.141503603427304725e+00 5.260433842108128033e+00 6.156570141393093998e+00
8.148910576374768233e-01 1.634261133728201143e+00 2.875151482288657689e+00
-1.954054656715651372e+00 -1.407172548675851953e+00 6.345334294840959677e-02
-4.189375856212047111e+00 -3.861779780583366684e+00 -2.255984349935976407e+00
-5.910654221718820267e+00 -5.727749478807488970e+00 -4.065540954905182858e+00
-7.130274973741867583e+00 -7.004288013644535127e+00 -5.354055377689117101e+00
-7.849163756230542077e+00 -7.693549238317331174e+00 -6.119134836877794470e+00
-8.049326488750637054e+00 -7.805070390675822090e+00 -6.371077600350425030e+00
-7.698959432785188461e+00 -7.353764616738891036e+00 -6.130255128107182649e+00
-6.758260350129262406e+00 -6.358131128177982205e+00 -5.424183436935439140e+00
-5.183933504469820264e+00 -4.838839087456534571e+00 -4.285295868851418888e+00
-3.343981714966502761e+00 -3.127885913265342932e+00 -2.915891263777241171e+00
-1.638443220968965219e+00 -1.530502412788557143e+00 -1.495564965390482115e+00
-7.459701284650267772e-02 -2.521570230681322022e-02 -2.357646428136558545e-02
1.337407243864705997e+00 1.411633529459137559e+00 1.502494372310570814e+00
2.584991724127050361e+00 2.804410770675204834e+00 3.086432101992881094e+00
3.654002398719366163e+00 4.175922730541111960e+00 4.733267607751579398e+00
4.532426673835645126e+00 5.542624569778287658e+00 6.449390342603955162e+00
5.210940606502838968e+00 6.913591637592333861e+00 8.242735024186391257e+00
5.682196976070226668e+00 8.291061932105462162e+00 1.012291165743036991e+01
5.940527004445083747e+00 9.670786845048290559e+00 1.210125747571862753e+01
5.994643391925084330e+00 1.087362254465075573e+01 1.388134631404853536e+01
5.852422393694426184e+00 1.170510116121411492e+01 1.517340925073314928e+01
5.510934359238420122e+00 1.213692436420157961e+01 1.599683050981772858e+01
4.970379503770469221e+00 1.214695256253799727e+01 1.636534397255619311e+01
4.233125080690473219e+00 1.172097956670588381e+01 1.628534701410885077e+01
3.302460745237017825e+00 1.085731170078965135e+01 1.575252403467819207e+01
2.181295148674386564e+00 9.575102066760655006e+00 1.474698327327170233e+01
8.724958682159681400e-01 7.903109516316645156e+00 1.324287658848186666e+01
-6.212691402125147810e-01 5.873899754262081885e+00 1.121369427702264510e+01
-2.297918924938198604e+00 3.520696708194778424e+00 8.635271874867566311e+00
-3.991059786357989747e+00 1.221832685726307322e+00 6.017332389669446613e+00
-5.536753425189507638e+00 -6.757519691059636902e-01 3.893466979998796873e+00
-6.937271200297089990e+00 -2.191031210377195393e+00 2.281792693239937275e+00
-8.194531902511247523e+00 -3.344972787115258583e+00 1.202420505437108433e+00
-9.309640950713866658e+00 -4.156832726157201563e+00 6.751276515145439028e-01
-1.028244435410801216e+01 -4.640357556750211998e+00 7.161246314380418365e-01
-1.111126441997575576e+01 -4.800945529574218718e+00 1.332266490471188947e+00
-1.179287928576002287e+01 -4.635796746776413180e+00 2.523263743649218682e+00
-1.232276971650443009e+01 -4.136259647381835158e+00 4.284015057765454770e+00
-1.269540543121391352e+01 -3.290446453369625601e+00 6.606043405709806748e+00
-1.296934045733203078e+01 -2.373209762821293367e+00 8.862805139876927640e+00
-1.321056838243312193e+01 -1.675376960379942659e+00 1.043478876513841769e+01
-1.342495989206690865e+01 -1.211627229009935469e+00 1.132383296639899051e+01
-1.361921908295793493e+01 -9.987879857691943641e-01 1.153288948950526560e+01
-1.380053843403099378e+01 -1.052786502150233616e+00 1.106491826718875160e+01
-1.397614649183865332e+01 -1.385896717830113367e+00 9.921758190246912079e+00
-1.415225127320347553e+01 -2.005780395801044502e+00 8.103515486031518833e+00
-1.433268378785973596e+01 -2.915286857118474906e+00 5.608226900115862890e+00
-1.451729770430766564e+01 -4.112479908659672390e+00 2.431791666858772683e+00
-1.470031819776330373e+01 -5.590757460541063040e+00 -1.431987259672373280e+00
-1.476251180474965174e+01 -7.058649572246096682e+00 -5.321853841067385460e+00
-1.458109723673961255e+01 -8.229977207426225405e+00 -8.573364475350949476e+00
-1.414228408778919999e+01 -9.103833951933021140e+00 -1.118716656408487786e+01
-1.343696493951220106e+01 -9.679944694068423061e+00 -1.316067418187470217e+01
-1.246243760362877318e+01 -9.957566588379295425e+00 -1.448794574499800092e+01
-1.122735448362426602e+01 -9.933198264401765343e+00 -1.515813785868092012e+01
-9.762552824545284835e+00 -9.598477197359331470e+00 -1.515201688798963886e+01
-8.109427997050072889e+00 -8.948710464752316796e+00 -1.444887489794714597e+01
-6.312013938039287453e+00 -7.984379101799490286e+00 -1.303027819327414250e+01
-4.411941644299622212e+00 -6.709836286204988731e+00 -1.088206911061260662e+01
-2.600577644011853984e+00 -5.427682952782524772e+00 -8.520515240632489551e+00
-1.027478503998686898e+00 -4.438920221938504440e+00 -6.478343809758235317e+00
3.344150630580021155e-01 -3.748554792168977912e+00 -4.769998234573271212e+00
1.510606937213142320e+00 -3.363681475210996918e+00 -3.407953787111896116e+00
2.521103341866891334e+00 -3.294211922124595127e+00 -2.400864136918173131e+00
3.377485432428089851e+00 -3.552672857303962317e+00 -1.751820148362055019e+00
4.083081319792277064e+00 -4.150440256547980766e+00 -1.456987942101062750e+00
4.630535425065736455e+00 -5.099216740237832113e+00 -1.504894219814555179e+00
5.004044453101683665e+00 -6.410852056118636177e+00 -1.877915400608768604e+00
5.182896568713982965e+00 -8.096065005350666866e+00 -2.554238151061067885e+00
5.072368101645466254e+00 -9.758770427340952125e+00 -3.260413226046619428e+00
4.606182945445818078e+00 -1.098142589993299367e+01 -3.746314628983996364e+00
3.809969430729024609e+00 -1.173958745118557445e+01 -4.027728358459844671e+00
2.713315410775977821e+00 -1.200967912946657634e+01 -4.125497880583930410e+00
1.345923170054191820e+00 -1.177213517806709220e+01 -4.064042254974720159e+00
-2.679716475381589413e-01 -1.101413587673075334e+01 -3.869049834709560098e+00
-2.117047140448357734e+00 -9.730162238634893157e+00 -3.563328875909212101e+00
-4.197360088474495932e+00 -7.919264680066568474e+00 -3.164610702529627950e+00
-6.510032384712940434e+00 -5.584341450121395489e+00 -2.683808443907360175e+00
-9.060745058281487019e+00 -2.731969207301967018e+00 -2.123171647370090565e+00
-1.146349662840360928e+01 1.228516301886186657e-01 -1.595793259805931674e+00
-1.333512259683733170e+01 2.461796145656187651e+00 -1.202343249262840086e+00
-1.468481178891705063e+01 4.275338152365116606e+00 -9.214735620165277474e-01
-1.551690968026130690e+01 5.559977792168345090e+00 -7.370469440356188784e-01
-1.583136344901327419e+01 6.318025063630801519e+00 -6.401911163112226077e-01
-1.562414196190859528e+01 6.557527815431514639e+00 -6.323511412763398454e-01
-1.488760375541903969e+01 6.292258753811965200e+00 -7.301716340240105296e-01
-1.361090272294539361e+01 5.542030617498134859e+00 -9.603521117273130514e-01
-1.178050270964999768e+01 4.332291334516941816e+00 -1.354593544326943899e+00
-9.380787154631073932e+00 2.693213711267008481e+00 -1.945700449574998547e+00
-6.845448718132890242e+00 9.931482066022880861e-01 -2.481943145595578493e+00
-4.625665000564055163e+00 -4.443233133921276057e-01 -2.681449650400976381e+00
-2.731160842912685904e+00 -1.654930266766029945e+00 -2.529370653621693776e+00
-1.171456113940515076e+00 -2.673785077818399802e+00 -2.010400905333280974e+00
4.475663137924490442e-02 -3.531919707727340096e+00 -1.109529538760750222e+00
9.099559197746500683e-01 -4.252687437318518171e+00 1.868662870205215487e-01
1.417010513413757611e+00 -4.850950059735759545e+00 1.887791226287692581e+00
1.558561690164189661e+00 -5.335686578922229195e+00 3.998820444261961704e+00
1.326808888821249255e+00 -5.710580378558120174e+00 6.523001994494636691e+00
7.132629582938003754e-01 -5.974239982552149719e+00 9.461020564648970677e+00
2.806486396944096740e-02 -6.195517739281433123e+00 1.229295057706203842e+01
-4.124766804423178890e-01 -6.432867920782765481e+00 1.450015091017429469e+01
-6.090359467929089554e-01 -6.674599432574224167e+00 1.608343277016042450e+01
-5.626334366830278988e-01 -6.919793538954807310e+00 1.704370186066443438e+01
-2.738662851498956385e-01 -7.176847931357285937e+00 1.738223265267338746e+01
2.591128873520487375e-01 -7.461077450046920134e+00 1.710139566903713870e+01
1.045288324917643896e+00 -7.790199341351633500e+00 1.620605662042209971e+01
2.096267988902115853e+00 -8.185522793564523170e+00 1.470231822132253541e+01
3.423984700892724220e+00 -8.671909426615206584e+00 1.259691456997274983e+01
5.039800182005743423e+00 -9.276853428095257925e+00 9.896955454826397158e+00
6.683893760573197618e+00 -9.931562058022695538e+00 7.063543341424617594e+00
8.088771436170638651e+00 -1.054183588463263632e+01 4.548293754139534073e+00
9.253508275661751270e+00 -1.109572752128065432e+01 2.343488661957718655e+00
1.017763032744885265e+01 -1.157834633955627446e+01 4.406232787578057142e-01
1.086130961779490711e+01 -1.197271212658968587e+01 -1.169302644631944332e+00
1.130494940579968244e+01 -1.226113996421305075e+01 -2.495180919563756206e+00
1.150785889638799375e+01 -1.242770855211276526e+01 -3.544509619940349410e+00
1.147008257074975290e+01 -1.245722634418803665e+01 -4.323955786126360223e+00
1.119276952271791359e+01 -1.233492673812048679e+01 -4.839638857293567575e+00
1.067796123874072123e+01 -1.204665346449158569e+01 -5.097152995517422625e+00
9.928381179144343704e+00 -1.157903468822015114e+01 -5.101579126308492640e+00
8.947226610777054390e+00 -1.091964715008636588e+01 -4.857485935187925818e+00
7.737963169872231539e+00 -1.005717167524683120e+01 -4.368919590845176337e+00
6.304122656426403459e+00 -8.981541407255907217e+00 -3.639382480816613974e+00
4.649104573905742832e+00 -7.684084188530008852e+00 -2.671801747630459190e+00
2.775890556321185532e+00 -6.157728926412845638e+00 -1.468375108855839883e+00
6.868177701003540525e-01 -4.396881263726649891e+00 -3.040653202718246462e-02
-1.615803933097066158e+00 -2.396332390870034246e+00 1.640902291556926240e+00
-4.129480756117739126e+00 -1.507749461049188167e-01 3.544099534874894708e+00
-6.851453692125909711e+00 2.345512814867694473e+00 5.677278999030985318e+00
-9.778609851213229121e+00 5.098975707551724135e+00 8.037866423042483888e+00
-1.290738644269508129e+01 8.117082573953886993e+00 1.062239655314842501e+01
-1.623366663314970992e+01 1.140861839496813168e+01 1.342628071483407304e+01
-1.975266567136375073e+01 1.498396587966122695e+01 1.644356418702301781e+01
