-5.414577180724619021e-01 -1.290884766812716300e-01 -1.150668017178693603e+00
-6.509189267172073023e-01 -1.535855511887487257e-01 -1.297343732607062039e+00
-7.217156257285766152e-01 -1.695844071150462151e-01 -1.392249695201994042e+00
-7.538805950612144091e-01 -1.769208038748271428e-01 -1.435388925788037451e+00
-7.474497920252084482e-01 -1.754311564097281451e-01 -1.426762686921157819e+00
-7.024623346766827314e-01 -1.649526094892937167e-01 -1.366370482471502168e+00
-6.189599221043152744e-01 -1.453229764181792893e-01 -1.254210499897043363e+00
-4.969857006402082500e-01 -1.163805060975703631e-01 -1.090280494782611242e+00
-3.365825830841996380e-01 -7.796345446794203382e-02 -8.745791167869095828e-01
-1.377910228900973699e-01 -2.990945791218055719e-02 -6.071076763937888199e-01
9.935376329200534817e-02 2.794526287503717663e-02 -2.878723529143445981e-01
3.434829579111274289e-01 8.826597124830519447e-02 3.188404859091314297e-02
5.632742683588338739e-01 1.435045388524008592e-01 3.009234368484192679e-01
7.587790150112969645e-01 1.934717640061676125e-01 5.192402731483392042e-01
9.300611428032511396e-01 2.379319302350843823e-01 6.868290225589332998e-01
1.077195079314401616e+00 2.766022314585296904e-01 8.036863987358575656e-01
1.200264003023302717e+00 3.091523796920402356e-01 8.698136206996113229e-01
1.299358795464782057e+00 3.352044784283764178e-01 8.852185405634120929e-01
1.374577958871574523e+00 3.543332138006958787e-01 8.499175006949251099e-01
1.426028786350033606e+00 3.660663895334241302e-01 7.639367794160770719e-01
1.453830073684816648e+00 3.698858158837456389e-01 6.273134860828074588e-01
1.447687710615598755e+00 3.621729581329050651e-01 4.711189550028053175e-01
1.397144370681949965e+00 3.399395124268850821e-01 3.264264850092669645e-01
1.302104810383838407e+00 3.035273632641060093e-01 1.932799659704613204e-01
1.162498229520329440e+00 2.532089830549754672e-01 7.171858625961312350e-02
9.782767318912982679e-01 1.891866304329667126e-01 -3.822110702676929234e-02
7.494144346896461917e-01 1.115916788834130785e-01 -1.365028416581133830e-01
4.759071427438556490e-01 2.048402192102546232e-02 -2.230883513718215638e-01
1.577725079649277273e-01 -8.414851495871703002e-02 -2.979356115010967643e-01
-2.049494038648947969e-01 -2.023908339282436131e-01 -3.609979911349644466e-01
-6.121952193020633315e-01 -3.344013698352896191e-01 -4.122247414572490776e-01
-9.822952802079056855e-01 -4.528033951955353076e-01 -4.395264569301411961e-01
-1.233651598349301493e+00 -5.299479006850702500e-01 -4.309399072351369209e-01
-1.366268929387988162e+00 -5.657148069002509994e-01 -3.865909938365065246e-01
-1.380123005224078270e+00 -5.600819152564817660e-01 -3.065906016595729700e-01
-1.275160335635312503e+00 -5.131248778484674977e-01 -1.910348771850080563e-01
-1.051298083887151735e+00 -4.250182035256793722e-01 -4.000558257401978096e-02
-7.084244862234395645e-01 -2.960372536091855911e-01 1.464309684787414578e-01
-2.464002907479747040e-01 -1.265612002292215155e-01 3.682279181194417772e-01
3.349382705456838694e-01 8.292313916084786962e-02 6.253663863259226741e-01
1.035774373596561881e+00 3.318168771160962538e-01 9.178701342012495212e-01
1.710989793814488236e+00 5.776062576012930272e-01 1.187455394259520958e+00
2.215282070012007054e+00 7.786729470230832062e-01 1.375668657807037842e+00
2.548638364373446930e+00 9.356023371744693895e-01 1.482224257893608454e+00
2.711143926419087524e+00 1.048877878916394613e+00 1.506695442510985750e+00
2.702985601069626931e+00 1.118875006984308529e+00 1.448511404172903028e+00
2.524452046799429361e+00 1.145859567471701590e+00 1.306960958646389059e+00
2.175931037431296122e+00 1.129994712658674683e+00 1.081199955029753301e+00
1.657904336858347927e+00 1.071359960325048100e+00 7.702593546091668353e-01
9.709405885317093921e-01 9.699857266196032501e-01 3.730511843605924804e-01
1.156863219543085575e-01 8.259063109967457184e-01 -1.116295832523958032e-01
-7.332060315220770841e-01 6.761169149922168220e-01 -5.964357393487160763e-01
-1.402073531077423052e+00 5.578341183769145450e-01 -9.921947308981882152e-01
-1.891729198618602448e+00 4.715398780981202576e-01 -1.297465141650916198e+00
-2.203022662531310516e+00 4.177678375089995955e-01 -1.510796288909445506e+00
-2.336841023128801265e+00 3.970682762125996024e-01 -1.630717982197521287e+00
-2.294109665453954339e+00 4.099948372203656710e-01 -1.655738158991728382e+00
-2.075793028273108742e+00 4.571139260632611778e-01 -1.584348662513596295e+00
-1.682895655473624963e+00 5.390377982169031190e-01 -1.415039000914540601e+00
-1.116463677648134034e+00 6.564821790637137555e-01 -1.146318357325046833e+00
-3.775861528570830239e-01 8.103488171088071290e-01 -7.767474554325358715e-01
3.778175584441372248e-01 9.602533339362120390e-01 -3.878682581464608647e-01
9.951166158974971143e-01 1.064560423710232628e+00 -6.293923518855400190e-02
1.475078422066311568e+00 1.122538438829054241e+00 1.969543822531791000e-01
1.818403076502191684e+00 1.133480614178987933e+00 3.908962320763679221e-01
2.025716186964674037e+00 1.096682593635711411e+00 5.181531636791294471e-01
2.097561965197951572e+00 1.011434994841504009e+00 5.781807697561942572e-01
2.034397649302355227e+00 8.770275173925032863e-01 5.706205134487578601e-01
1.836590412034096342e+00 6.927608505959206298e-01 4.952887626103151253e-01
1.504417773248530432e+00 4.579626521456863775e-01 3.521582702149200217e-01
1.038072214077693900e+00 1.720041566478165418e-01 1.413330163475427503e-01
5.368215957776902858e-01 -1.157268130274834161e-01 -8.459145991164972178e-02
9.984778903716139131e-02 -3.552773658665702161e-01 -2.733759134244413413e-01
-2.728453245777176517e-01 -5.464198915236854193e-01 -4.253294339982808259e-01
-5.812598100881155583e-01 -6.889665047286936961e-01 -5.407036828790227068e-01
-8.254065978378818391e-01 -7.827652337450158315e-01 -6.196898373749978317e-01
-1.005306524393383860e+00 -8.276982268426139600e-01 -6.624168311972569168e-01
-1.120989989864273673e+00 -8.236815019076515476e-01 -6.689506576093467993e-01
-1.172495729453444380e+00 -7.706657272539018111e-01 -6.392945453733502870e-01
-1.159869202427542545e+00 -6.686375145500407235e-01 -5.733898161565823548e-01
-1.083161105841244698e+00 -5.176207185565591118e-01 -4.711172037123730894e-01
-9.832464075862156205e-01 -3.529579554820383436e-01 -3.652850751412114461e-01
-9.009859979085428350e-01 -2.098049363750953966e-01 -2.889093111111258882e-01
-8.363946516433704570e-01 -8.793995005909363560e-02 -2.421407646004734848e-01
-7.894621110318770230e-01 1.284956939728940789e-02 -2.251357484047972757e-01
-7.601520460180130057e-01 9.276658942914044192e-02 -2.380564728925399498e-01
-7.484016369009608427e-01 1.520042054326282699e-01 -2.810711047887222702e-01
-7.541217604970525956e-01 1.907456442937825458e-01 -3.543535257330585053e-01
-7.771977627259240018e-01 2.091646449687948328e-01 -4.580828729046307335e-01
-8.174908027412733924e-01 2.074263138053142885e-01 -5.924429438513099111e-01
-8.748397577848118223e-01 1.856885456024790493e-01 -7.576215434689189676e-01
-9.237487614341755027e-01 1.572133249190727500e-01 -9.141379153616986386e-01
-9.389299051289492493e-01 1.350631663420827078e-01 -1.022309345351143817e+00
-9.205143231922386926e-01 1.191122263751504262e-01 -1.082029220969774164e+00
-8.686273205305119482e-01 1.092603807138961547e-01 -1.093199444958699029e+00
-7.833882166003052205e-01 1.054333891964403247e-01 -1.055730142265719040e+00
-6.649105691555751152e-01 1.075836526654805059e-01 -9.695392635586710384e-01
-5.133026299950369520e-01 1.156914972931242513e-01 -8.345521813898041374e-01
-3.286678765890373999e-01 1.297669310053014002e-01 -6.507013830832736323e-01
-1.111054502922647486e-01 1.498518258638021627e-01 -4.179263755929558677e-01
1.392896857282968637e-01 1.760224860738640873e-01 -1.361739313077554858e-01
3.861605158250930314e-01 1.982867526133585412e-01 1.460868312491105103e-01
5.932661359921910238e-01 2.064998798423065829e-01 3.803341554332312913e-01
7.606672190753540619e-01 2.005321986812506341e-01 5.665564637070570342e-01
8.883943161216144579e-01 1.802473951374201355e-01 7.047697538482572410e-01
9.764468423774680383e-01 1.455024968061246204e-01 7.950184904800770003e-01
1.024792509042298905e+00 9.614829447799790041e-02 8.373761775921128026e-01
1.033367291223737494e+00 3.202989315556970668e-02 8.319456306870891549e-01
1.002076016957865301e+00 -4.701292476730056791e-02 7.788589735431966643e-01
9.307936535106884346e-01 -1.411458450235851536e-01 6.782773912118765791e-01
8.193673602230774344e-01 -2.505409913420533208e-01 5.303906736217255391e-01
6.776329397585857395e-01 -3.472553745274158388e-01 3.656487741081378418e-01
5.156807797362548129e-01 -4.031096593946142947e-01 2.142105617258353301e-01
3.336794433242210034e-01 -4.179693540234903915e-01 7.590609710506569796e-02
1.317417869009311349e-01 -3.917533585890082826e-01 -4.935881937191529539e-02
-9.007537573944998655e-02 -3.244322977021280585e-01 -1.616016199660507968e-01
-3.317710849087327496e-01 -2.160279546009563623e-01 -2.607621497107355801e-01
-5.933999780499188414e-01 -6.661391210368398930e-02 -3.467024305679842211e-01
-8.750724132689220447e-01 1.236825013016644714e-01 -4.192073996699969274e-01
-1.176955409053153767e+00 3.546768752590805374e-01 -4.779870367810373222e-01
-1.499274811444120115e+00 6.261229313656144768e-01 -5.226803381219048417e-01
-1.802422350061027911e+00 8.797250286465811975e-01 -5.582215009545667961e-01
-2.046349161104157321e+00 1.057560846948598865e+00 -5.903693331771444619e-01
-2.230646696915189686e+00 1.159922874303772833e+00 -6.200000405045855700e-01
-2.354874914586784662e+00 1.187147165782809433e+00 -6.480515658060416184e-01
-2.418561224459222725e+00 1.139619980773471930e+00 -6.755193418526651561e-01
-2.421204157489451614e+00 1.017780937281153708e+00 -7.034552234772304402e-01
-2.362282180801122067e+00 8.221223184691364150e-01 -7.329703623742028773e-01
-2.241268080003506746e+00 5.531841991889205890e-01 -7.652427823069102297e-01
-2.057649388986641181e+00 2.115450407799165378e-01 -8.015302724755281050e-01
-1.810955497483644816e+00 -2.021926877015259305e-01 -8.431889278119825137e-01
-1.541649943995537786e+00 -6.119204612924151743e-01 -8.725932194106957862e-01
-1.290829997425132269e+00 -9.423889028418954705e-01 -8.702466706851081923e-01
-1.058934620058657794e+00 -1.194242268031574294e+00 -8.348976478537366575e-01
-8.462650889569740542e-01 -1.368068143356166333e+00 -7.654334598112756405e-01
-6.529766001673947828e-01 -1.464384086446827382e+00 -6.608723638691356150e-01
-4.790778768355210548e-01 -1.483627032199235529e+00 -5.203596315199121580e-01
-3.244372215863617348e-01 -1.426145725159815081e+00 -3.431662578434233057e-01
-1.887934474057517131e-01 -1.292196433144264578e+00 -1.286888417621312175e-01
-7.177009726704848547e-02 -1.081942132129019463e+00 1.235507769746952700e-01
2.710864181174857390e-02 -7.954552530016544276e-01 4.139073997668311633e-01
1.151381861628327924e-01 -4.839074578603686505e-01 7.031860428835189358e-01
1.989926568894269387e-01 -1.984743744446293701e-01 9.520499500141638149e-01
2.783189868824924584e-01 6.081295544487726190e-02 1.160561808132334116e+00
3.528141326644604336e-01 2.939048328568602542e-01 1.328795729675672499e+00
4.222239151283283531e-01 5.007357700722278038e-01 1.456833831757010200e+00
4.863419176734339877e-01 6.812261582191720954e-01 1.544763935367862384e+00
5.450085558718145151e-01 8.352829605772039701e-01 1.592678212388555448e+00
5.981104008810786965e-01 9.627996534424331232e-01 1.600672618805482728e+00
6.455798243954288251e-01 1.063655630919454032e+00 1.568846961270037976e+00
6.873950319105878171e-01 1.137715284633573187e+00 1.497305450654058401e+00
7.156994835967777080e-01 1.184414197872996066e+00 1.399664270317211301e+00
7.224640616238172663e-01 1.203431715684627701e+00 1.289430030593427423e+00
7.074713291050857000e-01 1.194970798135430945e+00 1.166540220757102286e+00
6.705411460680444913e-01 1.159213053863445531e+00 1.030924207433104201e+00
6.115294638588806286e-01 1.096317532583172216e+00 8.825038977302596122e-01
5.303269484416870405e-01 1.006419762155947195e+00 7.211948690187117705e-01
4.268574568204177577e-01 8.896310899796815441e-01 5.469077884082207408e-01
3.010763999633945254e-01 7.460383767974501090e-01 3.595499496251182148e-01
1.529690331958836191e-01 5.757040793828157588e-01 1.590267621457958913e-01
-1.745128031681232941e-02 3.786667483240575560e-01 -5.475696306448959993e-02
-1.776602981991376728e-01 1.898680270966297545e-01 -2.501784139780159899e-01
-2.952931356316467748e-01 4.424733837094739497e-02 -3.954444878922664386e-01
-3.705484191158323615e-01 -5.817687745426707718e-02 -4.904038723785559828e-01
-4.036142075091445069e-01 -1.173860411145702942e-01 -5.349158185861548898e-01
-3.946675731824712541e-01 -1.333621880309217855e-01 -5.288495019793288954e-01
-3.438745542767549512e-01 -1.060876605752814894e-01 -4.720840038423468887e-01
-2.513904341670248899e-01 -3.554385231072589024e-02 -3.645088534837185312e-01
-1.173602989871040114e-01 7.829088197809919158e-02 -2.060250754123613970e-01
5.808019550283005650e-02 2.354440346866361333e-01 3.453299299243971568e-03
2.748039479801633322e-01 4.359523527939564991e-01 2.639972749594707291e-01
4.885498491152276967e-01 6.401795808536620003e-01 5.409733365396710569e-01
6.550960225115579627e-01 8.085539187911848780e-01 7.996265978316420275e-01
7.743376716621052092e-01 9.412883867148901240e-01 1.039817257388904848e+00
8.461148086962050341e-01 1.038688617015684379e+00 1.261380843434827259e+00
8.702166386303534784e-01 1.101153886373943847e+00 1.464126059365319144e+00
8.463863553564825448e-01 1.129178870535672896e+00 1.647833465887709625e+00
7.743260595675149904e-01 1.123356105357918855e+00 1.812255738682745587e+00
6.537014891936253624e-01 1.084379175418191954e+00 1.957120222950023303e+00
4.841462420976991865e-01 1.013046677563154363e+00 2.082134494056490759e+00
2.652651761304947731e-01 9.102670091654261331e-01 2.186995630934145396e+00
4.366453672082500764e-02 7.981951142229086749e-01 2.261852773153326446e+00
-1.333844853452173240e-01 6.976316236744004584e-01 2.297297615425628603e+00
-2.653519346885268582e-01 6.075677063103236408e-01 2.293677094077306133e+00
-3.517787540302874660e-01 5.270305424290574470e-01 2.251312090838629487e+00
-3.922741383911257929e-01 4.550837164171449567e-01 2.170490739035280559e+00
-3.865107038637414227e-01 3.908296025728813516e-01 2.051465445791303299e+00
-3.342176099066572759e-01 3.334132359877474694e-01 1.894453360809066345e+00
-2.351717927293795751e-01 2.820271866928211191e-01 1.699640002789393423e+00
-8.918749926255173377e-02 2.359170299422697903e-01 1.467185725681776187e+00
1.038956502180850699e-01 1.943871223266282200e-01 1.197234674329793025e+00
2.872482345023218420e-01 1.544768171530682965e-01 9.178651358467390109e-01
4.039201445313415073e-01 1.141264448945007171e-01 6.569909962166490258e-01
4.538910292014386449e-01 7.392494554400434736e-02 4.145225506114849634e-01
4.371513118591809355e-01 3.430814335922701547e-02 1.903926980996385188e-01
3.536971852870976485e-01 -4.441342796003441146e-03 -1.544262563182721877e-02
2.035278802119745156e-01 -4.219381644506071255e-02 -2.030023072536258355e-01
-1.335512006338763526e-02 -7.897209164551560745e-02 -3.722773894069631995e-01
-2.969472462536185686e-01 -1.149511911543711629e-01 -5.232290626206490547e-01
-6.472387178865958157e-01 -1.504583916429129697e-01 -6.557885002828689469e-01
-1.064211453781709782e+00 -1.859738287576769289e-01 -7.698597275590733924e-01
-1.473359691186672649e+00 -2.165894521721682120e-01 -8.685429274509778308e-01
-1.800237337823261230e+00 -2.366492048133939374e-01 -9.550328496498151631e-01
-2.044917201285421537e+00 -2.456038586591427486e-01 -1.029336536750329323e+00
-2.207486843396589293e+00 -2.428744850139777922e-01 -1.091425414779327197e+00
-2.288050370845160941e+00 -2.278536024789008796e-01 -1.141230136789027849e+00
-2.286729855654148214e+00 -1.999065051324280806e-01 -1.178638489789734844e+00
-2.203666407094692747e+00 -1.583722986461906235e-01 -1.203496666403876869e+00
-2.039020928936607024e+00 -1.025641242133892156e-01 -1.215614171901523211e+00
-1.792974600115467387e+00 -3.176806266174926618e-02 -1.214772611582072503e+00
-1.465729109037116951e+00 5.475971019837620052e-02 -1.200738596771950384e+00
-1.114780538135176080e+00 1.402085362295188709e-01 -1.165628543087262825e+00
-7.973525013227402702e-01 2.067650930657762287e-01 -1.101896339868158270e+00
-5.132708872261937394e-01 2.537831753390148437e-01 -1.009792897329161221e+00
-2.623822092848885346e-01 2.807330803433673583e-01 -8.895345029221765065e-01
-4.455650283300851416e-02 2.871981424735916555e-01 -7.412958444160466787e-01
1.403091723125595436e-01 2.728720409744610498e-01 -5.652058539659987613e-01
2.922870654425576142e-01 2.375568925817503063e-01 -3.613458436034602816e-01
4.114153538356539186e-01 1.811621084668375015e-01 -1.297494144642477865e-01
4.976954990974521431e-01 1.037039807063199204e-01 1.295963718881478766e-01
5.510907942855844954e-01 5.305958191534827437e-03 4.167490686863694060e-01
5.783009518066843935e-01 -9.236174881730367658e-02 6.894030217259667914e-01
5.861360283834354812e-01 -1.679012193016821697e-01 9.051164861736623601e-01
5.746981916852179628e-01 -2.214905985385245968e-01 1.063787015465857744e+00
5.440911689099350301e-01 -2.532732192878108801e-01 1.165326263064287993e+00
4.944193307328075826e-01 -2.633579987559208080e-01 1.209659607039411000e+00
4.257876276115672987e-01 -2.518193612822621774e-01 1.196725795748014409e+00
3.383021190156477176e-01 -2.186967175557725240e-01 1.126476690315468376e+00
2.320708370615952587e-01 -1.639935255931410929e-01 9.988771827175045859e-01
1.072047213456525649e-01 -8.767594737715365960e-02 8.139053752693813371e-01
-3.618164873625497047e-02 1.032889712753050013e-02 5.715531165388515467e-01
-1.759729952800907216e-01 1.112407301428012807e-01 3.187523594339937150e-01
-2.901950051482959925e-01 1.961115703531821630e-01 1.024322788959562830e-01
-3.789387591636730890e-01 2.648033569964313716e-01 -7.740498950428123526e-02
-4.422913604960997391e-01 3.171915019579078510e-01 -2.207550837799584775e-01
-4.803350218985941722e-01 3.531642387289978813e-01 -3.276120649074414359e-01
-4.931465436091883037e-01 3.726222185672152243e-01 -3.979687106627641247e-01
-4.807971223717351084e-01 3.754783400254268488e-01 -4.318165011056104285e-01
-4.433524364924337213e-01 3.616577921857658806e-01 -4.291453426976437058e-01
-3.808729533006629531e-01 3.310982906456123587e-01 -3.899430778804342523e-01
-2.934144042597612301e-01 2.837504875911590063e-01 -3.141948269127660676e-01
-2.007016599815809599e-01 2.286440871467066704e-01 -2.333215276258465698e-01
-1.223849720311335210e-01 1.748503342201040978e-01 -1.787782207940292745e-01
-5.841385846501023077e-02 1.223822764440007094e-01 -1.505917444026284024e-01
-8.751277374681558363e-03 7.124025559449077838e-02 -1.487822164814349146e-01
2.662631220629454662e-02 2.141185633804425226e-02 -1.733631254509295505e-01
4.772890921763871253e-02 -2.712804673639116967e-02 -2.243413525383611551e-01
5.455298722593158317e-02 -7.441719645309839704e-02 -3.017171495641901013e-01
4.708160686215918239e-02 -1.205058670835467693e-01 -4.054840955914782996e-01
2.528466210852528540e-02 -1.654568367486592140e-01 -5.356290560520783339e-01
-1.088070117526337283e-02 -2.093454684569886759e-01 -6.921321682228425143e-01
-6.143788551565932538e-02 -2.446607755628989189e-01 -8.505054893220832524e-01
-1.264266606500829560e-01 -2.639206047272918410e-01 -9.862498190727995162e-01
-2.059350137798655889e-01 -2.672798479792741766e-01 -1.099313591619252461e+00
-3.000652986806884859e-01 -2.549295947153280006e-01 -1.189632655197438549e+00
-4.089333197943769704e-01 -2.270978769848099876e-01 -1.257131189400780835e+00
-5.326676168814408197e-01 -1.840504246821526024e-01 -1.301723108649585736e+00
-6.714090661445231145e-01 -1.260914054395314010e-01 -1.323314042203371121e+00
-8.253109124759940851e-01 -5.356412205848826158e-02 -1.321803981121032256e+00
-9.945393440354756143e-01 3.314836554116315503e-02 -1.297090683880301798e+00
-1.179274714230424292e+00 1.336227379096814882e-01 -1.249073935234011223e+00
-1.345578705274275366e+00 2.272864018796892649e-01 -1.179781528728155671e+00
-1.459198760300220110e+00 2.941250978112847081e-01 -1.091467441205615341e+00
-1.519885379558561622e+00 3.344769086403621694e-01 -9.843661884969945319e-01
-1.527429701474646739e+00 3.486200726530222505e-01 -8.586984672576878364e-01
-1.481661690655233343e+00 3.367716398059059091e-01 -7.146707278713513301e-01
-1.382448732013832338e+00 2.990853796026927136e-01 -5.524761394232586831e-01
-1.229694732503108456e+00 2.356491026643023901e-01 -3.722964577396519203e-01
-1.023339853717912362e+00 1.464815321746713583e-01 -1.743042904787905911e-01
-7.633610235598217164e-01 3.152883353006252776e-02 4.133477163054755793e-02
-4.497733990120401648e-01 -1.093391098706597148e-01 2.744607205888917045e-01
-1.385377277259854101e-01 -2.485380205928467423e-01 4.905479064254535948e-01
1.144265445665381131e-01 -3.581135130924529286e-01 6.553008589849036447e-01
3.091344380723521912e-01 -4.377266009270958658e-01 7.689018871404844635e-01
4.455989408541772279e-01 -4.870712063747524301e-01 8.315199265600361489e-01
5.238324936566581824e-01 -5.058730541511258227e-01 8.433082877211374173e-01
5.438469732519995992e-01 -4.938892664684251255e-01 8.044038252920137078e-01
5.056524188027079481e-01 -4.509085500534603663e-01 7.149273147461618905e-01
4.092547466815236734e-01 -3.767518608287563353e-01 5.749848251538842714e-01
2.546526983914628728e-01 -2.712734544550787774e-01 3.846698653228980413e-01
4.183426395620916394e-02 -1.343622733292154370e-01 1.440660579316077605e-01
-1.817001283440309589e-01 8.656591729317510836e-03 -9.991425911671715510e-02
-3.684233412926984919e-01 1.323754475510724171e-01 -3.004343981168690059e-01
-5.183276215805876497e-01 2.367482050226979440e-01 -4.575214982461014990e-01
-6.314198386014099329e-01 3.217216384760359094e-01 -5.711935964301128044e-01
-7.077210806239744301e-01 3.872354315526647106e-01 -6.414599847567303836e-01
-7.472664245855972220e-01 4.332220777929314814e-01 -6.683215251014564817e-01
-7.501048937234905400e-01 4.596067467506373405e-01 -6.517708588965938077e-01
-7.162996203405280760e-01 4.663072215372559004e-01 -5.917924498894092666e-01
-6.459282343991487041e-01 4.532340110671695399e-01 -4.883623963960752601e-01
-5.390835006244311112e-01 4.202907408264580646e-01 -3.414479480274333345e-01
-4.264933491883605710e-01 3.810883969380965963e-01 -1.957838545616873982e-01
-3.387088075034775936e-01 3.494072255076129951e-01 -9.617489243117958997e-02
-2.755726647043286182e-01 3.253878604360058158e-01 -4.268162276708618863e-02
-2.369344365100282124e-01 3.091552078726180208e-01 -3.536239954794338780e-02
-2.226503473108855935e-01 3.008182148763858255e-01 -7.427375449511075534e-02
-2.325836647443401961e-01 3.004702001522166488e-01 -1.594704677698014494e-01
-2.666053054581690174e-01 3.081897030836990292e-01 -2.910053754745569599e-01
-3.245946345086775375e-01 3.240418047836166049e-01 -4.689289638861384169e-01
-4.064403896650133907e-01 3.480798690838847742e-01 -6.932887971581310760e-01
-5.120416749854896921e-01 3.803476436109835546e-01 -9.641288201404479841e-01
-6.126560517175752008e-01 4.126344033432632341e-01 -1.221016066895695973e+00
-6.797401074706140855e-01 4.366712944176930900e-01 -1.403432193166176178e+00
-7.135017875350206928e-01 4.524141152713583303e-01 -1.511289193556089483e+00
-7.141513564610478815e-01 4.598241861253216656e-01 -1.544498379619973827e+00
-6.819012603348564294e-01 4.588678609360307692e-01 -1.502970518741977068e+00
-6.169661481173427386e-01 4.495172759852431588e-01 -1.386615767601870441e+00
-5.195630260749197760e-01 4.317523540908801971e-01 -1.195343410571182652e+00
-3.899115050022723961e-01 4.055640870773386530e-01 -9.290614203437246310e-01
-2.282340653714370893e-01 3.709591261085530833e-01 -5.876758735465130723e-01
-3.475621010856064230e-02 3.279657183175933022e-01 -1.710902783036634123e-01
1.488614763664034557e-01 2.739268671715682779e-01 2.300467620228192345e-01
2.813036920221626547e-01 2.061254648948274149e-01 5.249357345445069267e-01
3.627740327945322418e-01 1.245265101207040231e-01 7.134845012938207942e-01
3.933632116344435437e-01 2.910195718969724871e-02 7.956545987606231662e-01
3.730487169320365060e-01 -8.016939821449012293e-02 7.714608281999398853e-01
3.016949300731056605e-01 -2.033008377645654785e-01 6.409712065971837625e-01
1.790536934984396367e-01 -3.402971651311077483e-01 4.043075056933649325e-01
4.765294598991415276e-03 -4.911563938504576732e-01 6.164661757804548725e-02
-2.216401560910069846e-01 -6.558753897892751761e-01 -3.867770222627037180e-01
-5.007408661905219383e-01 -8.344611770670927742e-01 -9.406677762842914348e-01
-7.662726458972572985e-01 -1.005178096577187707e+00 -1.484368683352721874e+00
-9.509954026076777867e-01 -1.146134221037585776e+00 -1.902828800243165697e+00
-1.054078297241964668e+00 -1.257021380196133409e+00 -2.196666230796973984e+00
-1.074662849705401602e+00 -1.337384946506287475e+00 -2.366567743391191581e+00
-1.011871849120431488e+00 -1.386614692636535473e+00 -2.413290592929703937e+00
-8.648145307900441114e-01 -1.403946508112534186e+00 -2.337665066020582216e+00
-6.325852955073333339e-01 -1.388475793654838197e+00 -2.140599343351827333e+00
-3.142532867516867889e-01 -1.339183193870333577e+00 -1.823088286055235985e+00
9.115952259774290356e-02 -1.254973432977731118e+00 -1.386227511165821102e+00
5.847134528950713728e-01 -1.134728520537161112e+00 -8.312335781098226795e-01
1.074883912611485526e+00 -9.942517012191616210e-01 -2.682559616874518049e-01
1.468692621408895560e+00 -8.509883396559009272e-01 1.940784438058164585e-01
1.765239464230305311e+00 -7.062643375914785526e-01 5.566406539896345818e-01
1.963776732180220641e+00 -5.613232104796893607e-01 8.201965911521024166e-01
2.063687085588816306e+00 -4.173069512575756090e-01 9.854138863784102087e-01
2.064471563482192185e+00 -2.752494336092405902e-01 1.052860652407270559e+00
1.965746459862701467e+00 -1.360797722276300414e-01 1.022997377328182633e+00
1.767247824153776792e+00 -6.332544534869213870e-04 8.961632235291725479e-01
1.468842483934821530e+00 1.303326693590180219e-01 6.725579303493831596e-01
1.070544760834510667e+00 2.561202253340909563e-01 3.522202805561404082e-01
6.498840563067452836e-01 3.679851366876884522e-01 7.606807055676271037e-03
2.841792722566347518e-01 4.578375756517493733e-01 -2.885251978359047453e-01
-2.673645863634326048e-02 5.259885544910002375e-01 -5.358518050650650233e-01
-2.830131548501822469e-01 5.727330561249424079e-01 -7.340813314222394137e-01
-4.847876655109945032e-01 5.983445879155772085e-01 -8.829509162210619211e-01
-6.321857041052542092e-01 6.030717748500059594e-01 -9.822241900164169204e-01
-7.253224127941001464e-01 5.871367008297622148e-01 -1.031689962062184884e+00
-7.643016624837557504e-01 5.507347607135478773e-01 -1.031161800560353115e+00
-7.492143073101452666e-01 4.940358097417286154e-01 -9.804783569254220676e-01
-6.801356128318941652e-01 4.171863959397437704e-01 -8.795042867587297142e-01
-5.907895040672463960e-01 3.338861016955265715e-01 -7.580267751996850878e-01
-5.148741510844916380e-01 2.577148596830305394e-01 -6.459123533900232861e-01
-4.524117636420351141e-01 1.886297586752010425e-01 -5.431617054412440915e-01
-4.034235688898404337e-01 1.265956030090636397e-01 -4.497709586632196999e-01
-3.679299610424893174e-01 7.158502767477518958e-02 -3.657315304054936100e-01
-3.459505814991455930e-01 2.357860218984145217e-02 -2.910300375191340327e-01
-3.375043409059122479e-01 -1.743508182207911816e-02 -2.256482551413685478e-01
-3.426093951332773169e-01 -5.145934536079743715e-02 -1.695631116520524562e-01
-3.612830874924272129e-01 -7.848938567702616609e-02 -1.227467067015213936e-01
-3.935418697551247846e-01 -9.851227569270150364e-02 -8.516633921059184320e-02
-4.251373998462478765e-01 -1.084197666077373612e-01 -7.103710544450630993e-02
-4.418446158953061587e-01 -1.050042281353593260e-01 -9.457120235158932020e-02
-4.437148993437576294e-01 -8.809030679223983640e-02 -1.557259549141016552e-01
-4.308020730730867665e-01 -5.749329443818310126e-02 -2.544548654508050345e-01
-4.031633080712409001e-01 -1.301935861896584730e-02 -3.907077832612001478e-01
-3.608605889974902947e-01 4.553412294009440142e-02 -5.644313180781366235e-01
-3.039627812997399703e-01 1.183781049338908514e-01 -7.755695211409402434e-01
-2.325483376200140617e-01 2.057312595131753630e-01 -1.024064861733719800e+00
-1.467086738479961849e-01 3.078191469313770745e-01 -1.309859532609784161e+00
-4.655223440204862839e-02 4.248730861283716576e-01 -1.632897124764584929e+00
4.258039485210214636e-02 5.308804252464274231e-01 -1.943697879478685664e+00
9.569147302724097248e-02 5.992317067349023363e-01 -2.192933378120887511e+00
1.132261564059887926e-01 6.292335702126948815e-01 -2.380778188540668694e+00
9.570754826056751541e-02 6.201518450033994823e-01 -2.507405623268990968e+00
4.374128218186577877e-02 5.712160748606828209e-01 -2.572987953291592245e+00
-4.198321158710884016e-02 4.816228375252010196e-01 -2.577699807980582847e+00
-1.606949677075763805e-01 3.505371874169857516e-01 -2.521725299279401256e+00
-3.115474561383541063e-01 1.770915543756396704e-01 -2.405269395651807862e+00
-4.936284736744649959e-01 -3.961848669405635542e-02 -2.228574047831870963e+00
-7.059742821850063521e-01 -3.005419949787453970e-01 -1.991939537218168743e+00
-9.000486534125404781e-01 -5.560807598828125808e-01 -1.727646986715054345e+00
-1.028669981277288370e+00 -7.551743624131077581e-01 -1.467635604917348235e+00
-1.092793469252058891e+00 -8.967613518333177325e-01 -1.211779814334825733e+00
-1.093250668079995824e+00 -9.799639693335420176e-01 -9.599805801413454631e-01
-1.030737376384661452e+00 -1.004078277377041584e+00 -7.121616862096392664e-01
-9.058046048831024377e-01 -9.685656039812067242e-01 -4.682733568596287310e-01
-7.188522690921813618e-01 -8.730455421156353424e-01 -2.283010524548409470e-01
-4.701252347534098375e-01 -7.172907911207155873e-01 7.722727516670063047e-03
-1.597112489526426593e-01 -5.012242258788796034e-01 2.397057856938860643e-01
2.124598125048518527e-01 -2.249186909815589219e-01 4.674848545881096773e-01
5.833537419674211799e-01 5.601760818300714068e-02 6.704257687384107545e-01
8.895945704040003621e-01 2.862167368055305583e-01 8.282153294797162113e-01
1.130880707713963984e+00 4.658317868932601580e-01 9.411185409562986548e-01
1.306934470202478771e+00 5.949884543992544073e-01 1.009402101367861571e+00
1.417500834664714882e+00 6.737884605641117908e-01 1.033331263269948064e+00
1.462346650582376340e+00 7.023109110880373374e-01 1.013168500533545346e+00
1.441260410596238994e+00 6.806117290260297326e-01 9.491736772408654321e-01
1.354052660757798510e+00 6.087213033716588617e-01 8.416054425731280819e-01
1.200557147350687304e+00 4.866404850357932133e-01 6.907235724780317332e-01
9.806328402185771065e-01 3.143350414466185572e-01 4.967919451246775586e-01
7.434475568801129919e-01 1.334417695136752291e-01 3.040083817418997580e-01
5.382743473853820459e-01 -1.419421826847179838e-02 1.562514045461946832e-01
3.651644435156453095e-01 -1.283605723577825874e-01 5.332528430458719632e-02
2.241855338568072564e-01 -2.088906634752046299e-01 -4.945386679636692810e-03
1.154205322341043533e-01 -2.556620804919240708e-01 -1.871481277285789308e-02
3.896742894895689757e-02 -2.685958050167140954e-01 1.188431716044530129e-02
-5.060089859863690052e-03 -2.476560694394630280e-01 8.674080629593489133e-02
-1.653156628815720050e-02 -1.928508989903564563e-01 2.057648150390471165e-01
4.701449511547439730e-03 -1.042333420409059797e-01 3.688878396789765923e-01
5.880644450531043871e-02 1.809659999534111996e-02 5.760630369797500316e-01
1.174239210734019934e-01 1.375530090319960763e-01 7.736465374343528545e-01
1.519296420226956268e-01 2.177154605976197865e-01 9.080263212898298519e-01
1.621064359238605646e-01 2.587032410916418335e-01 9.792120304762667038e-01
1.477367833611778480e-01 2.606495517226684600e-01 9.872061873131540155e-01
1.086030057340660743e-01 2.237016854690738188e-01 9.320041610138141142e-01
4.448688801961600547e-02 1.480202934467119424e-01 8.135949322252369331e-01
-4.483140753487819402e-02 3.377776520330485338e-02 6.319626950623424833e-01
-1.595752603060825170e-01 -1.188442636812678255e-01 3.870893349243833548e-01
-2.999744282074970347e-01 -3.096582901289157141e-01 7.895782147780010252e-02
-4.662688309589020919e-01 -5.384752663999980982e-01 -2.924434394710752616e-01
-6.299721162617751835e-01 -7.634378169685182014e-01 -6.636397424775269949e-01
-7.623068086881994443e-01 -9.429481555893581834e-01 -9.711267853836234032e-01
-8.631008546867907638e-01 -1.077194115029791899e+00 -1.214856810392902942e+00
-9.322035955898306803e-01 -1.166348983178377763e+00 -1.394783198844657512e+00
-9.694840453310985540e-01 -1.210570148206193464e+00 -1.510861827687479897e+00
-9.748301893303046306e-01 -1.209998442930866336e+00 -1.563051476224192715e+00
-9.481491606917956672e-01 -1.164758064511263624e+00 -1.551313442025694878e+00
-8.893681436264861961e-01 -1.074956953996883957e+00 -1.475610523283827913e+00
-7.984358635515482749e-01 -9.406875113737712679e-01 -1.335905527234501289e+00
-6.753245444129092334e-01 -7.620275000194375314e-01 -1.132159469582607825e+00
-5.472272092300126678e-01 -5.704334026248106815e-01 -9.104428545355188751e-01
-4.413416662584651595e-01 -3.973533503480143891e-01 -7.168374775796134690e-01
-3.576534187788730779e-01 -2.428283139095448184e-01 -5.513281071550529822e-01
-2.961352812018622216e-01 -1.068856565899773819e-01 -4.139187297264832477e-01
-2.567475316762450888e-01 1.046063902273557458e-02 -3.046322695973436856e-01
-2.394378022269783857e-01 1.092096611414852952e-01 -2.235103377928473189e-01
-2.441407939124770332e-01 1.893732677126163666e-01 -1.706130029248482671e-01
-2.707779032555188703e-01 2.509758837325427039e-01 -1.460185759615377221e-01
-3.192568445505787889e-01 2.940544858216833091e-01 -1.498234013542117937e-01
-3.894713513049124498e-01 3.186588632007165689e-01 -1.821416479207901284e-01
-4.744975567212578182e-01 3.316667115359571705e-01 -2.319780319894529375e-01
-5.674681229082735312e-01 3.399241669279243205e-01 -2.882836411958457634e-01
-6.683488510418995610e-01 3.434449150332016254e-01 -3.511096762674454363e-01
-7.771022003125055422e-01 3.422451753683531939e-01 -4.205120711665235600e-01
-8.936873472583654054e-01 3.363441266864308221e-01 -4.965514010569077041e-01
-1.018060282270582428e+00 3.257644144189044133e-01 -5.792927752993660695e-01
-1.150173950478786900e+00 3.105327455889133614e-01 -6.688057108665823591e-01
-1.289978445164996490e+00 2.906805758986694688e-01 -7.651639801213172554e-01
-1.437421262928328058e+00 2.662448927637329765e-01 -8.684454252121271978e-01
-1.592447631030890154e+00 2.372690968485461349e-01 -9.787317294028876624e-01
-1.724820472699256646e+00 2.066970948717302414e-01 -1.073045882293055531e+00
-1.804404823353795928e+00 1.773688785888700714e-01 -1.128265180103986243e+00
-1.831288555436137777e+00 1.491725631219913417e-01 -1.144268582580689086e+00
-1.805547150546435997e+00 1.219896474866619673e-01 -1.120952685539585270e+00
-1.727243588386125683e+00 9.569529211808085190e-02 -1.058231617301597094e+00
-1.596428600478892346e+00 7.015909731201488975e-02 -9.560365123102915197e-01
-1.413141315713619894e+00 4.524620605861352785e-02 -8.143145198557887321e-01
-1.177410314630877641e+00 2.081856451292545332e-02 -6.330273187361296072e-01
-8.892550983764321293e-01 -3.263807562261745489e-03 -4.121491228366271908e-01
-5.486879682561163207e-01 -2.714165541018948719e-02 -1.516641755073271924e-01
-2.113463992470555608e-01 -5.100330292748174454e-02 1.034333647499091902e-01
6.712422442468277128e-02 -7.482859517486298295e-02 3.081626730469187447e-01
2.866918573914855606e-01 -9.846039947134649362e-02 4.625620107725247898e-01
4.473138353542417400e-01 -1.217608016699316814e-01 5.666826802436701893e-01
5.489376863766946002e-01 -1.446104102194315788e-01 6.205879246114313075e-01
5.915014045856296088e-01 -1.669078651455042084e-01 6.243525193631558334e-01
5.749332952565421317e-01 -1.885696922835162492e-01 5.780629254940059525e-01
4.991514954943760962e-01 -2.095306357551182663e-01 4.818178814566461687e-01
3.640632733220814377e-01 -2.297446061280203344e-01 3.357293139745052279e-01
1.695642119969281714e-01 -2.491863942183110414e-01 1.399234443659282678e-01
-3.429171625871667295e-02 -2.635933309412470948e-01 -5.789784035511573446e-02
-1.973001834262612109e-01 -2.687014405537314077e-01 -2.101998957306922822e-01
-3.193527653389484633e-01 -2.645090401174732819e-01 -3.170810061132734448e-01
-4.003532579114885137e-01 -2.510252041685014368e-01 -3.786267995110836337e-01
-4.402175837617631204e-01 -2.282690859904568104e-01 -3.949102327773597598e-01
-4.388736542328088297e-01 -1.962698432321477726e-01 -3.659915402464230527e-01
-3.962612530956351464e-01 -1.550670432917517494e-01 -2.919181113281859030e-01
-3.123320086278670304e-01 -1.047114251356903308e-01 -1.727242624776207658e-01
-1.870495255730496575e-01 -4.526589442970502253e-02 -8.430865054133311609e-03
-2.038975612419005601e-02 2.319337335063109684e-02 2.009552154172037641e-01
1.512763261670319048e-01 8.963010332002489811e-02 4.128303819656644613e-01
2.915536679130488196e-01 1.431113437991002879e-01 5.845792668330708208e-01
4.004244051147585748e-01 1.837048292607078304e-01 7.161941126555195769e-01
4.778706524556902147e-01 2.114760628165600065e-01 8.076680569791814257e-01
5.238748347219714940e-01 2.264883659210377154e-01 8.589948379151179925e-01
5.384198272014276698e-01 2.288028949888785968e-01 8.701686605991232337e-01
5.214889158694047122e-01 2.184786252309663390e-01 8.411842158522679913e-01
4.730655877039667279e-01 1.955723038868761865e-01 7.720368422810276465e-01
3.931331616711140620e-01 1.601383743677817495e-01 6.627228231579597173e-01
2.816742717240307003e-01 1.122288698271566021e-01 5.132398097837818085e-01
1.715362555185302729e-01 6.508395839725925058e-02 3.619944921594676623e-01
9.559819693598918533e-02 3.186834442490515257e-02 2.473947602739470508e-01
5.388457038206787009e-02 1.252666797557609214e-02 1.694386957184154940e-01
4.641602685063508926e-02 7.014921231043949081e-03 1.281235675406160457e-01
7.320948520930856129e-02 1.530049644792215446e-02 1.234458074735262367e-01
1.342780983016052254e-01 3.736217079510121414e-02 1.554011062856501257e-01
2.296311436974916576e-01 7.319004122677821855e-02 2.239845797483551448e-01
3.592738886385772323e-01 1.227854231012996261e-01 3.291909527988172157e-01
5.232074780171918071e-01 1.861607274148298907e-01 4.710147107300902136e-01
7.214288934635026962e-01 2.633393322152535743e-01 6.494501667179588544e-01
9.177113682231803349e-01 3.361821327675841298e-01 8.298331435664629829e-01
1.075783823298273489e+00 3.865397851562523690e-01 9.775525486478485737e-01
1.195560995103999380e+00 4.144337611562834978e-01 1.092693865357286409e+00
1.276940722546413998e+00 4.198934955040194428e-01 1.175357904723494773e+00
1.319804068722303159e+00 4.029572987646094506e-01 1.225660569842339953e+00
1.324015571570587024e+00 3.636729081376667283e-01 1.243732805601477587e+00
1.289423624766691479e+00 3.020975456026443462e-01 1.229720821884717985e+00
1.215860983437008436e+00 2.182973562793710243e-01 1.183786684311604498e+00
1.103145387465461758e+00 1.123461021591172226e-01 1.106109367788547404e+00
9.510803001296871395e-01 -1.567701384614202456e-02 9.968863633481126474e-01
7.894845801123752116e-01 -1.432112865418206371e-01 8.823739581146466948e-01
6.484688587026572471e-01 -2.477624022559984929e-01 7.885437283281160337e-01
5.282652442938809978e-01 -3.293583969290184155e-01 7.151909889111165430e-01
4.291044919789421264e-01 -3.880405103786065402e-01 6.621210948635249949e-01
3.512154874122078163e-01 -4.238615339253815617e-01 6.291485323053634948e-01
2.948250332036607690e-01 -4.368847918643121719e-01 6.160963610389290634e-01
2.601578790429377452e-01 -4.271837281607178127e-01 6.227960401339170948e-01
2.474369436346506856e-01 -3.948420712187558079e-01 6.490876611882794300e-01
2.568836789784793018e-01 -3.399545505988907923e-01 6.948206110739173491e-01
2.887185255826063002e-01 -2.626281395942159369e-01 7.598546866403631528e-01
3.314061513862305297e-01 -1.798782408127350962e-01 8.333651947986001618e-01
3.731999711835156663e-01 -1.086409548351703336e-01 9.046418755643788057e-01
4.139968710865195023e-01 -4.891580475409763873e-02 9.737270570753070453e-01
4.536871503627308289e-01 -7.011361233751578449e-04 1.040667324779445346e+00
4.921544316340307201e-01 3.600634448537396587e-02 1.105513231125010654e+00
5.292756078619570426e-01 6.121204130805876081e-02 1.168319068358057988e+00
5.649208333641020374e-01 7.492394897335931392e-02 1.229142712388589631e+00
5.989535654392690311e-01 7.715313719307932694e-02 1.288045545948574233e+00
6.312306626499850637e-01 6.791423787271314017e-02 1.345092469452842554e+00
6.616025454500842340e-01 4.722593192966186015e-02 1.400352008062471620e+00
6.841167222367384726e-01 1.909454713157959088e-02 1.427849156214353155e+00
6.928987316733272728e-01 -1.260113010060251448e-02 1.401573123419895150e+00
6.878976665584777272e-01 -4.803653238685616500e-02 1.321549326138522940e+00
6.690440064323807112e-01 -8.739473811088220578e-02 1.187809581023870686e+00
6.362508229779383351e-01 -1.308668497682596299e-01 1.000392084542798710e+00
5.894157100252128689e-01 -1.786528087094041428e-01 7.593412731452091613e-01
5.284234880343721130e-01 -2.309627617535820743e-01 4.647075575890719512e-01
4.531497446342226953e-01 -2.880190695334516882e-01 1.165469198774415072e-01
3.634652931219617966e-01 -3.500590106121553857e-01 -2.850796470488021761e-01
2.592416604898569732e-01 -4.173381880132183697e-01 -7.401068886951167602e-01
1.397165945397446929e-01 -4.776372337714903660e-01 -1.181195886199018608e+00
4.324786961930696290e-03 -5.185779626843700640e-01 -1.541023933739151142e+00
-1.467860459675605633e-01 -5.403190439759238961e-01 -1.819528786324690950e+00
-3.134974662739615781e-01 -5.431837848690930226e-01 -2.016619390884611285e+00
-4.957166086874845168e-01 -5.276596250069179872e-01 -2.132178484450484302e+00
-6.933728316386441604e-01 -4.943987278384709971e-01 -2.166066781946316411e+00
-9.064163234684426973e-01 -4.442194289893963144e-01 -2.118129107531206312e+00
-1.134820260336123487e+00 -3.781083710824966748e-01 -1.988202814232508331e+00
-1.378588114526912989e+00 -2.972231816398601123e-01 -1.776128841661615887e+00
-1.637767714586742418e+00 -2.028954946537946946e-01 -1.481765789432318847e+00
-1.853871107040860000e+00 -1.103896769640826114e-01 -1.160006680333134366e+00
-1.968254959176426455e+00 -3.281903089178421495e-02 -8.660949637397011847e-01
-1.980817594166568218e+00 3.138717529562564529e-02 -6.003582777012067551e-01
-1.891490280885339770e+00 8.354214981782073779e-02 -3.630147566734901465e-01
-1.700221070424685399e+00 1.246985589473548761e-01 -1.541781485827027065e-01
-1.406964562735692592e+00 1.556452940081657910e-01 2.612935568642664810e-02
-1.011676602436925254e+00 1.769049712367449789e-01 1.779597838899649176e-01
-5.143129022069290457e-01 1.887328644749901585e-01 3.014207677726896684e-01
8.516939743162310616e-02 1.911176715397730763e-01 3.966588890389739497e-01
7.868082027314518001e-01 1.837842727471160342e-01 4.638481880637884691e-01
1.470660880783547730e+00 1.707122083363892540e-01 5.074948573716702160e-01
2.016786843659824857e+00 1.564846152503187870e-01 5.318308693140298971e-01
2.425214111418669383e+00 1.414796876679523807e-01 5.366511876614026288e-01
2.695971129113056364e+00 1.259954604252289945e-01 5.217636388874675735e-01
2.829086368867281820e+00 1.102465914314332412e-01 4.869851053592835766e-01
2.824587617079652890e+00 9.436312286704584551e-02 4.321414883916555039e-01
2.682501147704911215e+00 7.839113550359128046e-02 3.570700646837171588e-01
2.402850983903186410e+00 6.229515577530643500e-02 2.616228373721467548e-01
1.985658442178072747e+00 4.596205686814164304e-02 1.456695194735190546e-01
1.430942137110898571e+00 2.920607233691596000e-02 9.098874921280059036e-03
8.473972221520412740e-01 1.375259358627374008e-02 -1.225212368608040586e-01
3.436940519350429324e-01 1.734849371557599471e-03 -2.235753009280297965e-01
-8.017557134743867608e-02 -6.527159833633263374e-03 -2.940838265294329901e-01
-4.242212508016938166e-01 -1.078662587574749469e-02 -3.340584651210584677e-01
-6.884544898191888862e-01 -1.086982218473944717e-02 -3.434977601497277155e-01
-8.728885521750880949e-01 -6.676239403646531609e-03 -3.223854222672848380e-01
-9.775379532771280022e-01 1.821137195763317465e-03 -2.706904519303345302e-01
-1.002417850580565206e+00 1.457555639604389552e-02 -1.883684311111560872e-01
-9.475436024665481183e-01 3.146638381906074339e-02 -7.536330106949638841e-02
-8.129307649015637960e-01 5.229926242232574990e-02 6.839106231572883443e-02
-6.355641743963709178e-01 7.176850653771765787e-02 2.262194744719868977e-01
-4.524282443532522957e-01 8.473937194512215498e-02 3.813704827005777731e-01
-2.635422033077121640e-01 9.120949393038139952e-02 5.338152172562558029e-01
-6.893604377163956021e-02 9.116310709109701205e-02 6.835388283556126376e-01
1.313493562633228640e-01 8.457109922143202230e-02 8.305406365396807988e-01
3.372620086802635142e-01 7.139126365557964260e-02 9.748344326835862717e-01
5.487385047310400221e-01 5.156876127028722778e-02 1.116448941732461453e+00
7.657036383919485489e-01 2.503680649186838802e-02 1.255428461442393617e+00
9.880699860337435192e-01 -8.282405097700704794e-03 1.391833684208957811e+00
1.215737467946977901e+00 -4.847650666910320594e-02 1.525742706362078982e+00
1.414169003794887303e+00 -9.510692770792247841e-02 1.634546468052597179e+00
1.548811804909404399e+00 -1.474223601936996142e-01 1.695661610464516800e+00
1.619519718067420122e+00 -2.050622698050200143e-01 1.709245525032664137e+00
1.626127771905145014e+00 -2.676848344724012674e-01 1.675488835726858250e+00
1.568452387786528623e+00 -3.349672305624399882e-01 1.594615505173330838e+00
1.446290702809357009e+00 -4.066072525998384313e-01 1.466884515893793761e+00
1.259419113003860780e+00 -4.823265901482025053e-01 1.292593031971550399e+00
1.007591163827007863e+00 -5.618761269403141911e-01 1.072080936787439098e+00
6.905349548849976093e-01 -6.450436944364940084e-01 8.057366070800694446e-01
3.079502917271049744e-01 -7.316648010073923958e-01 4.940037140419207828e-01
-8.108223159450658746e-02 -8.014055800717588829e-01 1.752245350489692877e-01
-4.170436790231165092e-01 -8.341035050610263735e-01 -1.128655154765844104e-01
-6.996761921118973548e-01 -8.298603779692846905e-01 -3.706091492831725676e-01
-9.288231430320218474e-01 -7.887253460040096753e-01 -5.982461332959503331e-01
-1.104428225539877406e+00 -7.106904234881611382e-01 -7.959132514365301336e-01
-1.226534925068705650e+00 -5.956894457521175745e-01 -9.636433261701243813e-01
-1.295286607291324721e+00 -4.435994698972741679e-01 -1.101364098728877083e+00
-1.310927455828545751e+00 -2.542436313726544883e-01 -1.208897782486656247e+00
-1.273804503515086006e+00 -2.739444999672271952e-02 -1.285962088872894427e+00
-1.184371020357814164e+00 2.372234339964596206e-01 -1.332173498250058596e+00
-1.069120188050284748e+00 4.968456434020613322e-01 -1.348974495396217721e+00
-9.538354455514057584e-01 7.083039590012121245e-01 -1.338465943391230040e+00
-8.380305273705542790e-01 8.713375797001798873e-01 -1.301138790781707133e+00
-7.212711028980076655e-01 9.857324488861030076e-01 -1.237424972613862195e+00
-6.031731609521451265e-01 1.051317539756569275e+00 -1.147693302756245481e+00
-4.834033107664991169e-01 1.067960859243425098e+00 -1.032247332873697410e+00
-3.616805224195620005e-01 1.035565345071607357e+00 -8.913248837802398850e-01
-2.377788355347799920e-01 9.540648343984688973e-01 -7.250989451208100789e-01
-1.115305872241319218e-01 8.234202917246625786e-01 -5.336796165094707112e-01
1.717025721436336513e-02 6.436164951080804997e-01 -3.171167344542530353e-01
1.264321883630866172e-01 4.507812276701581577e-01 -1.132286320637290178e-01
1.944703773180817830e-01 2.809605871197938254e-01 4.002135052109564300e-02
2.214630793826902755e-01 1.340583665980704109e-01 1.424467379041138293e-01
2.075374676591842660e-01 1.000560445444110408e-02 1.939158305087237966e-01
1.527686541938329257e-01 -9.123961376625280839e-02 1.943508721246655913e-01
5.717953144632530182e-02 -1.696915077797317151e-01 1.437275609816938970e-01
-7.925887471264059236e-02 -2.253356741873621949e-01 4.207489907318934935e-02
-2.566268513194880363e-01 -2.581284408550706400e-01 -1.105246233924929017e-01
-4.750555585018071403e-01 -2.679970655577009198e-01 -3.139345076212562979e-01
-7.347270148205377049e-01 -2.548413421669684653e-01 -5.679633925106514214e-01
-9.845874156874199201e-01 -2.223185578622794423e-01 -8.103060235086677610e-01
-1.173396184057619696e+00 -1.743150658492222671e-01 -9.788064726767904400e-01
-1.301143585928298929e+00 -1.110829941535971532e-01 -1.073421740419097770e+00
-1.367877578512519898e+00 -3.291185187043040028e-02 -1.094055762840135726e+00
-1.373703598263143366e+00 5.987092720926063399e-02 -1.040560748624375753e+00
-1.318786048510774966e+00 1.668998959248445824e-01 -9.127377356253616458e-01
-1.203351919268658587e+00 2.877727920803228590e-01 -7.103361847803824070e-01
-1.027696986039372984e+00 4.220538690702499984e-01 -4.330524281342972293e-01
-7.921950235154859854e-01 5.692802694671116326e-01 -8.052681912007596254e-02
-4.973104150673527402e-01 7.289724839282294422e-01 3.476604862482688407e-01
-2.000776395114709227e-01 8.667856490433077932e-01 7.541016718222995907e-01
4.324944955595781682e-02 9.491523550341172122e-01 1.040673724535280620e+00
2.332690431301770728e-01 9.766500245215816722e-01 1.206852573190327460e+00
3.705386394432627628e-01 9.497036424970913826e-01 1.252210776439578677e+00
4.555751560447421911e-01 8.685808776285722788e-01 1.176414314100258096e+00
4.888501033100378645e-01 7.333939328927796542e-01 9.792198630436393936e-01
4.707826594407960030e-01 5.441069462601157980e-01 6.604718363321506747e-01
4.017333651201549505e-01 3.005476273889807204e-01 2.200985580270452546e-01
2.820009057971610833e-01 2.421684798864964100e-03 -3.418929084355538661e-01
1.118241160147683544e-01 -3.506714286148790993e-01 -1.025423625749128709e+00
-6.462283999704927784e-02 -6.989467326747614839e-01 -1.687989301376622508e+00
-2.032914714268615475e-01 -9.819431565193925682e-01 -2.187317599395492529e+00
-3.040810651403391685e-01 -1.199143098266127971e+00 -2.523641870956395916e+00
-3.667799861770320580e-01 -1.350060943852622986e+00 -2.697211675761363558e+00
-3.910725074339672092e-01 -1.434240272329756927e+00 -2.708292692365239951e+00
-3.765392741366604956e-01 -1.451253127767692108e+00 -2.557167725689913240e+00
-3.226517458783062509e-01 -1.400703278468088842e+00 -2.244137955194973610e+00
-2.287608335002430937e-01 -1.282235428575474456e+00 -1.769523603321769611e+00
-9.407998081549880098e-02 -1.095552591202002324e+00 -1.133663123497531400e+00
8.233675246258120861e-02 -8.404442621623352538e-01 -3.369097866207285685e-01
2.620325603755778721e-01 -5.660848372504500015e-01 4.678360628150401435e-01
4.051696458716441129e-01 -3.218812821841232630e-01 1.128121277117427379e+00
5.108715747339213076e-01 -1.080339674019824697e-01 1.644219948037368040e+00
5.784113785552176257e-01 7.531601673127932828e-02 2.016362603932765563e+00
6.072076341634817798e-01 2.281016057804232944e-01 2.244729721495646757e+00
5.968240335018368814e-01 3.503342138588397270e-01 2.329447454484885327e+00
5.469709873327855965e-01 4.421005362371134284e-01 2.270585418153783230e+00
4.575076822454466896e-01 5.035543826549082613e-01 2.068156391234759806e+00
3.284431499641097818e-01 5.349063068340024207e-01 1.722117734763136454e+00
1.599351933047768737e-01 5.364138630785586503e-01 1.232374225564191850e+00
-1.883621864027791235e-02 5.178100453892412469e-01 7.030901186677256387e-01
-1.791580126924417204e-01 4.885462563384094237e-01 2.385764191386477717e-01
-3.214111118357118047e-01 4.484802475793467913e-01 -1.610860983485754849e-01
-4.459087315018248066e-01 3.974506236214341848e-01 -4.958421416113248936e-01
-5.528933091010175271e-01 3.352712786013635204e-01 -7.656621912055825430e-01
-6.425337724041362275e-01 2.617285584752880867e-01 -9.705427075303998397e-01
-7.149233342045424600e-01 1.765805965924373833e-01 -1.110506313644065379e+00
-7.700780583219862807e-01 7.955823481866484970e-02 -1.185601998678881275e+00
-8.079364598972091915e-01 -2.963308987473959114e-02 -1.195905382863357236e+00
-8.283603923167222050e-01 -1.513111376429697175e-01 -1.141519087325917781e+00
-8.287139689213749438e-01 -2.671650409303616969e-01 -1.045005150924196879e+00
-8.066337142840539487e-01 -3.586095128517091668e-01 -9.287462669469698229e-01
-7.622999727927992630e-01 -4.255891056329397237e-01 -7.926123299452859650e-01
-6.958468168083913330e-01 -4.680740904857540463e-01 -6.364972701608472283e-01
-6.073615291724273613e-01 -4.860590781632748159e-01 -4.603189173247776989e-01
-4.968844715267859979e-01 -4.795617602719012273e-01 -2.640191224701960437e-01
-3.644093094896947438e-01 -4.486219480211236510e-01 -4.756394903045614575e-02
-2.098835621724241263e-01 -3.933010837383212333e-01 1.890562517416994603e-01
-3.320944425576455306e-02 -3.136823966138320707e-01 4.458270636093071282e-01
1.657550237592702036e-01 -2.098718668360442241e-01 7.227107094278402144e-01
3.449601973867947868e-01 -1.050211372178518759e-01 9.705946093004896857e-01
4.620380982503656253e-01 -2.198028479355006171e-02 1.140499080485922079e+00
5.167126059791433690e-01 3.959463259147801700e-02 1.232550909017254170e+00
5.087417752341576449e-01 8.006820185760578357e-02 1.246847370119508192e+00
4.379182581311478195e-01 9.982577664423622488e-02 1.183455609397963348e+00
3.040680088869658348e-01 9.927198275933539484e-02 1.042413981824670266e+00
1.070469996814837899e-01 7.882816425387816073e-02 8.237354088154074105e-01
-1.532642860170754517e-01 3.892927779675581235e-02 5.274127922603839558e-01
-4.769687609573710629e-01 -1.997936984900656673e-02 1.534265046620057471e-01
-8.641631575230699358e-01 -9.744532760135347915e-02 -2.982460343994200458e-01
-1.241358636413714578e+00 -1.768506231683057983e-01 -7.452625282691571762e-01
-1.534970444471781326e+00 -2.421936548941847900e-01 -1.105246851462932778e+00
-1.744946583741104895e+00 -2.939086990926501608e-01 -1.378181886560958969e+00
-1.871219663490929719e+00 -3.323833761833690503e-01 -1.564075452164130686e+00
-1.913703223613996585e+00 -3.579573996831729166e-01 -1.662963063125829866e+00
-1.872290779149569540e+00 -3.709214648216385690e-01 -1.674908212865316770e+00
-1.746857048594448791e+00 -3.715167998143745764e-01 -1.600000618351526960e+00
-1.537260800468407629e+00 -3.599358970763096854e-01 -1.438352894063608334e+00
-1.243348744523961935e+00 -3.363248619257607208e-01 -1.190096137540943566e+00
-8.649599172705795258e-01 -3.007876900845304902e-01 -8.553749011510596301e-01
-4.775097121649824472e-01 -2.611146557970580595e-01 -5.045272975419942130e-01
-1.566029017383345490e-01 -2.251020436239264400e-01 -2.076816579177457600e-01
9.764335134784733750e-02 -1.928186518389609361e-01 3.531205581900183355e-02
2.851206023275946189e-01 -1.643082269216321611e-01 2.245922704214690924e-01
4.057285419936297877e-01 -1.395870453621448903e-01 3.602860171119021127e-01
4.593748637806744362e-01 -1.186426764441212561e-01 4.425087556297366831e-01
4.459754131141461242e-01 -1.014337855517557230e-01 4.713640067570027958e-01
3.654544357924475184e-01 -8.789083940280484342e-02 4.469430122986710052e-01
2.177447382428365219e-01 -7.791756865530821696e-02 3.693246445452445514e-01
2.787578694009907893e-03 -7.139303686099938984e-02 2.385757775865588737e-01
-2.303971877759131148e-01 -6.557685416293876357e-02 8.778691817807408870e-02
-4.327511144544805566e-01 -5.786161569186890063e-02 -5.000423267217754542e-02
-6.042662923688980614e-01 -4.829645797786875916e-02 -1.748099843928806740e-01
-7.449384615722094427e-01 -3.691428434473628672e-02 -2.866367021707974527e-01
-8.547668270812616154e-01 -2.373169168111472979e-02 -3.854850277462835151e-01
-9.337539952009373811e-01 -8.748971842640226176e-03 -4.713499236499070766e-01
-9.819060064111968522e-01 8.049837002179658155e-03 -5.442206008183726462e-01
-9.992324409281346798e-01 2.669687298553478222e-02 -6.040803896287547659e-01
-9.857465732724350893e-01 4.724037182258813972e-02 -6.509066139977355281e-01
-9.414655525761174149e-01 6.974461321102524980e-02 -6.846705275015910752e-01
-8.704117242241345975e-01 9.142862849077269816e-02 -6.905093119536749313e-01
-7.766013198043975052e-01 1.093118036993213221e-01 -6.535907651210595137e-01
-6.600501790282977677e-01 1.231952730656768608e-01 -5.739252936890232304e-01
-5.207817343173430924e-01 1.329121686030229621e-01 -4.515172101874268540e-01
-3.588280088179173211e-01 1.383277335040447864e-01 -2.863635908918529815e-01
-1.742308900095367874e-01 1.393395861168027494e-01 -7.845310687820553075e-02
3.295648378008988327e-02 1.358782171902887248e-01 1.722350898055190760e-01
2.626683915835931193e-01 1.279078170932056724e-01 4.657323410379973216e-01
5.148254290890127427e-01 1.154275399070469055e-01 8.020812304662623404e-01
7.893338292128151412e-01 9.847331473517360878e-02 1.181336008352370071e+00
1.057000380753241986e+00 7.959164523443028327e-02 1.544653533818676427e+00
1.288746459648696829e+00 6.114055551966667001e-02 1.833123641998875675e+00
1.484626686486550717e+00 4.284876615184770449e-02 2.046720068902765366e+00
1.644673899587682397e+00 2.437338323918871591e-02 2.185429359013088657e+00
1.768896342513877951e+00 5.299898375212429638e-03 2.249253793945355628e+00
1.857276146406670714e+00 -1.485724329818083507e-02 2.238214066096635424e+00
1.909769747950046392e+00 -3.665380456852480179e-02 2.152351389063642984e+00
1.926310866473272876e+00 -6.071501604477215486e-02 1.991728744623145531e+00
1.906816641060560036e+00 -8.773533974373282085e-02 1.756430979088833944e+00
1.851197510027327908e+00 -1.184791261152410707e-01 1.446563475162940371e+00
1.763216289065401954e+00 -1.488627222370277059e-01 1.118024187548134707e+00
1.646776735779909684e+00 -1.735888716944612720e-01 8.265899147358781729e-01
1.502009267330652209e+00 -1.917528670147978787e-01 5.721902687862616688e-01
1.329042233288113994e+00 -2.025792810373672204e-01 3.547492322875683834e-01
1.127993259232612733e+00 -2.054203055609678252e-01 1.741917566036803033e-01
8.989639087254018834e-01 -1.997542159487418201e-01 3.045073882925380948e-02
6.420370980545362372e-01 -1.851840777450848297e-01 -7.652603439544944375e-02
3.572766999385760811e-01 -1.614367849114194398e-01 -1.467693873519216319e-01
4.472877328062585534e-02 -1.283625122126212936e-01 -1.802831099018706862e-01
-2.955761438925383899e-01 -8.593466692050623357e-02 -1.770395759474000519e-01
-6.164028833630753601e-01 -4.355124994809737166e-02 -1.553331694661592155e-01
-8.705218223957500445e-01 -1.049483905150854803e-02 -1.335506904587830113e-01
-1.057919765623846375e+00 1.333062878307113112e-02 -1.117794578244208636e-01
-1.178585680379660383e+00 2.800798063866905691e-02 -9.010686857694250040e-02
-1.232510537968072972e+00 3.360734930742339394e-02 -6.861984954515117086e-02
-1.219687222429125306e+00 3.018632763491083115e-02 -4.740475478026177220e-02
-1.140110505688004983e+00 1.778974221288726759e-02 -2.654761077952513468e-02
-9.937770884159499163e-01 -3.550947415970321600e-03 -6.134613725588362529e-03
-7.806857069537472826e-01 -3.381862305942881508e-02 1.374722033397489038e-02
-5.008373080330862370e-01 -7.301186267719055045e-02 3.300935999133507159e-02
-2.099718417019974248e-01 -1.137745127059769656e-01 5.259926155358191774e-02
3.617957875271811397e-02 -1.487320134407768280e-01 7.356627079149395676e-02
2.376224213121409246e-01 -1.778579112667993678e-01 9.597438567021880640e-02
3.943640390390789063e-01 -2.011127281934620425e-01 1.198888202099363393e-01
5.064137956256521411e-01 -2.184434360834673905e-01 1.453756507087558270e-01
5.737831866566712735e-01 -2.297831223820137048e-01 1.725014792035152733e-01
5.964859583975192781e-01 -2.350508543824735563e-01 2.013331844381474056e-01
5.745382262430214215e-01 -2.341517460300920339e-01 2.319378340639924596e-01
5.079585951875776884e-01 -2.269772286641840164e-01 2.643828333984485912e-01
3.967682846606449543e-01 -2.134055259204271360e-01 2.987363857660138011e-01
2.642746388099169730e-01 -1.930887149139640380e-01 3.128730423190600463e-01
1.337294714247610206e-01 -1.658545333237901875e-01 2.846033221061063379e-01
5.076793825155142582e-03 -1.317932110988450090e-01 2.139105518132464467e-01
-1.217302093608741836e-01 -9.093903246883147662e-02 1.007876666242010777e-01
-2.467289166630031727e-01 -4.327054810207839330e-02 -5.476309787931231410e-02
-3.699472621010696516e-01 1.128907748425854972e-02 -2.527301582127801649e-01
-4.914042643156463774e-01 7.287163241904313915e-02 -4.930921864945938538e-01
-6.111113716178516730e-01 1.416633773443306543e-01 -7.758173736123017417e-01
-7.290749006813305177e-01 2.179045386959064801e-01 -1.100862364474620492e+00
-8.452998456446755293e-01 3.018887627772408599e-01 -1.468170884147094402e+00
-9.380481466588040940e-01 3.747144426707617604e-01 -1.811176031152424315e+00
-9.854441234675884731e-01 4.172252843429168911e-01 -2.063429901656628651e+00
-9.872610828560104412e-01 4.294329498266676315e-01 -2.225043567685103252e+00
-9.432344870166704531e-01 4.114299560609727124e-01 -2.296122065233275222e+00
-8.530628601023072521e-01 3.633907096085927102e-01 -2.276764504098102382e+00
-7.164085665907117262e-01 2.855707006804804049e-01 -2.167065266485596720e+00
-5.328975158611003460e-01 1.783035404059975793e-01 -1.967116872628975166e+00
-3.021168642101046409e-01 4.199555557024053920e-02 -1.677015070471822744e+00
-2.360986215164280477e-02 -1.228823700365450078e-01 -1.296866674900329697e+00
3.031328582197723165e-01 -3.158061319029826230e-01 -8.268006445055828824e-01
6.302411691680306349e-01 -5.030780792617804975e-01 -3.455190798894730020e-01
9.091531870197947507e-01 -6.517699941203699554e-01 6.838051413767791409e-02
1.139435480352568364e+00 -7.624750146491691138e-01 4.148788735853352616e-01
1.320710229739920250e+00 -8.357725661064784317e-01 6.939350125483073617e-01
1.452646909857696178e+00 -8.722230188058615052e-01 9.054931063561677540e-01
1.534956884966658386e+00 -8.723646462905751964e-01 1.049486219516508889e+00
1.567390840693647203e+00 -8.367123872819682839e-01 1.125837188180413007e+00
1.549738909167561740e+00 -7.657580392569445227e-01 1.134456960511246004e+00
1.481833331046588986e+00 -6.599715632859570746e-01 1.075240693305084205e+00
1.363553525576561620e+00 -5.198031663563407179e-01 9.480619021776037769e-01
1.205595667659538295e+00 -3.684983756048521575e-01 7.895510468145009453e-01
1.018663036612634576e+00 -2.288077929247995523e-01 6.366170781327984418e-01
8.026933461311566154e-01 -1.004577561476019260e-01 4.894727473215959579e-01
5.576357053360536664e-01 1.677381081688963591e-02 3.482666278197081855e-01
2.834482072236971240e-01 1.230551685571164566e-01 2.130854811547467087e-01
-1.990355367301689660e-02 2.184991377557049808e-01 8.395648677417910655e-02
-3.524471511747249708e-01 3.031622324507990962e-01 -3.915090212280927101e-02
-7.142033026741302359e-01 3.770447096668942399e-01 -1.563236995709109400e-01
-1.105185268469130344e+00 4.400917062791767642e-01 -2.677049259027578509e-01
-1.525397795721609828e+00 4.921956537796018383e-01 -3.734941160517229464e-01
-1.918671876450455338e+00 5.323360297569320609e-01 -4.736840931475099770e-01
-2.228826922714879366e+00 5.597669593381324749e-01 -5.679704995147880631e-01
-2.455831732761905251e+00 5.747970263025863336e-01 -6.561560316048602459e-01
-2.599649786006934971e+00 5.777882710209431005e-01 -7.380479687580652204e-01
-2.660240806068089103e+00 5.691544916422236478e-01 -8.134554324982273821e-01
-2.637562225502365632e+00 5.493605648931356722e-01 -8.821883550485222214e-01
-2.531570509214749354e+00 5.189228088756367985e-01 -9.440586403833542972e-01
-2.342222294690666562e+00 4.784104521841974211e-01 -9.988839896107757355e-01
-2.069475314243888864e+00 4.284482761725739164e-01 -1.046494868915806453e+00
-1.713289078309954805e+00 3.697204485606671032e-01 -1.086745125722578642e+00
-1.332207155773983409e+00 3.143185237328618431e-01 -1.108616834757441438e+00
-9.849735205678840089e-01 2.733192510243088180e-01 -1.101111865677151469e+00
-6.718245013301538116e-01 2.460063660103267158e-01 -1.064180224769745386e+00
-3.929721642463150921e-01 2.317656151966704103e-01 -9.978149545583956392e-01
-1.486062316378271297e-01 2.300857319002960200e-01 -9.020433013426666369e-01
6.110310279450915927e-02 2.405591728150485720e-01 -7.769208786905573705e-01
2.360018788039580095e-01 2.628827863059767234e-01 -6.225283998149335751e-01
3.759489994209465613e-01 2.968585331289458340e-01 -4.389705491986493624e-01
4.808131866743502458e-01 3.423943543922116084e-01 -2.263765648422748078e-01
5.504706666950075489e-01 3.995052723884145451e-01 1.509789607437697287e-02
6.007912584361397856e-01 4.562677433720918052e-01 2.557068815536867046e-01
6.477958218859269923e-01 5.005813276247114141e-01 4.658657957920652182e-01
6.915856384407440549e-01 5.322689962223946525e-01 6.456375398541231991e-01
7.322472909704458299e-01 5.511463381702467190e-01 7.950917197202470588e-01
7.698511324430364899e-01 5.570210988446938627e-01 9.143051004758057099e-01
8.044501245556699986e-01 5.496930202001127919e-01 1.003361947252787711e+00
8.360790870234683370e-01 5.289539271426011435e-01 1.062354274632117512e+00
8.647544001535769631e-01 4.945879959133574477e-01 1.091382028887740940e+00
8.904742029848085050e-01 4.463721342424560867e-01 1.090553229387391632e+00
9.132191272809070393e-01 3.840763998060963691e-01 1.059984096405530263e+00
9.312649062234564790e-01 3.169859714579830179e-01 1.014466151431639318e+00
9.429413066964427159e-01 2.545843579676436708e-01 9.686662441853963745e-01
9.482968201530204144e-01 1.969308357687176991e-01 9.225220604265268465e-01
9.473786247932373117e-01 1.440802349190593024e-01 8.759741600531428807e-01
9.402322837543112266e-01 9.608303201707782404e-02 8.289658704510973752e-01
9.269014796544511325e-01 5.298546738641758680e-02 7.814432197064067331e-01
9.074277838255071504e-01 1.482968377736822857e-02 7.333549062054374179e-01
8.818504586209838791e-01 -1.834611607512451337e-02 6.846523010198196646e-01
8.502062911948501389e-01 -4.650749565387261170e-02 6.352894794090226949e-01
8.125294571178657277e-01 -6.962359723533421973e-02 5.852232777677355280e-01
7.748627010032824725e-01 -8.870220144434687315e-02 5.386178906248780818e-01
7.432436523171213061e-01 -1.047524065036450763e-01 4.996462959434244122e-01
7.176955645793390293e-01 -1.177480600520443843e-01 4.682794256891047446e-01
6.982418420107078250e-01 -1.276634829416820327e-01 4.444879187757950212e-01
6.849059892757816126e-01 -1.344734128889971680e-01 4.282421386618966430e-01
6.777115807372979805e-01 -1.381529712496635254e-01 4.195121846634341511e-01
6.766822487965672428e-01 -1.386776533987953419e-01 4.182678975348830264e-01
6.818416909334398257e-01 -1.360233431256130110e-01 4.244788598026236204e-01
6.932136950738121417e-01 -1.301663514196124694e-01 4.381143913178700555e-01
