0.000000000000000000e+00 0.000000000000000000e+00 5.389392442552223272e-01
-4.442054136831075084e-03 -4.267850088139457654e-03 5.266465173590901827e-01
-9.620363830238787273e-03 -9.101677853145417885e-03 5.131207343756720718e-01
-1.525912203584312010e-02 -1.421491611613312500e-02 4.988735961562928978e-01
-2.107054843660804977e-02 -1.933344867570285786e-02 4.844221507283617001e-01
-2.675402484498068389e-02 -2.419736177131071031e-02 4.702895871023011765e-01
-3.199664781048738860e-02 -2.856118287703113268e-02 4.570052092131149379e-01
-3.647511611947606980e-02 -3.219245725061092855e-02 4.451035565127305915e-01
-3.985886804014704410e-02 -3.486853300676528988e-02 4.351226590823884521e-01
-4.181439627521399416e-02 -3.637147206106128294e-02 4.276014345603096345e-01
-4.201070175769938686e-02 -3.648107584798276903e-02 4.230762459520285290e-01
-4.021096000998625186e-02 -3.503178170575083072e-02 4.219028982288932639e-01
-3.653271226838050723e-02 -3.210295180748401478e-02 4.237326480196283995e-01
-3.118969637417023932e-02 -2.782568649408956318e-02 4.280358316062411461e-01
-2.440108892327863543e-02 -2.232459936589314964e-02 4.342787059274506589e-01
-1.638649313731477264e-02 -1.572430665135815531e-02 4.419261007237764716e-01
-7.361633308642367979e-03 -8.154747811862872453e-03 4.504437312065672216e-01
2.465245521013237351e-03 2.447109039098727123e-04 4.593001494259123518e-01
1.289622894401265540e-02 9.322378087005311897e-03 4.679683134095480312e-01
2.374576453347820859e-02 1.891248417542801263e-02 4.759267626460212952e-01
3.484179139232379541e-02 2.883447953117634910e-02 4.826604059712771289e-01
4.599974240220872090e-02 3.886819470210944871e-02 4.877653827801129438e-01
5.693923733658090569e-02 4.868391054270215790e-02 4.912647158262180014e-01
6.735333393493236898e-02 5.792698126874995523e-02 4.932986201875051435e-01
7.693097315790575763e-02 6.624623542821606037e-02 4.940194968344497894e-01
8.535490601250739218e-02 7.329579988369250287e-02 4.935897776379567503e-01
9.230046241057987544e-02 7.873638180320385871e-02 4.921786799826985970e-01
9.743522079917399381e-02 8.223597934918558394e-02 4.899578071514012478e-01
1.004195517884274302e-01 8.347001587149627255e-02 4.870955454937071494e-01
1.009079034009587872e-01 8.212093190494895723e-02 4.837502385392777882e-01
9.855057202272377026e-02 7.787732534741742541e-02 4.800621548692483032e-01
9.319547402877104147e-02 7.063934532238302921e-02 4.761702776130380954e-01
8.549264270178102976e-02 6.113310367606938911e-02 4.722948728297051701e-01
7.630147701912237679e-02 5.028199819233947210e-02 4.686889402875671351e-01
6.649258747098452105e-02 3.899718022844655962e-02 4.656308992876105890e-01
5.694772798595426622e-02 2.817746087579742209e-02 4.634336168319510563e-01
4.855787798527844146e-02 1.871170392440291153e-02 4.624455691255171530e-01
4.221843009492864951e-02 1.148425529866647921e-02 4.630440098626955603e-01
3.882056333966854567e-02 7.383849397006869708e-03 4.656200490125694813e-01
3.923836228232513434e-02 7.316079530806263165e-03 4.705556772397683218e-01
4.431208319493284975e-02 1.221892169980742793e-02 4.781930460834642460e-01
5.446656213227774046e-02 2.272987598064624137e-02 4.886104130499191456e-01
6.863471093780937338e-02 3.812241122928217152e-02 5.010638239894644741e-01
8.540342939251388543e-02 5.729795050446373494e-02 5.146232208963388288e-01
1.034078649464378330e-01 7.910669992401597739e-02 5.284114879819599153e-01
1.213446291933126808e-01 1.023372068202115237e-01 5.416342224821075746e-01
1.379720775465749227e-01 1.257181296115805758e-01 5.535925616456047749e-01
1.521003730085341843e-01 1.479294629384693138e-01 5.636804102758423696e-01
1.625749568150927082e-01 1.676205553640714996e-01 5.713674615680304214e-01
1.682569738367694079e-01 1.834330236301546790e-01 5.761690011167033276e-01
1.680030919229875686e-01 1.940279165998339828e-01 5.776029398828885775e-01
1.610724310674971349e-01 1.985367052923159292e-01 5.753463440407617924e-01
1.483935841093693142e-01 1.978337174335997872e-01 5.698291491766127592e-01
1.312923659231106654e-01 1.932473854595420093e-01 5.616306336597620685e-01
1.110841101065611625e-01 1.861063650691505700e-01 5.513238943492009270e-01
8.909003119389335978e-02 1.777121776213985704e-01 5.395170882808750790e-01
6.665034536443359414e-02 1.693179582303354636e-01 5.268782404899088334e-01
4.513310257335945153e-02 1.621143540120977278e-01 5.141441191683426837e-01
2.593687991339255206e-02 1.572245960337772530e-01 5.021137037914442658e-01
1.048577406680673008e-02 1.557110392513481045e-01 4.916268165099175746e-01
2.162292341916227656e-04 1.585949589630981649e-01 4.835285762351384520e-01
-3.842189187379219106e-03 1.665293187982554990e-01 4.784095258697043107e-01
-2.282477853280617808e-03 1.787606332442681634e-01 4.759366615365170361e-01
3.882453197907587139e-03 1.942242399616587178e-01 4.755144730723461777e-01
1.363549177399869805e-02 2.118829490899125645e-01 4.765391316192264526e-01
2.596631233080914924e-02 2.307066474571755066e-01 4.784311869632400516e-01
3.987552388919013424e-02 2.496583676591734857e-01 4.806582797432028542e-01
5.437303121753966906e-02 2.676867088547258966e-01 4.827484971010163051e-01
6.847246063551848394e-02 2.837238320613639786e-01 4.842946525474323138e-01
8.118392087376102850e-02 2.966879547885916679e-01 4.849492871003269201e-01
9.150734120294368168e-02 3.054892847070322937e-01 4.844097350955438586e-01
9.865416942083360397e-02 3.093396736775675393e-01 4.824979667450186582e-01
1.027295060269639571e-01 3.086651321090005951e-01 4.794364713072951645e-01
1.040658848518600799e-01 3.042037437649391940e-01 4.755079580531411665e-01
1.030027700140476732e-01 2.966995360158928285e-01 4.709609234202387640e-01
9.988868630109282165e-02 2.868981192487458642e-01 4.660235494462980910e-01
9.508189233523633987e-02 2.755433221622052287e-01 4.609159341052135872e-01
8.895031055051427771e-02 2.633746059387105376e-01 4.558603312444624578e-01
8.187100923476631209e-02 2.511251675968382280e-01 4.510891404307360020e-01
7.422919437995867398e-02 2.395207477597738333e-01 4.468504582951258186e-01
6.641643359532345414e-02 2.292792375468195587e-01 4.434110626860388038e-01
5.875300298645713681e-02 2.209468886108396646e-01 4.409630661851888789e-01
5.125756557545901870e-02 2.144099559075494099e-01 4.393345030694337794e-01
4.386674313380378720e-02 2.093941160564947168e-01 4.382576190477056599e-01
3.651184134871465758e-02 2.056294033848833358e-01 4.374607338701004267e-01
2.912111595439625944e-02 2.028500415810841062e-01 4.366682555752543493e-01
2.162137720738810387e-02 2.007944478077154926e-01 4.356007385529467868e-01
1.393892564210741369e-02 1.992054267993941252e-01 4.339749379423487596e-01
5.999810497474111770e-03 1.978305658226995334e-01 4.315038388849163908e-01
-2.270596188060913789e-03 1.964228400433163380e-01 4.278966547911444707e-01
-1.094871269223141041e-02 1.947414421790973904e-01 4.228587945494499678e-01
-2.005397300288258577e-02 1.926268303961506945e-01 4.162125329020689435e-01
-2.936633566290147712e-02 1.902174744989122424e-01 4.082618215248041693e-01
-3.860305697589616614e-02 1.877163285697758255e-01 3.994348154769600256e-01
-4.747729656340915483e-02 1.853137040250132372e-01 3.901637361459080466e-01
-5.569750517728877526e-02 1.831866863047828531e-01 3.808844369147550424e-01
-6.296756949456217001e-02 1.814997894825651770e-01 3.720356123384718217e-01
-6.898764566348081217e-02 1.804069066744284910e-01 3.640576757547950848e-01
-7.345561226619068407e-02 1.800546006516601238e-01 3.573913259323031610e-01
-7.606908568293668793e-02 1.805867542708594620e-01 3.524758146963700156e-01
-7.652796717125909254e-02 1.821505653926154267e-01 3.497469128003976024e-01
-7.464127069188997154e-02 1.848307236160282585e-01 3.494918861781837194e-01
-7.063960152692505545e-02 1.884350279230533332e-01 3.514211826407480643e-01
-6.486004821112789642e-02 1.927088859746173277e-01 3.551005831098805743e-01
-5.763865874649543031e-02 1.974010903108665005e-01 3.600972390095531495e-01
-4.930784545565547461e-02 2.022579323907409687e-01 3.659820904242643280e-01
-4.019477603930088350e-02 2.070188132789905211e-01 3.723316295690715094e-01
-3.062072446505048617e-02 2.114133173474099792e-01 3.787290456883543044e-01
-2.090137399456892808e-02 2.151596799571757757e-01 3.847647713901896083e-01
-1.134807398133119705e-02 2.179645633544451400e-01 3.900364330617671627e-01
-2.270054022377010483e-03 2.195240562440643473e-01 3.941481866710878634e-01
6.016903618549118704e-03 2.196253222112964920e-01 3.968112387046645040e-01
1.317064313046234503e-02 2.184512176403181627e-01 3.981443031938098898e-01
1.883956005376852261e-02 2.162894243168240749e-01 3.983607380602540715e-01
2.267091629583406487e-02 2.134344580785016987e-01 3.976650955152365441e-01
2.431298468672293822e-02 2.101876915141795976e-01 3.962535565838454232e-01
2.341631989475301268e-02 2.068567754931853742e-01 3.943156696515561777e-01
1.963421425482492211e-02 2.037544653636667036e-01 3.920374015031917736e-01
1.262238474956500767e-02 2.011968256415554990e-01 3.896054764207796950e-01
2.037903359857207164e-03 1.995007399463064601e-01 3.872129549880982680e-01
-1.246267147847035517e-02 1.989805925369809714e-01 3.850659868940677910e-01
-3.102635028098177372e-02 1.998146548138826084e-01 3.833337484464660605e-01
-5.300567243765197389e-02 2.016561080319649868e-01 3.819698503231929720e-01
-7.755385982915097287e-02 2.040268052954106182e-01 3.808614347457544014e-01
-1.038209602648443308e-01 2.064508005597733842e-01 3.798741750468330736e-01
-1.309517266366215793e-01 2.084575385136151482e-01 3.788458790232693829e-01
-1.580850415372250239e-01 2.095841666650901658e-01 3.775844851179783745e-01
-1.843552215566921504e-01 2.093764659701129460e-01 3.758704400002876866e-01
-2.088954728814425010e-01 2.073878711258787533e-01 3.734633615814750840e-01
-2.308436058770597654e-01 2.031761380742893586e-01 3.701127810491531278e-01
-2.493498745330429145e-01 1.962974122731049320e-01 3.655726426448824284e-01
-2.638065681224128767e-01 1.864849131658861126e-01 3.597243708433852660e-01
-2.745059963414000492e-01 1.742025151161197272e-01 3.529077007176493197e-01
-2.819578100726705117e-01 1.600860700423814009e-01 3.455981275612121095e-01
-2.866553898021830804e-01 1.447649173190237448e-01 3.382843878985024588e-01
-2.890684618691796715e-01 1.288691769626018058e-01 3.314551065417461473e-01
-2.896401248037090426e-01 1.130349634402110226e-01 3.255897549067876540e-01
-2.887880695843607626e-01 9.790751159235222545e-02 3.211531941675449531e-01
-2.869096500850956133e-01 8.414233022625072778e-02 3.185931012041667287e-01
-2.843904199247857534e-01 7.240452295115495929e-02 3.183397238670773177e-01
-2.816157652699704528e-01 6.336636041156662458e-02 3.208076684570730919e-01
-2.789095014625226909e-01 5.754850861653082461e-02 3.262639938868518996e-01
-2.763192103139937572e-01 5.485170728572885679e-02 3.344289510442930435e-01
-2.738418993868227957e-01 5.501917406780787445e-02 3.448901488818929550e-01
-2.714906998229604795e-01 5.779130515806674140e-02 3.572384341190630863e-01
-2.692864674102413147e-01 6.290579227797277184e-02 3.710675739239803761e-01
-2.672505192695631138e-01 7.009783033630512250e-02 3.859740896272310096e-01
-2.653984891045082506e-01 7.910049044249500838e-02 4.015569754801218139e-01
-2.637352823957623826e-01 8.964526702406150349e-02 4.174171508914525930e-01
-2.622511057825391845e-01 1.014627555380585022e-01 4.331565925571787545e-01
-2.609185393802055941e-01 1.142833780188237114e-01 4.483771739098356690e-01
-2.597138398851317476e-01 1.278251546811377537e-01 4.627272338181906974e-01
-2.586878333337168101e-01 1.417544159727510689e-01 4.760456095925817976e-01
-2.579005418918232095e-01 1.557230848006114776e-01 4.882196630720869734e-01
-2.574001414020852252e-01 1.693819964430769431e-01 4.991369646282715067e-01
-2.572250212046380824e-01 1.823815740816883135e-01 5.086845208334622725e-01
-2.574062060755135661e-01 1.943724465730811701e-01 5.167481021582904788e-01
-2.579701587938156848e-01 2.050060118196297410e-01 5.232117504740809721e-01
-2.589419872543583523e-01 2.139349599968407567e-01 5.279575090911787782e-01
-2.603490777312966742e-01 2.208137829561529486e-01 5.308653718867777371e-01
-2.622251656531986441e-01 2.252993097634705677e-01 5.318133919735217319e-01
-2.645795544934363974e-01 2.272065080009477711e-01 5.307756725085761573e-01
-2.672943077442333504e-01 2.269732954280332393e-01 5.281173061784816269e-01
-2.702254510685451194e-01 2.251919358904350688e-01 5.243034088001614634e-01
-2.732305222667648081e-01 2.224519991982552014e-01 5.198018758777323001e-01
-2.761630799116403523e-01 2.193393470428226522e-01 5.150834394060161969e-01
-2.788698358838672675e-01 2.164357493509516672e-01 5.106215499250126300e-01
-2.811904220402272614e-01 2.143191850488133099e-01 5.068920256112541267e-01
-2.829597899125424476e-01 2.135649000300268163e-01 5.043723566353541798e-01
-2.840132405616682121e-01 2.147472758785595737e-01 5.035405852133756355e-01
-2.841940862392160483e-01 2.184425044428399687e-01 5.048737972789361095e-01
-2.834296956726571892e-01 2.250447995800799461e-01 5.087454608238850540e-01
-2.819332763486190885e-01 2.342062640525002237e-01 5.151230230455681181e-01
-2.799966745601363272e-01 2.453945117583211655e-01 5.238757469205062023e-01
-2.779167055104769801e-01 2.580759112934494226e-01 5.348794615478418280e-01
-2.759886822404702400e-01 2.717123022748277883e-01 5.480184319537251270e-01
-2.745002485465848352e-01 2.857582233765967317e-01 5.631853378095392770e-01
-2.737252684066948660e-01 2.996586981449476106e-01 5.802792596693606697e-01
-2.739175317216524519e-01 3.128476110974993674e-01 5.992016758735339010e-01
-2.753041141721990215e-01 3.247467102123744453e-01 6.198505995513095002e-01
-2.780783853505486292e-01 3.347652857755978317e-01 6.421131503791155382e-01
-2.823075646615684775e-01 3.424525471750241579e-01 6.657968008108170466e-01
-2.876855428041888985e-01 3.479635677462518117e-01 6.904463759896035668e-01
-2.938172903856539619e-01 3.516217267486068110e-01 7.155360020396326348e-01
-3.003167452260981918e-01 3.537718387731465519e-01 7.405389208215726882e-01
-3.068143123046578324e-01 3.547810794347228125e-01 7.649344230610850559e-01
-3.129618231704887066e-01 3.550379693954743843e-01 7.882124941588291023e-01
-3.184346351081810411e-01 3.549496945029479988e-01 8.098759917836266808e-01
-3.229307288366918272e-01 3.549380731238791498e-01 8.294403511752719282e-01
-3.261668040266716417e-01 3.554344560255606744e-01 8.464309421452096416e-01
-3.278714531585222858e-01 3.568737655641207596e-01 8.603782563970323594e-01
-3.279001605563482968e-01 3.595376756140926666e-01 8.709480357474710388e-01
-3.265959821055393064e-01 3.630942948499384926e-01 8.783456694478317672e-01
-3.244116087914958868e-01 3.670437284899072949e-01 8.829079010120750581e-01
-3.217936776452390291e-01 3.708749480875344062e-01 8.849729345244066181e-01
-3.191910390518213347e-01 3.740725177137735891e-01 8.848851774014470095e-01
-3.170604396755329901e-01 3.761218398535852714e-01 8.829970306424872462e-01
-3.158693387410043130e-01 3.765129634437740513e-01 8.796675150300448109e-01
-3.160956770745819711e-01 3.747429304022915630e-01 8.752575369843373920e-01
-3.182246214839565823e-01 3.703166259447856490e-01 8.701217050234566486e-01
-3.227426088762808121e-01 3.627461488632648390e-01 8.645968008866837806e-01
-3.299718902189328062e-01 3.517490958468432183e-01 8.589222437108157138e-01
-3.395945720477229202e-01 3.378454182711312370e-01 8.530462811747945295e-01
-3.511328532184574414e-01 3.217534242954149803e-01 8.468504787115467281e-01
-3.641122803284062570e-01 3.041893321738302625e-01 8.402320812442649611e-01
-3.780637065529255381e-01 2.858667930926852563e-01 8.331144477432301798e-01
-3.925223535214747983e-01 2.674957166064579894e-01 8.254534920797347297e-01
-4.070247467640513150e-01 2.497805719283618942e-01 8.172405216595901578e-01
-4.211044266995784824e-01 2.334184098632996474e-01 8.085018078699484079e-01
-4.342873156954230041e-01 2.190968841810705392e-01 7.992950718944875632e-01
-4.460874806968027073e-01 2.074925512839538300e-01 7.897028891369490822e-01
-4.560998359469259356e-01 1.990935352895144561e-01 7.798672034284397370e-01
-4.642906049658064305e-01 1.936729940601749078e-01 7.701029804371177789e-01
-4.707194615006340399e-01 1.908232708941799416e-01 7.607484820437964146e-01
-4.754499752971916848e-01 1.901356308558073138e-01 7.521234238377214609e-01
-4.785533986061718537e-01 1.912030261846648926e-01 7.445336311998635992e-01
-4.801107377381992336e-01 1.936224623169513492e-01 7.382753159749544380e-01
-4.802133700658330895e-01 1.969969572392176183e-01 7.336389600975374847e-01
-4.789623928139175035e-01 2.009370880833403206e-01 7.309127266904713593e-01
-4.764668243291474425e-01 2.050621269020913573e-01 7.303852916892328295e-01
-4.728407227471276286e-01 2.090007815995518214e-01 7.323479916536124179e-01
-4.682311155064979857e-01 2.124595897455776594e-01 7.369615072595028238e-01
-4.629088934169791614e-01 2.154232949463681379e-01 7.438512835781772026e-01
-4.571713216542150349e-01 2.179419531901776175e-01 7.525095975441171703e-01
-4.513113215773056908e-01 2.200579944045530922e-01 7.624295211796709992e-01
-4.456186449430870056e-01 2.218034185135606684e-01 7.731045473708171301e-01
-4.403807977349210034e-01 2.231984390135908214e-01 7.840283067520044114e-01
-4.358837906440289345e-01 2.242515531890103553e-01 7.946943285276386604e-01
-4.324128087939609344e-01 2.249610279219131925e-01 8.045958044560199696e-01
-4.302528913168579550e-01 2.253177974569475772e-01 8.132253272859921722e-01
-4.296896917988748399e-01 2.253097767723017952e-01 8.200745925276757831e-01
-4.309118334990404975e-01 2.249385939400876389e-01 8.247685168404874645e-01
-4.337160671906765685e-01 2.242589549170985741e-01 8.274685674282737935e-01
-4.378025246062797748e-01 2.233463596183318245e-01 8.284702244613786348e-01
-4.428724105285439805e-01 2.222818509812469756e-01 8.280693073443554653e-01
-4.486272585413839664e-01 2.211481145566502882e-01 8.265625295551313201e-01
-4.547683500136443513e-01 2.200264373226286096e-01 8.242478452941561784e-01
-4.609963248869082264e-01 2.189945241585067315e-01 8.214245852548645033e-01
-4.670109941725772984e-01 2.181251784070643573e-01 8.183933923925748033e-01
-4.725113500190420979e-01 2.174858572228073328e-01 8.154559773901111086e-01
-4.771957601177554409e-01 2.171391129626991656e-01 8.129147174742987758e-01
-4.808310040156378307e-01 2.171172260991340863e-01 8.109821037767934726e-01
-4.834587888947172729e-01 2.173454733578275011e-01 8.095098565521023914e-01
-4.851898188898520203e-01 2.177251268961093444e-01 8.082585368326089537e-01
-4.861348752089966752e-01 2.181593810534843136e-01 8.069879690702634889e-01
-4.864047397872237610e-01 2.185523130298085981e-01 8.054576796815702266e-01
-4.861103338885719438e-01 2.188081015801848217e-01 8.034272722211763806e-01
-4.853630713427685706e-01 2.188305071723277706e-01 8.006567444047121285e-01
-4.842754264329220959e-01 2.185226173360885760e-01 7.969067484413567826e-01
-4.829617152960308246e-01 2.177868629581460880e-01 7.919387916340419054e-01
-4.815390870241591514e-01 2.165253149897452545e-01 7.855153689543250550e-01
-4.801468215674669082e-01 2.146583962099120058e-01 7.774854102704367165e-01
-4.790003511417761928e-01 2.121812294133769150e-01 7.680398008329785142e-01
-4.783342932181904317e-01 2.091123547368094471e-01 7.574536096435782184e-01
-4.783828799291551803e-01 2.054768245938216609e-01 7.459996498589598346e-01
-4.793788208589102595e-01 2.013065439968562131e-01 7.339476312894088750e-01
-4.815522542754848700e-01 1.966399866584715994e-01 7.215634313982626225e-01
-4.851298300531814434e-01 1.915213013601033687e-01 7.091085143398059287e-01
-4.903339619556952300e-01 1.859988303596633585e-01 6.968395150209110156e-01
-4.973822764149549158e-01 1.801230671130498173e-01 6.850079877682819784e-01
-5.064872706797594049e-01 1.739440841087933620e-01 6.738602981661330205e-01
-5.177234366223686379e-01 1.675260169772130325e-01 6.636082970483609955e-01
-5.306299811225478891e-01 1.609929859113474748e-01 6.543461137590842469e-01
-5.446110524597402858e-01 1.544696800349534271e-01 6.461470064059628982e-01
-5.590694302242500413e-01 1.480649960075295368e-01 6.390947494594190204e-01
-5.734071322333740284e-01 1.418747535557280948e-01 6.332838525794848294e-01
-5.870259140334104231e-01 1.359849352461353078e-01 6.288191395700870601e-01
-5.993277231674998262e-01 1.304755394278824809e-01 6.258147974887151577e-01
-6.097151659525126277e-01 1.254251251928888422e-01 6.243929669280596784e-01
-6.175920439717845767e-01 1.209161096146638137e-01 6.246818947277326117e-01
-6.223640213776722163e-01 1.170408508907687661e-01 6.268136090503064750e-01
-6.236460395103158305e-01 1.138735670257284838e-01 6.308300090912855040e-01
-6.218829556227714050e-01 1.113675041393809018e-01 6.364044692211194842e-01
-6.177296678329913249e-01 1.094492297530091918e-01 6.431109278125948236e-01
-6.118432235422064380e-01 1.080430863951375997e-01 6.505169830006103382e-01
-6.048815079719869203e-01 1.070637622844698988e-01 6.581863889418748670e-01
-5.975021283698565000e-01 1.064116872194551533e-01 6.656811490313021551e-01
-5.903615964429977936e-01 1.059712909978745010e-01 6.725631300776147015e-01
-5.841149289185327831e-01 1.056121218673569118e-01 6.783950615900486980e-01
-5.794157746959687216e-01 1.051927970332418028e-01 6.827407735258699262e-01
-5.769171386868450213e-01 1.045677515339358266e-01 6.851645620842701234e-01
-5.770954960717782356e-01 1.036314752745512990e-01 6.853674226839974182e-01
-5.797200847437586901e-01 1.024316721170279720e-01 6.835992367685701510e-01
-5.843835271354436145e-01 1.010631679590252574e-01 6.802467845470641095e-01
-5.906778938218426589e-01 9.962567197383798145e-02 6.756974199580243479e-01
-5.981939159269460404e-01 9.821739732377743337e-02 6.703400999744033584e-01
-6.065205539427935832e-01 9.693023279566137518e-02 6.645660149877787859e-01
-6.152449304768543570e-01 9.584648066304124470e-02 6.587688060004719404e-01
-6.239525985315292900e-01 9.503718842724939719e-02 6.533443992848955162e-01
-6.322280937829951597e-01 9.456210494230266050e-02 6.486905199654078302e-01
-6.396557105510343177e-01 9.447128584028074982e-02 6.452059611933229633e-01
-6.459300047574885184e-01 9.478382953588582183e-02 6.431507659584312364e-01
-6.511851650050823892e-01 9.542208186457967756e-02 6.422282369546952197e-01
-6.556657500985707543e-01 9.629190169427381818e-02 6.420011302217218940e-01
-6.596161858679003842e-01 9.730538922629516918e-02 6.420311447441831021e-01
-6.632801855836287785e-01 9.837888830939878204e-02 6.418794138562429197e-01
-6.669005361261426401e-01 9.943205069462912604e-02 6.411067997723360889e-01
-6.707192311543934693e-01 1.003879628675825586e-01 6.392740164127914682e-01
-6.749779328144915880e-01 1.011743346377098618e-01 6.359416014225489633e-01
-6.799187320732578144e-01 1.017257526936301559e-01 6.306697585028580022e-01
-6.857851542890838203e-01 1.019870111462801709e-01 6.230180961532560957e-01
-6.927289481243272817e-01 1.019499182178886798e-01 6.127373105060982539e-01
-7.005262526247975075e-01 1.017448140276924207e-01 6.003457816503487976e-01
-7.088571358167179426e-01 1.015244348417754239e-01 5.865552089410677183e-01
-7.173983376678663149e-01 1.014241340466579544e-01 5.720791241916440839e-01
-7.258230563403760272e-01 1.015587852610559949e-01 5.576328286579412818e-01
-7.338016843975694314e-01 1.020219887603293074e-01 5.439329821663658748e-01
-7.410032653763600763e-01 1.028876474364261995e-01 5.316969364998946901e-01
-7.470974420800091664e-01 1.042139548578697728e-01 5.216419096862985327e-01
-7.517567158611164757e-01 1.060498007695960254e-01 5.144840845520324280e-01
-7.546589321947703155e-01 1.084435552330536012e-01 5.109376821586506523e-01
-7.556066473556679597e-01 1.113786986763711795e-01 5.114244166557533333e-01
-7.548748586245528358e-01 1.145570142332403840e-01 5.152050354101227470e-01
-7.528508297653573322e-01 1.176196658718962063e-01 5.212510098890259513e-01
-7.499117803607191490e-01 1.202104720689298745e-01 5.285363665801625643e-01
-7.464233929326820061e-01 1.219670685526255127e-01 5.360388386906418390e-01
-7.427418095243609741e-01 1.225159448216048830e-01 5.427401866736802916e-01
-7.392192014060814387e-01 1.214711475076253322e-01 5.476257718561798882e-01
-7.362130632742474035e-01 1.184365045396997829e-01 5.496833302347674532e-01
-7.340993653005511987e-01 1.130114000060613577e-01 5.479006972636533135e-01
-7.332896067191185807e-01 1.048004266966895415e-01 5.412619707742694075e-01
-7.340945585469249579e-01 9.360320800004151565e-02 5.291106462850745373e-01
-7.362445812157485392e-01 7.994605345963501364e-02 5.122559625041525067e-01
-7.393047361849891530e-01 6.453368270402837226e-02 4.918752654611573405e-01
-7.428010481964859579e-01 4.805552466471496587e-02 4.691527999609945709e-01
-7.462028056210154858e-01 3.117328395815643916e-02 4.452864747456199979e-01
-7.489127424533243982e-01 1.451354331240661821e-02 4.214932908003952150e-01
-7.502647668488835464e-01 -1.333343351662019671e-03 3.990122161445937010e-01
-7.495288835682014650e-01 -1.580656183051765140e-02 3.791032340816764545e-01
-7.459230574989481610e-01 -2.835891105687604608e-02 3.630413860973700224e-01
-7.386320188754549321e-01 -3.843059588114616787e-02 3.521047371496663914e-01
-7.271053931823825422e-01 -4.557153781609279974e-02 3.471807999701406189e-01
-7.119139871408055598e-01 -4.989687530846165231e-02 3.476228457879697586e-01
-6.939562365355396167e-01 -5.164403053184152270e-02 3.523745979508507986e-01
-6.741698194093324048e-01 -5.105366264127919607e-02 3.603601330251775536e-01
-6.535125247145963101e-01 -4.839947998482774238e-02 3.704998775870658179e-01
-6.329454235142968344e-01 -4.400785362881265428e-02 3.817253256274826256e-01
-6.134191223923686209e-01 -3.826685482023295393e-02 3.929911496581262043e-01
-5.958641055814375420e-01 -3.162498497131238651e-02 4.032833160077862189e-01
-5.811860184494506143e-01 -2.458033116921409800e-02 4.116220854872345569e-01
-5.702663209783853659e-01 -1.766108557185397387e-02 4.170592934567380894e-01
-5.637219117107967747e-01 -1.131787865542843718e-02 4.189149054142484729e-01
-5.611815699510742661e-01 -5.648755678762551469e-03 4.174929285561992387e-01
-5.620392453558142876e-01 -6.295848395727610125e-04 4.133288950887257229e-01
-5.656998535400239447e-01 3.789740596394697292e-03 4.069450834262955397e-01
-5.715768124714895038e-01 7.669964701916498484e-03 3.988532320848330315e-01
-5.790899262238582423e-01 1.107036530933003249e-02 3.895569982111153351e-01
-5.876637357708904830e-01 1.403971336352238808e-02 3.795539672262293607e-01
-5.967263135305431732e-01 1.661017970807110444e-02 3.693371913590262068e-01
-6.057083855237888059e-01 1.879411504250505516e-02 3.593963511803393018e-01
-6.140426138951058377e-01 2.058365527407390871e-02 3.502187030894017283e-01
-6.212837756427642688e-01 2.195803472072732632e-02 3.421929877256140173e-01
-6.274700941353277273e-01 2.290894137850774115e-02 3.353200056404590512e-01
-6.327590946076036005e-01 2.343839353169929751e-02 3.295051403346551666e-01
-6.373066795457322797e-01 2.355428755215438485e-02 3.246552639546109731e-01
-6.412673391909819998e-01 2.326921442221063785e-02 3.206783988007302355e-01
-6.447943776198066246e-01 2.259943481499249174e-02 3.174833791127573690e-01
-6.480401440510465960e-01 2.156400614932207915e-02 3.149795252331433204e-01
-6.511562616912014434e-01 2.018405638170150951e-02 3.130763386268728965e-01
-6.542938484968647828e-01 1.848220068052253140e-02 3.116832234627811005e-01
-6.576037258239209038e-01 1.648209845709969201e-02 3.107092384360452542e-01
-6.611944893276184843e-01 1.423249041753749111e-02 3.100147716622236871e-01
-6.650067450226355703e-01 1.188071531842727069e-02 3.092678440923428695e-01
-6.689403675659235660e-01 9.600974313300980612e-03 3.080898735343104988e-01
-6.728965088838343434e-01 7.570316387917053191e-03 3.061041193558811102e-01
-6.767767362790637620e-01 5.968453283996311143e-03 3.029356696185594444e-01
-6.804815048780188391e-01 4.977195814283685849e-03 2.982112539954622221e-01
-6.839079681420354717e-01 4.779498969975204403e-03 2.915588729616800379e-01
-6.869471367809811824e-01 5.558082681809572989e-03 2.826072174164853124e-01
-6.894804055362300232e-01 7.493567532301348422e-03 2.709848309842612935e-01
-6.913754791941588707e-01 1.076203032210454325e-02 2.563189408153423443e-01
-6.925425683290580281e-01 1.542676065240611294e-02 2.383994799208446480e-01
-6.931245063967921283e-01 2.112407279944150673e-02 2.176754597613612674e-01
-6.933379481131050071e-01 2.738736973247579698e-02 1.947608539745830925e-01
-6.934229130729940849e-01 3.375789670524920183e-02 1.702715903286033949e-01
-6.936477798798659222e-01 3.978869483403402185e-02 1.448272435992006280e-01
-6.943112798301678268e-01 4.504730665914991050e-02 1.190516056527428645e-01
-6.957415696475823808e-01 4.911687500327754918e-02 9.357178929921872168e-02
-6.982925191929325592e-01 5.159525382855001396e-02 6.901555832503802890e-02
-7.023374202833947422e-01 5.209179371922889601e-02 4.600666529910135694e-02
-7.082603999990402244e-01 5.022157591868392501e-02 2.515810003957508201e-02
-7.162890538975137389e-01 4.576743379524561561e-02 6.949876192779314010e-03
-7.260049734675506627e-01 3.917553748038482553e-02 -8.609775430086674675e-03
-7.367998886412152615e-01 3.103266627520362420e-02 -2.162394797833488980e-02
-7.480391232465297691e-01 2.190124798253156868e-02 -3.218139541949271987e-02
-7.590694498737722284e-01 1.232682976185284218e-02 -4.034946052676913197e-02
-7.692256066019602656e-01 2.845376064647631154e-03 -4.617067619063242034e-02
-7.778360191261732837e-01 -6.009494712689189555e-03 -4.966315379166230670e-02
-7.842283155098286329e-01 -1.369917821144639447e-02 -5.082484644144447117e-02
-7.877351629378761544e-01 -1.967254213849845002e-02 -4.964177442759076797e-02
-7.877007923079135665e-01 -2.335819018952633996e-02 -4.610029520797986891e-02
-7.837066712341052011e-01 -2.433255950735402351e-02 -4.027657484710989166e-02
-7.762281109744257890e-01 -2.284949346925468916e-02 -3.256842989223951434e-02
-7.659676589582824491e-01 -1.933229768206778942e-02 -2.346723566010933126e-02
-7.536265347779442791e-01 -1.421241478285262261e-02 -1.346989815854371386e-02
-7.398971339772852929e-01 -7.939156795514712428e-03 -3.066811050791429238e-03
-7.254579185308012157e-01 -9.857320505792799281e-04 7.267062450296180032e-03
-7.109708537565815334e-01 6.148284318940433479e-03 1.707786892569718162e-02
-6.970813907732384962e-01 1.293771111636132787e-02 2.593522975660356167e-02
-6.844208592623850507e-01 1.883534952154874986e-02 3.343125933490220802e-02
-6.736110531832357751e-01 2.327801133073581497e-02 3.917623118894475454e-02
-6.651125375099660175e-01 2.584075322443002420e-02 4.293309261834998836e-02
-6.587594067512547724e-01 2.668963628101916896e-02 4.502942580424118546e-02
-6.542382006784777104e-01 2.615403819114092698e-02 4.592004896320656115e-02
-6.512414856740988967e-01 2.457585178434396056e-02 4.604840219253070188e-02
-6.494636086347522763e-01 2.230419371760516967e-02 4.585112706819405304e-02
-6.485979769360659120e-01 1.969155908542052913e-02 4.576169810258701176e-02
-6.483358279097748422e-01 1.709134363509789978e-02 4.621306893207499655e-02
-6.483664749455684273e-01 1.485670588654386393e-02 4.763928489804847288e-02
-6.483790392056913987e-01 1.334076522279969979e-02 5.047601960920822251e-02
-6.480656933716346657e-01 1.289812865243256113e-02 5.516001672775239228e-02
-6.472140256771634625e-01 1.376066487192595389e-02 6.194993921711322571e-02
-6.459699222178452160e-01 1.565619298002740578e-02 7.039271301962912730e-02
-6.445650805130274108e-01 1.818340911709404040e-02 7.985783633013454619e-02
-6.432233527699500186e-01 2.093600051365918091e-02 8.971638757646172024e-02
-6.421579133474502044e-01 2.350183479379897022e-02 9.934148172049361847e-02
-6.415709735188857010e-01 2.546355100360830903e-02 1.081078419707193206e-01
-6.416560866059555224e-01 2.640041527599112925e-02 1.153905990271839599e-01
-6.426030838477467810e-01 2.589132648541969672e-02 1.205634150625112255e-01
-6.446056743204078288e-01 2.351892964964541477e-02 1.229959581300867910e-01
-6.478717311861013073e-01 1.887491796411255862e-02 1.220506229666176168e-01
-6.525572364511642576e-01 1.171583051059510439e-02 1.172889095615889943e-01
-6.585311849516752858e-01 2.410894296561494343e-03 1.091041784786508373e-01
-6.655914412144019465e-01 -8.516931970279806308e-03 9.809945986597590206e-02
-6.735284283029674413e-01 -2.054813025904866919e-02 8.488252192432899079e-02
-6.821143973185703757e-01 -3.317273068695980598e-02 7.007016928409903755e-02
-6.910956947880642076e-01 -4.589543003832652346e-02 5.429199069217904849e-02
-7.001880977247925131e-01 -5.823954186429158852e-02 3.819325594452926964e-02
-7.090752939980387026e-01 -6.974945253693309866e-02 2.243655352198992148e-02
-7.174105815993581103e-01 -7.999116910398829106e-02 7.701742541708966883e-03
-7.248218368150087798e-01 -8.855052311504829632e-02 -5.316145290807039459e-03
-7.310124749785451570e-01 -9.513182207058790141e-02 -1.607381304486121820e-02
-7.360576139445198507e-01 -9.985390234435120860e-02 -2.467820308217705261e-02
-7.401424501687028368e-01 -1.029264830760601157e-01 -3.140937636631191410e-02
-7.434674622186729920e-01 -1.045480049505989051e-01 -3.655678144685214903e-02
-7.462442765592367522e-01 -1.049085062845178662e-01 -4.041662122269373825e-02
-7.486920932152738573e-01 -1.041920444553126046e-01 -4.328950829725597416e-02
-7.510346896947233120e-01 -1.025785628359718871e-01 -4.547848909056684263e-02
-7.534980142410443449e-01 -1.002451370645425222e-01 -4.728748968219553817e-02
-7.563083719937715443e-01 -9.736656201795224064e-02 -4.902021354655383689e-02
-7.596911994853030592e-01 -9.411526146457838138e-02 -5.097950138111828622e-02
-7.638464864596716808e-01 -9.063906418712974755e-02 -5.342785890254830861e-02
-7.688771826145899269e-01 -8.699649222588856645e-02 -5.646976891386179531e-02
-7.748616384848245886e-01 -8.322178168166782797e-02 -6.016974254219276119e-02
-7.818776924856534194e-01 -7.934598215248023223e-02 -6.459171631009485992e-02
-7.900027500048292239e-01 -7.539635437354785807e-02 -6.979915912920375831e-02
-7.993138632778107322e-01 -7.139571630437391292e-02 -7.585517629588744981e-02
-8.098878040824564195e-01 -6.736173673454493027e-02 -8.282260007977360061e-02
-8.218011204270982972e-01 -6.330617542960403910e-02 -9.076405519823671497e-02
-8.351301674488862403e-01 -5.923406903219774478e-02 -9.974198604978701255e-02
-8.499511016854262024e-01 -5.514286245381061491e-02 -1.098186310336357607e-01
-8.662387138443277124e-01 -5.102409099335680764e-02 -1.209738338845625094e-01
-8.835645853085605239e-01 -4.688099017995916995e-02 -1.328605825495112747e-01
-9.014033486278094642e-01 -4.274077122202069035e-02 -1.450549561022769218e-01
-9.192345818124962875e-01 -3.865723006435617393e-02 -1.571393329730992328e-01
-9.365430842984139304e-01 -3.471136037516497908e-02 -1.687029177259722346e-01
-9.528188378242976597e-01 -3.100981099665212071e-02 -1.793418950228655717e-01
-9.675564860099257203e-01 -2.768127882453796929e-02 -1.886589814987003066e-01
-9.802542074455535825e-01 -2.487092640732591065e-02 -1.962621898031167156e-01
-9.904119126244976812e-01 -2.273289301129022277e-02 -2.017626844677375963e-01
-9.975287598807440759e-01 -2.142092510291249141e-02 -2.047716922770028702e-01
-1.001281682194294476e+00 -2.103941304076784036e-02 -2.050503460291066560e-01
-1.002067391028038656e+00 -2.151886587623552671e-02 -2.029669648456389197e-01
-1.000458389799718795e+00 -2.273060829608253286e-02 -1.990356995927489159e-01
-9.970246221746172921e-01 -2.453626606636882812e-02 -1.937663760398340429e-01
-9.923362921883409626e-01 -2.679770911365242370e-02 -1.876678535106721668e-01
-9.869659424838683748e-01 -2.938408773758816039e-02 -1.812505962830410766e-01
-9.814897998166447479e-01 -3.217598414522004902e-02 -1.750284284580865268e-01
-9.764884578193964160e-01 -3.506664835211736886e-02 -1.695195246273986101e-01
-9.725469939729283197e-01 -3.796025756099519199e-02 -1.652467307056482149e-01
-9.702546078524836304e-01 -4.076712867779885840e-02 -1.627373085983303547e-01
-9.700362552182202336e-01 -4.340885720885800936e-02 -1.623564147943694636e-01
-9.716471286061469925e-01 -4.584914457837818702e-02 -1.638070198409269373e-01
-9.746717503387705150e-01 -4.805606340003265586e-02 -1.666234838168461074e-01
-9.786912706885813051e-01 -4.999568394289832796e-02 -1.703369732101118750e-01
-9.832838743835932149e-01 -5.163727702865994473e-02 -1.744757981004165792e-01
-9.880253786321233633e-01 -5.295656257107106413e-02 -1.785659309176819143e-01
-9.924899985643591549e-01 -5.393696962271832263e-02 -1.821316860106096946e-01
-9.962512244238146408e-01 -5.456888323297404142e-02 -1.846965069085140243e-01
-9.988827511130597969e-01 -5.484686648234227135e-02 -1.857838010423131792e-01
-9.999594259728770140e-01 -5.476486090704879572e-02 -1.849177809658151261e-01
-9.991842843137126451e-01 -5.432330788598793703e-02 -1.817732039392536691e-01
-9.967669985659544096e-01 -5.356668267356656798e-02 -1.766224112381196143e-01
-9.930443459043178933e-01 -5.254726221760464000e-02 -1.698876993024782678e-01
-9.883529065820795267e-01 -5.131753549633710776e-02 -1.619914173689491754e-01
-9.830281014788146976e-01 -4.993488709043081286e-02 -1.533551845195457730e-01
-9.774034208236148658e-01 -4.846484825283603470e-02 -1.443992742802189255e-01
-9.718098780156321226e-01 -4.698292464450615213e-02 -1.355421877908913331e-01
-9.665757509051893237e-01 -4.557502162233983967e-02 -1.272004591859681177e-01
-9.620266840047202450e-01 -4.433649536983086392e-02 -1.197887453640524846e-01
-9.584862201135235793e-01 -4.336985964603412569e-02 -1.137202482113863766e-01
-9.561630009391155482e-01 -4.274945132899343747e-02 -1.092746146542671326e-01
-9.548112819539351648e-01 -4.241964453067570417e-02 -1.062006664829269198e-01
-9.540736025953417965e-01 -4.228585757198066730e-02 -1.041158053369715120e-01
-9.535938417570175574e-01 -4.224891873064784420e-02 -1.026382561660024173e-01
-9.530165314160363721e-01 -4.220732143576544360e-02 -1.013865655072221372e-01
-9.519865566604188700e-01 -4.205811833775108255e-02 -9.997946785699873828e-02
-9.501492596083682685e-01 -4.169646147889416454e-02 -9.803613118222020972e-02
-9.471509599683454184e-01 -4.101379504369440099e-02 -9.517679245490873186e-02
-9.426399128511899761e-01 -3.989471448865655745e-02 -9.102380545926136435e-02
-9.362677441680808954e-01 -3.821252178778022923e-02 -8.520314527936578841e-02
-9.278165895482874959e-01 -3.587460089645055916e-02 -7.746643290730359510e-02
-9.175735503652067138e-01 -3.297878969975842622e-02 -6.804972387297292258e-02
-9.059494228305471353e-01 -2.967651556583206229e-02 -5.730729236583309572e-02
-8.933507187739344602e-01 -2.612920319060396679e-02 -4.558858153084521803e-02
-8.801779584548263813e-01 -2.251246770374315531e-02 -3.323637208119034625e-02
-8.668244997718463907e-01 -1.901881333448862677e-02 -2.058557856095077909e-02
-8.536759512006897310e-01 -1.585891940590666849e-02 -7.962738025303117695e-03
-8.411102228628042354e-01 -1.326161569823014474e-02 4.313735064214618831e-03
-8.294982702492710303e-01 -1.147265615846393416e-02 1.593245528772158082e-02
-8.192055838925860201e-01 -1.075239224662638549e-02 2.658706825610579472e-02
-8.104970077803947959e-01 -1.129396740200183658e-02 3.606106798777553024e-02
-8.032494160524610294e-01 -1.297798041289421889e-02 4.448564435623758584e-02
-7.972485358067746830e-01 -1.559656869965575510e-02 5.207240629250087238e-02
-7.922852193391598519e-01 -1.893261122582501343e-02 5.902731770971314518e-02
-7.881538738916340492e-01 -2.276176381780992131e-02 6.555275023693774017e-02
-7.846513167934006105e-01 -2.685400620947309136e-02 7.184910513088738071e-02
-7.815760623190532996e-01 -3.097474309316883279e-02 7.811599254660173131e-02
-7.787280551929161021e-01 -3.488548731835194872e-02 8.455295351780112156e-02
-7.759088718073297031e-01 -3.834414441874711699e-02 9.135970943334914551e-02
-7.729224128537000027e-01 -4.110491387761783244e-02 9.873592654613894126e-02
-7.696091864868375154e-01 -4.297797496321287269e-02 1.068434576586891893e-01
-7.659451945019633001e-01 -4.401080342779906118e-02 1.156949201232677638e-01
-7.619399726819606755e-01 -4.431015466820653614e-02 1.252656224517210148e-01
-7.576026312283499209e-01 -4.398234161919178931e-02 1.355309748035953277e-01
-7.529413802784983289e-01 -4.313327883105966265e-02 1.464667296014043885e-01
-7.479630865591495592e-01 -4.186851087093357293e-02 1.580492031671738573e-01
-7.426728618357367750e-01 -4.029322361436937783e-02 1.702554776847993168e-01
-7.370736828783082117e-01 -3.851223738834796961e-02 1.830635847491759449e-01
-7.311660418499634773e-01 -3.662998124389860166e-02 1.964526735193290463e-01
-7.249476253343605237e-01 -3.475044786858649815e-02 2.104031680447357999e-01
-7.184347821539187606e-01 -3.296853716514291932e-02 2.248093635793573242e-01
-7.117274809707403449e-01 -3.134788220906603584e-02 2.392168086457724385e-01
-7.049438907860299253e-01 -2.995322952154655383e-02 2.530849365741500989e-01
-6.981990363127907884e-01 -2.886004264772168426e-02 2.658746105496998524e-01
-6.916056502011382889e-01 -2.815402799415034352e-02 2.770480394974397242e-01
-6.852755042687856957e-01 -2.793007466567409836e-02 2.860685929608912659e-01
-6.793212859917465707e-01 -2.829062058269204982e-02 2.924004908169148820e-01
-6.738590653732074998e-01 -2.934343398840644213e-02 2.955083390227519757e-01
-6.690113688846173190e-01 -3.119876685923372861e-02 2.948564751492392944e-01
-6.649108408099149159e-01 -3.396579461192317240e-02 2.899080776836902018e-01
-6.617179201105294339e-01 -3.770869506018748041e-02 2.803476975229077794e-01
-6.596596925057278682e-01 -4.231992673093820656e-02 2.667505781317887070e-01
-6.589780519077645948e-01 -4.763053093862712473e-02 2.499099615449624778e-01
-6.599088393234708860e-01 -5.344956540377499010e-02 2.306135027805176207e-01
-6.626764826034321487e-01 -5.956697611282013582e-02 2.096442571528740473e-01
-6.674899618138905311e-01 -6.575845570029770215e-02 1.877823595765644171e-01
-6.745403538715910585e-01 -7.179216826253043138e-02 1.658072859571042557e-01
-6.840001704268363625e-01 -7.743715869730571910e-02 1.445004862011369795e-01
-6.960246336048712124e-01 -8.247323664312533609e-02 1.246480991892919832e-01
-7.107549334693388232e-01 -8.670213386457081839e-02 1.070434140020939395e-01
-7.281238849485500708e-01 -8.998647237494239448e-02 9.232312784745211331e-02
-7.472663738060862926e-01 -9.233888329157657893e-02 8.047164211393287303e-02
-7.671256792474530073e-01 -9.383460462862913687e-02 7.131563184945655109e-02
-7.866533810427007722e-01 -9.456960279272275116e-02 6.468456077106310431e-02
-8.048083446486806736e-01 -9.464671690348858135e-02 6.040642407021223903e-02
-8.205554356005757555e-01 -9.416365689465688860e-02 5.830475127617873454e-02
-8.328641852281597480e-01 -9.320289606568410434e-02 5.819668353982798692e-02
-8.407075925646632086e-01 -9.182353180800273407e-02 5.989175762509013623e-02
-8.430611987150351538e-01 -9.005520654445664519e-02 6.319090922398640231e-02
-8.389025103981797571e-01 -8.789420073734621752e-02 6.788514998752237517e-02
-8.276121868770438539e-01 -8.531593028904449483e-02 7.373337342746122403e-02
-8.101771775297024192e-01 -8.233053945392354578e-02 8.040514943336951603e-02
-7.879840865265617111e-01 -7.897099959459463747e-02 8.755136620782089096e-02
-7.624162365173834388e-01 -7.529494035461148371e-02 9.482987948692933600e-02
-7.348524291371001382e-01 -7.139329960190465840e-02 1.019100647509185720e-01
-7.066660353078377810e-01 -6.739408148720205105e-02 1.084769474039770643e-01
-6.792246542235362838e-01 -6.346145396829783181e-02 1.142341758375993166e-01
-6.538905303214423981e-01 -5.979055524306797764e-02 1.189050064847432253e-01
-6.320218185768124997e-01 -5.659846010520919179e-02 1.222305502656109155e-01
-6.149746766652341989e-01 -5.411174037404720139e-02 1.239647562833026129e-01
-6.037469262685508653e-01 -5.249939333234543426e-02 1.239703389645709919e-01
-5.979040669025437182e-01 -5.170036285033852153e-02 1.225186367910566787e-01
-5.966573680689739589e-01 -5.157506696940572510e-02 1.199692227445172676e-01
-5.992206860351547704e-01 -5.196916665212381048e-02 1.166704004043950249e-01
-6.048084224517182861e-01 -5.272453417273759158e-02 1.129647677649607829e-01
-6.126341191159756505e-01 -5.368739282727741369e-02 1.091936429703981304e-01
-6.219096748936863150e-01 -5.471376216234924428e-02 1.057001732662978810e-01
-6.318451384924905767e-01 -5.567224455105357350e-02 1.028311166352633421e-01
-6.416490147729412286e-01 -5.644412422828093412e-02 1.009373989058506282e-01
-6.505290225642319513e-01 -5.692071949978316781e-02 1.003736078704298151e-01
-6.578143613269151757e-01 -5.702701273863919340e-02 1.014338209336607122e-01
-6.633202025990172501e-01 -5.680077054548249293e-02 1.041606538349757471e-01
-6.669844328630851749e-01 -5.629991976449399971e-02 1.085315888561062536e-01
-6.687460814622614436e-01 -5.557266092025203719e-02 1.145219932586236666e-01
-6.685449293151224381e-01 -5.465718773455474633e-02 1.221055871184137942e-01
-6.663212141268255451e-01 -5.358144226265038057e-02 1.312548406007127966e-01
-6.620154343133490826e-01 -5.236289827032525324e-02 1.419412890924371951e-01
-6.555682520713315142e-01 -5.100836723249191351e-02 1.541357557819171831e-01
-6.469204946426110325e-01 -4.951382332317866286e-02 1.678084720610435454e-01
-6.360132517094534421e-01 -4.786424596741811754e-02 1.829290866684498695e-01
-6.229010452133358910e-01 -4.605433515131718281e-02 1.993856871292720712e-01
-6.080887330138740055e-01 -4.416383802156431670e-02 2.167441594473693556e-01
-5.921880020338878836e-01 -4.232053208533814725e-02 2.344953159560123623e-01
-5.758026500235420286e-01 -4.068732413182907237e-02 2.521377719986475086e-01
-5.595279730953270914e-01 -3.946427570136945562e-02 2.691788350768113958e-01
-5.439510955425612693e-01 -3.888762986812732692e-02 2.851343901235683376e-01
-5.296525309484163557e-01 -3.922602620755011316e-02 2.995274537624670330e-01
-5.172092262037111254e-01 -4.077407641729946519e-02 3.118850979073659602e-01
-5.071992957713220562e-01 -4.384341351191300973e-02 3.217334878825504063e-01
-5.002086161392771402e-01 -4.875121470002596880e-02 3.285908296272133100e-01
-4.966737192399310885e-01 -5.567774595441310481e-02 3.320931731331340231e-01
-4.963901817356450863e-01 -6.426404515768835424e-02 3.323943175491699265e-01
-4.990024724134478618e-01 -7.399063884990120243e-02 3.297693230181533153e-01
-5.041593547926233043e-01 -8.431428253480088841e-02 3.244903829052923072e-01
-5.115045257681609669e-01 -9.467695324987523975e-02 3.168362846660919274e-01
-5.206682846808243781e-01 -1.045140357170186718e-01 3.071004392395657590e-01
-5.312605930035605439e-01 -1.132618484578729046e-01 2.955971517569224716e-01
-5.428659989556310350e-01 -1.203644899821494363e-01 2.826656906898978860e-01
-5.550409492996575267e-01 -1.252798326069703982e-01 2.686716507171551527e-01
-5.673139612766195938e-01 -1.274843647736805252e-01 2.540051292717304676e-01
-5.792389659147447745e-01 -1.266366023026268550e-01 2.390623195464591788e-01
-5.905617689380822100e-01 -1.230552116101732985e-01 2.241900975575310540e-01
-6.010941078754186151e-01 -1.172317953311603489e-01 2.097054056735112582e-01
-6.106698197780895399e-01 -1.096679716371813385e-01 1.959049031846866740e-01
-6.191461755806528799e-01 -1.008729741598743956e-01 1.830655732611274900e-01
-6.264032572942079824e-01 -9.136102581541916123e-02 1.714468166804632432e-01
-6.323416844615055155e-01 -8.164863917392617410e-02 1.612936757596017401e-01
-6.368789807984169826e-01 -7.225194602349294115e-02 1.528408174800173214e-01
-6.399448142442007992e-01 -6.368410449212236202e-02 1.463169462746716221e-01
-6.414752620535644212e-01 -5.645277775127244269e-02 1.419493996044476347e-01
-6.414953879212212939e-01 -5.094861773877212840e-02 1.398380751032224367e-01
-6.403775884706135457e-01 -4.711646971168192977e-02 1.395686705084102641e-01
-6.385693468430222453e-01 -4.478554764730358073e-02 1.406061842322205990e-01
-6.365087374170759205e-01 -4.378400162561391085e-02 1.424215079562785036e-01
-6.346292732430196537e-01 -4.394245142201214094e-02 1.444876266269456977e-01
-6.333637509204912419e-01 -4.509520120786181252e-02 1.462767078329054726e-01
-6.331471734537563734e-01 -4.707916520889732226e-02 1.472579727103742187e-01
-6.344188033517674796e-01 -4.973048059261930831e-02 1.468962860614198007e-01
-6.376233434700608882e-01 -5.287875202539549235e-02 1.446514684032749187e-01
-6.432111574043428703e-01 -5.633886206096505589e-02 1.399784212852832610e-01
-6.514657834353609900e-01 -5.989031083955609347e-02 1.325453135586780462e-01
-6.619833054244050885e-01 -6.325086740115848372e-02 1.228901986446757633e-01
-6.741777441784488900e-01 -6.613472917480978097e-02 1.117781584746362356e-01
-6.874504618884760276e-01 -6.827823409440991753e-02 9.998663359514736726e-02
-7.011914085228987403e-01 -6.944868552425553787e-02 8.830495190165166264e-02
-7.147827012676444269e-01 -6.944851897542081431e-02 7.753186277404289228e-02
-7.276041465363274341e-01 -6.811454572087161097e-02 6.847142385557347666e-02
-7.390402175804000606e-01 -6.531211481967513777e-02 6.192771698386412282e-02
-7.484880295051263843e-01 -6.092420247198404581e-02 5.869889735465871894e-02
-7.553660216367399372e-01 -5.483564143471841845e-02 5.957099413827293688e-02
-7.593037287174073668e-01 -4.703743542625016261e-02 6.497661429037115965e-02
-7.606748062167811852e-01 -3.798307194433725442e-02 7.399050866452760999e-02
-7.600212045240892778e-01 -2.822404488571272907e-02 8.534888312594368642e-02
-7.578550761429401206e-01 -1.830621705732538018e-02 9.779435781939938011e-02
-7.546512325088210460e-01 -8.784878174163956999e-03 1.100811297151471635e-01
-7.508466415443191266e-01 -2.333347110115013834e-04 1.209770171038311304e-01
-7.468469872563421319e-01 6.754213061430203169e-03 1.292631489054221205e-01
-7.430404518427087268e-01 1.156479891690764816e-02 1.337318629245594082e-01
-7.398188835944203845e-01 1.357343905131136452e-02 1.331830202697927845e-01
-7.376063981233418332e-01 1.215471125081490911e-02 1.264183723780938351e-01
-7.367721497556605215e-01 6.916723802168345259e-03 1.127063583323071327e-01
-7.372678852465357480e-01 -1.636761125987540311e-03 9.319442304351177597e-02
-7.389386342254642415e-01 -1.276826269923336810e-02 6.949115143774520220e-02
-7.416004000970701782e-01 -2.573892713254988251e-02 4.319949055410354788e-02
-7.450105128256954146e-01 -3.982219482583815306e-02 1.592441827198065596e-02
-7.488497270009730755e-01 -5.431526224033556005e-02 -1.071884333525563449e-02
-7.527156208961169881e-01 -6.854668167835331616e-02 -3.509744771470835190e-02
-7.561267811082750256e-01 -8.187793104947260758e-02 -5.555613664669101226e-02
-7.585373481120836203e-01 -9.369677525879982483e-02 -7.041673979173657116e-02
-7.593617885001329171e-01 -1.034007314882456896e-01 -7.798329716100838027e-02
-7.581559632471321919e-01 -1.105236578996127150e-01 -7.707797147970518736e-02
-7.551041069362494085e-01 -1.151722112352704386e-01 -6.863302190856224172e-02
-7.506044169622425599e-01 -1.175758381552900467e-01 -5.412775710778472416e-02
-7.451023938175449501e-01 -1.179585847311273028e-01 -3.505761005258722918e-02
-7.390676438315475494e-01 -1.165600374449149434e-01 -1.292559413277549751e-02
-7.329734923789086309e-01 -1.136496408791454193e-01 1.076561190156688497e-02
-7.272799664884335158e-01 -1.095337296058724874e-01 3.452014791199164989e-02
-7.224210879145411823e-01 -1.045552992808813642e-01 5.685333314988483266e-02
-7.187974610510154960e-01 -9.908707038565900405e-02 7.629347040268719127e-02
-7.167748930995196943e-01 -9.351870699023923095e-02 9.138101906677764674e-02
-7.165966204680849216e-01 -8.819825632292044304e-02 1.010213799025905246e-01
-7.181234700163710016e-01 -8.328922907871749715e-02 1.055456502848155509e-01
-7.211332917767343531e-01 -7.888756763642756908e-02 1.056358788120190795e-01
-7.254169826128951115e-01 -7.507143058453991102e-02 1.019682954172553835e-01
-7.307782756494916043e-01 -7.190994460103983243e-02 9.521356980020811989e-02
-7.370328481629115913e-01 -6.947037407290945765e-02 8.603722261654400683e-02
-7.440069701623928111e-01 -6.782383945426673222e-02 7.510008815828328466e-02
-7.515357881574917798e-01 -6.704971499464340567e-02 6.305878682772814159e-02
-7.594612435103211823e-01 -6.723882591794083652e-02 5.056620842803383198e-02
-7.676295570735796048e-01 -6.849554809497160335e-02 3.827203947095725312e-02
-7.758818849736215384e-01 -7.087641959918622447e-02 2.674914944376816095e-02
-7.840300631396912578e-01 -7.420062865354726256e-02 1.627395703075773525e-02
-7.918703741947510366e-01 -7.823291648237029605e-02 7.054093876174505340e-03
-7.991897052863272677e-01 -8.274432183017133013e-02 -6.961702169783201555e-04
-8.057664746100403619e-01 -8.751047453037852364e-02 -6.755767919026656187e-03
-8.113720076183890129e-01 -9.230931606489489738e-02 -1.089716046236910429e-02
-8.157724188827177869e-01 -9.691821200662342761e-02 -1.288720199108350783e-02
-8.187310742466458180e-01 -1.011104403374663008e-01 -1.248860074904412087e-02
-8.200117253468075518e-01 -1.046510672629281657e-01 -9.462040871338395220e-03
-8.193824227880099897e-01 -1.072922597787004939e-01 -3.569030606455303456e-03
-8.167616812212070698e-01 -1.088454882441247662e-01 5.245675737324262400e-03
-8.126447385126889245e-01 -1.094179175770988444e-01 1.631482656084415339e-02
-8.076734867698807108e-01 -1.092004580634631239e-01 2.878750525147566464e-02
-8.024886598869445109e-01 -1.084024622368628954e-01 4.181247329597503892e-02
-7.977251886956011617e-01 -1.072569689855749075e-01 5.454151553534636321e-02
-7.940095331405725432e-01 -1.060205073777042983e-01 6.613117118078815082e-02
-7.919593767554129471e-01 -1.049676226298901227e-01 7.574261181007990729e-02
-7.921859765187777569e-01 -1.043803102748617206e-01 8.253952480579407336e-02
-7.952992681658432872e-01 -1.045324767982895864e-01 8.568402309799250105e-02
-8.019155445763939127e-01 -1.056693823061141124e-01 8.433081461510472110e-02
-8.124253344206806560e-01 -1.079092734726265768e-01 7.792076108735557227e-02
-8.262699406126854385e-01 -1.110230323063747804e-01 6.708324942296606253e-02
-8.426524606430181308e-01 -1.146976968649435769e-01 5.274845417403373204e-02
-8.607690214256731309e-01 -1.186421319585226897e-01 3.585554987721817355e-02
-8.798027972574571365e-01 -1.226096172511113025e-01 1.735717874649811421e-02
-8.989216054927773314e-01 -1.264131309431766326e-01 -1.779226008190359920e-03
-9.172785021387372950e-01 -1.299329365577861495e-01 -2.057266736584262290e-02
-9.340143963554004003e-01 -1.331160389016181611e-01 -3.803143992138879881e-02
-9.482615027775747052e-01 -1.359671615602198180e-01 -5.315653329057168364e-02
-9.591465138990997730e-01 -1.385310458876900519e-01 -6.494457900666938954e-02
-9.660484912916871281e-01 -1.408734498294146320e-01 -7.265945859245137584e-02
-9.693698818136713413e-01 -1.430624915226950122e-01 -7.664496405560017323e-02
-9.697736365376732337e-01 -1.451244433171678949e-01 -7.751953670243771910e-02
-9.679271822827280047e-01 -1.470526953779129897e-01 -7.590619465452741466e-02
-9.645020113478848245e-01 -1.488250242268360779e-01 -7.243209896672153647e-02
-9.601734114019171429e-01 -1.504167806378626793e-01 -6.772823314636022829e-02
-9.556200338454026166e-01 -1.518099310968104021e-01 -6.242891243367276743e-02
-9.515232311889469941e-01 -1.529978922581616274e-01 -5.717106959382078912e-02
-9.485662458437822409e-01 -1.539861078865012445e-01 -5.259340951451063617e-02
-9.474333985124960833e-01 -1.547883348991674346e-01 -4.933557994939086200e-02
-9.486435924516687379e-01 -1.554178882008150353e-01 -4.790169677507982726e-02
-9.520520588387411109e-01 -1.558757583506733546e-01 -4.825211251772776322e-02
-9.573469931090006213e-01 -1.561513838357329043e-01 -5.020985796118848654e-02
-9.642153452798325475e-01 -1.562274129011917978e-01 -5.359644098796589873e-02
-9.723429104412311119e-01 -1.560835842829315645e-01 -5.823201952414702731e-02
-9.814144500671995175e-01 -1.557000686989526983e-01 -6.393563640049304553e-02
-9.911138789103901559e-01 -1.550602603548041358e-01 -7.052555083709943773e-02
-1.001124530747380170e+00 -1.541530082769444476e-01 -7.781967332281958249e-02
-1.011129498015601591e+00 -1.529742790268899810e-01 -8.563608774973641147e-02
-1.020812025921586930e+00 -1.515282455371131931e-01 -9.379362721816830728e-02
-1.029870337609420261e+00 -1.498360166559402629e-01 -1.020651992196266455e-01
-1.038061921406908894e+00 -1.479612891580548428e-01 -1.100367872762801902e-01
-1.045161846465756383e+00 -1.459862782352194799e-01 -1.172499661353061384e-01
-1.050948658652719914e+00 -1.440009610162924503e-01 -1.232491271619706730e-01
-1.055204054884878673e+00 -1.420992301543075875e-01 -1.275810280294797927e-01
-1.057712068317204768e+00 -1.403740905876529332e-01 -1.297940146163747421e-01
-1.058257805206570978e+00 -1.389119112443353288e-01 -1.294369613105583738e-01
-1.056625834926677499e+00 -1.377857217434961257e-01 -1.260580146996104212e-01
-1.052598406855041802e+00 -1.370475186880524276e-01 -1.192032693621771777e-01
-1.045953754809008984e+00 -1.367195216827594706e-01 -1.084155566069573418e-01
-1.036561482401348044e+00 -1.367671621956265682e-01 -9.344315418119908401e-02
-1.024673761475985323e+00 -1.370542336737177180e-01 -7.486950837944350567e-02
-1.010640118375556007e+00 -1.374259433847040413e-01 -5.348790123279734132e-02
-9.948137195486417284e-01 -1.377437477271912236e-01 -3.009394401940390651e-02
-9.775523507142320767e-01 -1.378974837447217716e-01 -5.486369082197128932e-03
-9.592177960523065039e-01 -1.378147669790368290e-01 1.953326183824977136e-02
-9.401739764386176645e-01 -1.374675397951374833e-01 4.416176257547466122e-02
-9.207843828199102632e-01 -1.368756737211680452e-01 6.759614276252001730e-02
-9.014094472391525059e-01 -1.361075862852367813e-01 8.903565812943892155e-02
-8.824045201584240772e-01 -1.352779065884979204e-01 1.076836700174101935e-01
-8.641082325084541438e-01 -1.345239173453856019e-01 1.229362288932147607e-01
-8.468126892352589863e-01 -1.339292208334947887e-01 1.349427483393998983e-01
-8.308004698229476404e-01 -1.335490779079258061e-01 1.440406318531515240e-01
-8.163563895385816949e-01 -1.334227435701924591e-01 1.505666209543790046e-01
-8.037676270606208817e-01 -1.335720118646595012e-01 1.548558821055312507e-01
-7.933236029672503520e-01 -1.340006778922488984e-01 1.572412230641457853e-01
-7.853156447839371168e-01 -1.346949098718104310e-01 1.580525285360518950e-01
-7.800364938530046643e-01 -1.356245231599997325e-01 1.576164894077010104e-01
-7.777797200825524726e-01 -1.367451490151445626e-01 1.562566774077946974e-01
-7.788391138618671050e-01 -1.380012942626596129e-01 1.542939872694955028e-01
-7.833462928435430683e-01 -1.393370008483874045e-01 1.520086803514519858e-01
-7.907849583240764701e-01 -1.407210931570288537e-01 1.495257319281684261e-01
-8.004764410957463383e-01 -1.421313830968040648e-01 1.469328520889110479e-01
-8.117414799635884748e-01 -1.435498678488755786e-01 1.443197565780121039e-01
-8.239001921465636258e-01 -1.449638209214327844e-01 1.417783397812151236e-01
-8.362720802160046318e-01 -1.463662855828635756e-01 1.394026952887017501e-01
-8.481760598028689202e-01 -1.477559513718187389e-01 1.372890394749681775e-01
-8.589304902639476325e-01 -1.491363946824897369e-01 1.355356015842525963e-01
-8.678531918564864611e-01 -1.505146662670293622e-01 1.342425396270350291e-01
-8.742614381605218199e-01 -1.518992103095957447e-01 1.335119244654103809e-01
-8.776615547955319840e-01 -1.532974479016413483e-01 1.334223523168391878e-01
-8.783180364361751202e-01 -1.547137876826321090e-01 1.339515977721754680e-01
-8.766851886128614879e-01 -1.561481314075372495e-01 1.350510887863833887e-01
-8.732176079132001334e-01 -1.575972812354700103e-01 1.366710506152415405e-01
-8.683702088052207557e-01 -1.590566856811057583e-01 1.387604417690830871e-01
-8.625982489773829087e-01 -1.605219656507941295e-01 1.412668935457102037e-01
-8.563573451550983151e-01 -1.619902142552289703e-01 1.441366730837714272e-01
-8.501034760014558600e-01 -1.634610634282398500e-01 1.473146744044804279e-01
-8.442929728482120311e-01 -1.649375099996701621e-01 1.507444293187187867e-01
-8.393825025413477192e-01 -1.664264938578918773e-01 1.543681204855120725e-01
-8.357514393118208318e-01 -1.679263751032582519e-01 1.580655367386434307e-01
-8.334695157476366134e-01 -1.693878260538124181e-01 1.614711574809284400e-01
-8.325304413390899327e-01 -1.707499518007242756e-01 1.641578823125460218e-01
-8.329292755379364976e-01 -1.719503109535511776e-01 1.656985878225816222e-01
-8.346617760897654392e-01 -1.729221330661303568e-01 1.656666524021819242e-01
-8.377234359561303023e-01 -1.735915585664415950e-01 1.636365629885512263e-01
-8.421081514994428474e-01 -1.738749129627863432e-01 1.591846381518706721e-01
-8.478064460180538831e-01 -1.736760416624143488e-01 1.518899001770446233e-01
-8.548031570448237915e-01 -1.728837521384387621e-01 1.413351231325723489e-01
-8.630744848637732503e-01 -1.713694375780674406e-01 1.271080719757957667e-01
-8.725040521077431777e-01 -1.690410136593190060e-01 1.090380212267767490e-01
-8.826462466710083277e-01 -1.660258468761206530e-01 8.789781581992350823e-02
-8.929828625940743336e-01 -1.625357737635173550e-01 6.468916003628688571e-02
-9.030119114950148074e-01 -1.588226456614028059e-01 4.040315659577409235e-02
-9.122526422423593573e-01 -1.551812435992658834e-01 1.601841176139906509e-02
-9.202477998321798580e-01 -1.519472425732137921e-01 -7.498937825049623029e-03
-9.265624669036922612e-01 -1.494907079349507839e-01 -2.919303599742129052e-02
-9.307789386708282819e-01 -1.482056139861045452e-01 -4.811384787979244848e-02
-9.324872486731425880e-01 -1.484957582870087833e-01 -6.331043195515739797e-02
-9.312711593573954616e-01 -1.507571925126778289e-01 -7.382198894792058042e-02
-9.268440950927754329e-01 -1.552344364734832283e-01 -7.895237782644093372e-02
-9.194997749591173886e-01 -1.616361808296438163e-01 -7.912278463362421022e-02
-9.096610514685998794e-01 -1.695119719380042689e-01 -7.502822826865562789e-02
-8.977431279400569508e-01 -1.783937718058630217e-01 -6.736461417399564056e-02
-8.841683284400279064e-01 -1.878124696697196505e-01 -5.683871250547811727e-02
-8.693776884289601270e-01 -1.973117445984717833e-01 -4.417600561520762525e-02
-8.538389536235291288e-01 -2.064593286550104878e-01 -3.012613099609806611e-02
-8.380506860884739950e-01 -2.148554176004591199e-01 -1.546561256961398456e-02
-8.225423308483703622e-01 -2.221377625439497905e-01 -9.976369080066938011e-04
-8.078702914048525585e-01 -2.279828692863290485e-01 1.245121452605513213e-02
-7.945715647936788528e-01 -2.321776962386548071e-01 2.416881143931881581e-02
-7.830315928240576540e-01 -2.348292149790598415e-01 3.396605304484801025e-02
-7.735848677682719554e-01 -2.361191236024282603e-01 4.179630470280759624e-02
-7.665526493518992623e-01 -2.362229218899534189e-01 4.762602458431430819e-02
-7.622443260187088399e-01 -2.353063404938340319e-01 5.143465345394382382e-02
-7.609590501155434339e-01 -2.335219748688892594e-01 5.321390127619007870e-02
-7.629875040362943395e-01 -2.310061457720973266e-01 5.296662268900398374e-02
-7.686136579610138853e-01 -2.278759893104629342e-01 5.070547450557416624e-02
-7.781163931251020571e-01 -2.242267650787361788e-01 4.645154281520369466e-02
-7.917708832851868550e-01 -2.201293622809821215e-01 4.023311875419821604e-02
-8.096580012983185526e-01 -2.156247047877535294e-01 3.212684176736146924e-02
-8.310915683405664112e-01 -2.107228421633271509e-01 2.237957679698165947e-02
-8.551967183575195364e-01 -2.054362470625434867e-01 1.127434202664723273e-02
-8.811032973687620284e-01 -1.997953997202177590e-01 -9.153078147523530106e-04
-9.079474179148085966e-01 -1.938565557394884564e-01 -1.392819642793252655e-02
-9.348729968605127283e-01 -1.877070647648322321e-01 -2.751837134268875218e-02
-9.610331028429115463e-01 -1.814683922380884162e-01 -4.145749746132487701e-02
-9.855909321420135427e-01 -1.752970602188388405e-01 -5.553635064509565566e-02
-1.007720261741736678e+00 -1.693837724984876836e-01 -6.956496134734235781e-02
-1.026605278477322969e+00 -1.639510090147773269e-01 -8.337100513772588428e-02
-1.041633012527459101e+00 -1.591932778282520999e-01 -9.679042706456142398e-02
-1.052967860493568608e+00 -1.550946164583795195e-01 -1.096380648210462105e-01
-1.060964014815553469e+00 -1.515761195626446067e-01 -1.217109125263213798e-01
-1.065971210067532482e+00 -1.485472283086255452e-01 -1.327945016019138613e-01
-1.068334911742693905e+00 -1.459039428131019278e-01 -1.426654947759891101e-01
-1.068396683637403477e+00 -1.435276079114884418e-01 -1.510940694052731459e-01
-1.066494831055932124e+00 -1.412843392249927277e-01 -1.578460884008761056e-01
-1.062965402974150209e+00 -1.390251379048317304e-01 -1.626850336695162547e-01
-1.058143617552463667e+00 -1.365867301129295441e-01 -1.653736564803351961e-01
-1.052365752147125022e+00 -1.337931613739344883e-01 -1.656752806952668244e-01
-1.045925029679400708e+00 -1.305065961702291943e-01 -1.634470891332129305e-01
-1.038932538837864072e+00 -1.267774239405854431e-01 -1.589167600210377174e-01
-1.031453126799324771e+00 -1.227046614018645343e-01 -1.524033490821530279e-01
-1.023549704814286088e+00 -1.183895073236209683e-01 -1.442240568120380928e-01
-1.015281769039250825e+00 -1.139365481689882387e-01 -1.346937031544759300e-01
-1.006704250280389346e+00 -1.094547310537370421e-01 -1.241243195344376993e-01
-9.978666920682357500e-01 -1.050581142743944874e-01 -1.128248491669348041e-01
-9.888127618923139295e-01 -1.008664158774710273e-01 -1.011009431238232281e-01
-9.795801042137810555e-01 -9.700538785685752785e-02 -8.925483689673807675e-02
-9.702005462453229256e-01 -9.360704762015625846e-02 -7.758529059407637263e-02
-9.607041620752028166e-01 -9.077767408727277498e-02 -6.633905378472304548e-02
-9.511325875915126460e-01 -8.849977805135900155e-02 -5.556672421768338310e-02
-9.415324243927027936e-01 -8.672548412527536499e-02 -4.527083408838894485e-02
-9.319521497636005236e-01 -8.540816561508446370e-02 -3.545480673913203873e-02
-9.224419845172118215e-01 -8.450236758984885910e-02 -2.612303307752394943e-02
-9.130537673161089884e-01 -8.396372164154008999e-02 -1.728093649556416977e-02
-9.038408346961404050e-01 -8.374885165218337590e-02 -8.935024358081911089e-03
-8.948579058358419047e-01 -8.381526975110631383e-02 -1.092924369335168677e-03
-8.861609709487368036e-01 -8.412126154325605398e-02 6.236595683914103461e-03
-8.778071820255082258e-01 -8.462575962467422386e-02 1.304362617503329602e-02
-8.698345723018805487e-01 -8.529126761502414666e-02 1.933286730076488880e-02
-8.622012910748990677e-01 -8.609194836610756241e-02 2.517104817008330997e-02
-8.548457910075608623e-01 -8.700281211860882991e-02 3.064007859724782179e-02
-8.477068795238569265e-01 -8.799665246114773964e-02 3.582141478814726554e-02
-8.407236436947513880e-01 -8.904425548448413608e-02 4.079610833155200567e-02
-8.338353959031632456e-01 -9.011455756948283380e-02 4.564483996541923716e-02
-8.269816429926395429e-01 -9.117475305408007102e-02 5.044793559383364823e-02
-8.201020813126422837e-01 -9.219035289877064443e-02 5.528536222333535477e-02
-8.131366198749248042e-01 -9.312519542150354823e-02 6.023670162214678214e-02
