3.767916202545166016e+00 6.343472003936767578e-01 -2.343181520700454712e-01
3.779560911935692769e+00 6.318560585144927799e-01 -2.386059269415265471e-01
3.783032239176103317e+00 6.296980401291383256e-01 -2.410689667759631227e-01
3.779436694016152565e+00 6.278433059946100236e-01 -2.419405173675327758e-01
3.769817105895499676e+00 6.262632838269258650e-01 -2.414406370610657215e-01
3.755152623943703638e+00 6.249306683011236485e-01 -2.397761967520440074e-01
3.736358716980220152e+00 6.238194210512603144e-01 -2.371408798866018186e-01
3.714287173514414508e+00 6.229047706704144982e-01 -2.337151824615256446e-01
3.689726101745546050e+00 6.221632127106838661e-01 -2.296664130242541124e-01
3.663399929562782376e+00 6.215725096831872243e-01 -2.251486926728782090e-01
3.635969404545183803e+00 6.211116910580620765e-01 -2.203029550561406147e-01
3.608031593961717132e+00 6.207610532644672885e-01 -2.152569463734366473e-01
3.580119884771249872e+00 6.205021596905809789e-01 -2.101252253748135124e-01
3.552703983622549355e+00 6.203178406836024061e-01 -2.050091633609706365e-01
3.526189916854286732e+00 6.201921935497500815e-01 -1.999969441832597505e-01
3.500920030495031643e+00 6.201105825542629901e-01 -1.951635642436846951e-01
3.477172990263254881e+00 6.200596389214002579e-01 -1.905708324949012544e-01
3.455163781567331061e+00 6.200272608344410408e-01 -1.862673704402176833e-01
3.435043709505535503e+00 6.200026134356850793e-01 -1.822886121335944021e-01
3.416900398866040689e+00 6.199761288264513670e-01 -1.786568041796436634e-01
3.400757794126926026e+00 6.199395060670799262e-01 -1.753810057336302741e-01
3.386576159456166746e+00 6.198857111769300321e-01 -1.724570885014709565e-01
3.374252078711644565e+00 6.198089771343820997e-01 -1.698677367397346816e-01
3.363618455441137467e+00 6.197048038768356859e-01 -1.675824472556426414e-01
3.354444512882327700e+00 6.195699583007111544e-01 -1.655575294070681103e-01
3.346435793962799998e+00 6.194024742614490098e-01 -1.637361051025366110e-01
3.339239245738822248e+00 6.192016374887743257e-01 -1.620491647040424588e-01
3.332499148343244233e+00 6.189678196542536259e-01 -1.604271819832072121e-01
3.325913044024287224e+00 6.187023124385799822e-01 -1.588117290963190209e-01
3.319236821614648836e+00 6.184073124467485139e-01 -1.571565324934431629e-01
3.312284716531493256e+00 6.180859212080561660e-01 -1.554274729184217940e-01
3.304929310776459683e+00 6.177421451761022642e-01 -1.536025854088741982e-01
3.297101532935654333e+00 6.173808957287871824e-01 -1.516720592961965652e-01
3.288790658179659321e+00 6.170079891683141193e-01 -1.496382382055621574e-01
3.280044308263523778e+00 6.166301467211880993e-01 -1.475156200559212816e-01
3.270968451526769183e+00 6.162549945382153060e-01 -1.453308570600012062e-01
3.261722574033647071e+00 6.158908223225608713e-01 -1.431216173974997896e-01
3.252466561977828352e+00 6.155439282314568716e-01 -1.409240635876473358e-01
3.243307583983476405e+00 6.152159637727346864e-01 -1.387603308373421829e-01
3.234295262210962640e+00 6.149036924311527263e-01 -1.366373887062024561e-01
3.225421672356874048e+00 6.145989896683980991e-01 -1.345470411065660121e-01
3.216621343654006537e+00 6.142888429230848324e-01 -1.324659263034904666e-01
3.207771258871370712e+00 6.139553516107565390e-01 -1.303555169147532777e-01
3.198690854314184762e+00 6.135757271238828636e-01 -1.281621199108513853e-01
3.189142019823882901e+00 6.131222928318628140e-01 -1.258168766150018214e-01
3.178829098778103379e+00 6.125624840810220961e-01 -1.232357627031410302e-01
3.167404013700708898e+00 6.118592858953424418e-01 -1.203209639340248743e-01
3.154522648020670506e+00 6.109760476886237912e-01 -1.169760091934404639e-01
3.139901227867655908e+00 6.098812979797832989e-01 -1.131209035482591274e-01
3.123321447694232145e+00 6.085491820946232755e-01 -1.086935039798154340e-01
3.104630470275879350e+00 6.069594621658325195e-01 -1.036495193839073181e-01
3.083740926710981878e+00 6.050975171329852076e-01 -9.796251057079606583e-02
3.060630916420837622e+00 6.029543427425422264e-01 -9.162389026520630086e-02
3.035344007149650469e+00 6.005265515478501737e-01 -8.464292310632604011e-02
3.007989234964531633e+00 5.978163729091412470e-01 -7.704672564780655486e-02
2.978741104255503203e+00 5.948316529935346875e-01 -6.888026635776253737e-02
2.947835215829398781e+00 5.915854496918159233e-01 -6.020511958110758011e-02
2.915520175776069589e+00 5.880915766875867146e-01 -5.108575907771392699e-02
2.882009504209489759e+00 5.843601475148197943e-01 -4.157585152492168645e-02
2.847477263319980967e+00 5.803971704707793222e-01 -3.171701046799201701e-02
2.812058057374204445e+00 5.762045486160194407e-01 -2.153879632010667969e-02
2.775847032715162310e+00 5.717800797743856078e-01 -1.105871636236818896e-02
2.738899877762199342e+00 5.671174565330135975e-01 -2.822247437997160192e-04
2.701232823011002981e+00 5.622062662423300550e-01 1.079727751865479889e-02
2.662822641033599780e+00 5.570319910160521637e-01 2.219844254013072365e-02
2.623606646478360727e+00 5.515760077311876453e-01 3.395197556784271958e-02
2.583486244276833599e+00 5.458164595890671045e-01 4.609922435113943118e-02
2.542365959986617963e+00 5.397378433033110934e-01 5.867666218519977661e-02
2.500192470185003124e+00 5.333405963002705308e-01 7.170037093454988131e-02
2.456958150692715837e+00 5.266419682842109484e-01 8.516463039639128596e-02
2.412701076573926517e+00 5.196760212373143784e-01 9.904191830060152246e-02
2.367505022136247028e+00 5.124936294196786868e-01 1.132829103097331425e-01
2.321499460930731118e+00 5.051624793693179072e-01 1.278164800190145223e-01
2.274859565751870427e+00 4.977670699021611300e-01 1.425496989563493633e-01
2.227806208637603369e+00 4.904087121120548343e-01 1.573678365823170666e-01
2.180605960869304916e+00 4.832055293707598342e-01 1.721343602901724834e-01
2.133566462396029983e+00 4.762906981766223402e-01 1.866925237936525594e-01
2.086985485501077875e+00 4.697930974899210410e-01 2.008828393928485390e-01
2.041099998468575372e+00 4.638179580682176839e-01 2.145605502400781683e-01
1.996081535007701691e+00 4.584451033150246380e-01 2.275972187276917580e-01
1.952036194252695367e+00 4.537289492798048385e-01 2.398807264880730983e-01
1.909004640762849370e+00 4.496985046579719536e-01 2.513152743936384881e-01
1.866962104522517096e+00 4.463573707908909949e-01 2.618213825568375674e-01
1.825818380941103269e+00 4.436837416658767630e-01 2.713358903301527625e-01
1.785417830853074150e+00 4.416304039161954020e-01 2.798119563060995074e-01
1.745539380517948658e+00 4.401247368210633448e-01 2.872190583172259948e-01
1.705902428220775979e+00 4.390702935002573915e-01 2.935428720349683163e-01
1.666231816764636164e+00 4.383641940246509883e-01 2.987839355593641666e-01
1.626322805878659628e+00 4.379145185041350419e-01 3.029563140105057117e-01
1.586046978790325523e+00 4.376418882746855865e-01 3.060874781279716017e-01
1.545352242225469519e+00 4.374794658983650608e-01 3.082183042708280252e-01
1.504262826408276910e+00 4.373729551633212531e-01 3.094030744176283210e-01
1.462879285061286172e+00 4.372806010837875790e-01 3.097094761664123674e-01
1.421378495405388298e+00 4.371731899000836363e-01 3.092186027347076371e-01
1.380013658159827017e+00 4.370340490786145393e-01 3.080249529595285862e-01
1.339114297542197685e+00 4.368590473118711959e-01 3.062364312973767655e-01
1.299080707049742101e+00 4.366559730780802395e-01 3.039732940889831592e-01
1.260322853265452459e+00 4.364376988210580399e-01 3.013565585116698142e-01
1.223199279823077967e+00 4.362153451478441579e-01 2.984964115618589653e-01
1.188011553241393736e+00 4.359976593942784806e-01 2.954911563298648347e-01
1.155004262924194558e+00 4.357910156250001110e-01 2.924272119998931885e-01
1.124365021160297795e+00 4.355994146334483119e-01 2.893791138500413918e-01
1.096224463123544046e+00 4.354244839418620061e-01 2.864095132522989640e-01
1.070656246872795370e+00 4.352654778012799430e-01 2.835691776725466906e-01
1.047677053351935728e+00 4.351192771915406432e-01 2.808969906705572894e-01
1.027246586389871874e+00 4.349803898212822317e-01 2.784199518999952994e-01
1.009267687855829765e+00 4.348411822133458338e-01 2.761532920782242551e-01
9.935876043720101025e-01 4.346944326530578495e-01 2.741017376585737630e-01
9.799992540295406895e-01 4.345358841431539165e-01 2.722607755058960022e-01
9.682413415448714034e-01 4.343644764913952572e-01 2.706167678674694099e-01
9.579983582597734193e-01 4.341823463105679015e-01 2.691469523729987379e-01
9.489005821413404318e-01 4.339948270184835200e-01 2.678194420346151627e-01
9.405240777819873221e-01 4.338104488379788126e-01 2.665932252468761199e-01
9.323906963994507135e-01 4.336409387969156204e-01 2.654181657867650812e-01
9.239680758367893043e-01 4.335012207281812580e-01 2.642350028136922768e-01
9.146696405623832016e-01 4.334094152696880142e-01 2.629753508694938069e-01
9.038638706156419955e-01 4.333864685894018853e-01 2.615629170780213175e-01
8.909762610705379560e-01 4.334520683181617984e-01 2.599268904799151847e-01
8.755912822947126140e-01 4.336205594506334360e-01 2.580153314718551250e-01
8.574616491603723745e-01 4.339005730597140786e-01 2.557963890409720165e-01
8.365083210442919581e-01 4.342950262965334929e-01 2.532583007648497309e-01
8.128205018278105154e-01 4.348011223904528211e-01 2.504093928115232459e-01
7.866556398968344022e-01 4.354103506490654696e-01 2.472780799394801998e-01
7.584394281418361805e-01 4.361084864581968312e-01 2.439128654976600308e-01
7.287658039578540636e-01 4.368755912819040632e-01 2.403823414254542545e-01
6.983969492444938032e-01 4.376860126624766423e-01 2.367751882527065754e-01
6.682483599839604826e-01 4.385089662843252301e-01 2.331984868136838529e-01
6.392246115994366651e-01 4.393149386767628561e-01 2.297591471007610076e-01
6.120551243134567665e-01 4.400820899167868783e-01 2.265453371181050113e-01
5.872792327259434009e-01 4.407968356929685139e-01 2.236247945956469363e-01
5.652461858142060480e-01 4.414538473054520074e-01 2.210448269890811224e-01
5.461151469329407204e-01 4.420560516659551853e-01 2.188323114798658431e-01
5.298551938142317397e-01 4.426146312977700115e-01 2.169936949752231392e-01
5.162453185675487388e-01 4.431490243357608105e-01 2.155149941081383191e-01
5.048744276797501040e-01 4.436869245263662109e-01 2.143617952373607638e-01
4.951413420150800881e-01 4.442642812275978126e-01 2.134792544474032328e-01
4.862691403768936160e-01 4.449244739004725724e-01 2.127934818341381817e-01
4.774629370451193844e-01 4.457092316092282069e-01 2.122267684879319272e-01
4.680676580826274025e-01 4.466495525923929732e-01 2.117128133579671001e-01
4.575823844865826162e-01 4.477648787778347739e-01 2.111981074982343110e-01
4.456603521884465735e-01 4.490630957827607128e-01 2.106419340675321217e-01
4.321089520539765361e-01 4.505405329137177062e-01 2.100163683294666295e-01
4.168897298832253684e-01 4.521819631665915384e-01 2.093062776524520219e-01
4.001183864105423704e-01 4.539606032266081392e-01 2.085093215097104380e-01
3.820647773045724449e-01 4.558381134683324731e-01 2.076359514792716632e-01
3.631529131682562639e-01 4.577645979556689837e-01 2.067094112439734621e-01
3.439490471739592992e-01 4.596798025255872111e-01 2.057649418909884287e-01
3.250306395043048857e-01 4.615262936633986457e-01 2.048410402369358618e-01
3.068553221338216064e-01 4.632626373437558898e-01 2.039707171757301207e-01
2.897489865776772811e-01 4.648645971029530255e-01 2.031807029856865232e-01
2.739057838916779120e-01 4.663251340389253374e-01 2.024914473295212347e-01
2.593881246722682943e-01 4.676544068112491459e-01 2.019171192543512128e-01
2.461266790565319607e-01 4.688797716411422511e-01 2.014656071916944569e-01
2.339203767221911812e-01 4.700457823114633227e-01 2.011385189574697308e-01
2.224364068876065748e-01 4.712141901667123989e-01 2.009311817519965904e-01
2.112102183117777754e-01 4.724639441130308870e-01 2.008326421599956890e-01
1.996548483479395619e-01 4.738893488857260916e-01 2.008262651525161424e-01
1.871635428890004171e-01 4.755798059217880569e-01 2.008963231309901787e-01
1.732123765798888881e-01 4.775995541797150579e-01 2.010345849884259684e-01
1.573695819601193813e-01 4.799858283894726796e-01 2.012409151170475030e-01
1.392955494637919123e-01 4.827488590524948719e-01 2.015232734082944843e-01
1.187428274195925365e-01 4.858718724416836721e-01 2.018977152528229069e-01
9.555612205079282162e-02 4.893110906014091488e-01 2.023883915405043366e-01
6.967229747525095773e-02 4.929957313475094582e-01 2.030275486604264101e-01
4.112037570540906517e-02 4.968280082672908993e-01 2.038555285008926687e-01
1.002153664829675411e-02 5.006831307195276359e-01 2.049207684494224746e-01
-2.341446541968220107e-02 5.044115121132971558e-01 2.062788447526965607e-01
-5.892872104017553292e-02 5.078630612278826062e-01 2.079819493664752106e-01
-9.625258506788983426e-02 5.109114737222179015e-01 2.100683667234070351e-01
-1.351112602983282340e-01 5.134564404769014212e-01 2.125615170656037778e-01
-1.752237974677910426e-01 5.154236475941978979e-01 2.154699564446408699e-01
-2.163030952533748219e-01 5.167647763980364184e-01 2.187873767215565701e-01
-2.580559002729730933e-01 5.174575034340118673e-01 2.224926055668528802e-01
-3.001828070852762265e-01 5.175055004693844829e-01 2.265496064604948789e-01
-3.423782581897711341e-01 5.169384344930795239e-01 2.309074786919110833e-01
-3.843305440267416606e-01 5.158119677156877136e-01 2.355004573599932538e-01
-4.257245646024796493e-01 5.142067442701462321e-01 2.402491392054402763e-01
-4.662722073666089595e-01 5.122172439192291815e-01 2.450739667665380872e-01
-5.057427250894090953e-01 5.099406357630382747e-01 2.499087125349396532e-01
-5.439654974870272719e-01 5.074757649396849368e-01 2.547017047880092977e-01
-5.808300312214776939e-01 5.049231526252887514e-01 2.594158275888218679e-01
-6.162859599006416111e-01 5.023849960339785703e-01 2.640285207861632344e-01
-6.503430440782681510e-01 4.999651684178924582e-01 2.685317800145303746e-01
-6.830711712539728753e-01 4.977692190671767491e-01 2.729321566941309007e-01
-7.146003558732388905e-01 4.959043733099869899e-01 2.772507580308834485e-01
-7.451207393274168478e-01 4.944795325124877183e-01 2.815232470164173995e-01
-7.748779100725516900e-01 4.936042256070108936e-01 2.857984897945529679e-01
-8.041214254720487897e-01 4.933770760217866536e-01 2.901236768473703376e-01
-8.330533340410121168e-01 4.938742687006642540e-01 2.945294442973760973e-01
-8.618234956989647699e-01 4.951485016612672263e-01 2.990285213126815944e-01
-8.905295817698433147e-01 4.972289859949929891e-01 3.036157301070020464e-01
-9.192170749820027797e-01 5.001214458670130147e-01 3.082679859396570965e-01
-9.478792694682139919e-01 5.038081185162732734e-01 3.129442971155710351e-01
-9.764572707656644646e-01 5.082477542554931782e-01 3.175857649852721898e-01
-1.004839995815959952e+00 5.133756164711672509e-01 3.221155839448937575e-01
-1.032864172965120453e+00 5.191034816235630123e-01 3.264390414361728054e-01
-1.060317284053020170e+00 5.253206619881074513e-01 3.304453746934868930e-01
-1.086969927284948456e+00 5.319052557716028584e-01 3.340281948904219034e-01
-1.112608180018999526e+00 5.387353971991817314e-01 3.371059112332168151e-01
-1.137036540827451647e+00 5.456902792459393803e-01 3.396235876900936534e-01
-1.160077929496764915e+00 5.526501536369324841e-01 3.415529429912567139e-01
-1.181573687027584363e+00 5.594963308471800900e-01 3.428923506288926726e-01
-1.201383575634737744e+00 5.661111801016633915e-01 3.436668388571710864e-01
-1.219385778747234861e+00 5.723781293753250621e-01 3.439280906922436709e-01
-1.235476901008270456e+00 5.781816653930702543e-01 3.437544439122447448e-01
-1.249571968275220879e+00 5.834073336297656009e-01 3.432508910572913408e-01
-1.261604403241272987e+00 5.879428056974561612e-01 3.425463733697592383e-01
-1.271525757277014668e+00 5.916896204418673477e-01 3.417640145502330862e-01
-1.279305442274822902e+00 5.945749249167592287e-01 3.409913548231341407e-01
-1.284930706271418366e+00 5.965525417304246014e-01 3.402776449802228376e-01
-1.288406633447863880e+00 5.976029690456892141e-01 3.396338463805984031e-01
-1.289756144129565962e+00 5.977333805799119881e-01 3.390326309506994651e-01
-1.289019994786274381e+00 5.969776256049847962e-01 3.384083811843037748e-01
-1.286256778032081716e+00 5.953962289473323510e-01 3.376571901425278188e-01
-1.281542922625423131e+00 5.930763909879122053e-01 3.366368614538274295e-01
-1.274972693469079488e+00 5.901319876622157512e-01 3.351669093139977851e-01
-1.266657273784777438e+00 5.867018973994462261e-01 3.330317534576736072e-01
-1.256714669103894400e+00 5.829315975811486528e-01 3.300158636010873114e-01
-1.245259611310666648e+00 5.789547610955668722e-01 3.259389037020077318e-01
-1.232402640834307395e+00 5.748915833087363536e-01 3.206589268703045614e-01
-1.218250106649002795e+00 5.708487820644828625e-01 3.140723753679467434e-01
-1.202904166273915720e+00 5.669195976844239038e-01 3.061140806090036359e-01
-1.186462785773179762e+00 5.631837929679666122e-01 2.967572631596433474e-01
-1.169019739755907894e+00 5.597076531923106391e-01 2.860135327381356229e-01
-1.150664611376182700e+00 5.565439861124450438e-01 2.739328882148481803e-01
-1.131482792333066589e+00 5.537321219611510692e-01 2.606037176122507071e-01
-1.111556576774254124e+00 5.512981013173401390e-01 2.461516902118347228e-01
-1.090977194236363301e+00 5.492567416577956996e-01 2.307275697302760276e-01
-1.069856842585218404e+00 5.476137039089149505e-01 2.144950274955977065e-01
-1.048329781919510983e+00 5.463656803150469532e-01 1.976295345540886039e-01
-1.026552334570801639e+00 5.455003944384947401e-01 1.803183616703095682e-01
-1.004702885103516907e+00 5.449966011595134274e-01 1.627605793270870682e-01
-9.829818803149552586e-01 5.448240866763122137e-01 1.451670577255196048e-01
-9.616118292352788810e-01 5.449436685050522700e-01 1.277604667849711606e-01
-9.408373031275223397e-01 5.453071954798485166e-01 1.107752761430778193e-01
-9.209249354875846949e-01 5.458575477527686237e-01 9.445775515574147962e-02
-9.021592447530537573e-01 5.465294449973017166e-01 7.906270137440138401e-02
-8.847966837814910113e-01 5.472583367081784722e-01 6.481745354635384815e-02
-8.690196890896995097e-01 5.479892925474340037e-01 5.188590442788292706e-02
-8.549325034828592074e-01 5.486778105632938995e-01 4.036522919912122198e-02
-8.425611760545329565e-01 5.492898171901733351e-01 3.028588546405441145e-02
-8.318535621866604002e-01 5.498016672486769618e-01 2.161161325051722676e-02
-8.226793235495635237e-01 5.502001439455991294e-01 1.423943501019701158e-02
-8.148299281019423246e-01 5.504824588739244406e-01 7.999655618630637649e-03
-8.080186500908791425e-01 5.506562520128270855e-01 2.655862375207158899e-03
-8.018805700518333301e-01 5.507395917276707298e-01 -2.095074996834490541e-03
-7.959780472770104920e-01 5.507603488141381565e-01 -6.618161520270222746e-03
-7.898609178024047495e-01 5.507493108881404975e-01 -1.128700509346315141e-02
-7.831266930211352451e-01 5.507332967040894367e-01 -1.643054406570400652e-02
-7.754260323605676186e-01 5.507345301751480626e-01 -2.232820422233675398e-02
-7.664627432823178932e-01 5.507706403732299805e-01 -2.920989878475667087e-02
-7.559937812822510317e-01 5.508546615290011994e-01 -3.725602841041220081e-02
-7.438292498904793826e-01 5.509950330318780232e-01 -4.659748119280426176e-02
-7.298324006713671208e-01 5.511955994300284933e-01 -5.731563266148489294e-02
-7.139196332235245857e-01 5.514556104303719453e-01 -6.944234578206028019e-02
-6.960604951798130546e-01 5.517697208985784529e-01 -8.295997095618683204e-02
-6.762767290938535014e-01 5.521282312924585822e-01 -9.780279974197088333e-02
-6.546317883370998958e-01 5.525197323925454818e-01 -1.138730555564926444e-01
-6.312203531049769278e-01 5.529337500051668686e-01 -1.310568842119787802e-01
-6.061673773397555642e-01 5.533609853866594541e-01 -1.492258075807375850e-01
-5.796280887305463869e-01 5.537933152433699435e-01 -1.682367235951653939e-01
-5.517879887133083638e-01 5.542237917316552576e-01 -1.879319062477399216e-01
-5.228628524708388570e-01 5.546466424578821997e-01 -2.081390055910272707e-01
-4.930987289327834477e-01 5.550572704784271227e-01 -2.286710477376746320e-01
-4.627719407756261671e-01 5.554522542996769285e-01 -2.493264348604175007e-01
-4.321890844226995987e-01 5.558293478780276242e-01 -2.698889451920727378e-01
-4.016843941403234197e-01 5.561874349102200465e-01 -2.901295303131929404e-01
-3.715907472965553349e-01 5.565260260305074924e-01 -3.098260851790627934e-01
-3.422106697707458234e-01 5.568447560104385907e-01 -3.287832180438674534e-01
-3.138137000999738913e-01 5.571433380500634414e-01 -3.468340477140532396e-01
-2.866363894790365241e-01 5.574215637779346144e-01 -3.638402035483350727e-01
-2.608823017604579020e-01 5.576793032511059289e-01 -3.796918254576888696e-01
-2.367220134544811561e-01 5.579165049551334521e-01 -3.943075639053587045e-01
-2.142931137290763621e-01 5.581331958040751662e-01 -4.076345799068504805e-01
-1.937002044099325471e-01 5.583294811404906355e-01 -4.196485450299372588e-01
-1.750148999804652661e-01 5.585055447354414504e-01 -4.303536413946547068e-01
-1.582755933988455321e-01 5.586616573248512907e-01 -4.397819435696012080e-01
-1.434848800853883721e-01 5.587982705094748370e-01 -4.479866194311964978e-01
-1.306069819099402729e-01 5.589161106548634628e-01 -4.550351310229412971e-01
-1.195675130089099286e-01 5.590161874277269627e-01 -4.610086164517158136e-01
-1.102534797852726262e-01 5.590997937959335529e-01 -4.660018898877774096e-01
-1.025132809085666091e-01 5.591685060285094266e-01 -4.701234415647628784e-01
-9.615670731489621426e-02 5.592241836956389767e-01 -4.734954377796866121e-01
-9.095494220692904030e-02 5.592689696686647949e-01 -4.762537208929415455e-01
-8.664056105389841833e-02 5.593052901200880056e-01 -4.785478093282989343e-01
-8.290753159160139940e-02 5.593358545235675994e-01 -4.805408975729086318e-01
-7.941551910570816830e-02 5.593636206976406733e-01 -4.824079012516986342e-01
-7.583724487661420988e-02 5.593914102839755431e-01 -4.843139527966323632e-01
-7.190584487064806407e-02 5.594215242236233454e-01 -4.863928970041001554e-01
-6.741917510549516601e-02 5.594557078000722550e-01 -4.887453360720335205e-01
-6.223981165019939338e-02 5.594951506392465967e-01 -4.914386295999038645e-01
-5.629505062516133862e-02 5.595404867095072898e-01 -4.945068945887236000e-01
-4.957690820214023103e-02 5.595917943216517365e-01 -4.979510054410450359e-01
-4.214212060425185508e-02 5.596485961289138222e-01 -5.017385939609616541e-01
-3.411214410597084717e-02 5.597098591269646928e-01 -5.058040493541071658e-01
-2.567315503312809361e-02 5.597739946539104228e-01 -5.100485182276559559e-01
-1.707200635475814021e-02 5.598388956059535682e-01 -5.143421003928342339e-01
-8.571749576405562204e-03 5.599023458153109534e-01 -5.185480030276105046e-01
-4.071561706974633149e-04 5.599624294323948259e-01 -5.225466950906760832e-01
7.219325985061907439e-03 5.600175681428903873e-01 -5.262381032077242393e-01
1.413757260888814579e-02 5.600665211677553490e-01 -5.295416116714479760e-01
2.020978301411919392e-02 5.601083852632208204e-01 -5.323960624415422505e-01
2.533048010941413297e-02 5.601425947207903100e-01 -5.347597551447023090e-01
2.942651039875265190e-02 5.601689213672409462e-01 -5.366104470746244637e-01
3.245704398143658964e-02 5.601874745646225895e-01 -5.379453531920059817e-01
3.441357455208838428e-02 5.601987012102573882e-01 -5.387811461245445299e-01
3.532078169036330373e-02 5.602033779728264884e-01 -5.391538253555481219e-01
3.524601591619647145e-02 5.602025258904934635e-01 -5.391172783185903539e-01
3.430878364637163225e-02 5.601973249699168100e-01 -5.387418415071378863e-01
3.268160945133907064e-02 5.601891064226313111e-01 -5.381141696681482900e-01
3.059003605521538188e-02 5.601793526650483690e-01 -5.373372358020700457e-01
2.831262433578390220e-02 5.601696973184563388e-01 -5.365303311628436544e-01
2.618095332449414323e-02 5.601619252090199730e-01 -5.358290652579005275e-01
2.457962020646243390e-02 5.601579723677807543e-01 -5.353853658481629862e-01
2.394624032047127510e-02 5.601599260306562300e-01 -5.353674789480453722e-01
2.477144715896984623e-02 5.601700246384412329e-01 -5.359599688254526040e-01
2.759044450664659490e-02 5.601906243267301688e-01 -5.373606132410710945e-01
3.289008060924737686e-02 5.602238303176397816e-01 -5.397462513174337007e-01
4.101592282578080118e-02 5.602711283134442777e-01 -5.432386315856382319e-01
5.216380992821780666e-02 5.603333509871399887e-01 -5.479013072838549991e-01
6.637985210149451032e-02 5.604106779824455931e-01 -5.537396363573285907e-01
8.356043094350829037e-02 5.605026359138011172e-01 -5.607007814583753191e-01
1.034521994651226712e-01 5.606080983663683792e-01 -5.686737099463859968e-01
1.256520820901615154e-01 5.607252858960314335e-01 -5.774891938878237152e-01
1.496072746554157895e-01 5.608517660293959040e-01 -5.869198100562253995e-01
1.746152444106358614e-01 5.609844532637890957e-01 -5.966799399321998099e-01
1.998367194174133776e-01 5.611196596806177217e-01 -6.064309731588795049e-01
2.244385719367973653e-01 5.612536516922957963e-01 -6.158385455518561313e-01
2.477367018169105706e-01 5.613832067891743050e-01 -6.246297771091195994e-01
2.692090258918314882e-01 5.615056641528978210e-01 -6.325984754665078258e-01
2.884954779815860904e-01 5.616189246564045057e-01 -6.396051358977045131e-01
3.053980088921551816e-01 5.617214508639265524e-01 -6.455769413142414814e-01
3.198805864154683487e-01 5.618122670309894096e-01 -6.505077622654976688e-01
3.320691953294087062e-01 5.618909591044126683e-01 -6.544581569386989095e-01
3.422518373978091222e-01 5.619576747223092861e-01 -6.575553711589180450e-01
3.508785313704556597e-01 5.620131232140862521e-01 -6.599933383890755900e-01
3.585520482759133043e-01 5.620585817389008865e-01 -6.620281138225106998e-01
3.659259989358103482e-01 5.620959628091549698e-01 -6.639276490529201213e-01
3.736029209489789560e-01 5.621278818143397027e-01 -6.659215664830322456e-01
3.821250138075760749e-01 5.621576631596093554e-01 -6.681965933300888505e-01
3.919741388970802154e-01 5.621893402657818228e-01 -6.708965616258453224e-01
4.035718194962948924e-01 5.622276555693378475e-01 -6.741224082165717668e-01
4.172792407773444623e-01 5.622780605224215744e-01 -6.779321747630516759e-01
4.333972498056793410e-01 5.623467155928405514e-01 -6.823410077405829277e-01
4.521663555400703416e-01 5.624404902640657289e-01 -6.873211584389780082e-01
4.737667288326140591e-01 5.625669630352311268e-01 -6.928019829625623460e-01
4.983174514597981108e-01 5.627343112457457996e-01 -6.986721987332136230e-01
5.258682553496968337e-01 5.629500991292136769e-01 -7.048047063681014412e-01
5.563912617232094071e-01 5.632200658547436012e-01 -7.110814118156649766e-01
5.897802300964913869e-01 5.635480153473583220e-01 -7.173954829447337644e-01
6.258505582809451573e-01 5.639358162879946068e-01 -7.236513495445253685e-01
6.643392823832295901e-01 5.643834021135034629e-01 -7.297647033246477122e-01
7.049050768052552707e-01 5.648887710166493603e-01 -7.356624979150978572e-01
7.471282542441802788e-01 5.654479859461114533e-01 -7.412829488662612265e-01
7.905107656924216242e-01 5.660551746064828027e-01 -7.465755336489143801e-01
8.344762004376402587e-01 5.667025294582698214e-01 -7.515009916542211288e-01
8.783789345542148963e-01 5.673805036559336212e-01 -7.560311373607739860e-01
9.216047629133234942e-01 5.680799663364352048e-01 -7.601468052005171394e-01
9.636715301461149519e-01 5.687943578853589255e-01 -7.638357944460554272e-01
1.004238278786168781e+00 5.695198858674760389e-01 -7.670926823848157605e-01
1.043105249269511869e+00 5.702555250267478115e-01 -7.699188243190498993e-01
1.080213879934604604e+00 5.710030172863234110e-01 -7.723223535658340078e-01
1.115646807022352860e+00 5.717668717485409058e-01 -7.743181814570678778e-01
1.149627864676096456e+00 5.725543646949267096e-01 -7.759279973394751506e-01
1.182522084941619811e+00 5.733755395861958037e-01 -7.771802685746035388e-01
1.214835697767141953e+00 5.742432070622518481e-01 -7.781102405388249377e-01
1.247203775038766560e+00 5.751726313600277196e-01 -7.787594906520376448e-01
1.280254315912991325e+00 5.761780809336576326e-01 -7.791710227274224465e-01
1.314472332856244430e+00 5.772693790925919055e-01 -7.793843613467150711e-01
1.350187495915982083e+00 5.784515904254183827e-01 -7.794351058974159363e-01
1.387574132720703179e+00 5.797250207998640992e-01 -7.793549305727902610e-01
1.426651228479932421e+00 5.810852173627926165e-01 -7.791715843718666212e-01
1.467282425984236527e+00 5.825229685402065760e-01 -7.789088910994392823e-01
1.509176025605209581e+00 5.840243040372460337e-01 -7.785867493660665328e-01
1.551884985295487684e+00 5.855704948381894592e-01 -7.782211325880706854e-01
1.594806920588732968e+00 5.871380532064526259e-01 -7.778240889875389641e-01
1.637196599173299072e+00 5.886991462201457415e-01 -7.774038833544661964e-01
1.678303381202379763e+00 5.902261446631884567e-01 -7.769665564303335215e-01
1.717508659604159993e+00 5.916961719164254285e-01 -7.765174842916858777e-01
1.754338354655479160e+00 5.930915174931821188e-01 -7.760615201122761375e-01
1.788462913981816005e+00 5.943996370392650164e-01 -7.756029941630643298e-01
1.819697312557302382e+00 5.956131523329616373e-01 -7.751457138122181956e-01
1.848001052704712155e+00 5.967298512850406356e-01 -7.746929635251132984e-01
1.873478164095470966e+00 5.977526879387512482e-01 -7.742475048643323587e-01
1.896377203749646023e+00 5.986897824698237391e-01 -7.738115764896658089e-01
1.917091256035957203e+00 5.995544211864697326e-01 -7.733868941581122369e-01
1.936148838380371107e+00 6.003647379961812858e-01 -7.729746515308110189e-01
1.954113863366933268e+00 6.011402105162255705e-01 -7.725755290493865335e-01
1.971485600318194420e+00 6.018981561659125790e-01 -7.721897028123335671e-01
1.988689580830362624e+00 6.026534136273199449e-01 -7.718168453819689301e-01
2.006077598773297055e+00 6.034183428452921660e-01 -7.714561257844304576e-01
2.023927710290513104e+00 6.042028250274403822e-01 -7.711062095096773428e-01
2.042444233799177056e+00 6.050142626441431526e-01 -7.707652585114895816e-01
2.061757749990114075e+00 6.058575794285464555e-01 -7.704309312074690830e-01
2.081925101827797331e+00 6.067352203765628005e-01 -7.701003824790392249e-01
2.102929394550359543e+00 6.076471517468721162e-01 -7.697702636714442992e-01
2.124684830254997880e+00 6.085910342000292461e-01 -7.694368439841190455e-01
2.147089889075270097e+00 6.095641273550738148e-01 -7.690973457832740445e-01
2.170080510911659211e+00 6.105651943659542447e-01 -7.687512799283736653e-01
2.193634930201420641e+00 6.115946750672397458e-01 -7.684005671671351179e-01
2.217773675918579102e+00 6.126546859741208717e-01 -7.680495381355284534e-01
2.242559571573931709e+00 6.137490202824105179e-01 -7.677049333577772305e-01
2.268097735215047983e+00 6.148831478685417018e-01 -7.673759032463584040e-01
2.294535579426271177e+00 6.160642152895702273e-01 -7.670740081020022139e-01
2.322062811328707621e+00 6.173010457831723530e-01 -7.668132181136917414e-01
2.350911432580243599e+00 6.186041392676457917e-01 -7.666099133586637970e-01
2.381349872492803055e+00 6.199854181182323787e-01 -7.664826024788000680e-01
2.413618453217524440e+00 6.214554307454479565e-01 -7.664488281638697220e-01
2.447864855601319167e+00 6.230205552025082083e-01 -7.665220726669642604e-01
2.484138252527955171e+00 6.246827449713477920e-01 -7.667114764916210801e-01
2.522389308918048467e+00 6.264395289626200070e-01 -7.670218383918236960e-01
2.562470181729066709e+00 6.282840115156975713e-01 -7.674536153720020737e-01
2.604134519955318527e+00 6.302048723986717338e-01 -7.680029226870321857e-01
2.647037464627971737e+00 6.321863668083531618e-01 -7.686615338422363441e-01
2.690735648815039127e+00 6.342083253702711643e-01 -7.694168805933826460e-01
2.734687197621388677e+00 6.362461541386743580e-01 -7.702520529466857502e-01
2.778260770179596495e+00 6.382712341962848424e-01 -7.711461328356701284e-01
2.820835017410548318e+00 6.402553170686873241e-01 -7.720778644139297819e-01
2.861898036679864976e+00 6.421749200015325343e-01 -7.730293242333371451e-01
2.901056412754064784e+00 6.440117255145648700e-01 -7.739862548827214361e-01
2.938035217800544441e+00 6.457525814016211729e-01 -7.749380649878692129e-01
2.972678011387606123e+00 6.473895007306325056e-01 -7.758778292115242614e-01
3.004946840484441495e+00 6.489196618436230413e-01 -7.768022882533879292e-01
3.034922239461138371e+00 6.503454083567103972e-01 -7.777118488501189031e-01
3.062803230088666062e+00 6.516742491601051901e-01 -7.786105837753325432e-01
3.088907321538896689e+00 6.529188584181114807e-01 -7.795062318396021039e-01
3.113662186169612767e+00 6.540967406085980151e-01 -7.804098924298504825e-01
3.137514093159731399e+00 6.552265459571758877e-01 -7.813326654426664408e-01
3.160836342144528466e+00 6.563243858713790901e-01 -7.822822912176204957e-01
3.183920939000654204e+00 6.574034979801337553e-01 -7.832628450766584427e-01
3.206978595846140312e+00 6.584742461337595998e-01 -7.842747373241000242e-01
3.230138731040392841e+00 6.595441204039687033e-01 -7.853147132466397062e-01
3.253449469184200638e+00 6.606177370838665075e-01 -7.863758531133463459e-01
3.276877641119722906e+00 6.616968386879512609e-01 -7.874475721756637459e-01
3.300308783930502976e+00 6.627802939521141301e-01 -7.885156206674099888e-01
3.323547140941458089e+00 6.638640978336387555e-01 -7.895620838047775480e-01
3.346322332829898105e+00 6.649415431113673280e-01 -7.905658442524348128e-01
3.368362742900486317e+00 6.660051080660601697e-01 -7.915076694623416342e-01
3.389468904650711156e+00 6.670483442196796231e-01 -7.923752991713526317e-01
3.409520173645374630e+00 6.680660479551908670e-01 -7.931639079202444931e-01
3.428474727516594989e+00 6.690542605165631374e-01 -7.938761050537157526e-01
3.446369565963804060e+00 6.700102680087692830e-01 -7.945219347203880123e-01
3.463320510753755244e+00 6.709326013977866543e-01 -7.951188758728054973e-01
3.479522205720515071e+00 6.718210365105953263e-01 -7.956918422674341684e-01
3.495248116765469870e+00 6.726765940351804307e-01 -7.962731824646636092e-01
3.510850531857318213e+00 6.735015395205302680e-01 -7.969026798288053604e-01
3.526752355951403572e+00 6.742993029084246581e-01 -7.976266666764230129e-01
3.543356853850271104e+00 6.750735933708255088e-01 -7.984882797727919090e-01
3.560957392125216447e+00 6.758275141380555295e-01 -7.995177157269757195e-01
3.579729233722602544e+00 6.765634820275177042e-01 -8.007313451063649001e-01
3.599729537963867188e+00 6.772832274436951794e-01 -8.021317124366762474e-01
3.620897360545514143e+00 6.779877943781503769e-01 -8.037075362019524549e-01
3.643053653539119363e+00 6.786775404095263253e-01 -8.054337088445624460e-01
3.665901265391328323e+00 6.793521367035454395e-01 -8.072712967652012628e-01
3.689024940923850693e+00 6.800105680130100749e-01 -8.091675403228896224e-01
3.711891321333474547e+00 6.806511326778030835e-01 -8.110558538349758040e-01
3.733860125819892239e+00 6.812711980189074534e-01 -8.128576818379064095e-01
3.754307147785787002e+00 6.818645097099644836e-01 -8.145029176724994935e-01
3.772747249757289811e+00 6.824185011768214570e-01 -8.159503218567837335e-01
3.788845544585286440e+00 6.829140490008830389e-01 -8.171893782759642733e-01
3.802417395445423232e+00 6.833254729191132748e-01 -8.182402941824233888e-01
3.813428415838095997e+00 6.836205358240332597e-01 -8.191540001957188233e-01
3.821994469588457122e+00 6.837604437637230248e-01 -8.200121503025842307e-01
3.828381670846415563e+00 6.836998459418204277e-01 -8.209271218569305084e-01
3.833006384086632856e+00 6.833868347175214852e-01 -8.220420155798442430e-01
3.836435224108526221e+00 6.827629456055799295e-01 -8.235306555595879319e-01
3.839374055010670972e+00 6.817640218245674122e-01 -8.255947054262318119e-01
3.842546983944956640e+00 6.803297239319741063e-01 -8.284319475926725795e-01
3.846575358647439824e+00 6.784130391625085021e-01 -8.322045634856797269e-01
3.851966767671636926e+00 6.759811458774218629e-01 -8.370362500505353909e-01
3.859115040388522822e+00 6.730154135645091129e-01 -8.430122197510322435e-01
3.868300246986535296e+00 6.695114028381078386e-01 -8.501792005694764898e-01
3.879688698471572827e+00 6.654788654390993985e-01 -8.585454360066862023e-01
3.893332946666997252e+00 6.609417442349081462e-01 -8.680806850819929865e-01
3.909171784213624434e+00 6.559381732195017634e-01 -8.787162223332374289e-01
3.927030244569738038e+00 6.505204775133911488e-01 -8.903448378167750921e-01
3.946625719920262121e+00 6.447545995435345345e-01 -9.028230706804829531e-01
3.967635258177795610e+00 6.387137870222902025e-01 -9.159957784668675274e-01
3.989762859983633003e+00 6.324722809263659817e-01 -9.297207064161748802e-01
4.012745596616951183e+00 6.261047416767273610e-01 -9.438707210393949554e-01
4.036353609994810299e+00 6.196862491385931593e-01 -9.583338101182692359e-01
4.060390112672148888e+00 6.132923026214380791e-01 -9.730130827052848597e-01
4.084691387841794530e+00 6.069988208789917072e-01 -9.878267691236790604e-01
4.109126789334449192e+00 6.008821421092410686e-01 -1.002708220967432284e+00
4.133598741618699890e+00 5.950190239544264070e-01 -1.017605911101276961e+00
4.158042739801016907e+00 5.894866435010439609e-01 -1.032483433660691396e+00
4.182424903170276487e+00 5.843618483312182921e-01 -1.047318272109578396e+00
4.206715063067547611e+00 5.797129177449569237e-01 -1.062088247310734479e+00
4.230859849915953319e+00 5.755913237252564540e-01 -1.076757965173355647e+00
4.254780246485177386e+00 5.720309819037611154e-01 -1.091277584569713577e+00
4.278371587891469652e+00 5.690482515607624414e-01 -1.105582817335157841e+00
4.301503561597646019e+00 5.666419356252007100e-01 -1.119594928268112799e+00
4.324020207413099115e+00 5.647932806746631673e-01 -1.133220735130083145e+00
4.345739917493778748e+00 5.634659769353839165e-01 -1.146352608645648807e+00
4.366455436342211449e+00 5.626061582822462492e-01 -1.158868472502470715e+00
4.385933860807484486e+00 5.621424022387799813e-01 -1.170631803351281697e+00
4.403920282935828823e+00 5.619869691132716172e-01 -1.181493735755457131e+00
4.420177861882776504e+00 5.620494326850363764e-01 -1.191316216957384544e+00
4.434527896242217437e+00 5.622503110325016706e-01 -1.199995161885729633e+00
4.446853467035936980e+00 5.625223057165865681e-01 -1.207462558185298462e+00
4.457099437713624823e+00 5.628103017807006836e-01 -1.213686466217041238e+00
4.465272454152862558e+00 5.630713677507450665e-01 -1.218671019058046756e+00
4.471440944659135219e+00 5.632747556351116458e-01 -1.222456422501546180e+00
4.475735119965819742e+00 5.634019009246835630e-01 -1.225118955056911041e+00
4.478346973234194728e+00 5.634464225928346170e-01 -1.226770967949653457e+00
4.479530280053438673e+00 5.634141230954305968e-01 -1.227560885121428580e+00
4.479597078562521872e+00 5.633223499843799109e-01 -1.227671225594255233e+00
4.478878951328171709e+00 5.631929737541192527e-01 -1.227296849778754417e+00
4.477688307625637520e+00 5.630453657611558249e-01 -1.226623206008698341e+00
4.476314863694859980e+00 5.628957598619689362e-01 -1.225824352980677379e+00
4.475025642740473764e+00 5.627572524130131093e-01 -1.225062959754098735e+00
4.474064974931802219e+00 5.626398022707158608e-01 -1.224490305751186225e+00
4.473654497402859143e+00 5.625502307914785893e-01 -1.224246280756981831e+00
4.473993154252354110e+00 5.624922218316770195e-01 -1.224459384919343474e+00
4.475257196543684479e+00 5.624663217476598698e-01 -1.225246728748946357e+00
4.477600182304937171e+00 5.624699393957498517e-01 -1.226714033119283176e+00
4.481151525904225608e+00 5.624975088102524001e-01 -1.228954471835919993e+00
4.486000541842337874e+00 5.625422785870841658e-01 -1.232035940428137577e+00
4.492180489043408720e+00 5.625981012115534030e-01 -1.235988325337922245e+00
4.499667120396245501e+00 5.626595957177544793e-01 -1.240802346621671104e+00
4.508378682754325517e+00 5.627221476885653217e-01 -1.246429557950192502e+00
4.518175916935804892e+00 5.627819092556495262e-01 -1.252782346608706687e+00
4.528862057723507917e+00 5.628357990994556914e-01 -1.259733933496845593e+00
4.540182833864941259e+00 5.628815024492170860e-01 -1.267118373128653941e+00
4.551826468072272647e+00 5.629174710829514261e-01 -1.274730553632584140e+00
4.563423677022356628e+00 5.629429233274624300e-01 -1.282326196751504055e+00
4.574553878629151527e+00 5.629578269107970989e-01 -1.289626017041734629e+00
4.584813472040572435e+00 5.629627103393020082e-01 -1.296361473062529246e+00
4.593884117635327335e+00 5.629584742746759352e-01 -1.302320518565551977e+00
4.601538944295354483e+00 5.629463743864308034e-01 -1.307351761693919645e+00
4.607642549405823296e+00 5.629280213518905729e-01 -1.311364464982202716e+00
4.612150998855137018e+00 5.629053808561916838e-01 -1.314328545356423295e+00
4.615111827034929171e+00 5.628807735922832789e-01 -1.316274574134059794e+00
4.616664036840065322e+00 5.628568752609268699e-01 -1.317293777024041823e+00
4.617038099668645756e+00 5.628367165706962272e-01 -1.317538034126752633e+00
4.616555955421999258e+00 5.628236832379778232e-01 -1.317219879934029114e+00
4.615624842806033357e+00 5.628214341294620615e-01 -1.316608419492556692e+00
4.614669429821707247e+00 5.628330007920777645e-01 -1.315984404331736801e+00
4.614063942137195617e+00 5.628598869548228079e-01 -1.315595306989402857e+00
4.614125992683116628e+00 5.629019866618863999e-01 -1.315651236707828131e+00
4.615116581652539907e+00 5.629575842726486368e-01 -1.316324939433727303e+00
4.617240096500982105e+00 5.630233544616819463e-01 -1.317751797818256243e+00
4.620644311946413119e+00 5.630943622187497555e-01 -1.320029831217012450e+00
4.625420389969246315e+00 5.631640628488067124e-01 -1.323219695690032394e+00
4.631602879812350082e+00 5.632243019720002408e-01 -1.327344684001797059e+00
4.639169717981038943e+00 5.632653155236678755e-01 -1.332390725621225069e+00
4.648044018315386161e+00 5.632759198043697513e-01 -1.338307557776960310e+00
4.658113763058786105e+00 5.632456020592209178e-01 -1.345021607244165640e+00
4.669251494131366087e+00 5.631666110789740332e-01 -1.352448872265336499e+00
4.681316103270586559e+00 5.630341472573002770e-01 -1.360496093650256810e+00
4.694152832031250000e+00 5.628463625907896839e-01 -1.369060754776001199e+00
4.707593271785487588e+00 5.626043606789492557e-01 -1.378031081586932105e+00
4.721455363722764531e+00 5.623121967242057373e-01 -1.387286042594700453e+00
4.735543398849882735e+00 5.619768775319030629e-01 -1.396695348878246978e+00
4.749648017990975468e+00 5.616083615103036886e-01 -1.406119454083799347e+00
4.763546211787513585e+00 5.612195586705890360e-01 -1.415409554424876371e+00
4.777004095547851215e+00 5.608260207271463793e-01 -1.424409434496676674e+00
4.789807432168875501e+00 5.604425322480284244e-01 -1.432975770952741090e+00
4.801792154740099683e+00 5.600797018408769645e-01 -1.440998435970382241e+00
4.812847141287366348e+00 5.597436522650309776e-01 -1.448402342994664416e+00
4.822914214772849206e+00 5.594360204315288465e-01 -1.455147446738406458e+00
4.831988143095050425e+00 5.591539574031065829e-01 -1.461228743182178880e+00
4.840116639088797079e+00 5.588901283941990483e-01 -1.466676269574302971e+00
4.847400360525250917e+00 5.586327127709392881e-01 -1.471555104430856131e+00
4.853992910111899484e+00 5.583654040511581984e-01 -1.475965367535664763e+00
4.860100835492555227e+00 5.580674099043851921e-01 -1.480042219940309822e+00
4.865979241236756181e+00 5.577139745592185616e-01 -1.483952998646173249e+00
4.871883522731665472e+00 5.572821250452613118e-01 -1.487865699418581045e+00
4.878021101580404029e+00 5.567564172557150082e-01 -1.491917460584621935e+00
4.884547038093575821e+00 5.561294582949674048e-01 -1.496211698043085736e+00
4.891564031289274084e+00 5.554019064785935544e-01 -1.500818105264460467e+00
4.899122418893071540e+00 5.545824713333554756e-01 -1.505772653290937235e+00
4.907220177338032840e+00 5.536879135972012644e-01 -1.511077590736407350e+00
4.915802921764704791e+00 5.527430452192666488e-01 -1.516701443786464099e+00
4.924763906021118132e+00 5.517807293598734342e-01 -1.522579016198399415e+00
4.933944022662791973e+00 5.508418803905307248e-01 -1.528611389301207435e+00
4.943137217921381499e+00 5.499742277618849817e-01 -1.534669323077207048e+00
4.952150056359854169e+00 5.492187185511803182e-01 -1.540630668059904229e+00
4.960861285527658815e+00 5.485959200097171307e-01 -1.546417777231855473e+00
4.969227250929386663e+00 5.481047834308045985e-01 -1.552000907106288574e+00
4.977281896024764229e+00 5.477226441497587972e-01 -1.557398217727107514e+00
4.985136762228651541e+00 5.474052215439039193e-01 -1.562675772668887797e+00
4.992980988911050133e+00 5.470866190325720524e-01 -1.567947539036880444e+00
5.001081313397095052e+00 5.466793240771029572e-01 -1.573375387467008446e+00
5.009782070967062850e+00 5.460742081808446224e-01 -1.579169092125869200e+00
5.019505194856362706e+00 5.451405268891519329e-01 -1.585586330710733627e+00
5.030740697907200243e+00 5.437286519221151693e-01 -1.592926821706191154e+00
5.043941966379542841e+00 5.417001258852608414e-01 -1.601467831523419649e+00
5.059421050494035121e+00 5.389577179183088207e-01 -1.611399679626534631e+00
5.077339144994305720e+00 5.354481561405854961e-01 -1.622819875118251876e+00
5.097706589146969058e+00 5.311621276510233303e-01 -1.635733116739892301e+00
5.120382866741617356e+00 5.261342785281624135e-01 -1.650051292871375974e+00
5.145076606090833948e+00 5.204432138301486876e-01 -1.665593481531229436e+00
5.171345580030177302e+00 5.142114975947340572e-01 -1.682085950376579264e+00
5.198596705918202332e+00 5.076056528392773881e-01 -1.699162156703159843e+00
5.226086045636432864e+00 5.008361615607452855e-01 -1.716362747445300263e+00
5.252933103616263644e+00 4.941532265192863926e-01 -1.733144340591143084e+00
5.278278107316301870e+00 4.878001502108791354e-01 -1.748976122089824337e+00
5.301439289336043359e+00 4.819667133549399018e-01 -1.763436443763639172e+00
5.321927185988172049e+00 4.767849365162251662e-01 -1.776221605058231123e+00
5.339444637298585761e+00 4.723290801048280474e-01 -1.787145853042602317e+00
5.353886787006367776e+00 4.686156443761799739e-01 -1.796141382409103482e+00
5.365341082563806374e+00 4.656033694310511284e-01 -1.803258335473438834e+00
5.374087275136385067e+00 4.631932352155489485e-01 -1.808664802174665409e+00
5.380597419602784370e+00 4.612284615211200700e-01 -1.812646820075190623e+00
5.385535874554887137e+00 4.594945079845487723e-01 -1.815608374360777377e+00
5.389745403653233957e+00 4.577232284869803269e-01 -1.818062852453022016e+00
5.394094292657881873e+00 4.556385689092669611e-01 -1.820539046050579479e+00
5.399323468049798791e+00 4.530022644118900099e-01 -1.823487154148308198e+00
5.406032598916497456e+00 4.496179936755073658e-01 -1.827270237975725742e+00
5.414680096952059429e+00 4.453313789009542001e-01 -1.832164220997013038e+00
5.425583116457108446e+00 4.400299858092416305e-01 -1.838357888911010596e+00
5.438917554338826399e+00 4.336433236415594417e-01 -1.845952889651219619e+00
5.454718050110950678e+00 4.261428451592731426e-01 -1.854963733385802449e+00
5.472877985893772390e+00 4.175419466439252991e-01 -1.865317792517582340e+00
5.493149486414134586e+00 4.078959678972341463e-01 -1.876855301684044131e+00
5.515152289514125172e+00 3.972987057064154004e-01 -1.889334703344719202e+00
5.538471317686180839e+00 3.858440635586325440e-01 -1.902491446795515184e+00
5.562754246562917615e+00 3.735877025523958728e-01 -1.916096785347877640e+00
5.587720374410726443e+00 3.605435552618574957e-01 -1.929963121304461904e+00
5.613160622129769628e+00 3.466838257368147769e-01 -1.943944005959129528e+00
5.638937533253990608e+00 3.319389895027045068e-01 -1.957934139596952727e+00
5.664985273951111289e+00 3.161977935606071766e-01 -1.971869371494213929e+00
5.691309633022630265e+00 2.993072563872440917e-01 -1.985726699918405114e+00
5.717988021903812168e+00 2.810726679349834778e-01 -1.999524272128221591e+00
5.745169474663710751e+00 2.612575896318316548e-01 -2.013321384373573775e+00
5.773068435717557456e+00 2.395888205996962450e-01 -2.027215408108632211e+00
5.801896424663227414e+00 2.158110260552157100e-01 -2.041307978335432427e+00
5.831793701117708117e+00 1.897413657105874174e-01 -2.055671181947469339e+00
5.862823052429496862e+00 1.612744599918350119e-01 -2.070344483942752500e+00
5.894969793678609626e+00 1.303823900387940937e-01 -2.085334727423809653e+00
5.928141767676572194e+00 9.711469770512137778e-02 -2.100616133597681845e+00
5.962169344966432583e+00 6.159838555828939244e-02 -2.116130301775927869e+00
5.996805423822745063e+00 2.403791687959915338e-02 -2.131786209374620711e+00
6.031725430251580811e+00 -1.528478433583875182e-02 -2.147460211914348438e+00
6.066527317990528800e+00 -5.601033337909178123e-02 -2.162996043020218195e+00
6.100737293593883059e+00 -9.770755772920167170e-02 -2.178207382514178114e+00
6.133872794990523403e+00 -1.399359015697674014e-01 -2.192906106606229422e+00
6.165505472007509091e+00 -1.823078322533135676e-01 -2.206930538967390110e+00
6.195266912110455770e+00 -2.244945138523138928e-01 -2.220148019115917748e+00
6.222848640403555898e+00 -2.662258071591989128e-01 -2.232454902417317921e+00
6.248002119629560980e+00 -3.072902696863409888e-01 -2.243776560084340677e+00
6.270538750169808218e+00 -3.475351556660767338e-01 -2.254067379176984520e+00
6.290329870044191196e+00 -3.868664160506918304e-01 -2.263310762602493753e+00
6.307306754911184754e+00 -4.252486985124286356e-01 -2.271519129115359803e+00
6.321460618067825443e+00 -4.627053474434721925e-01 -2.278733913317317228e+00
6.332841328622099475e+00 -4.993140636293948997e-01 -2.285024174198792668e+00
6.341543311193485799e+00 -5.351591599945240141e-01 -2.290471288882446999e+00
6.347691445466792537e+00 -5.702838168506071392e-01 -2.295153646207478637e+00
6.351439784315644488e+00 -6.046857414046512558e-01 -2.299145255217983852e+00
6.352971553802488458e+00 -6.383171677589417614e-01 -2.302515745162963867e+00
6.352499153178575497e+00 -6.710848569110290374e-01 -2.305330365496314649e+00
6.350264154883975110e+00 -7.028500967537325561e-01 -2.307649985876834897e+00
6.346537304547564595e+00 -7.334287020751424357e-01 -2.309531096168221609e+00
6.341618520987045038e+00 -7.625910145586095590e-01 -2.311025806439070962e+00
6.335836896208927094e+00 -7.900619027827624485e-01 -2.312181846962881870e+00
6.329547095152500802e+00 -8.155264901252365917e-01 -2.313042719221896082e+00
6.323089753422873827e+00 -8.386931608298462404e-01 -2.313649356926366529e+00
6.316751875435995700e+00 -8.593565654182467872e-01 -2.314041787016541285e+00
6.310763234299957780e+00 -8.774033483751908502e-01 -2.314259280660744711e+00
6.305296371815011902e+00 -8.928121481485211675e-01 -2.314340353255387228e+00
6.300466598473553503e+00 -9.056535971491722625e-01 -2.314322764424953327e+00
6.296331993460129617e+00 -9.160903217511672247e-01 -2.314243518022010448e+00
6.292893404651439759e+00 -9.243769422916244816e-01 -2.314138862127204987e+00
6.290094448616331491e+00 -9.308600730707522475e-01 -2.314044289049263625e+00
6.287821510615796861e+00 -9.359783223518504114e-01 -2.313994535324990665e+00
6.285907046594403802e+00 -9.402549575183674069e-01 -2.314023130297908182e+00
6.284165903574364442e+00 -9.442172251590770227e-01 -2.314157430689850248e+00
6.282431638916044392e+00 -9.483156736713261870e-01 -2.314413655327549169e+00
6.280559821931515962e+00 -9.529168192574518637e-01 -2.314796433772924100e+00
6.278428033884558168e+00 -9.583031459247793871e-01 -2.315298806323078384e+00
6.275935867990649619e+00 -9.646731054856243492e-01 -2.315902224010303989e+00
6.273004929416984510e+00 -9.721411175572917118e-01 -2.316576548602079733e+00
6.269578835282458407e+00 -9.807375695620773604e-01 -2.317280052601069951e+00
6.265623214657672690e+00 -9.904088167272633303e-01 -2.317959419245125385e+00
6.261125708564936332e+00 -1.001017182085124135e+00 -2.318549742507284517e+00
6.256096216223555828e+00 -1.012345093244931604e+00 -2.318976264162204259e+00
6.250569603748052039e+00 -1.024140586885055715e+00 -2.319173481516917601e+00
6.244608412846373469e+00 -1.036162813245064651e+00 -2.319104255141590354e+00
6.238303107065194197e+00 -1.048186172897730195e+00 -2.318761545935954516e+00
6.231772071789905887e+00 -1.060000316749033056e+00 -2.318168415129306492e+00
6.225161614244619557e+00 -1.071410146038158873e+00 -2.317378024280507987e+00
6.218645963492174467e+00 -1.082235812337501324e+00 -2.316473635277985998e+00
6.212427270434127458e+00 -1.092312717552656798e+00 -2.315568610339734157e+00
6.206735607810755617e+00 -1.101491513922431498e+00 -2.314806412013310499e+00
6.201828970201059832e+00 -1.109638104018836113e+00 -2.314360603175837916e+00
6.197988709684248754e+00 -1.116634834656418995e+00 -2.314431267125076630e+00
6.195469326026675105e+00 -1.122393630441427703e+00 -2.315205626942403505e+00
6.194448255301638007e+00 -1.126869127730903530e+00 -2.316818663626663000e+00
6.195021305028494574e+00 -1.130059868678645607e+00 -2.319349535775524718e+00
6.197202654172655478e+00 -1.132008301235212011e+00 -2.322821579585483853e+00
6.200924853145586724e+00 -1.132800779147920878e+00 -2.327202308851859858e+00
6.206038823804819415e+00 -1.132567561960848845e+00 -2.332403414968799105e+00
6.212313859453930220e+00 -1.131482815014831944e+00 -2.338280766929270449e+00
6.219437624842563572e+00 -1.129764609447466039e+00 -2.344634411325072776e+00
6.227016156166413019e+00 -1.127674922193106610e+00 -2.351208572346825232e+00
6.234581471613455328e+00 -1.125514720213273145e+00 -2.357696573128131412e+00
6.241675288533663490e+00 -1.123569886281027053e+00 -2.363794971282218604e+00
6.247932741479707452e+00 -1.122057144202766921e+00 -2.369257695001801167e+00
6.253089993043500883e+00 -1.121119142861112916e+00 -2.373900964590973217e+00
6.256984233856202948e+00 -1.120824456214905007e+00 -2.377603292465209517e+00
6.259553682588207657e+00 -1.121167583299201631e+00 -2.380305483151361923e+00
6.260837585949160733e+00 -1.122068948225282803e+00 -2.382010633287664270e+00
6.260976218687943629e+00 -1.123374900180647007e+00 -2.382784131623726598e+00
6.260210883592678854e+00 -1.124857713429013195e+00 -2.382753659020539594e+00
6.258883911490738861e+00 -1.126215587310321009e+00 -2.382109188450476367e+00
6.257430549430721634e+00 -1.127079683559144341e+00 -2.381098475818757887e+00
6.256289731922067610e+00 -1.127091535733459216e+00 -2.379977459687696140e+00
6.255814853102991790e+00 -1.125980457838070103e+00 -2.378960661516956065e+00
6.256265655231879386e+00 -1.123570581374574662e+00 -2.378216676657033624e+00
6.257808228687324004e+00 -1.119780855341368619e+00 -2.377868174349259789e+00
6.260515011968093901e+00 -1.114625046233640893e+00 -2.377991897725797887e+00
6.264364791693149748e+00 -1.108211738043377359e+00 -2.378618663809642708e+00
6.269242702601642847e+00 -1.100744332259358416e+00 -2.379733363514624500e+00
6.274940227552907146e+00 -1.092521047867160089e+00 -2.381274961645404531e+00
6.281155197526467227e+00 -1.083934921349152480e+00 -2.383136496897475531e+00
6.287499300287929138e+00 -1.075465030287443335e+00 -2.385168255901075174e+00
6.293580672276702259e+00 -1.067579957013621073e+00 -2.387212686251243277e+00
6.299086487915974253e+00 -1.060641255271471239e+00 -2.389139308448228860e+00
6.303790467419350563e+00 -1.054894674824235157e+00 -2.390847889578180840e+00
6.307552876790856189e+00 -1.050470161454613249e+00 -2.392268443313143145e+00
6.310320527824936576e+00 -1.047381856964759939e+00 -2.393361229911059151e+00
6.312126778106462055e+00 -1.045528099176288750e+00 -2.394116756215770359e+00
6.313091531010718960e+00 -1.044691421930269648e+00 -2.394555775657015495e+00
6.313421235703413181e+00 -1.044538555087228371e+00 -2.394729288250430077e+00
6.313408887140675496e+00 -1.044620424527148872e+00 -2.394718540597549516e+00
6.313427192743320759e+00 -1.044381750592277669e+00 -2.394632835086083045e+00
6.313853405813794062e+00 -1.043266630957996988e+00 -2.394585431092969507e+00
6.314994158953115999e+00 -1.040824123503696574e+00 -2.394669446187432271e+00
6.317078630735144529e+00 -1.036717844755580042e+00 -2.394955665331257144e+00
6.320258545706576747e+00 -1.030725969886665316e+00 -2.395492540878791043e+00
6.324608174386948001e+00 -1.022741232716783077e+00 -2.396306192576940219e+00
6.330124333268640768e+00 -1.012770925712578318e+00 -2.397400407565175140e+00
6.336726384816869562e+00 -1.000936899987512119e+00 -2.398756640375526938e+00
6.344256237469692472e+00 -9.874755653018573165e-01 -2.400334012932588301e+00
6.352478345638005841e+00 -9.727378900627008385e-01 -2.402069314553513468e+00
6.361085165299916966e+00 -9.571815222572929160e-01 -2.403878575177486709e+00
6.369757168036251471e+00 -9.412841161130671708e-01 -2.405674371610047491e+00
6.378222856939205876e+00 -9.254566560524301044e-01 -2.407383134307583550e+00
6.386264222831093740e+00 -9.100355767243762939e-01 -2.408946720786843354e+00
6.393716744264342111e+00 -8.952827630044865037e-01 -2.410322415624939651e+00
6.400469387521492415e+00 -8.813855499949336814e-01 -2.411482930459347696e+00
6.406464606615211999e+00 -8.684567230244741864e-01 -2.412416403987907465e+00
6.411698343288271928e+00 -8.565345176484523426e-01 -2.413126401968820556e+00
6.416220027013573635e+00 -8.455826196488011037e-01 -2.413631917220654621e+00
6.420132574994125818e+00 -8.354901650340420538e-01 -2.413967369622340264e+00
6.423589245586319052e+00 -8.260747749409532714e-01 -2.414181485838910568e+00
6.426759025475677234e+00 -8.171159400160479258e-01 -2.414324976133724654e+00
6.429792016492493545e+00 -8.083884051443694929e-01 -2.414438211052474692e+00
6.432816288915072178e+00 -7.996652044669427806e-01 -2.414550101106189839e+00
6.435937881469725674e+00 -7.907176613807680443e-01 -2.414678096771240234e+00
6.439240801330763375e+00 -7.813153885388237629e-01 -2.414828188489334337e+00
6.442787024120508299e+00 -7.712262878500666385e-01 -2.414994906667520258e+00
6.446616493909279377e+00 -7.602165504794301532e-01 -2.415161321678184425e+00
6.450747123215404777e+00 -7.480506568478283436e-01 -2.415299043859051142e+00
6.455174793005221012e+00 -7.344913766321511384e-01 -2.415368223513187029e+00
6.459874020576825693e+00 -7.193025215976733833e-01 -2.415318335037894837e+00
6.464805306179547628e+00 -7.022792263344841412e-01 -2.415096802222969075e+00
6.469922479556976747e+00 -6.832782286788939841e-01 -2.414657623459214530e+00
6.475173367805235891e+00 -6.622206224408202502e-01 -2.413962155837428014e+00
6.480499795373005689e+00 -6.390918574037957045e-01 -2.412979115148409015e+00
6.485837584061497019e+00 -6.139417393249625432e-01 -2.411684575882948156e+00
6.491116553024471436e+00 -5.868844299350829408e-01 -2.410061971231836520e+00
6.496260518768228742e+00 -5.580984469385250613e-01 -2.408102093085859430e+00
6.501187295151614975e+00 -5.278266640132720511e-01 -2.405803092035800894e+00
6.505808693386015307e+00 -4.963763108109162103e-01 -2.403170477372438718e+00
6.510030830359635701e+00 -4.641135806187215440e-01 -2.400216373527790381e+00
6.513757520063399475e+00 -4.314043171105082508e-01 -2.396951341269113023e+00
6.516893664910990758e+00 -3.985547029487735982e-01 -2.393376199148178785e+00
6.519345564027853257e+00 -3.658058680638041626e-01 -2.389481280027599741e+00
6.521020913251184936e+00 -3.333338896536878204e-01 -2.385246431080830565e+00
6.521828805129941564e+00 -3.012497921842961501e-01 -2.380641013792165861e+00
6.521679728924835828e+00 -2.695995473892964234e-01 -2.375623903956745053e+00
6.520485570608339998e+00 -2.383640742701455817e-01 -2.370143491680547054e+00
6.518159612864676156e+00 -2.074592390961012001e-01 -2.364137681380392930e+00
6.514616535089828631e+00 -1.767358554042052499e-01 -2.357533891783945457e+00
6.509773039024658203e+00 -1.459851492715016075e-01 -2.350250514952352265e+00
6.503554730719209864e+00 -1.149988773093068573e-01 -2.342212965529333779e+00
6.495903002497017020e+00 -8.362944465748045619e-02 -2.333369729990261376e+00
6.486775658588243232e+00 -5.179537025664318617e-02 -2.323693825664811197e+00
6.476146915129650239e+00 -1.948128684815996978e-02 -2.313182800736953926e+00
6.464007400164619277e+00 1.326205902584888345e-02 -2.301858734244959237e+00
6.450364153643148413e+00 4.631780702251322990e-02 -2.289768236081397124e+00
6.435240627421850768e+00 7.950298299820163228e-02 -2.276982446993139231e+00
6.418676685263950077e+00 1.125684990085387277e-01 -2.263597038581352638e+00
6.400728602839280690e+00 1.451991533083934749e-01 -2.249732213301503414e+00
6.381468589636881461e+00 1.770194152684465561e-01 -2.235530790115489719e+00
6.360979529784525965e+00 2.076570621055434940e-01 -2.221137145788756317e+00
6.339349722704120893e+00 2.368068175992841529e-01 -2.206676155530123751e+00
6.316672404969569499e+00 2.642361376706413578e-01 -2.192251278424832694e+00
6.293045750306777819e+00 2.897852103819663627e-01 -2.177944557434543515e+00
6.268572869593650232e+00 3.133669559369792190e-01 -2.163816619397339380e+00
6.243361810860091232e+00 3.349670266807834862e-01 -2.149906675027717817e+00
6.217525559288001880e+00 3.546438070998557679e-01 -2.136232518916600043e+00
6.191182037211280687e+00 3.725284138220504304e-01 -2.122790529531322523e+00
6.164454104115834276e+00 3.888246956165929413e-01 -2.109555669215646301e+00
6.137468905298161914e+00 4.038041457083809682e-01 -2.096482263622424291e+00
6.110350707010625548e+00 4.177499364588538877e-01 -2.083512575591980553e+00
6.083213731532144841e+00 4.309009534646209283e-01 -2.070585379119677327e+00
6.056161505801973988e+00 4.434467076776652528e-01 -2.057636738818332311e+00
6.029286861419678623e+00 4.555273354053498425e-01 -2.044600009918212891e+00
6.002671934645154472e+00 4.672335983104136115e-01 -2.031405838267036579e+00
5.976388166398618473e+00 4.786068834109722947e-01 -2.017982160329975461e+00
5.950496302260607884e+00 4.896392030805181150e-01 -2.004254203189649530e+00
5.925046392471984724e+00 5.002731950479203382e-01 -1.990144484546133796e+00
5.900077791933928673e+00 5.104021223974263277e-01 -1.975572812716949622e+00
5.875618305274745268e+00 5.198735539330694433e-01 -1.960457621236450620e+00
5.851674782062691094e+00 5.285298504336206626e-01 -1.944730650263494898e+00
5.828223711627457782e+00 5.362486525923907399e-01 -1.928351628600126988e+00
5.805210367996494369e+00 5.429465619432672918e-01 -1.911309608494601520e+00
5.782548809895009967e+00 5.485791408607142428e-01 -1.893622965641386990e+00
5.760121880745967538e+00 5.531409125597732679e-01 -1.875339399181164435e+00
5.737781208670089228e+00 5.566653610960615728e-01 -1.856535931700826092e+00
5.715347206485851927e+00 5.592249313657747800e-01 -1.837318909233474518e+00
5.692609071709499702e+00 5.609310291056832654e-01 -1.817824001258435462e+00
5.669324786555019813e+00 5.619340208931358216e-01 -1.798216200701234335e+00
5.645224773385409733e+00 5.624202028389786445e-01 -1.778687170592027744e+00
5.620052105791856434e+00 5.625784552845901620e-01 -1.759426056498374802e+00
5.593602720509652571e+00 5.625668968050783203e-01 -1.740590298350699339e+00
5.565729073148337314e+00 5.625098526709223501e-01 -1.722302976898256954e+00
5.536340138191679472e+00 5.624978548479714346e-01 -1.704652813709133685e+00
5.505401408997693480e+00 5.625876419974473741e-01 -1.687694171170247559e+00
5.472934897798646503e+00 5.628021594759426982e-01 -1.671447052487357920e+00
5.439019135701028240e+00 5.631305593354204442e-01 -1.655897101685045891e+00
5.403789172685576681e+00 5.635282003232151560e-01 -1.640995603606728803e+00
5.367436577607270998e+00 5.639166478820325512e-01 -1.626659483914656867e+00
5.330205386611302387e+00 5.641866977925348303e-01 -1.612772672713770339e+00
5.292347535708770145e+00 5.642316362417753028e-01 -1.599201104414139429e+00
5.254078293352371531e+00 5.639804998916346790e-01 -1.585807717593402222e+00
5.215572208852378822e+00 5.634010995214059347e-01 -1.572453818620624055e+00
5.176963112376633092e+00 5.625000200277944229e-01 -1.558999081656294861e+00
5.138344114950566421e+00 5.613226204249178730e-01 -1.545301548652337820e+00
5.099767608457161039e+00 5.599530338443056143e-01 -1.531217629352095377e+00
5.061245265636986623e+00 5.585141675349001300e-01 -1.516602101290340343e+00
5.022748040088177213e+00 5.571677028630553918e-01 -1.501308109793270340e+00
4.984206166266445415e+00 5.561140953125381925e-01 -1.485187167978512024e+00
4.945512289623246183e+00 5.555886555072796495e-01 -1.468090147048106253e+00
4.906555897170430391e+00 5.558184416576108511e-01 -1.449878169209184220e+00
4.867257747328479489e+00 5.569791529034450184e-01 -1.430433500367986444e+00
4.827572999825905598e+00 5.591912106360138468e-01 -1.409660540347315694e+00
4.787491215699208880e+00 5.625197584978663956e-01 -1.387485822886515230e+00
4.747036357292907738e+00 5.669746623828706422e-01 -1.363858015641484123e+00
4.706266788259527267e+00 5.725105104362118169e-01 -1.338747920184672369e+00
4.665275273559601921e+00 5.790266130543936240e-01 -1.312148472005081112e+00
4.624188979461677285e+00 5.863670028852375760e-01 -1.284074740508263535e+00
4.583169473542303862e+00 5.943204348278831040e-01 -1.254563929016323742e+00
4.542410194201949025e+00 6.026239489390368131e-01 -1.223674408562680282e+00
4.502108616884470393e+00 6.110020602271349910e-01 -1.191475090224239697e+00
4.462438421454785420e+00 6.192059468156749791e-01 -1.158034797895769241e+00
4.423546962100918911e+00 6.270170123058442790e-01 -1.123421302232115782e+00
4.385555267333985263e+00 6.342468857765197754e-01 -1.087701320648193581e+00
4.348558039988192014e+00 6.407374217842694009e-01 -1.050940517318984524e+00
4.312623657220835405e+00 6.463607003633502490e-01 -1.013203503179541443e+00
4.277794170512307481e+00 6.510190270257106837e-01 -9.745538359249859006e-01
4.244085305666091656e+00 6.546449327609891178e-01 -9.350540200105090793e-01
4.211486462808757381e+00 6.572011740365143462e-01 -8.947655066513630073e-01
4.179960716389983233e+00 6.586807327973044357e-01 -8.537486938228914246e-01
4.149444815182523172e+00 6.591068164660687234e-01 -8.120629262604852627e-01
4.119849182282230515e+00 6.585328579432069285e-01 -7.697664954596125098e-01
4.091057915108046394e+00 6.570425156068087080e-01 -7.269166396758093285e-01
4.062928785402008636e+00 6.547496733126536572e-01 -6.835695439246819438e-01
4.035293239229245543e+00 6.517984403942125304e-01 -6.397803399819050885e-01
4.007956396977978564e+00 6.483631516626455760e-01 -5.956031063832234462e-01
3.980697053359513404e+00 6.446483674068029801e-01 -5.510908684244418820e-01
3.953267677408266234e+00 6.408888733932270876e-01 -5.062955981614594148e-01
3.925394412481727713e+00 6.373496808661484048e-01 -4.612682144102195347e-01
3.896777076260487860e+00 6.343260265474888193e-01 -4.160585827467435105e-01
3.867089160748229393e+00 6.321433726368602679e-01 -3.707155155071213959e-01
3.835977832271723287e+00 6.311574068115645142e-01 -3.252867717875125297e-01
3.803063931480837656e+00 6.317540422265943700e-01 -2.798190574441454803e-01
