1.611615712636149889e+00 -2.667966780187649434e-01 -5.281187850399576833e-01
7.368293331334105911e-01 -2.319501345183811458e-01 -3.335434099816845799e-01
-2.412205588877616019e-02 -2.001508632692672596e-01 -1.629519868085817780e-01
-6.776064854402897852e-01 -1.712721683694098107e-01 -1.502577058586576988e-02
-1.229991986531009385e+00 -1.451873539167957139e-01 1.115539836212462999e-01
-1.687646590170813976e+00 -1.217697240094116895e-01 2.181060207475378210e-01
-2.056938327369581376e+00 -1.008925827452443885e-01 3.059490857277918363e-01
-2.344235229137192622e+00 -8.242923422228055907e-02 3.764019234967918015e-01
-2.555905326483526085e+00 -6.625298253850696317e-02 4.307832789893207281e-01
-2.698316650418461915e+00 -5.223713179191036976e-02 4.704118971401621274e-01
-2.777837231951877595e+00 -4.025498608047742982e-02 4.966065228840987889e-01
-2.800835102093651940e+00 -3.017984950219496088e-02 5.106859011559139461e-01
-2.773678291853665989e+00 -2.188502615504961737e-02 5.139687768903913323e-01
-2.702734832241796337e+00 -1.524382013702817000e-02 5.077738950223132930e-01
-2.594372754267924908e+00 -1.012953554611735127e-02 4.934200004864637279e-01
-2.454960088941929186e+00 -6.415476480303909310e-03 4.722258382176255931e-01
-2.290864867273687988e+00 -3.974947037574540210e-03 4.455101531505821222e-01
-2.108455120273081462e+00 -2.681251315916002506e-03 4.145916902201164933e-01
-1.914098878949988869e+00 -2.407693413315019175e-03 3.807891943610121621e-01
-1.714164174314287470e+00 -3.027577427758331406e-03 3.454214105080518626e-01
-1.515019037375858302e+00 -4.414207457232664777e-03 3.098070835960191616e-01
-1.323031499144580181e+00 -6.440887599724753540e-03 2.752649585596971260e-01
-1.144569590630331479e+00 -8.980921953221331078e-03 2.431137803338689896e-01
-9.860013428429909021e-01 -1.190761461570913685e-02 2.146722938533178748e-01
-8.536947867924391531e-01 -1.509426968517488775e-02 1.912592440528271542e-01
-7.540179534885543822e-01 -1.841419125960534059e-02 1.741933758671799504e-01
-6.913050969109033606e-01 -2.174671733547015734e-02 1.643710727897980672e-01
-6.617553447344010076e-01 -2.499532155711817194e-02 1.609992687724484672e-01
-6.595340385119371485e-01 -2.806951149435483323e-02 1.628625344374295958e-01
-6.788065197964019415e-01 -3.087879471698557962e-02 1.687454404070399816e-01
-7.137381301406856560e-01 -3.333267879481591200e-02 1.774325573035781811e-01
-7.584942110976781171e-01 -3.534067129765124798e-02 1.877084557493426675e-01
-8.072401042202698163e-01 -3.681227979529708150e-02 1.983577063666319973e-01
-8.541411510613505786e-01 -3.765701185755883362e-02 2.081648797777446436e-01
-8.933626931738110066e-01 -3.778437505424198789e-02 2.159145466049792184e-01
-9.190700721105401483e-01 -3.710387695515198619e-02 2.203912774706340560e-01
-9.273601750479359973e-01 -3.562157399402978569e-02 2.208349741266668331e-01
-9.220560923796869979e-01 -3.372971909621668568e-02 2.183068677288504122e-01
-9.089124704846340830e-01 -3.191711456891933862e-02 2.143235230052097928e-01
-8.936839557416191848e-01 -3.067256271934438658e-02 2.104015046837700298e-01
-8.821251945294839025e-01 -3.048486585469848548e-02 2.080573774925561226e-01
-8.799908332270689471e-01 -3.184282628218825656e-02 2.088077061595929595e-01
-8.930355182132165837e-01 -3.523524630902039045e-02 2.141690554129057344e-01
-9.270138958667676343e-01 -4.115092824240150493e-02 2.256579899805192246e-01
-9.876806125665642533e-01 -5.007867438953828021e-02 2.447910745904587348e-01
-1.080790314691446596e+00 -6.250728705763732018e-02 2.730848739707488759e-01
-1.210047404008374183e+00 -7.875048821113853070e-02 3.115056606456883537e-01
-1.370955296504516863e+00 -9.842167781727775844e-02 3.588185363566687713e-01
-1.556967159889041330e+00 -1.209591751874563581e-01 4.132383096573569725e-01
-1.761536161871108952e+00 -1.458012996330751154e-01 4.729797891014178579e-01
-1.978115470159882872e+00 -1.723863704655350104e-01 5.362577832425174940e-01
-2.200158252464524899e+00 -2.001527069962369121e-01 6.012871006343210034e-01
-2.421117676494199511e+00 -2.285386285365819115e-01 6.662825498304945082e-01
-2.634446909958068517e+00 -2.569824543979709608e-01 7.294589393847037417e-01
-2.833599120565295060e+00 -2.849225038918049568e-01 7.890310778506139933e-01
-3.012027476025043171e+00 -3.117970963294848796e-01 8.432137737818909962e-01
-3.164933908568499543e+00 -3.372065845028551778e-01 8.907202513921003151e-01
-3.294515433531280735e+00 -3.613994574434458151e-01 9.322574046643109513e-01
-3.404717843279211564e+00 -3.847862388221887642e-01 9.690305468064518424e-01
-3.499486930178117738e+00 -4.077774523100153314e-01 1.002244991026451260e+00
-3.582768486593823631e+00 -4.307836215778571010e-01 1.033106050532238029e+00
-3.658508304892153173e+00 -4.542152702966456568e-01 1.062819038531739757e+00
-3.730652177438931183e+00 -4.784829221373125829e-01 1.092589268232885935e+00
-3.803145896599982922e+00 -5.039971007707890749e-01 1.123622052843604058e+00
-3.879935254741133654e+00 -5.311683298680073273e-01 1.157122705571823618e+00
-3.964966044228206865e+00 -5.604071330998983136e-01 1.194296539625471665e+00
-4.060764773846580411e+00 -5.917754095170297823e-01 1.235784615898045224e+00
-4.164180807908317128e+00 -6.239405571949531160e-01 1.279970981989456469e+00
-4.270644222069276630e+00 -6.552213483420746831e-01 1.324675431167259054e+00
-4.375585091985310093e+00 -6.839365551668006304e-01 1.367717756699005749e+00
-4.474433493312276688e+00 -7.084049498775383258e-01 1.406917751852251097e+00
-4.562619501706028480e+00 -7.269453046826932496e-01 1.440095209894547201e+00
-4.635573192822423749e+00 -7.378763917906724368e-01 1.465069924093448384e+00
-4.688724642317315450e+00 -7.395169834098818118e-01 1.479661687716506968e+00
-4.717503925846560087e+00 -7.301858517487281874e-01 1.481690294031276833e+00
-4.717341119066009725e+00 -7.082017690156172662e-01 1.468975536305310303e+00
-4.685518527937937883e+00 -6.725871679517096968e-01 1.439972562928785615e+00
-4.626727379650263039e+00 -6.251791234291783628e-01 1.395677942782374448e+00
-4.547511131697321574e+00 -5.685183708529506497e-01 1.337723599869373281e+00
-4.454413241573448090e+00 -5.051456456279531659e-01 1.267741458193079040e+00
-4.353977166772982521e+00 -4.376016831591132417e-01 1.187363441756787985e+00
-4.252746364790254141e+00 -3.684272188513574853e-01 1.098221474563796152e+00
-4.157264293119603771e+00 -3.001629881096136709e-01 1.001947480617401132e+00
-4.074074409255364237e+00 -2.353497263388072136e-01 9.001733839208968524e-01
-4.009720170691871033e+00 -1.765281689438658874e-01 7.945311084775812382e-01
-3.970745034923458761e+00 -1.262390513297164951e-01 6.866525782907498821e-01
-3.961329820664813539e+00 -8.639063143474567941e-02 5.781211569344365531e-01
-3.976204808410903180e+00 -5.636126185500558994e-02 4.703259666129495642e-01
-4.007737648326486379e+00 -3.489681998191963841e-02 3.646075692749995989e-01
-4.048295990576318282e+00 -2.074318320691116713e-02 2.623065268692972296e-01
-4.090247485325158472e+00 -1.264622892140359646e-02 1.647634013445532786e-01
-4.125959782737763426e+00 -9.351834516820315552e-03 7.331875464947813781e-02
-4.147800532978889620e+00 -9.605877384584697934e-03 -1.068685126721741208e-02
-4.148137386213295308e+00 -1.215423491612015010e-02 -8.591285445682295130e-02
-4.119337992605736964e+00 -1.574278450285001435e-02 -1.510186929706270331e-01
-4.053770002320971066e+00 -1.911740353619777177e-02 -2.046638048599206394e-01
-3.946022750357939035e+00 -2.127254525132749735e-02 -2.459291217766235715e-01
-3.799572279270908126e+00 -2.219696270246667574e-02 -2.755815437456783368e-01
-3.620116300557655542e+00 -2.212798300963685419e-02 -2.948094613779120854e-01
-3.413352525715961594e+00 -2.130293329285961115e-02 -3.048012652841522452e-01
-3.184978666243604817e+00 -1.995914067215653204e-02 -3.067453460752261885e-01
-2.940692433638363745e+00 -1.833393226754917102e-02 -3.018300943619610655e-01
-2.686191539398016470e+00 -1.666463519905911003e-02 -2.912439007551843595e-01
-2.427173695020343303e+00 -1.518857658670792234e-02 -2.761751558657232208e-01
-2.169336612003121001e+00 -1.414308355051717425e-02 -2.578122503044051328e-01
-1.918378001844130099e+00 -1.376548321050844251e-02 -2.373435746820573289e-01
-1.679949513867553978e+00 -1.420026841494778820e-02 -2.159115316317303523e-01
-1.459518548044273611e+00 -1.522059359707192069e-02 -1.944745712175030838e-01
-1.262506441842112359e+00 -1.650677825435722251e-02 -1.739451551967447773e-01
-1.094334532728893583e+00 -1.773914188428007965e-02 -1.552357453268247423e-01
-9.604241581724392018e-01 -1.859800398431685556e-02 -1.392588033651120660e-01
-8.661966556405735762e-01 -1.876368405194393449e-02 -1.269267910689761969e-01
-8.170733626011190687e-01 -1.791650158463770071e-02 -1.191521701957863194e-01
-8.184756165218987078e-01 -1.573677607987458704e-02 -1.168474025029116736e-01
-8.758247548707351893e-01 -1.190482703513088061e-02 -1.209249497477214302e-01
-9.945421151154519857e-01 -6.100973947883007314e-03 -1.322972736875849264e-01
-1.176341443181557089e+00 1.845953164528061317e-03 -1.513899545031524574e-01
-1.408105959711874355e+00 1.151307583188856086e-02 -1.766810251733957060e-01
-1.673011214249775502e+00 2.232900187739593478e-02 -2.061616266531100805e-01
-1.954232756338631916e+00 3.372233912424756758e-02 -2.378228998970909613e-01
-2.234946135521815869e+00 4.512169539564087756e-02 -2.696559858601337289e-01
-2.498326901342697415e+00 5.595567851477325355e-02 -2.996520254970337915e-01
-2.727550603344647495e+00 6.565289630484213990e-02 -3.258021597625863075e-01
-2.905792791071039716e+00 7.364195658904493236e-02 -3.460975296115869626e-01
-3.016229014065243685e+00 7.935146719057900588e-02 -3.585292759988309430e-01
-3.042034821870630790e+00 8.221003593264178400e-02 -3.610885398791135459e-01
-2.972357932816894532e+00 8.187909619412252205e-02 -3.524417766187032952e-01
-2.820234740379001792e+00 7.895138357667737250e-02 -3.339566992297595127e-01
-2.604673806818243342e+00 7.425245923765444456e-02 -3.076763351359143583e-01
-2.344683694395909512e+00 6.860788433440177803e-02 -2.756437117608006582e-01
-2.059272965373288855e+00 6.284322002426739884e-02 -2.399018565280503223e-01
-1.767450182011670812e+00 5.778402746459934680e-02 -2.024937968612958994e-01
-1.488223906572346600e+00 5.425586781274569642e-02 -1.654625601841698546e-01
-1.240602701316604772e+00 5.308430222605445975e-02 -1.308511739203044033e-01
-1.043595128505735214e+00 5.509489186187369741e-02 -1.007026654933319831e-01
-9.162097504010264792e-01 6.111319787755141453e-02 -7.706006232688486501e-02
-8.717177250933944022e-01 7.163457918387496071e-02 -6.141267958654678810e-02
-9.004408402136060419e-01 8.583359987605569674e-02 -5.303500716833145501e-02
-9.869636023320688123e-01 1.025546288880395396e-01 -5.064783459145253547e-02
-1.115870518019196123e+00 1.206420351537733915e-01 -5.297195137512362290e-02
-1.271746093845396164e+00 1.389401876072031694e-01 -5.872814703855850499e-02
-1.439174836381078570e+00 1.562934551822750817e-01 -6.663721110097087230e-02
-1.602741252196652644e+00 1.715462068129353090e-01 -7.541993308157433906e-02
-1.747029847862528573e+00 1.835428114331301430e-01 -8.379710249958265134e-02
-1.856625129949115882e+00 1.911276379768057920e-01 -9.048950887420945111e-02
-1.916111605026822984e+00 1.931450553779083812e-01 -9.421794172466838035e-02
-1.914838719934394806e+00 1.889186654892795747e-01 -9.402107038044701937e-02
-1.861215614421016795e+00 1.796889949838730294e-01 -9.020907886482935900e-02
-1.768416334422822089e+00 1.671758000258088128e-01 -8.341002873772772330e-02
-1.649614925875944937e+00 1.530988367792073812e-01 -7.425198155905457509e-02
-1.517985434716517368e+00 1.391778614081888021e-01 -6.336299888872225228e-02
-1.386701906880673851e+00 1.271326300768734485e-01 -5.137114228664315524e-02
-1.268938388304547749e+00 1.186828989493816100e-01 -3.890447331272971210e-02
-1.177868924924272198e+00 1.155484241898335068e-01 -2.659105352689430241e-02
-1.126667562675980561e+00 1.194489619623493315e-01 -1.505894448904928490e-02
-1.128508347495806197e+00 1.321042684310494431e-01 -4.936207759107080761e-03
-1.192833699432796823e+00 1.544974058917974180e-01 3.388696159721650471e-03
-1.314159481606222757e+00 1.846646506289210676e-01 1.048571441855987441e-02
-1.483269904557504404e+00 2.199055797892273678e-01 1.716439693899872443e-02
-1.690949178828063948e+00 2.575197705195237941e-01 2.423429364262933219e-02
-1.927981514959320908e+00 2.948067999666171835e-01 3.250495445104280290e-02
-2.185151123492696357e+00 3.290662452773148727e-01 4.278592928583029031e-02
-2.453242214969612700e+00 3.575976835984240321e-01 5.588676806858289270e-02
-2.723038999931482795e+00 3.777006920767513320e-01 7.261702072089133708e-02
-2.985325688919741260e+00 3.866748478591049420e-01 9.378623716434748847e-02
-3.230886492475801841e+00 3.818197280922914771e-01 1.202039673205420878e-01
-3.451939036351808099e+00 3.613182246160657196e-01 1.522971037206877210e-01
-3.646434668658629530e+00 3.268865259499305065e-01 1.889618929125204405e-01
-3.813758183475941088e+00 2.811241542604165367e-01 2.287119158423729648e-01
-3.953294374883416396e+00 2.266306317140547588e-01 2.700607534565778178e-01
-4.064428036960734403e+00 1.660054804773762049e-01 3.115219867014676902e-01
-4.146543963787566511e+00 1.018482227169115462e-01 3.516091965233750782e-01
-4.199026949443587675e+00 3.675838059919173118e-02 3.888359638686326170e-01
-4.221261788008476401e+00 -2.666452370925236418e-02 4.217158696835730525e-01
-4.212633273561903202e+00 -8.582096804188990569e-02 4.487624949145287423e-01
-4.172526200183546585e+00 -1.381114302321899412e-01 4.684894205078323770e-01
-4.101430012037588391e+00 -1.813417078412282168e-01 4.799005603472764614e-01
-4.004252753626245998e+00 -2.149388773405064845e-01 4.839611600664920354e-01
-3.887007119536238342e+00 -2.387353349291327920e-01 4.821267982365700089e-01
-3.755705804354293686e+00 -2.525634768062157143e-01 4.758530534286015690e-01
-3.616361502667132299e+00 -2.562556991708632159e-01 4.665955042136774034e-01
-3.474986909061478446e+00 -2.496443982221838165e-01 4.558097291628885328e-01
-3.337594718124058168e+00 -2.325619701592856470e-01 4.449513068473262001e-01
-3.210197624441591291e+00 -2.048408111812771160e-01 4.354758158380810373e-01
-3.098808322600802967e+00 -1.663133174872662989e-01 4.288388347062441208e-01
-3.009439507188416130e+00 -1.168118852763615489e-01 4.264959420229062492e-01
-2.946231927016655927e+00 -5.658829798442255310e-02 4.293616648859053253e-01
-2.905838628134518320e+00 1.242813000373627075e-02 4.361863477193508865e-01
-2.883040750983671074e+00 8.788870606552474929e-02 4.451792950836801488e-01
-2.872619436005779736e+00 1.674447375783576220e-01 4.545498115393307725e-01
-2.869355823642508518e+00 2.487475319196449930e-01 4.625072016467396407e-01
-2.868031054335525187e+00 3.294483964667982434e-01 4.672607699663439140e-01
-2.863426268526494844e+00 4.071986385972287681e-01 4.670198210585806975e-01
-2.850322606657083480e+00 4.796495656883479342e-01 4.599936594838870962e-01
-2.823501209168958415e+00 5.444524851175677194e-01 4.443915898027006040e-01
-2.777743216503784751e+00 5.992587042622993243e-01 4.184229165754581592e-01
-2.709006603474681807e+00 6.421286265661233505e-01 3.810396422916543235e-01
-2.617956665545867700e+00 6.727590338851434648e-01 3.341645505326536481e-01
-2.506435524135663950e+00 6.912558012155592957e-01 2.804631174967074370e-01
-2.376285300662398292e+00 6.977248035535706938e-01 2.226008193820669667e-01
-2.229348116544395353e+00 6.922719158953779539e-01 1.632431323869837636e-01
-2.067466093199982424e+00 6.750030132371812597e-01 1.050555327097101727e-01
-1.892481352047474363e+00 6.460239705751790185e-01 5.070349654849402171e-02
-1.706236014505211118e+00 6.054406629055739675e-01 2.852500101591309151e-03
-1.510572201991500663e+00 5.533589652245620716e-01 -3.583198043275086231e-02
-1.307332035924685387e+00 4.898847525283481774e-01 -6.268446885627766696e-02
-1.098347886419578812e+00 4.155508526635275923e-01 -7.612190769877358321e-02
-8.854131189350242792e-01 3.325978804480484996e-01 -7.889085246609965629e-02
-6.703113479053174339e-01 2.436933913352020420e-01 -7.482024642434673134e-02
-4.548261877647918339e-01 1.515049407782944613e-01 -6.773903283960569510e-02
-2.407412529477424012e-01 5.870008423061616465e-02 -6.147615497796658779e-02
-2.984015788850249984e-02 -3.205362285452638405e-02 -5.986055610552037248e-02
1.760934829786320877e-01 -1.180886250238426805e-01 -6.672117948835758205e-02
3.752760552193287191e-01 -1.967373668240266771e-01 -8.588696839256805549e-02
5.659239443992903906e-01 -2.653322928017868843e-01 -1.211868660842441714e-01
7.462535360841866527e-01 -3.212058475038190308e-01 -1.764498158294732222e-01
9.148483451217617191e-01 -3.623596982091614738e-01 -2.542267753408494757e-01
1.071760392984289822e+00 -3.894723839796257470e-01 -3.519567966802797376e-01
1.217408825174327580e+00 -4.038916570361218428e-01 -4.658009646377839208e-01
1.352212787194405186e+00 -4.069652695995563674e-01 -5.919203640033633418e-01
1.476591424547077924e+00 -4.000409738908371482e-01 -7.264760795670408555e-01
1.590963882734877988e+00 -3.844665221308726233e-01 -8.656291961188161688e-01
1.695749307260357774e+00 -3.615896665405688437e-01 -1.005540798448712803e+00
1.791366843626051475e+00 -3.327581593408357463e-01 -1.142371971346729742e+00
1.878235637334511487e+00 -2.993197527525785495e-01 -1.272283799602891063e+00
1.956774833888272003e+00 -2.626221989967076897e-01 -1.391437368007196529e+00
2.026966017324987934e+00 -2.239381029580947147e-01 -1.496436918580181130e+00
2.087040525822740467e+00 -1.842394801774714375e-01 -1.585659322264450388e+00
2.134792136094711523e+00 -1.444231988595404970e-01 -1.657924607233113745e+00
2.168014624854092354e+00 -1.053861272089972878e-01 -1.712052801659297518e+00
2.184501768814064881e+00 -6.802513343054425454e-02 -1.746863933716114259e+00
2.182047344687818136e+00 -3.323708572887711793e-02 -1.761178031576686509e+00
2.158445129188538925e+00 -1.918852308697924398e-03 -1.753815123414131261e+00
2.111488899029410948e+00 2.503269862529710482e-02 -1.723595237401566616e+00
2.038972430923625456e+00 4.672069886840664321e-02 -1.669338401712112896e+00
1.938689501584361929e+00 6.224828021593353800e-02 -1.589864644518885317e+00
1.810104808181542069e+00 7.104185662148457259e-02 -1.485302606208670717e+00
1.659366777517560454e+00 7.382097992110674134e-02 -1.361015413462721257e+00
1.494294780754440888e+00 7.162848873377461456e-02 -1.223674823895952724e+00
1.322708189054181416e+00 6.550722167846276256e-02 -1.079952595123257808e+00
1.152426373578807839e+00 5.650001737414651198e-02 -9.365204847595540727e-01
9.912687054903168704e-01 4.564971443979982252e-02 -8.000502504197339881e-01
8.470545559507336453e-01 3.399915149439845796e-02 -6.772136497187143389e-01
7.276032961220573192e-01 2.259116715691616636e-02 -5.746824402713890390e-01
6.407342971663098075e-01 1.246860004632873234e-02 -4.991283796926726524e-01
5.942669302454948177e-01 4.674288781610051388e-03 -4.572232255974627568e-01
5.938315687379727148e-01 6.884395601726350368e-07 -4.537015943103492321e-01
6.363024696311266881e-01 -1.761294398887268539e-03 -4.855494261497343977e-01
7.163648295000565325e-01 -1.071143858606534707e-03 -5.478154647208497430e-01
8.287038449198729229e-01 1.611655935528011644e-03 -6.355484536289348618e-01
9.680047124656691038e-01 5.827620858641721462e-03 -7.437971364792158591e-01
1.128952628712553308e+00 1.111726678586027681e-02 -8.676102568769309409e-01
1.306232790235637653e+00 1.702110959230955164e-02 -1.002036558427320312e+00
1.494530393610009611e+00 2.307966515311462088e-02 -1.142124784735606857e+00
1.688530635410789849e+00 2.883344934340158899e-02 -1.282923679407036666e+00
1.882918712213064172e+00 3.382297803829551613e-02 -1.419481986046831290e+00
2.072761064169059697e+00 3.768494000965107865e-02 -1.547429933645580125e+00
2.254649083924619379e+00 4.044071011321886955e-02 -1.664723659462598260e+00
2.425555396795417096e+00 4.220783334998944036e-02 -1.769900769506374649e+00
2.582452628097091196e+00 4.310385472095289161e-02 -1.861498869785375820e+00
2.722313403145313782e+00 4.324631922709964299e-02 -1.938055566308088284e+00
2.842110347255727643e+00 4.275277186941995461e-02 -1.998108465082982343e+00
2.938816085743999551e+00 4.174075764890410045e-02 -2.040195172118540956e+00
3.009403243925778071e+00 4.032782156654244471e-02 -2.062853293423238199e+00
3.050844447116724645e+00 3.863150862332519198e-02 -2.064620435005552590e+00
3.060112320632492278e+00 3.676936382024278277e-02 -2.044034202873962425e+00
3.035233848815406699e+00 3.484064833570912206e-02 -2.000351116381986039e+00
2.978453421949128099e+00 3.287148858093609516e-02 -1.935703327695123432e+00
2.893069774261358251e+00 3.086972740610935059e-02 -1.852941892039843053e+00
2.782381639979813137e+00 2.884320766141487344e-02 -1.754917864642626890e+00
2.649687753332190088e+00 2.679977219703829835e-02 -1.644482300729941837e+00
2.498286848546209082e+00 2.474726386316561041e-02 -1.524486255528271439e+00
2.331477659849563899e+00 2.269352550998244081e-02 -1.397780784264079701e+00
2.152558921469976738e+00 2.064639998767479195e-02 -1.267216942163853055e+00
1.964829367635140045e+00 1.861373014642827076e-02 -1.135645784454054397e+00
1.771587732572777574e+00 1.660335883642888657e-02 -1.005918366361169936e+00
1.576226423696560630e+00 1.462654345213481796e-02 -8.806385016302282764e-01
1.382512541164047315e+00 1.270819956509408426e-02 -7.614210380804966594e-01
1.194306858318793907e+00 1.087665729112743951e-02 -6.496335820498186919e-01
1.015470148504322934e+00 9.160246746055296027e-03 -5.466437398760168875e-01
8.498631850641890084e-01 7.587298045698375772e-03 -4.538191178969325223e-01
7.013467413419165464e-01 6.186141305877124012e-03 -3.725273224503904412e-01
5.737815906810577182e-01 4.985106642412235819e-03 -3.041359598742303105e-01
4.710285064251400478e-01 4.012524171124179882e-03 -2.500126365062784184e-01
3.969482619177114868e-01 3.296724007833616577e-03 -2.115249586843722385e-01
3.554016305023049438e-01 2.866036268361062296e-03 -1.900405327463409733e-01
3.485272680935146972e-01 2.734808523177075911e-03 -1.861449929258489899e-01
3.715753116197884065e-01 2.861457761306699515e-03 -1.972960626673974371e-01
4.180737559453610031e-01 3.190418226401579762e-03 -2.201694821250362866e-01
4.815505959344727471e-01 3.666124162113399733e-03 -2.514409914528181744e-01
5.555338264513552948e-01 4.233009812093773555e-03 -2.877863308047912128e-01
6.335514423602510714e-01 4.835509419994406428e-03 -3.258812403350093700e-01
7.091314385253906227e-01 5.418057229466903373e-03 -3.624014601975202865e-01
7.758018098110165406e-01 5.925087484162966552e-03 -3.940227305463776530e-01
8.270905510813603145e-01 6.301034427734212261e-03 -4.174207915356297760e-01
8.565256572006625380e-01 6.490332303832325317e-03 -4.292713833193293471e-01
8.592524940075748630e-01 6.452301690429807640e-03 -4.271285712445367366e-01
8.368860037857924761e-01 6.205809354591582290e-03 -4.120597716888847462e-01
7.926585460674467898e-01 5.784608823610995487e-03 -3.860107513524632106e-01
7.298024803846625552e-01 5.222453624781331870e-03 -3.509272769353579124e-01
6.515501662695746266e-01 4.553097285395961077e-03 -3.087551151376604075e-01
5.611339632543091982e-01 3.810293332748181192e-03 -2.614400326594575885e-01
4.617862308709904662e-01 3.027795294131276852e-03 -2.109277962008351825e-01
3.567393286517565598e-01 2.239356696838640248e-03 -1.591641724618861609e-01
2.492256161287271787e-01 1.478731068163522192e-03 -1.080949281426942382e-01
1.424774528340406188e-01 7.796719353993118370e-04 -5.966582994335214302e-02
4.007211253956081964e-02 1.728272748085244240e-04 -1.577032025695227629e-02
-5.303349375986474157e-02 -3.235769637694134579e-04 2.190745275737291178e-02
-1.315375506975958730e-01 -6.944202926766607480e-04 5.173566375050081545e-02
-1.901382429069772562e-01 -9.245822242553000583e-04 7.208248737330295863e-02
-2.235337550213656876e-01 -9.989422708474675599e-04 8.131609827665518819e-02
-2.264222716741101094e-01 -9.023799447952722107e-04 7.780467111143088421e-02
-1.935019774985622665e-01 -6.197747584408205834e-04 5.991638052850378759e-02
-1.194710571280769851e-01 -1.360062241262541619e-04 2.601940117874970704e-02
9.723048040007342685e-04 5.640461458063549590e-04 -2.551809228696036436e-02
1.731299236643087935e-01 1.495502839014829300e-03 -9.632792521774771743e-02
3.989244783051075771e-01 2.660080344705662014e-03 -1.868000216397144309e-01
6.667621981985386581e-01 4.005879541769372804e-03 -2.923567358177835418e-01
9.616702246409722932e-01 5.467597502389588519e-03 -4.071785384592785939e-01
1.268675698928730666e+00 6.979931298749694236e-03 -5.254459002715043958e-01
1.572805762358189474e+00 8.477578003033336973e-03 -6.413392919617859622e-01
1.859087556225669458e+00 9.895234687423894865e-03 -7.490391842374281017e-01
2.112548221827542871e+00 1.116759842410500365e-02 -8.427260478057541082e-01
2.318214900460135564e+00 1.222936628526006403e-02 -9.165803533740711773e-01
2.461114733419814016e+00 1.301523534307268137e-02 -9.647825716496999382e-01
2.526274862002912514e+00 1.345990266972629801e-02 -9.815131733399513614e-01
2.503918187055588440e+00 1.351831068026919380e-02 -9.630340113317094053e-01
2.405050647623179660e+00 1.322638316120845932e-02 -9.139324672301200048e-01
2.245873942300841808e+00 1.264028924191597236e-02 -8.408773048199034150e-01
2.042589769683707424e+00 1.181619805176351186e-02 -7.505372878857685670e-01
1.811399828366939246e+00 1.081027872012299378e-02 -6.495811802124390466e-01
1.568505816945662712e+00 9.678700376366172753e-03 -5.446777455846218974e-01
1.330109434015046110e+00 8.477632149864990779e-03 -4.424957477870419820e-01
1.112412378170213545e+00 7.263243169991178208e-03 -3.497039506044060109e-01
9.316163480063298641e-01 6.091702566116683100e-03 -2.729711178214374590e-01
8.039230421185261655e-01 5.019179467613246216e-03 -2.189660132228458123e-01
7.418282673982167230e-01 4.104298392449780286e-03 -1.925310332677247771e-01
7.430041578950425940e-01 3.415505483232434639e-03 -1.912030528596805612e-01
8.014169029413228396e-01 3.023702306289339017e-03 -2.106925534501146724e-01
9.110326918693811837e-01 2.999790427948533823e-03 -2.467100164904296733e-01
1.065817714011527695e+00 3.414671414538093287e-03 -2.949659234320236023e-01
1.259738158700094202e+00 4.339246832386130237e-03 -3.511707557263017976e-01
1.486760215267383778e+00 5.844418247820629998e-03 -4.110349948246607710e-01
1.740850073045733915e+00 8.001087227169804278e-03 -4.702691221785062492e-01
2.015973921367443022e+00 1.088015533676153432e-02 -5.245836192392349107e-01
2.306097949564852811e+00 1.455252414292414719e-02 -5.696889674582522600e-01
2.604887957966211420e+00 1.904502484660177894e-02 -6.021982538062117252e-01
2.904808173695110796e+00 2.420820466546028116e-02 -6.223350389786701520e-01
3.198022426276722729e+00 2.984853919089975119e-02 -6.312255150145565930e-01
3.476694545236272749e+00 3.577250401432122834e-02 -6.299958739528024321e-01
3.732988360098933978e+00 4.178657472712472842e-02 -6.197723078323381651e-01
3.959067700389917288e+00 4.769722692071106523e-02 -6.016810086920949541e-01
4.147096395634429555e+00 5.331093618648103521e-02 -5.768481685710017404e-01
4.289238275357652341e+00 5.843417811583469235e-02 -5.463999795079916844e-01
4.377657169084799627e+00 6.287342830017304818e-02 -5.114626335419927283e-01
4.404516906341058302e+00 6.643516233089623302e-02 -4.731623227119383102e-01
4.365640695785431014e+00 6.900423064179833643e-02 -4.325505062282827273e-01
4.271489053222259358e+00 7.077897855163339802e-02 -3.903797162638093510e-01
4.136181768895500710e+00 7.203612397925901467e-02 -3.473277543009140600e-01
3.973838633049126212e+00 7.305238484353235306e-02 -3.040724218219997832e-01
3.798579435927084358e+00 7.410447906331091295e-02 -2.612915203094624550e-01
3.624523967773352062e+00 7.546912455745197201e-02 -2.196628512457050875e-01
3.465792018831876042e+00 7.742303924481300226e-02 -1.798642161131235595e-01
3.336503379346631881e+00 8.024294104425119811e-02 -1.425734163941206611e-01
3.250777839561570737e+00 8.420554787462419810e-02 -1.084682535710927431e-01
3.222735189720660642e+00 8.958757765478900237e-02 -7.822652912644208201e-02
3.261552846027329977e+00 9.654031573893417928e-02 -5.234765644898125431e-02
3.356638869924827961e+00 1.047133208112119157e-01 -3.061750165689706288e-02
3.492459019516603647e+00 1.136307207854207885e-01 -1.264354532663173464e-02
3.653479052906087432e+00 1.228166435753578617e-01 1.966731965368959459e-03
3.824164728196739471e+00 1.317952170948218926e-01 1.360584964266216973e-02
3.988981803491983946e+00 1.400905692576100148e-01 2.266632712880268033e-02
4.132396036895277014e+00 1.472268279775207356e-01 2.954068384734714198e-02
4.238873186510051738e+00 1.527281211683513273e-01 3.462143922185075690e-02
4.292879010439756726e+00 1.561185767439002836e-01 3.830111267586984447e-02
4.278879266787832591e+00 1.569223226179650710e-01 4.097222363295987407e-02
4.186337543117931048e+00 1.548289009267270477e-01 4.297058665929143206e-02
4.024708744834528673e+00 1.501895106958994475e-01 4.440519689149328986e-02
3.808445606802331795e+00 1.435207651735795620e-01 4.532834460880860034e-02
3.552000863886012105e+00 1.353392776078635729e-01 4.579232009048077312e-02
3.269827250950282593e+00 1.261616612468489385e-01 4.584941361575304436e-02
2.976377502859811841e+00 1.165045293386316599e-01 4.555191546386869184e-02
2.686104354479318168e+00 1.068844951313094038e-01 4.495211591407109741e-02
2.413460540673465715e+00 9.781817187297806027e-02 4.410230524560345561e-02
2.172898796306970581e+00 8.982217281173521251e-02 4.305477373770915522e-02
1.978871856244504235e+00 8.341311119567695886e-02 4.186181166963140465e-02
1.842194730120053414e+00 7.898018668900652628e-02 4.057538654602653450e-02
1.759131422568166236e+00 7.640294097500489878e-02 3.924617476396771720e-02
1.722308160954240330e+00 7.543350033038058455e-02 3.792452994132394090e-02
1.724351172643661334e+00 7.582399103184177258e-02 3.666080569596394390e-02
1.757886685001820215e+00 7.732653935609672124e-02 3.550535564575671432e-02
1.815540925394107941e+00 7.969327157985384158e-02 3.450853340857099744e-02
1.889940121185911259e+00 8.267631397982121155e-02 3.372069260227576054e-02
1.973710499742624469e+00 8.602779283270736710e-02 3.319218684473977665e-02
2.059478288429631654e+00 8.949983441522031680e-02 3.297336975383197838e-02
2.139869714612329776e+00 9.284456500406863821e-02 3.311459494742119425e-02
2.209444849043944892e+00 9.588336684947530719e-02 3.361765966412205708e-02
2.270499246685292682e+00 9.871465005861089492e-02 3.429013284709421516e-02
2.327262361213515707e+00 1.015060826936180910e-01 3.489102567101399349e-02
2.383963646305766293e+00 1.044253328166400985e-01 3.517934931055779341e-02
2.444832555639187444e+00 1.076400684898195514e-01 3.491411494040196767e-02
2.514098542890927490e+00 1.113179577752994864e-01 3.385433373522290373e-02
2.595991061738133876e+00 1.156266687352228290e-01 3.175901686969698212e-02
2.694739565857965591e+00 1.207338694317330319e-01 2.838717551850024334e-02
2.814573508927550094e+00 1.268072279269720770e-01 2.349782085630963691e-02
2.959722344624044599e+00 1.340144122830833062e-01 1.684996405780128659e-02
3.132068784722472188e+00 1.424214015758433760e-01 8.315145204159678227e-03
3.324108707670069052e+00 1.516874247542134013e-01 -1.784986436309061054e-03
3.525991317151760729e+00 1.613700246900894864e-01 -1.301625590821967569e-02
3.727865816852522052e+00 1.710267442553698725e-01 -2.494448825618958768e-02
3.919881410457313198e+00 1.802151263219524124e-01 -3.713550852483538112e-02
4.092187301651105003e+00 1.884927137617352089e-01 -4.915514175877469527e-02
4.234932694118828778e+00 1.954170494466145325e-01 -6.056921300262196189e-02
4.338266791545459355e+00 2.005456762484888744e-01 -7.094354730099487749e-02
4.392338797615953361e+00 2.034361370392556989e-01 -7.984396969850995895e-02
4.387297916015269195e+00 2.036459746908126922e-01 -8.683630523978438931e-02
4.316910095038484663e+00 2.008925696905869418e-01 -9.161984780564952358e-02
4.189407640579107195e+00 1.955326255507677524e-01 -9.442774371085037310e-02
4.016639292726408073e+00 1.880826696806900400e-01 -9.562659665111690466e-02
3.810453791569634152e+00 1.790592294896877490e-01 -9.558301032217890458e-02
3.582699877198089577e+00 1.689788323870974329e-01 -9.466358841976632577e-02
3.345226289701025202e+00 1.583580057822532305e-01 -9.323493463960906558e-02
3.109881769167708310e+00 1.477132770844900023e-01 -9.166365267743704914e-02
2.888515055687388866e+00 1.375611737031417758e-01 -9.031634622898007669e-02
2.692974889349373235e+00 1.284182230475451880e-01 -8.955961898996828152e-02
2.535110010242909162e+00 1.208009525270342804e-01 -8.976007465613140834e-02
2.423439472465346523e+00 1.150919053392700786e-01 -9.116213268015332938e-02
2.353163586146373110e+00 1.111376878352187264e-01 -9.352147554253383011e-02
2.316152975423754867e+00 1.086509221541722969e-01 -9.647160148072690677e-02
2.304278264435269286e+00 1.073442304354236126e-01 -9.964600873218577848e-02
2.309410077318680532e+00 1.069302348182646356e-01 -1.026781955343644553e-01
2.323419038211756771e+00 1.071215574419877165e-01 -1.052016601247166283e-01
2.338175771252271051e+00 1.076308204458852197e-01 -1.068499007406961687e-01
2.345550900577989317e+00 1.081706459692493710e-01 -1.072564156197565038e-01
2.337415050326681953e+00 1.084536561513724795e-01 -1.060547029993515605e-01
2.305638844636119345e+00 1.081924731315468680e-01 -1.028782611169350714e-01
2.244761390220920472e+00 1.071683600967413830e-01 -9.754557729666231414e-02
2.159996182188373748e+00 1.054371562079014224e-01 -9.061512696566118019e-02
2.059225427270134912e+00 1.031233475654099729e-01 -8.283039051618233672e-02
1.950331332197864587e+00 1.003514202696501323e-01 -7.493484834047692278e-02
1.841196103703213183e+00 9.724586042100470673e-02 -6.767198083079539739e-02
1.739701948517860419e+00 9.393115411985729357e-02 -6.178526837939016247e-02
1.653731073373457372e+00 9.053178746659071296e-02 -5.801819137851164931e-02
1.591165685001662666e+00 8.717224656158802099e-02 -5.711423022041090675e-02
1.559887990134136704e+00 8.397701750523206554e-02 -5.981686529733946933e-02
1.567780195502544993e+00 8.107058639790648558e-02 -6.686957700154798345e-02
1.619442459918283506e+00 7.854525190171145199e-02 -7.866150336763846895e-02
1.706346562710080450e+00 7.636456108382418118e-02 -9.416439272383909931e-02
1.816682141384927007e+00 7.445987265223585894e-02 -1.119956409027693528e-01
1.938638833449784604e+00 7.276254531493828170e-02 -1.307726437370438644e-01
2.060406276411643312e+00 7.120393777992267692e-02 -1.491127970592819874e-01
2.170174107777484540e+00 6.971540875518048019e-02 -1.656334967021016180e-01
2.256131965054288813e+00 6.822831694870308550e-02 -1.789521384981206942e-01
2.306469485749040427e+00 6.667402106848176191e-02 -1.876861182799574590e-01
2.309376307368710357e+00 6.498387982250820871e-02 -1.904528318802283238e-01
2.253042067420286010e+00 6.308925191877369498e-02 -1.858696751315520035e-01
2.130129033219708035e+00 6.082365414028026440e-02 -1.732965446355046735e-01
1.951189735394631031e+00 5.762924116859170776e-02 -1.550632975835628813e-01
1.731249206420586662e+00 5.285032855952322139e-02 -1.342422706933532883e-01
1.485332478773059739e+00 4.583123186888916900e-02 -1.139058006824975461e-01
1.228464584927548620e+00 3.591626665250422651e-02 -9.712622426861888814e-02
9.756705573595291225e-01 2.244974846618165085e-02 -8.697587816933990967e-02
7.419754285445455677e-01 4.775992865738404314e-03 -8.652709910228580104e-02
5.424042309580735521e-01 -1.776068459301185370e-02 -9.885222378507843577e-02
3.919819970756111549e-01 -4.581596835425454095e-02 -1.270235889353409364e-01
3.057337593726520697e-01 -8.004554286217832604e-02 -1.741135312707016436e-01
2.942842030327921798e-01 -1.207592782042271745e-01 -2.420408738623562594e-01
3.506573794253924348e-01 -1.668838464026073387e-01 -3.281105832053270444e-01
4.634773702965364617e-01 -2.170001348029976240e-01 -4.284742111508357265e-01
6.213682573923235974e-01 -2.696890307510815266e-01 -5.392833095501140539e-01
8.129541224588087145e-01 -3.235314215925285675e-01 -6.566894302543638817e-01
1.026859047242087319e+00 -3.771081946730220347e-01 -7.768441251148159310e-01
1.251707113488242484e+00 -4.290002373382404977e-01 -8.958989459826922630e-01
1.476122402943378153e+00 -4.777884369338672998e-01 -1.010005444709224154e+00
1.688728997353536654e+00 -5.220536808055721290e-01 -1.115315173145612571e+00
1.878150978464821819e+00 -5.603768562990385504e-01 -1.207979683143089789e+00
2.035459591697003745e+00 -5.915683787980755559e-01 -1.285043955756802081e+00
2.161514737164597744e+00 -6.153567758390144915e-01 -1.347126688857595012e+00
2.259623478655814477e+00 -6.317001029963178471e-01 -1.395740009520242353e+00
2.333092879958838850e+00 -6.405564158444444489e-01 -1.432396044819506331e+00
2.385230004861882414e+00 -6.418837699578574529e-01 -1.458606921830161607e+00
2.419341917153148280e+00 -6.356402209110185719e-01 -1.475884767626978622e+00
2.438735680620839119e+00 -6.217838242783878533e-01 -1.485741709284728262e+00
2.446718359053154490e+00 -6.002726356344291192e-01 -1.489689873878179194e+00
2.446597016238299283e+00 -5.710647105536033052e-01 -1.489241388482102746e+00
2.441678715964475277e+00 -5.341181046103715691e-01 -1.485908380171269139e+00
2.434291925829307424e+00 -4.896904571155470953e-01 -1.480710192041208018e+00
2.422850560677339171e+00 -4.392377937534368559e-01 -1.472694946676699645e+00
2.404789855165346157e+00 -3.845157496592737645e-01 -1.460417940385478230e+00
2.377545043950105352e+00 -3.272799599682946758e-01 -1.442434469475279979e+00
2.338551361688388841e+00 -2.692860598157306717e-01 -1.417299830253837989e+00
2.285244043036978034e+00 -2.122896843368289321e-01 -1.383569319028890687e+00
2.215058322652648570e+00 -1.580464686668207885e-01 -1.339798232108173170e+00
2.125429435192174754e+00 -1.083120479409427211e-01 -1.284541865799419869e+00
2.013792615312322010e+00 -6.484205729442794885e-02 -1.216355516410360105e+00
1.877583097669887069e+00 -2.939213186252077198e-02 -1.133794480248741188e+00
1.715693264098952175e+00 -3.222249973557843664e-03 -1.036256037461897872e+00
1.532844168522097927e+00 1.439026563361577374e-02 -9.265054517346376084e-01
1.335214053729114392e+00 2.466376320810921910e-02 -8.081499946810567492e-01
1.128981162509844038e+00 2.881659099902924084e-02 -6.847969379152841762e-01
9.203237376540781556e-01 2.806709725548558673e-02 -5.600535530514170190e-01
7.154200219516240189e-01 2.363363022658675899e-02 -4.375271117035628987e-01
5.204482581922893480e-01 1.673453816144126680e-02 -3.208248854858292698e-01
3.415866891658663196e-01 8.588169309156850825e-03 -2.135541460123144553e-01
1.850135576621952105e-01 4.128719188435687071e-04 -1.193221648971452414e-01
5.690710647106678871e-02 -6.573005760390764063e-03 -4.173621375441911863e-02
-3.796236614510641733e-02 -1.140646884088373017e-02 1.638748633978393682e-02
-1.004562594708413859e-01 -1.414592126942549807e-02 5.539687119754581335e-02
-1.328438770369952115e-01 -1.510511304863794944e-02 7.643090453715277455e-02
-1.373945223744429400e-01 -1.459779418114378127e-02 8.062855007690218623e-02
-1.163774990140528931e-01 -1.293771466956534534e-02 6.912877153508720229e-02
-7.206211048668807739e-02 -1.043862451652474363e-02 4.307053262999795129e-02
-6.717660323224766694e-03 -7.414273724644796296e-03 3.592797079932222304e-03
7.738654794547186744e-02 -4.178412296547677311e-03 -4.816547139681847528e-02
1.779812107885336836e-01 -1.044790234855738241e-03 -1.110653090819611055e-01
2.927970246751033789e-01 1.672842457808880554e-03 -1.839677522572094881e-01
4.189844445067768541e-01 3.725806051442132148e-03 -2.652708715297352748e-01
5.513730585180484089e-01 5.125690736703055785e-03 -3.515209542802607001e-01
6.842122631762832530e-01 5.949151392082616119e-03 -4.388013619499372964e-01
8.117514549488579201e-01 6.272842896071777370e-03 -5.231954559799237847e-01
9.282400303031146382e-01 6.173420127161445212e-03 -6.007865978113565708e-01
1.027927385706430830e+00 5.727537963842629400e-03 -6.676581488853947643e-01
1.105062917626171037e+00 5.011851284606287649e-03 -7.198934706431894259e-01
1.153896022529704357e+00 4.103014967943292672e-03 -7.535759245258947248e-01
1.168676096884386784e+00 3.077683892344768718e-03 -7.647888719746553932e-01
1.143652537157589411e+00 2.012512936301601510e-03 -7.496156744306272657e-01
1.075557648792647925e+00 9.772979620972785993e-04 -7.058033729523245370e-01
9.710553731367805863e-01 1.439876718540776502e-05 -6.377537270677153813e-01
8.392925605131615896e-01 -8.406838671879456396e-04 -5.515321759221218922e-01
6.894160612450038750e-01 -1.552449159776489798e-03 -4.532041586608911987e-01
5.305727256554838567e-01 -2.085396329334170823e-03 -3.488351144293466155e-01
3.719094040677902724e-01 -2.404024594614851545e-03 -2.444904823728194232e-01
2.225729468050981485e-01 -2.472833174372388726e-03 -1.462357016366322426e-01
9.171020419062260454e-02 -2.256321287360632186e-03 -6.013621136613362533e-02
-1.153197345246229077e-02 -1.718988152333462104e-03 7.742549293354578088e-03
-7.800673580096845194e-02 -8.253329880447426124e-04 5.133514119650145480e-02
-1.010351472969773234e-01 4.274015149736172395e-04 6.620968320813656882e-02
-8.381035509838125064e-02 1.910993158166606268e-03 5.446880665856320552e-02
-3.199363296026359882e-02 3.464473460686021047e-03 1.984884110367644838e-02
4.875374536229541700e-02 4.926873941683575751e-03 -3.391388390063138081e-02
1.527705061142265452e-01 6.137226120311062294e-03 -1.030830387984745800e-01
2.743953755404310857e-01 6.934561515719960337e-03 -1.839222940339483858e-01
4.079670798858378022e-01 7.157911647062102124e-03 -2.726953200511658681e-01
5.478243453953667297e-01 6.646308033489192399e-03 -3.656657872942347121e-01
6.883058983139507259e-01 5.238782194152762431e-03 -4.590973662072705963e-01
8.237504648864844015e-01 2.774365648204765028e-03 -5.492537272343644972e-01
9.492128036962982351e-01 -8.318897105809319216e-04 -6.328669651661675832e-01
1.062611843652289556e+00 -5.360846139989538899e-03 -7.085428989831114022e-01
1.162582566487905256e+00 -1.051734334819302667e-02 -7.753557854140878947e-01
1.247759953936564248e+00 -1.600622104336195048e-02 -8.323798811879720150e-01
1.316778987731714423e+00 -2.153231893366823468e-02 -8.786894430336563699e-01
1.368274649606793014e+00 -2.680047672728337257e-02 -9.133587276800275712e-01
1.400881921295237920e+00 -3.151553413237886958e-02 -9.354619918559722302e-01
1.413235784530486594e+00 -3.538233085712649828e-02 -9.440734922903769588e-01
1.403971221045974715e+00 -3.810570660969705287e-02 -9.382674857121268142e-01
1.371723212575142181e+00 -3.939050109826240653e-02 -9.171182288501096291e-01
1.316236675378923193e+00 -3.906551332456170006e-02 -8.804383006692899638e-01
1.241696200317722543e+00 -3.745537237164766470e-02 -8.309935268321052559e-01
1.153396281024435144e+00 -3.500866306968804936e-02 -7.722880341138180782e-01
1.056631411131937481e+00 -3.217397024885020052e-02 -7.078259492896779026e-01
9.566960842731105918e-01 -2.939987873930161033e-02 -6.411113991349390862e-01
8.588847940808278514e-01 -2.713497337120953853e-02 -5.756485104248492135e-01
7.684920341879886152e-01 -2.582783897474188323e-02 -5.149414099346740770e-01
6.908122982274659263e-01 -2.592706038006585903e-02 -4.624942244396614277e-01
6.311400798321410432e-01 -2.788122241734892690e-02 -4.218110807150648456e-01
5.947698726348935594e-01 -3.213890991675903003e-02 -3.963961055361366892e-01
5.852409911325934244e-01 -3.893974774965632685e-02 -3.886073148929423127e-01
5.990723345680266654e-01 -4.768755682176031852e-02 -3.962184783735015481e-01
6.310277736897337286e-01 -5.757721601439116932e-02 -4.158573531479006213e-01
6.758711792462605006e-01 -6.780360420886993866e-02 -4.441516963862285894e-01
7.283664219861392120e-01 -7.756160028651494509e-02 -4.777292652585664046e-01
7.832773726579139728e-01 -8.604608312864721331e-02 -5.132178169350023467e-01
8.353679020101256736e-01 -9.245193161658690761e-02 -5.472451085856228081e-01
8.794018807913188684e-01 -9.597402463165438657e-02 -5.764388973805163463e-01
9.101431797500256771e-01 -9.580724105516909284e-02 -5.974269404897636360e-01
9.223556696347914308e-01 -9.114645976845169029e-02 -6.068369950834536786e-01
9.129692086550178498e-01 -8.168101247247225305e-02 -6.026572509812184730e-01
8.875776048635489746e-01 -6.907804214680095256e-02 -5.883176286008710010e-01
8.539406537740863445e-01 -5.549914459065663497e-02 -5.686084810097687958e-01
8.198181509003418244e-01 -4.310591560326194199e-02 -5.483201612752748311e-01
7.929698917560173976e-01 -3.405995098383575448e-02 -5.322430224647460850e-01
7.811556718548178235e-01 -3.052284653159813288e-02 -5.251674176455415344e-01
7.921352867104503037e-01 -3.465619804576998420e-02 -5.318836998850217102e-01
8.336685318366183761e-01 -4.862160132557073050e-02 -5.571822222505445898e-01
9.135152027470267999e-01 -7.458065217022050164e-02 -6.058533378094692612e-01
1.039435094955380334e+00 -1.146949463789393164e-01 -6.826873996291542568e-01
1.215380610173138143e+00 -1.700332110264869967e-01 -7.901296298874362911e-01
1.430073921306165508e+00 -2.372925106823682018e-01 -9.212443246269500507e-01
1.668429480652853902e+00 -3.120769473859352772e-01 -1.066750447707986993e+00
1.915361740511581035e+00 -3.899906231765364883e-01 -1.217366962990831469e+00
2.155785153180745706e+00 -4.666376400935263735e-01 -1.363812834335778934e+00
2.374614170958680770e+00 -5.376221001762393481e-01 -1.496807025603086094e+00
2.556763246143786361e+00 -5.985481054640302556e-01 -1.607068500653050735e+00
2.687146831034440631e+00 -6.450197579962475558e-01 -1.685316223345954878e+00
2.750679377929022174e+00 -6.726411598122402635e-01 -1.722269157542084761e+00
2.732275339125897151e+00 -6.770164129513518425e-01 -1.708646267101715521e+00
2.622568404945222031e+00 -6.554449141057903105e-01 -1.638679098715917437e+00
2.435069545053985873e+00 -6.120073355854195318e-01 -1.520649731391918280e+00
2.189009130771977230e+00 -5.524796928564172926e-01 -1.366352927464949518e+00
1.903617533419051489e+00 -4.826380013849774220e-01 -1.187583449270285696e+00
1.598125124315002754e+00 -4.082582766372792049e-01 -9.961360591431623890e-01
1.291762274779642006e+00 -3.351165340795057568e-01 -8.038055194188258312e-01
1.003759356132781111e+00 -2.689887891778405260e-01 -6.223865924325228116e-01
7.533467396942117311e-01 -2.156510573984630197e-01 -4.636740405194872405e-01
5.597547967837916971e-01 -1.808793542075661787e-01 -3.394626260149951058e-01
4.422138987213085626e-01 -1.704496950713283443e-01 -2.615471112542778198e-01
4.143949855216307321e-01 -1.884763437706318268e-01 -2.383041198646549952e-01
4.677315900907941804e-01 -2.324266524306739246e-01 -2.644379162278076567e-01
5.880979730842030850e-01 -2.981062690337551446e-01 -3.312347238098143354e-01
7.613683951572729480e-01 -3.813208415621862635e-01 -4.299807660767580586e-01
9.734171169654183275e-01 -4.778760179982758372e-01 -5.519622664947225754e-01
1.210118399164074487e+00 -5.835774463243417198e-01 -6.884654485298034032e-01
1.457346502408613853e+00 -6.942307745226731219e-01 -8.307765356480593111e-01
1.700975687354471022e+00 -8.056416505755878976e-01 -9.701817513155854833e-01
1.926880214657059165e+00 -9.136157224653937980e-01 -1.097967318998464448e+00
2.120934344971808994e+00 -1.013958638174407678e+00 -1.205419462162788946e+00
2.272560491673644378e+00 -1.103870639608260040e+00 -1.285962608642908789e+00
2.385373069948009128e+00 -1.186130104973192045e+00 -1.341573636707122485e+00
2.466534343172551491e+00 -1.264909886704955966e+00 -1.376367445476326834e+00
2.523206574724924156e+00 -1.344382837239310735e+00 -1.394458934071419520e+00
2.562552027982766045e+00 -1.428721809011995081e+00 -1.399963001613294455e+00
2.591732966323730736e+00 -1.522099654458767271e+00 -1.396994547222850880e+00
2.617911653125466476e+00 -1.628689226015380020e+00 -1.389668470020985369e+00
2.648250351765624622e+00 -1.752663376117597149e+00 -1.382099669128594499e+00
2.689911325621848093e+00 -1.898194957201148281e+00 -1.378403043666576400e+00
2.750056838071788246e+00 -2.069456821701797011e+00 -1.382693492755827425e+00
2.833364237455392232e+00 -2.268635334752352684e+00 -1.397856400739022398e+00
2.934571211961806370e+00 -2.489970912273863135e+00 -1.421859092845949801e+00
3.045930534742486540e+00 -2.725717482884453258e+00 -1.451439379528178142e+00
3.159694978948859756e+00 -2.968128975202186659e+00 -1.483335071237269709e+00
3.268117317732380567e+00 -3.209459317845189119e+00 -1.514283978424792343e+00
3.363450324244494194e+00 -3.441962439431565102e+00 -1.541023911542312552e+00
3.437946771636652521e+00 -3.657892268579438610e+00 -1.560292681041398177e+00
3.483859433060289224e+00 -3.849502733906875473e+00 -1.568828097373612396e+00
3.493441081666856185e+00 -4.009047764032001027e+00 -1.563367970990523270e+00
3.458944490607799072e+00 -4.128781287572920178e+00 -1.540650112343697531e+00
3.374912499870331484e+00 -4.203226426324616405e+00 -1.498439583510755346e+00
3.245048609909256143e+00 -4.235983464330732140e+00 -1.438610629416774644e+00
3.075346584581579279e+00 -4.232922073586576239e+00 -1.364064834786381075e+00
2.871800187744314670e+00 -4.199911926087449565e+00 -1.277703784344202509e+00
2.640403183254454778e+00 -4.142822693828650316e+00 -1.182429062814858156e+00
2.387149334969052017e+00 -4.067524048805485570e+00 -1.081142254922991652e+00
2.118032406745099738e+00 -3.979885663013254415e+00 -9.767449453932237624e-01
1.839046162439610832e+00 -3.885777208447255937e+00 -8.721387189501814685e-01
1.556184365909573541e+00 -3.791068357102784780e+00 -7.702251603184843143e-01
1.275440781012050939e+00 -3.701628780975156907e+00 -6.739058542227779336e-01
1.002296438109542498e+00 -3.621592013150829459e+00 -5.855257993106760539e-01
7.401814042475680644e-01 -3.548146931737543142e+00 -5.052036180734442716e-01
4.920129983075037239e-01 -3.476746226262154238e+00 -4.325013310010532575e-01
2.607085391707922306e-01 -3.402842586251535906e+00 -3.669809585834932220e-01
4.918534571880937151e-02 -3.321888701232545316e+00 -3.082045213107348358e-01
-1.396392631670467510e-01 -3.229337260732043191e+00 -2.557340396727551535e-01
-3.028479686053777153e-01 -3.120640954276892920e+00 -2.091315341595315069e-01
-4.375234517147957858e-01 -2.991252471393941459e+00 -1.679590252610377310e-01
-5.407483936138784975e-01 -2.836624501610076177e+00 -1.317785334672582631e-01
-6.096054754212409943e-01 -2.652209734452146250e+00 -1.001520792681665356e-01
-6.426174738004203357e-01 -2.435752010018922498e+00 -7.270208440411325690e-02
-6.440674651923574690e-01 -2.194159639597031308e+00 -4.929257216077878589e-02
-6.196785803820553662e-01 -1.936632019495665880e+00 -2.984796534615399149e-02
-5.751739501545183320e-01 -1.672368546023956570e+00 -1.429268676822347331e-02
-5.162767052947493385e-01 -1.410568615491055278e+00 -2.551159234974017566e-03
-4.487099765877452517e-01 -1.160431624206090362e+00 5.452194445608135077e-03
-3.781968948185211454e-01 -9.311569684782570189e-01 9.792951465534773317e-03
-3.104605907720742186e-01 -7.319440446166836090e-01 1.054668901681998783e-02
-2.512241952334077211e-01 -5.719922489305200308e-01 7.788984291476962890e-03
-2.062108389875210168e-01 -4.605009777289100215e-01 1.595414481518210798e-03
-1.798228751468154973e-01 -4.037357321138035915e-01 -7.777877257325766479e-03
-1.711797728548883069e-01 -3.962269359839204474e-01 -1.935251490999809892e-02
-1.780803369411236847e-01 -4.295713698382115919e-01 -3.196957199516126114e-02
-1.983233722349080630e-01 -4.953658141756349109e-01 -4.447012203147879955e-02
-2.297076835656219340e-01 -5.852070494951288060e-01 -5.569523853761090132e-02
-2.700320757626507029e-01 -6.906918562956488872e-01 -6.448599503222116058e-02
-3.170953536553783869e-01 -8.034170150761454909e-01 -6.968346503397201963e-02
-3.686963220731941937e-01 -9.149793063355797784e-01 -7.012872206152581667e-02
-4.226337858454725094e-01 -1.016975510572881491e+00 -6.466283963354479969e-02
-4.767065498016023750e-01 -1.101002408287012013e+00 -5.212689126869173017e-02
-5.286149206540463608e-01 -1.160311488780534583e+00 -3.205677705860807136e-02
-5.756652126475816367e-01 -1.194773076570464498e+00 -6.767703386851077127e-03
-6.150652419100673951e-01 -1.205912204977429125e+00 2.073029679004539938e-02
-6.440228245693523368e-01 -1.195253907322054721e+00 4.742719051554002835e-02
-6.597457767532959316e-01 -1.164323216924970428e+00 7.031294483309893928e-02
-6.594419145897545409e-01 -1.114645167106804280e+00 8.637752678618587643e-02
-6.403190542065810842e-01 -1.047744791188176983e+00 9.261090341826452854e-02
-5.995850117316348094e-01 -9.651471224897290035e-01 8.600304177279741169e-02
-5.344476032927707454e-01 -8.683771943320819364e-01 6.354390889324923464e-02
-4.421146450178446985e-01 -7.589600400358639254e-01 2.222347182308370694e-02
-3.216197145570176552e-01 -6.388982634852170550e-01 -3.953631833775526905e-02
-1.792997490692138929e-01 -5.121048328005974870e-01 -1.175853284417307520e-01
-2.331760394873731712e-02 -3.829703276579244919e-01 -2.063413183713828369e-01
1.381638654100990071e-01 -2.558853277331278875e-01 -3.002220480092470112e-01
2.969818036129952543e-01 -1.352404127021271107e-01 -3.936452772378666309e-01
4.449733552656096602e-01 -2.542616224087307017e-02 -4.810287659397605720e-01
5.739756649736434957e-01 6.916684397471552226e-02 -5.567902739974723847e-01
6.758258773427832100e-01 1.441480262687090952e-01 -6.153475612935377370e-01
7.423611369787195269e-01 1.951268049651812275e-01 -6.511183877104939066e-01
7.654185884871271828e-01 2.177126003881932614e-01 -6.585205131308697890e-01
7.398796094782765786e-01 2.094811500754825695e-01 -6.339402444858791563e-01
6.728026837743923405e-01 1.758735729338053444e-01 -5.816381895433985205e-01
5.742906152997158120e-01 1.242973613411656186e-01 -5.078435594413599485e-01
4.544462079785160924e-01 6.216000767558189921e-02 -4.187855653177157689e-01
3.233722657350376339e-01 -3.130995684940580948e-03 -3.206934183103997138e-01
1.911715924935311894e-01 -6.416815636239271703e-02 -2.197963295573505671e-01
6.794699217824839987e-02 -1.135439819787657512e-01 -1.223235101965075289e-01
-3.619873128656787842e-02 -1.438509801560519663e-01 -3.450417136580262445e-02
-1.111627739766471723e-01 -1.476816585162366580e-01 3.743247579680918785e-02
-1.468423319677483185e-01 -1.176285246813143504e-01 8.725722015339709703e-02
-1.363793130687249167e-01 -4.909900021681645743e-02 1.105445133764875049e-01
-8.589428635827900393e-02 5.123999860708926962e-02 1.100833551747928546e-01
-4.752439817613903460e-03 1.739067221108482053e-01 9.046635646502367012e-02
9.768103857207946494e-02 3.094194206149311621e-01 5.628612816389125251e-02
2.120409608296072168e-01 4.482963444398017083e-01 1.213528118810584117e-02
3.289621389737858448e-01 5.810557439059343965e-01 -3.739357354562668906e-02
4.390793850234001039e-01 6.982158693337688904e-01 -8.770782512058718228e-02
5.330275109972668623e-01 7.902949710437807695e-01 -1.342148626200694861e-01
6.014413289141919972e-01 8.478112993564335120e-01 -1.723220751273633333e-01
6.349556507929832172e-01 8.612831045921894857e-01 -1.974368517257599764e-01
6.272087120455731579e-01 8.247391456775259311e-01 -2.062361809000292645e-01
5.838519260957053536e-01 7.462496133571822066e-01 -2.004752308043828146e-01
5.135398719854163962e-01 6.373949056854694151e-01 -1.831786600285995881e-01
4.249271287567344402e-01 5.097554207166880014e-01 -1.573711271624559094e-01
3.266682754517123977e-01 3.749115565051729382e-01 -1.260772907957356803e-01
2.274178911123795055e-01 2.444437111052250589e-01 -9.232180951821584991e-02
1.358305547807726055e-01 1.299322825711567153e-01 -5.912934191967544190e-02
6.056084549892239155e-02 4.295766895727307078e-02 -2.952454658989107569e-02
1.026334230887923638e-02 -4.899731682098118490e-03 -6.532082118647183910e-03
-6.407375747327581639e-03 -2.059521292653965219e-03 6.823392904280106697e-03
1.646994007932875773e-02 5.921932105729958706e-02 8.393539778048766248e-03
7.388321736583688959e-02 1.713203078089855502e-01 -4.647006424351615120e-04
1.580870533961842017e-01 3.227875742810241699e-01 -1.751806761333040210e-02
2.613360454543341427e-01 5.021652557919933368e-01 -4.053330039079081071e-02
3.758847908242724523e-01 6.979974876605107292e-01 -6.727713823097447587e-02
4.939878867899777370e-01 8.988284052051811468e-01 -9.551632039003840613e-02
6.078999306354387899e-01 1.093202143744626875e+00 -1.230175861241418755e-01
7.098755196446140392e-01 1.269662838597418242e+00 -1.475476746894368030e-01
7.921692511014926108e-01 1.416754625082178531e+00 -1.668733253420827400e-01
8.470357222900535277e-01 1.523021638517512821e+00 -1.787612773382365183e-01
8.689117994600548123e-01 1.580159685966854521e+00 -1.816075707233208714e-01
8.609637993436973780e-01 1.592471802504844769e+00 -1.763255567287797532e-01
8.285404949526540275e-01 1.567412965472732012e+00 -1.644579413909622034e-01
7.769906592985948990e-01 1.512438152211757814e+00 -1.475474307462166790e-01
7.116630653931826922e-01 1.435002340063156190e+00 -1.271367308308895827e-01
6.379064862480992026e-01 1.342560506368182027e+00 -1.047685476813329936e-01
5.610696948750089064e-01 1.242567628468071117e+00 -8.198558733389368913e-02
4.865014642855809424e-01 1.142478683704063913e+00 -6.033055582491999441e-02
4.195505674914797867e-01 1.049748649417395541e+00 -4.134615919075884660e-02
3.655657775043871238e-01 9.718325029493231071e-01 -2.657510346776208870e-02
3.286372306392191800e-01 9.149712551840025743e-01 -1.711198285222156890e-02
3.078204444036260479e-01 8.805499817130767459e-01 -1.225891853886380486e-02
3.009122635981111293e-01 8.687397569387550478e-01 -1.086990706159463721e-02
3.057095330231789365e-01 8.797116552632494590e-01 -1.179894495432013551e-02
3.200090974793316501e-01 9.136367510887684062e-01 -1.390002875094588364e-02
3.416078017670727274e-01 9.706861188175209820e-01 -1.602715498537777075e-02
3.683024906869057369e-01 1.051030832851717722e+00 -1.703432019152166174e-02
3.978900090393365230e-01 1.154841967593578378e+00 -1.577552090328317169e-02
4.281672016248632140e-01 1.282290597445294278e+00 -1.110475365456832508e-02
4.569309132439918208e-01 1.433547796809083730e+00 -1.876014979282983330e-03
4.822451409277966339e-01 1.607683512374968648e+00 1.274304852428316710e-02
5.032424753431734565e-01 1.799363242990821066e+00 3.233020794737943154e-02
5.193226517444068380e-01 2.002151391295338367e+00 5.614959329033783475e-02
5.298854053857862123e-01 2.209612359927267899e+00 8.346533455349533503e-02
5.343304715215999590e-01 2.415310551525342575e+00 1.135415617371874769e-01
5.320575854061352361e-01 2.612810368728311072e+00 1.456424048417526429e-01
5.224664822936803121e-01 2.795676214174869667e+00 1.790319938675206113e-01
5.049568974385236775e-01 2.957472490503769258e+00 2.129744588148296813e-01
4.789285660949524903e-01 3.091763600353740316e+00 2.467339296840153073e-01
4.437812235172516329e-01 3.192113946363522192e+00 2.795745364754158024e-01
3.990379329057904267e-01 3.254244835497142496e+00 3.110578284387613412e-01
3.447150480750394985e-01 3.282504821770685144e+00 3.419349807670900576e-01
2.809522402006792152e-01 3.283399178404897256e+00 3.732545623762340559e-01
2.078891804583831715e-01 3.263433178620523289e+00 4.060651421820287710e-01
1.256655400238446130e-01 3.229112095638317026e+00 4.414152891003004786e-01
3.442099007273784206e-02 3.186941202679023810e+00 4.803535720468843362e-01
-6.570479821925669095e-02 3.143425772963390763e+00 5.239285599376124480e-01
-1.745721536764687221e-01 3.105071079712163673e+00 5.731888216883216369e-01
-2.920414051231984276e-01 3.078382396146097211e+00 6.291829262148354029e-01
-4.179728813837748636e-01 3.069864995485934944e+00 6.929594424329901248e-01
-5.519766580348944851e-01 3.083838042069755314e+00 7.649833302009951819e-01
-6.926617976627619244e-01 3.115876264704964260e+00 8.433851131465680551e-01
-8.383871096059715144e-01 3.159368283316300818e+00 9.257117058398105502e-01
-9.875114032030790634e-01 3.207702717828494698e+00 1.009510022850803379e+00
-1.138393487792678238e+00 3.254268188166283160e+00 1.092326978749647681e+00
-1.289392172713351048e+00 3.292453314254404795e+00 1.171709488106438268e+00
-1.438866267303691382e+00 3.315646716017594642e+00 1.245204465491276169e+00
-1.585174580902255048e+00 3.317237013380586408e+00 1.310358825474243094e+00
-1.726675922847636269e+00 3.290612826268117797e+00 1.364719482625440294e+00
-1.861729102478415721e+00 3.229162774604924735e+00 1.405833351514961693e+00
-1.988884166836170975e+00 3.128589478042273608e+00 1.432013096814194641e+00
-2.107456146603211788e+00 2.993851952370525371e+00 1.444634515052212853e+00
-2.216951326579635229e+00 2.832223411727271767e+00 1.445839218587068098e+00
-2.316875991565526149e+00 2.650977070250108092e+00 1.437768819776807483e+00
-2.406736426360977177e+00 2.457386142076616320e+00 1.422564930979478781e+00
-2.486038915766058288e+00 2.258723841344426386e+00 1.402369164553132208e+00
-2.554289744580861665e+00 2.062263382191120265e+00 1.379323132855814427e+00
-2.610995197605473717e+00 1.875277978754295694e+00 1.355568448245573876e+00
-2.655661559639982627e+00 1.705040845171534869e+00 1.333246723080456997e+00
-2.687795115484465480e+00 1.558825195580466616e+00 1.314499569718515337e+00
-2.707162687739892437e+00 1.441869160131072913e+00 1.301156825960609220e+00
-2.714573265118954470e+00 1.351270416573684185e+00 1.293801213538843031e+00
-2.711096381589372495e+00 1.282091500445974086e+00 1.292703670708066577e+00
-2.697801571118872754e+00 1.229394947285632700e+00 1.298135135723129885e+00
-2.675758367675176608e+00 1.188243292630331682e+00 1.310366546838881208e+00
-2.646036305226008967e+00 1.153699072017750016e+00 1.329668842310170351e+00
-2.609704917739093855e+00 1.120824820985566683e+00 1.356312960391847122e+00
-2.567833739182153518e+00 1.084683075071459557e+00 1.390569839338760438e+00
-2.521492303522911982e+00 1.040336369813107842e+00 1.432710417405759440e+00
-2.471750144729083054e+00 9.828472407481783080e-01 1.483005632847703925e+00
-2.420018776575509012e+00 9.087503972593599100e-01 1.541192573988378722e+00
-2.369077710340607545e+00 8.204695810727675731e-01 1.604872807235361742e+00
-2.322048476248629978e+00 7.219008762460816797e-01 1.671113987967404624e+00
-2.282052604523825412e+00 6.169403668369831673e-01 1.736983771563259005e+00
-2.252211625390444283e+00 5.094841369031521960e-01 1.799549813401676523e+00
-2.235647069072736581e+00 4.034282705022696480e-01 1.855879768861408818e+00
-2.235480465794951410e+00 3.026688516920158500e-01 1.903041293321205973e+00
-2.254833345781344978e+00 2.111019645300565850e-01 1.938102042159826510e+00
-2.296827239256160613e+00 1.326236930741051256e-01 1.958129670756008300e+00
-2.364583676443649196e+00 7.113012138182495114e-02 1.960191834488509643e+00
-2.459761993127858037e+00 2.930479911568430185e-02 1.942417535493130343e+00
-2.578172579994749025e+00 4.980999591767757036e-03 1.907181284397092114e+00
-2.714163549620253857e+00 -5.220607652811990601e-03 1.857918999317152320e+00
-2.862083014580302009e+00 -4.679353080942159904e-03 1.798066598370067437e+00
-3.016279087450820739e+00 3.225432844490004267e-03 1.731059999672591942e+00
-3.171099880807768834e+00 1.511441966059945408e-02 1.660335121341470987e+00
-3.320893507227019370e+00 2.760827690449424443e-02 1.589327881493485695e+00
-3.460008079284530691e+00 3.732767411328900831e-02 1.521474198245380105e+00
-3.582791709556230053e+00 4.089328082409643406e-02 1.460209989713910250e+00
-3.683592510618048710e+00 3.492576657402926554e-02 1.408971174015832606e+00
-3.758379228657040994e+00 1.725525793421901072e-02 1.370648219724665662e+00
-3.809603144304766431e+00 -9.450290388127696728e-03 1.345949797240977741e+00
-3.841336171803906741e+00 -4.131346665178554228e-02 1.335039127422100291e+00
-3.857650225397146304e+00 -7.445685911552911429e-02 1.338079431125364316e+00
-3.862617219327168616e+00 -1.050030560381380457e-01 1.355233929208105037e+00
-3.860309067836657171e+00 -1.290746456783755103e-01 1.386665842527648129e+00
-3.854797685168294574e+00 -1.427942162950219529e-01 1.432538391941325040e+00
-3.850154985564768317e+00 -1.422843561468520590e-01 1.493014798306468549e+00
-3.850452883268759230e+00 -1.236676534926403892e-01 1.568258282480408550e+00
-3.859763292522951250e+00 -8.306669659116150406e-02 1.658432065320476489e+00
-3.880906084242198517e+00 -1.817164965061287413e-02 1.763303254265910391e+00
-3.911693099312972599e+00 6.705719871538136367e-02 1.881054548414511585e+00
-3.948684206934364394e+00 1.670920736386417305e-01 2.009472556111154162e+00
-3.988439276305447478e+00 2.764052002509337358e-01 2.146343885700644716e+00
-4.027518176625311419e+00 3.894688036840757150e-01 2.289455145527854452e+00
-4.062480777093042228e+00 5.007551090698696417e-01 2.436592943937636147e+00
-4.089886946907726362e+00 6.047363415401176834e-01 2.585543889274840801e+00
-4.106296555268445836e+00 6.958847262266208977e-01 2.734094589884318527e+00
-4.108269471374288884e+00 7.686724882611819520e-01 2.880031654110920769e+00
-4.092365564424339297e+00 8.175718527756018483e-01 3.021141690299498972e+00
-4.056156877947826089e+00 8.384801802183412534e-01 3.155597781516382483e+00
-4.001263921132927059e+00 8.329950461262252137e-01 3.283118821259142894e+00
-3.930319261670413677e+00 8.041389982682864979e-01 3.403810133520881465e+00
-3.845955467251074289e+00 7.549345844135539885e-01 3.517777042294682577e+00
-3.750805105565686581e+00 6.884043523310546808e-01 3.625124871573627061e+00
-3.647500744305035791e+00 6.075708497898162364e-01 3.725958945350795304e+00
-3.538674951159901383e+00 5.154566245588657614e-01 3.820384587619269023e+00
-3.426960293821066816e+00 4.150842244072311393e-01 3.908507122372129050e+00
-3.314989339979315108e+00 3.094761971039403647e-01 3.990431873602456658e+00
-3.205394657325407515e+00 2.016550904180011150e-01 4.066264165303345557e+00
-3.100808813550167464e+00 9.464345211848025630e-02 4.136109321467850819e+00
-3.003864376344355769e+00 -8.536170025614228662e-03 4.200072666089067042e+00
-2.917193913398755889e+00 -1.048612282452542066e-01 4.258259523160076832e+00
-2.843429992404149065e+00 -1.913091747714124602e-01 4.310775216673958354e+00
-2.785205181051317869e+00 -2.648574618350614807e-01 4.357725070623795105e+00
-2.745152047031043985e+00 -3.224835416671734678e-01 4.399214409002668802e+00
-2.725903158034111318e+00 -3.611648664987210933e-01 4.435348555803659387e+00
-2.730091081751303328e+00 -3.778788885606774173e-01 4.466232835019853908e+00
-2.760348385873401256e+00 -3.696030600840086722e-01 4.491972570644321650e+00
-2.819307638091185453e+00 -3.333148332996922480e-01 4.512673086670148770e+00
-2.909601406095439380e+00 -2.659916604387005945e-01 4.528439707090418764e+00
-3.033862257576945165e+00 -1.646109937320060501e-01 4.539377755898211575e+00
-3.194722760226484048e+00 -2.615028541058106448e-02 4.545592557086608920e+00
-3.394815481734838603e+00 1.524130122946017463e-01 4.547189434648691631e+00
