1.246247980426891999e+00 -1.056102099183344079e+00 -5.281187850399575723e-01
5.199060376113381343e-01 -5.688741567552975109e-01 -3.377120715081985969e-01
-1.198016503369873226e-01 -1.604233562265299229e-01 -1.646435635126635710e-01
-6.770048821136299688e-01 1.740999920599348161e-01 -8.003805934717070358e-03
-1.155108008241395590e+00 4.411859673710044061e-01 1.322285045711973916e-01
-1.557161541422619200e+00 6.484568009697317947e-01 2.555402639062220871e-01
-1.886160942076105629e+00 8.041914505914721234e-01 3.611820182329268381e-01
-2.145267024252309529e+00 9.168823865624713410e-01 4.484059322328476371e-01
-2.337949646987247831e+00 9.948299035513680222e-01 5.166436298369311286e-01
-2.468062502433370220e+00 1.045782719392576166e+00 5.656277969977769882e-01
-2.539861650919383429e+00 1.076634918676047770e+00 5.954647225234503960e-01
-2.558155153380684332e+00 1.092688745429157393e+00 6.068456961367166835e-01
-2.528779282715125643e+00 1.096037713165873839e+00 6.015902220923925459e-01
-2.458012436122483102e+00 1.087305727230275965e+00 5.820510246800089105e-01
-2.352302555207971047e+00 1.066587838467785376e+00 5.508166337837396842e-01
-2.218180039811360249e+00 1.033843546289000326e+00 5.105999135288104007e-01
-2.062179749323675537e+00 9.892169177690871562e-01 4.641352259329923347e-01
-1.890767536746048139e+00 9.332799396281694637e-01 4.140810659628014756e-01
-1.710272374811078189e+00 8.671978733927832028e-01 3.629283376486243662e-01
-1.526829150548513647e+00 7.928175354956235044e-01 3.129169762268992905e-01
-1.346339607397651905e+00 7.126813490483578928e-01 2.659653251007854102e-01
-1.174392366578286495e+00 6.300852010113949797e-01 2.236511546175887488e-01
-1.016153611866698503e+00 5.491780845742895156e-01 1.872425791763642766e-01
-8.767362453226387187e-01 4.742769634625140229e-01 1.575422203366517726e-01
-7.613211981018618291e-01 4.096209565562831667e-01 1.349200862741991302e-01
-6.751845827718775395e-01 3.592838494251631154e-01 1.194419672821069867e-01
-6.219214253987105367e-01 3.260878661441589110e-01 1.107878625279705986e-01
-5.980546398758563864e-01 3.085196537062244171e-01 1.077587023376937042e-01
-5.983744420286882804e-01 3.038090688353065061e-01 1.092946813667527994e-01
-6.176928221111288586e-01 3.090261562557469754e-01 1.147398239567704314e-01
-6.508103262211099027e-01 3.211547128722560540e-01 1.237783016831292826e-01
-6.924877755571889892e-01 3.372156214396090368e-01 1.361734226536695236e-01
-7.374300309957051436e-01 3.545537090236121069e-01 1.510831767060220598e-01
-7.802974086582197266e-01 3.707782910274876054e-01 1.672339277638828781e-01
-8.157255751815678524e-01 3.837497116784963080e-01 1.829524440121239048e-01
-8.383533006666897824e-01 3.915638235365823117e-01 1.961640274825981467e-01
-8.446225611957568491e-01 3.932647207839146675e-01 2.049133111882822655e-01
-8.380992278527586992e-01 3.910497261308035766e-01 2.089325630628758868e-01
-8.241363396699402655e-01 3.877184081475972266e-01 2.086836920729000233e-01
-8.080663247569968011e-01 3.859091324133993584e-01 2.048989222534172427e-01
-7.951597724586472182e-01 3.882224001674835501e-01 1.984095826079219638e-01
-7.906268537474512303e-01 3.971654739468345463e-01 1.901769037999408996e-01
-7.997408114094648468e-01 4.146731099017722522e-01 1.818878505007560653e-01
-8.277107235963618859e-01 4.430352394854181197e-01 1.748840332478258097e-01
-8.796455753655713083e-01 4.851049947484081803e-01 1.698244448763140957e-01
-9.605863237110217057e-01 5.441055275128127144e-01 1.667732091407673478e-01
-1.073742132887582468e+00 6.223034839312319155e-01 1.651312868728443961e-01
-1.215182336368145322e+00 7.173285290377643397e-01 1.634859765199180581e-01
-1.379660840975465153e+00 8.245963540047965834e-01 1.616186141640713614e-01
-1.562583696527507504e+00 9.382612401904611987e-01 1.611694324473481044e-01
-1.760016560078991876e+00 1.051250212900434189e+00 1.656652716196704289e-01
-1.968232682237179176e+00 1.155937463548553978e+00 1.793664080402945782e-01
-2.182238950832157798e+00 1.246773540886957354e+00 2.033766053159564713e-01
-2.396100871229001505e+00 1.319502829671022948e+00 2.367989545797608564e-01
-2.603156195457966504e+00 1.371016738009746216e+00 2.773549661578373349e-01
-2.796080354703116555e+00 1.399684953430476053e+00 3.214857618750925905e-01
-2.968664530280083369e+00 1.406348051731179272e+00 3.648473057699733735e-01
-3.121010077888416667e+00 1.396452729521504565e+00 4.034367931888913628e-01
-3.255010314677474259e+00 1.377011826977679210e+00 4.335095411656125775e-01
-3.372828410232704854e+00 1.355466968243561166e+00 4.515795171011002251e-01
-3.476869170736901271e+00 1.339407212206522813e+00 4.544026389275206412e-01
-3.569952496962261357e+00 1.335088634250702233e+00 4.399503898492944653e-01
-3.656079224761873636e+00 1.343439290180304058e+00 4.107535279568945707e-01
-3.739508871804902768e+00 1.363580186769424829e+00 3.703792353647947788e-01
-3.824518297879839324e+00 1.394336606483256080e+00 3.222662693966427128e-01
-3.915460885304168581e+00 1.434483673841252749e+00 2.697753813995987793e-01
-4.015316285969718457e+00 1.482470697737874099e+00 2.160741879251726338e-01
-4.121239051673669884e+00 1.535114768305849475e+00 1.638311987655369784e-01
-4.229090849810166475e+00 1.588632039846539445e+00 1.162794512371192468e-01
-4.334953067124171611e+00 1.639007574337512985e+00 7.747288417425646223e-02
-4.435085734528788848e+00 1.681993761497712514e+00 5.217023312877500096e-02
-4.525525880887982133e+00 1.713906533252505859e+00 4.427531588859223710e-02
-4.601030938270567638e+00 1.734129597516161692e+00 5.233662345405898364e-02
-4.655874905432218824e+00 1.742965914624686530e+00 7.294885704666920212e-02
-4.684221010989744194e+00 1.741002529854733805e+00 1.020024859493757763e-01
-4.680214737579347251e+00 1.729213987560604515e+00 1.347408657427788814e-01
-4.640114116040781056e+00 1.709311572469071727e+00 1.660520836156167412e-01
-4.568501589286016795e+00 1.684506311360857378e+00 1.913212419541763243e-01
-4.472147018601342339e+00 1.658271109692271761e+00 2.064292404939365166e-01
-4.357918008476731053e+00 1.633862926013557759e+00 2.077990019607482974e-01
-4.232702446556469766e+00 1.614196193139380897e+00 1.924707605687105971e-01
-4.103461652524828196e+00 1.601272161436596120e+00 1.587784534712890494e-01
-3.977633110135737393e+00 1.594857478017150498e+00 1.082009341843210848e-01
-3.862701979349429937e+00 1.594201232765562137e+00 4.289236686830810719e-02
-3.766101325413901968e+00 1.598606894986328575e+00 -3.513582275059479176e-02
-3.695260778695359960e+00 1.607451400985394629e+00 -1.240643568037504973e-01
-3.655272141137909880e+00 1.619746374168921088e+00 -2.218752328921410610e-01
-3.641791135573869465e+00 1.632866511082021077e+00 -3.251031635968714695e-01
-3.648183565668801531e+00 1.643769174293126634e+00 -4.299966258690251508e-01
-3.667900606261619512e+00 1.649394508491025979e+00 -5.328586294218859987e-01
-3.694450372776544089e+00 1.646679276964848615e+00 -6.300120622997033015e-01
-3.721094337344934111e+00 1.633032716343758795e+00 -7.181004841190545829e-01
-3.740022530109389010e+00 1.607687804820205679e+00 -7.950013456320996763e-01
-3.743059247238921472e+00 1.570463041828437545e+00 -8.589096720831321807e-01
-3.721949612978583843e+00 1.521384933396630501e+00 -9.080082274394919439e-01
-3.668418787711878792e+00 1.460688178118690450e+00 -9.404241724466049224e-01
-3.576284046800261684e+00 1.389312892551370693e+00 -9.550033003368183504e-01
-3.447691866582303533e+00 1.310348945822660038e+00 -9.537262873036784772e-01
-3.287098149119232815e+00 1.227031302251148981e+00 -9.391614542058377424e-01
-3.099242121297762331e+00 1.142063326109117094e+00 -9.136316127562360556e-01
-2.889132201597042648e+00 1.057566822112318228e+00 -8.792313219650144118e-01
-2.662203712514367826e+00 9.747445988434183528e-01 -8.376478307099983756e-01
-2.424724931607073142e+00 8.931900585736705089e-01 -7.897127524835416690e-01
-2.183000667839292142e+00 8.124253986094169822e-01 -7.363074162891647401e-01
-1.943125069382953152e+00 7.323958463636515148e-01 -6.786382013718936790e-01
-1.710954031100641703e+00 6.535236347267593393e-01 -6.182546249275820971e-01
-1.492020875739057839e+00 5.767876335989432501e-01 -5.569915065282715627e-01
-1.291330788036999522e+00 5.039062118985047078e-01 -4.967793704279435119e-01
-1.113564802723658653e+00 4.370532994838229324e-01 -4.397837536595813890e-01
-9.631859106856185404e-01 3.786895721950316873e-01 -3.883915455727516841e-01
-8.445127206367921691e-01 3.314432237746122167e-01 -3.451045026722455167e-01
-7.617672961074282156e-01 2.980384237926119728e-01 -3.124785062969543947e-01
-7.190648400119924455e-01 2.813065309585866536e-01 -2.931544167538174261e-01
-7.207177738872317940e-01 2.838640439537958859e-01 -2.894656998457650343e-01
-7.712739546305110716e-01 3.080863789817058218e-01 -3.034021087882574630e-01
-8.754537977190122167e-01 3.561780600601043845e-01 -3.367070638370642799e-01
-1.034860473877736720e+00 4.287740708705247705e-01 -3.897667412295264810e-01
-1.238210850774454697e+00 5.206264296764565591e-01 -4.581409598521820614e-01
-1.470762005104065517e+00 6.252087770767803532e-01 -5.366011862109796304e-01
-1.717454289489614094e+00 7.362741168298879701e-01 -6.204625550494173858e-01
-1.962917232136986101e+00 8.478772397921487958e-01 -7.055456560787525255e-01
-2.191695744662995438e+00 9.542032819899154417e-01 -7.877344348071371183e-01
-2.389001620349489929e+00 1.048912995877123500e+00 -8.616509902231410667e-01
-2.540536069550660248e+00 1.125232576865973444e+00 -9.210681352025884561e-01
-2.632356716821652842e+00 1.176003359011430494e+00 -9.592661660771215626e-01
-2.650790415982499759e+00 1.193688947680079160e+00 -9.692967284765298119e-01
-2.587433315109208820e+00 1.172887850601666448e+00 -9.462314742457113015e-01
-2.454420082226077771e+00 1.117844781261566389e+00 -8.931570375590962563e-01
-2.268635247869246641e+00 1.035516841728801207e+00 -8.157835359038554390e-01
-2.046457896627500439e+00 9.332976655405849087e-01 -7.205509483857512887e-01
-1.803804136777289013e+00 8.190565149198457684e-01 -6.144464000207170429e-01
-1.556105667851438445e+00 7.012451663056687989e-01 -5.049883609589278510e-01
-1.318307313722110630e+00 5.890206196762394208e-01 -4.003154884479030451e-01
-1.106083785993610569e+00 4.911312420108648880e-01 -3.072520087096455299e-01
-9.361397824389804390e-01 4.155468939202444090e-01 -2.307170407143146473e-01
-8.260871042704177603e-01 3.694798207279955116e-01 -1.737185687354102226e-01
-7.889760535084564541e-01 3.573319825466494404e-01 -1.364751392391894969e-01
-8.171231030088297320e-01 3.744624889965362247e-01 -1.142869390672125729e-01
-8.971201865626458050e-01 4.145629950721702039e-01 -1.024338877620885463e-01
-1.014965818061024594e+00 4.720504721953283078e-01 -9.767436271020493721e-02
-1.156137873530698190e+00 5.420093588549625974e-01 -9.829837485675239905e-02
-1.305813191967928777e+00 6.198185144886494413e-01 -1.037751824293589170e-01
-1.449410894058490440e+00 7.001438937070691981e-01 -1.135886312977715806e-01
-1.572653497081837326e+00 7.768133886824182266e-01 -1.270635455930549107e-01
-1.661688728201095255e+00 8.426675264571146240e-01 -1.430978993470280181e-01
-1.703258449397638818e+00 8.894018877887086560e-01 -1.598144312371951037e-01
-1.689021448537427528e+00 9.098272911788867212e-01 -1.748095930215074201e-01
-1.627881472955564179e+00 9.053358933678145037e-01 -1.868641388294788042e-01
-1.532818812413376364e+00 8.801125224116672641e-01 -1.951147074609369814e-01
-1.416476810720000090e+00 8.391642445501098502e-01 -1.989442877351185746e-01
-1.291032584797210836e+00 7.884134535787025166e-01 -1.982529141116469440e-01
-1.168074750356589142e+00 7.347454787306879620e-01 -1.936345462483361479e-01
-1.058487525861500966e+00 6.860345704991734905e-01 -1.864525342689813958e-01
-9.725979558049319129e-01 6.507362301962926754e-01 -1.789673205830333291e-01
-9.202706203132290375e-01 6.376467734273982835e-01 -1.743077761752871990e-01
-9.110103041361492515e-01 6.557261046286924078e-01 -1.763249719089759193e-01
-9.513225192745681236e-01 7.114435839571335851e-01 -1.885912441202076129e-01
-1.036727288257888846e+00 8.010620939542184571e-01 -2.114761875612279629e-01
-1.160590292333646412e+00 9.178224571839057599e-01 -2.436694497481025623e-01
-1.316935209995460543e+00 1.054467945105640458e+00 -2.828283295481396342e-01
-1.500357265391497608e+00 1.203321606726956983e+00 -3.256156175097547067e-01
-1.705698935337293998e+00 1.356488820552437025e+00 -3.681438356575243986e-01
-1.927133571177548799e+00 1.506483576184457274e+00 -4.075048870824468095e-01
-2.158245424920018696e+00 1.646174564239599958e+00 -4.415409714894620308e-01
-2.392074963914130770e+00 1.768815888278294945e+00 -4.687755172381691260e-01
-2.621117397117960657e+00 1.868147659431215413e+00 -4.884984532932474810e-01
-2.838142174111234706e+00 1.939950838053684956e+00 -5.011667620631085063e-01
-3.038607444188118123e+00 1.986532749351248572e+00 -5.095092015810707142e-01
-3.218728155902490951e+00 2.012117955029196104e+00 -5.169736995595650697e-01
-3.374855268239772776e+00 2.021220133035507516e+00 -5.271164582136331767e-01
-3.503514471786510764e+00 2.018474151526480131e+00 -5.434404116197077972e-01
-3.601699213195114879e+00 2.008092174965856458e+00 -5.684694588841943119e-01
-3.667758728191437001e+00 1.992594270569270520e+00 -6.012369683955727240e-01
-3.700457693760645483e+00 1.973638922232145987e+00 -6.395065408626501302e-01
-3.698641849232523260e+00 1.952376971650556792e+00 -6.806649282817949231e-01
-3.661216794096103122e+00 1.929492765574165825e+00 -7.218595775719116592e-01
-3.588392722809374380e+00 1.905417114844135007e+00 -7.600926205501827848e-01
-3.485428932573591432e+00 1.881063506790965567e+00 -7.923651177120722977e-01
-3.358763050443316356e+00 1.857665021605773292e+00 -8.161229046694495892e-01
-3.214665188455876788e+00 1.836729880491194455e+00 -8.293983357681933288e-01
-3.059151825604391028e+00 1.820102855934539354e+00 -8.308216220122728313e-01
-2.897901598487949038e+00 1.809778410459199627e+00 -8.200532198758010427e-01
-2.736195887014796213e+00 1.807327107856378179e+00 -7.990031482853736655e-01
-2.578913815119651787e+00 1.814719634669483606e+00 -7.700415013528401076e-01
-2.430549920444818213e+00 1.834600050158477602e+00 -7.354220734585232844e-01
-2.295249764283129323e+00 1.870274928450996521e+00 -6.972590365826331071e-01
-2.175640753634245250e+00 1.924090809922117895e+00 -6.574938089546593645e-01
-2.069485443540693304e+00 1.992445199678966716e+00 -6.178213709157831524e-01
-1.973880369730714568e+00 2.070095255654776700e+00 -5.799438936353136231e-01
-1.886540622894842700e+00 2.151691574388367556e+00 -5.456954666340364524e-01
-1.805742403369930527e+00 2.231800163812219129e+00 -5.170623660274715760e-01
-1.730010353644026777e+00 2.305172731896009353e+00 -4.956953238881577350e-01
-1.657291719508630523e+00 2.367441997546041232e+00 -4.813842379305021679e-01
-1.585361755181360133e+00 2.414272239569246636e+00 -4.731960408798923656e-01
-1.511913732330907756e+00 2.441180627660540114e+00 -4.699207177181642381e-01
-1.434465843812597230e+00 2.443625771525762769e+00 -4.701562934307783603e-01
-1.351051372432890085e+00 2.418264145013795829e+00 -4.721184954127319311e-01
-1.262487938318628267e+00 2.366540886016548217e+00 -4.728384582442352602e-01
-1.170126835326005699e+00 2.291108836477956157e+00 -4.694003283998927634e-01
-1.075158367212892152e+00 2.194558165793954352e+00 -4.594037426782707767e-01
-9.786775928136879354e-01 2.079314154195519126e+00 -4.410493940995630080e-01
-8.817549895693862494e-01 1.947418902150994002e+00 -4.137022326242653647e-01
-7.855152285896651598e-01 1.800173186724124186e+00 -3.791382418335559334e-01
-6.911199826687987047e-01 1.638574720850246580e+00 -3.394612260589014996e-01
-5.997822130538257301e-01 1.463468641430192285e+00 -2.963769307829195454e-01
-5.127901844537193776e-01 1.275558464560895056e+00 -2.510583513160020153e-01
-4.307770836577337059e-01 1.075786611823159600e+00 -2.048399511834184672e-01
-3.515370430583322214e-01 8.666873292471486412e-01 -1.614815424246957010e-01
-2.723822390003882710e-01 6.516081966485346433e-01 -1.245653054573190449e-01
-1.909190366227671853e-01 4.343097113387781594e-01 -9.661356436233520251e-02
-1.050474994742741225e-01 2.188431396043416521e-01 -7.908268769283398336e-02
-1.295049501358934430e-02 9.416455378922017685e-03 -7.242079111120572343e-02
8.688087969203148186e-02 -1.897333282106871133e-01 -7.654104003682955792e-02
1.956248152116018268e-01 -3.745094703694600846e-01 -9.158530855170740614e-02
3.141750551802699465e-01 -5.410182828787983844e-01 -1.181128496505588349e-01
4.432115724453718486e-01 -6.856106857787466202e-01 -1.571736736592733996e-01
5.826391872250926696e-01 -8.059363136326138655e-01 -2.094791985769087761e-01
7.297623612875168142e-01 -9.040286260735339585e-01 -2.727852706245742498e-01
8.813188613142731720e-01 -9.832564763380444717e-01 -3.444808025481492231e-01
1.034131130810528987e+00 -1.047210851475073312e+00 -4.223648975418798912e-01
1.185089421507607765e+00 -1.099599727466456622e+00 -5.045453521806079200e-01
1.331328896154887476e+00 -1.143972177071524765e+00 -5.892245041822348206e-01
1.470899613712881360e+00 -1.182951130296785447e+00 -6.741706364687148900e-01
1.602266008846904288e+00 -1.218443525136574834e+00 -7.568856551130050958e-01
1.724071043426263383e+00 -1.251771649958511645e+00 -8.346941140636088274e-01
1.835096727322504506e+00 -1.283699689373467123e+00 -9.047492624500077518e-01
1.934172024507619270e+00 -1.314065130425521533e+00 -9.645073215110362419e-01
2.019988334268555619e+00 -1.340597264308262870e+00 -1.013135693337683829e+00
2.091305030039800172e+00 -1.360315758592681057e+00 -1.050187524313808574e+00
2.146957162393629659e+00 -1.370080542018086378e+00 -1.075161707041740078e+00
2.185763365438723405e+00 -1.366734169138842603e+00 -1.087513319855212046e+00
2.206125518480384518e+00 -1.347690136965601138e+00 -1.086703671048614872e+00
2.205095390674172151e+00 -1.312383592557385681e+00 -1.072361957942243649e+00
2.179239128714946627e+00 -1.261067922247034900e+00 -1.044230369447054274e+00
2.124978935421315107e+00 -1.194339881946266946e+00 -1.002147128723308578e+00
2.038661289274696475e+00 -1.113058190090599142e+00 -9.460565696191178819e-01
1.918525131252276417e+00 -1.019014228719713921e+00 -8.766535897517548914e-01
1.770507362444468269e+00 -9.170405724007965054e-01 -7.972771558180882234e-01
1.602706691158149344e+00 -8.123759727388759622e-01 -7.119017824521177706e-01
1.423544458645489730e+00 -7.097406699718229461e-01 -6.244478463764209231e-01
1.241764874282891951e+00 -6.132862499113683752e-01 -5.387479833135297991e-01
1.066462476861197217e+00 -5.264869102060119044e-01 -4.585272782925450263e-01
9.071316439054286640e-01 -4.520028003348177670e-01 -3.874033292829229813e-01
7.732625710956841925e-01 -3.925143887576493240e-01 -3.288985790151319755e-01
6.742476394029383036e-01 -3.509204823806033047e-01 -2.864785869350147118e-01
6.193983594845431373e-01 -3.302865202161481828e-01 -2.635993137626319593e-01
6.154454719775018789e-01 -3.327286816714526418e-01 -2.626776810572135079e-01
6.589707771838314576e-01 -3.562772475869312450e-01 -2.818975308877044172e-01
7.440409570543602413e-01 -3.978114917456849198e-01 -3.184816650010430239e-01
8.647832513526707565e-01 -4.539743225657910664e-01 -3.697725511186570890e-01
1.015411960649089229e+00 -5.211123488709042961e-01 -4.332225003163121535e-01
1.190199509569123570e+00 -5.953515177987050988e-01 -5.063466075841953629e-01
1.383321148100267628e+00 -6.730311240710088461e-01 -5.865686593517176473e-01
1.588871846117036135e+00 -7.507160517349937834e-01 -6.712037384871230028e-01
1.800863896054814672e+00 -8.252539455747910369e-01 -7.574334260544653974e-01
2.013206608748607795e+00 -8.938860122073772896e-01 -8.422724779000345663e-01
2.220278546834925759e+00 -9.543827115201881650e-01 -9.229381332446475739e-01
2.418673066237677638e+00 -1.005165837497426828e+00 -9.980205623310884899e-01
2.605446015755498390e+00 -1.045087214897009176e+00 -1.066345624205088605e+00
2.777539409306944318e+00 -1.073378802029267831e+00 -1.126601232899492100e+00
2.931792137702532663e+00 -1.089652821866373245e+00 -1.177357836969435967e+00
3.064877714852136226e+00 -1.094008374822212470e+00 -1.217179827526924107e+00
3.173088211372644629e+00 -1.087375470808219946e+00 -1.244951567469650078e+00
3.252572415988463472e+00 -1.071121253848527299e+00 -1.259749922101735198e+00
3.299456135847377958e+00 -1.046805981811971487e+00 -1.260788728798663438e+00
3.309891187077933505e+00 -1.016024360957023864e+00 -1.247409335850433454e+00
3.281239834890776752e+00 -9.805784332659299718e-01 -1.219505661619322945e+00
3.215555694315906710e+00 -9.432468455831878318e-01 -1.178855232580270584e+00
3.116236160846061587e+00 -9.064287046271586323e-01 -1.127678370526950635e+00
2.986882339601915959e+00 -8.717313264197557032e-01 -1.068098598762971640e+00
2.831283690958682264e+00 -8.399789924667399044e-01 -1.002074552560032306e+00
2.653581826499494589e+00 -8.107804686634201286e-01 -9.312606883616429965e-01
2.458716790009408903e+00 -7.814713415673500974e-01 -8.568013096222097946e-01
2.251732626506395274e+00 -7.492202850739282383e-01 -7.798359480685033152e-01
2.037543644946594679e+00 -7.117702062201116675e-01 -7.017060147204493559e-01
1.820889258498005869e+00 -6.675738533062592905e-01 -6.240015898843103148e-01
1.606257584499288793e+00 -6.160174052728781824e-01 -5.483493172472462263e-01
1.397758006286064836e+00 -5.578716255987103967e-01 -4.757270512160269860e-01
1.199179801381835997e+00 -4.947685326502953562e-01 -4.070416041204008017e-01
1.014023521267577221e+00 -4.289479760640209083e-01 -3.432824538425501837e-01
8.455371477180664286e-01 -3.631141497702352616e-01 -2.854677534385766102e-01
6.967214307441399468e-01 -3.003963219683004060e-01 -2.346133491449166608e-01
5.703370929381362808e-01 -2.443487053444925450e-01 -1.917241711331320875e-01
4.693589898877474909e-01 -1.980206991567345087e-01 -1.577346314072276823e-01
3.970748780536330069e-01 -1.637965152636507438e-01 -1.335059623435537746e-01
3.570560196334737757e-01 -1.434795770504510015e-01 -1.198271547981745455e-01
3.514228189009790948e-01 -1.376763798074752687e-01 -1.169440506077542297e-01
3.756767605259246912e-01 -1.438644539107485909e-01 -1.231751882143048982e-01
4.235623985365827293e-01 -1.589784943584832688e-01 -1.363494698023211826e-01
4.886755356367006864e-01 -1.803106379427926731e-01 -1.543090529063048111e-01
5.644379283693374827e-01 -2.055765822342665028e-01 -1.749423240866739837e-01
6.441438878538088275e-01 -2.327926348145819280e-01 -1.962030478536300471e-01
7.211584844382203929e-01 -2.597383035372702320e-01 -2.160972577356696789e-01
7.888934786395902510e-01 -2.840081324632601767e-01 -2.326884763146315205e-01
8.407939638392248893e-01 -3.030495946190250312e-01 -2.441004987744355148e-01
8.703340290680129376e-01 -3.141831381273879620e-01 -2.485153515499554100e-01
8.726627171513745562e-01 -3.152508430625163838e-01 -2.446875253687719187e-01
8.495983060180365420e-01 -3.064117205933486465e-01 -2.334620456110618192e-01
8.045830890505532018e-01 -2.885519128468212458e-01 -2.161693292745389960e-01
7.409793294534218200e-01 -2.627994540997907191e-01 -1.941004078881433947e-01
6.620517856729106754e-01 -2.305658573647037524e-01 -1.685078321309131100e-01
5.709242791824216123e-01 -1.936806866886360279e-01 -1.406058063296064531e-01
4.705388650908247095e-01 -1.545645497248745170e-01 -1.115759928654246891e-01
3.639456868959742852e-01 -1.154247340996562704e-01 -8.259458135156189096e-02
2.543937052417100664e-01 -7.795795748057651742e-02 -5.483162836666799489e-02
1.453310270458008924e-01 -4.327551688551350278e-02 -2.943749196749730068e-02
4.065312492047690879e-02 -1.209390828517143551e-02 -7.454387315329491503e-03
-5.450050114113824673e-02 1.462349305656193872e-02 1.041352365604912046e-02
-1.345771418825670307e-01 3.621201159708344747e-02 2.359812419626783342e-02
-1.939444036025710638e-01 5.230631648940149703e-02 3.160551883007226004e-02
-2.269633861281615816e-01 6.253853917806519169e-02 3.401761063425340348e-02
-2.280902334687196775e-01 6.607670296164100399e-02 3.049821254256130168e-02
-1.920293181536944505e-01 6.103186330226034739e-02 2.081405062747663029e-02
-1.137201301696475625e-01 4.467198384473140826e-02 4.744162757371259143e-03
1.170610522298972007e-02 1.378290861420024618e-02 -1.803981954713531483e-02
1.889984614885545366e-01 -3.491968815330329101e-02 -4.811936312693989443e-02
4.195103943848120243e-01 -1.032076283624208113e-01 -8.603068030618102324e-02
6.912270577236337976e-01 -1.873718005428113842e-01 -1.309858772064868282e-01
9.892454894050798364e-01 -2.806792615519695944e-01 -1.823359306106321909e-01
1.299219822042464889e+00 -3.743711611041836695e-01 -2.399046276144397583e-01
1.607211509708403874e+00 -4.579685139140846073e-01 -3.037135594176293418e-01
1.899175379053480661e+00 -5.207021829510156685e-01 -3.733179250623230860e-01
2.159877126656092106e+00 -5.558236729398475795e-01 -4.462765272777219350e-01
2.373098562566933634e+00 -5.606238138279762140e-01 -5.181636594920571159e-01
2.522097691955631937e+00 -5.361243271419607881e-01 -5.827988298244751730e-01
2.590084391089673144e+00 -4.868800745153184506e-01 -6.324749772767056522e-01
2.566053976042800500e+00 -4.211132362377204563e-01 -6.597379581874643906e-01
2.461167534911491206e+00 -3.509270918788566229e-01 -6.627372411330757496e-01
2.292679310503046075e+00 -2.867119987630148970e-01 -6.423410249515588699e-01
2.078251640275196710e+00 -2.353348463109921629e-01 -6.009213260195559458e-01
1.835540917695104524e+00 -1.999571234085462668e-01 -5.422624809860638884e-01
1.581882455461431025e+00 -1.796687861346734083e-01 -4.715347770426989715e-01
1.334206551262643092e+00 -1.691389509771722977e-01 -3.954116302569946617e-01
1.108989679550814067e+00 -1.635433261907492941e-01 -3.212512692336555453e-01
9.224043802988854956e-01 -1.603911771953066001e-01 -2.567181126465813978e-01
7.904395160322379432e-01 -1.599445632221462021e-01 -2.094914627108687699e-01
7.251866423326466249e-01 -1.648153367607572695e-01 -1.852956040984566621e-01
7.236257900624099015e-01 -1.778075061626539499e-01 -1.826900611928852503e-01
7.791209079959323658e-01 -2.011466366586334154e-01 -1.979398607141618638e-01
8.852723323574996916e-01 -2.359473743196733031e-01 -2.268857217809340798e-01
1.035996892917950163e+00 -2.816864454936107709e-01 -2.652303522549087078e-01
1.225510435954792365e+00 -3.362657957896126870e-01 -3.087546650229478495e-01
1.447959240079080168e+00 -3.975552078532864075e-01 -3.532757530250626443e-01
1.697404116887870629e+00 -4.634221135174131367e-01 -3.947597372704784169e-01
1.967773941688788719e+00 -5.319312399890421261e-01 -4.293856929640283981e-01
2.252791641285004420e+00 -6.017107151932470366e-01 -4.535626580394883645e-01
2.545843758099354037e+00 -6.716807072750052843e-01 -4.647271352494307117e-01
2.839687653085891661e+00 -7.395767483179254143e-01 -4.636784771138893202e-01
3.126748193246647656e+00 -8.035333362498036092e-01 -4.521768886510683094e-01
3.399240410681231950e+00 -8.625604944157951870e-01 -4.321266689080098256e-01
3.649211878208919124e+00 -9.164347915517097043e-01 -4.055439172147454752e-01
3.868704941298374944e+00 -9.651037644294269136e-01 -3.744448143652873151e-01
4.050167459486599952e+00 -1.007059477304552031e+00 -3.405571016317492372e-01
4.186180734420687166e+00 -1.040259100976817397e+00 -3.054248437365153501e-01
4.269358028117661519e+00 -1.062483446057043146e+00 -2.704447043990836352e-01
4.292347262968855937e+00 -1.071318416526844342e+00 -2.368485110075226885e-01
4.251311309909801217e+00 -1.065270853873669266e+00 -2.055002751895353419e-01
4.156387397083124213e+00 -1.047076885772640464e+00 -1.763477221907347736e-01
4.021272337774753680e+00 -1.020280425871705532e+00 -1.490705720113853217e-01
3.859716120539553152e+00 -9.882149470030505700e-01 -1.233404131849048652e-01
3.685494508369791422e+00 -9.541087540456159033e-01 -9.887961205742376580e-02
3.512433268562958677e+00 -9.210016344018229217e-01 -7.543124858860830728e-02
3.354515040917464219e+00 -8.913606976476214916e-01 -5.258068077035238375e-02
3.225724246222972713e+00 -8.676526887055887594e-01 -3.004676608906435564e-02
3.140025202441388164e+00 -8.524050860101463067e-01 -7.732780041758771650e-03
3.111411362807126491e+00 -8.479862252169487746e-01 1.435688789727479486e-02
3.149189273752131424e+00 -8.550307633230491700e-01 3.628483131246625082e-02
3.243638463350735801e+00 -8.685145028235493614e-01 5.847128791194400321e-02
3.380270678791638339e+00 -8.817242048130780052e-01 8.169680346120793135e-02
3.544512639517011454e+00 -8.876788273223112924e-01 1.070207168035098716e-01
3.721571193853126847e+00 -8.793715232244342372e-01 1.356633333003555153e-01
3.896141795315027689e+00 -8.507825074925703390e-01 1.684137592794428817e-01
4.051953516879443384e+00 -7.995498002099409307e-01 2.040544306278105902e-01
4.172286728860433058e+00 -7.258547131657192564e-01 2.402681874770305759e-01
4.240285924417132257e+00 -6.320731523698233101e-01 2.740601991428088247e-01
4.239176124693607939e+00 -5.228124826969001715e-01 3.019337840587148492e-01
4.157448801406254724e+00 -4.051602718569778383e-01 3.204763682288903626e-01
4.004009865676485092e+00 -2.885576783532041723e-01 3.277936137424833918e-01
3.793360640652912341e+00 -1.812382150949791437e-01 3.232314467490439158e-01
3.540454472092611216e+00 -8.919432352153469634e-02 3.071649351417397034e-01
3.260465006572472291e+00 -1.603008143275054184e-02 2.808917264003718550e-01
2.968520266015080455e+00 3.733452543666511414e-02 2.469106829544365500e-01
2.679417060021590746e+00 7.316017658313049565e-02 2.096983505060620590e-01
2.407756760139108110e+00 9.489640354378232889e-02 1.732259970768970370e-01
2.168048563525041494e+00 1.063697030053087217e-01 1.402206395010237860e-01
1.974750997556602439e+00 1.114522555306931562e-01 1.121644962477127139e-01
1.838668775008451606e+00 1.135032685442310812e-01 8.932972295704424970e-02
1.756085410239110800e+00 1.142091571840212205e-01 7.100235102152614719e-02
1.719666732022407052e+00 1.141281475039708920e-01 5.652416258227190016e-02
1.722092749819778890e+00 1.130985553492259016e-01 4.566767657668880515e-02
1.756048749830878108e+00 1.104312707807076910e-01 3.877297933069819014e-02
1.814201348320953144e+00 1.052223786304068015e-01 3.650242430034504604e-02
1.889165188014696684e+00 9.693780212397909435e-02 3.878240043953325167e-02
1.973498257925199617e+00 8.532306686457860612e-02 4.538986041517513448e-02
2.059720318743672784e+00 7.045086160911120943e-02 5.601043330769389650e-02
2.140341515011220164e+00 5.280723715995652712e-02 7.006197247712928067e-02
2.209832179152497300e+00 3.337697342077947799e-02 8.659114085112111503e-02
2.270464738401654081e+00 1.365139561538810178e-02 1.043586873135408793e-01
2.326533596419843253e+00 -4.906846117351613967e-03 1.220176790806082601e-01
2.382414020420429601e+00 -2.097801544954030692e-02 1.381602758799678199e-01
2.442540401399794892e+00 -3.334179667536908698e-02 1.513152900535593426e-01
2.511344851526233324e+00 -4.112746430873258363e-02 1.602649537310569805e-01
2.593120190030135497e+00 -4.478144880365546310e-02 1.651364774988666739e-01
2.692075257410952993e+00 -4.509573491663144279e-02 1.664362036647638321e-01
2.812382133199565537e+00 -4.289535722991087013e-02 1.646905673808846116e-01
2.958196667132776181e+00 -3.909019604102203366e-02 1.604511651350238322e-01
3.131323080436389628e+00 -3.480391512366302204e-02 1.543124198434061012e-01
3.324170660015609347e+00 -3.161281799788840524e-02 1.469728350503269609e-01
3.526809679804621567e+00 -3.150314510349405683e-02 1.394471609641733945e-01
3.729313338033920733e+00 -3.682479861513969499e-02 1.331235673039248835e-01
3.921731393509261476e+00 -5.019571618300195520e-02 1.297307867787259317e-01
4.094072889505342872e+00 -7.359443787748282118e-02 1.307427895833140341e-01
4.236384929561919144e+00 -1.057214959301797652e-01 1.355620535905675828e-01
4.338758685599669818e+00 -1.436385808254818097e-01 1.426581088603830205e-01
4.391378258692292036e+00 -1.835169085797370148e-01 1.500665443828790857e-01
4.384567726730816517e+00 -2.208530821236298347e-01 1.555152616769305829e-01
4.312413398390935626e+00 -2.509866312103286035e-01 1.567200754403751950e-01
4.183554318707299657e+00 -2.703103959499745801e-01 1.519589998866937575e-01
4.010218213456551162e+00 -2.764472371847616072e-01 1.401340430061873976e-01
3.804500285626734701e+00 -2.682226418596882489e-01 1.207915902494515886e-01
3.578278052941107124e+00 -2.456073959300811294e-01 9.410968997435369132e-02
3.343106695893313329e+00 -2.102203563402259001e-01 6.126958456652516205e-02
3.110167477469265584e+00 -1.667314803529636180e-01 2.539549571601752709e-02
2.890700741746592417e+00 -1.197256706140188698e-01 -1.069258159548654163e-02
2.696165423621051715e+00 -7.260641290072286647e-02 -4.523535460891184995e-02
2.538239261141403968e+00 -2.741796718972935865e-02 -7.760292161407636446e-02
2.425428659672064668e+00 1.519465787011245461e-02 -1.080763481346275479e-01
2.353012526164649731e+00 5.544403734073696799e-02 -1.368748539574889678e-01
2.313026699060270808e+00 9.340945760398075559e-02 -1.638858169763387773e-01
2.297608945346917064e+00 1.287042640737169619e-01 -1.886233747018543627e-01
2.299013663131076690e+00 1.603498069484675659e-01 -2.101806564024673030e-01
2.309557505252232357e+00 1.871329736373656127e-01 -2.274726897835456230e-01
2.321391373777080158e+00 2.088489818257495134e-01 -2.399821339454476510e-01
2.326565648472304293e+00 2.253783421840738488e-01 -2.472058671759766457e-01
2.317071448327911565e+00 2.364618961658599416e-01 -2.485650580025446921e-01
2.284840012005830534e+00 2.418000898952498978e-01 -2.435135844497965385e-01
2.224379859169805851e+00 2.413952000160788369e-01 -2.319838261850096506e-01
2.140689497082722159e+00 2.364744154244615149e-01 -2.154992578686623639e-01
2.041377602610194408e+00 2.286311433700466966e-01 -1.959845467499574667e-01
1.934059863045782368e+00 2.194500811636947157e-01 -1.753055972615257252e-01
1.826379202357687914e+00 2.104545091554682890e-01 -1.552006940123248080e-01
1.726023128605726598e+00 2.030359832645013962e-01 -1.372002179216857409e-01
1.640745399401187576e+00 1.983255812625418224e-01 -1.225156164510026457e-01
1.578315257683668316e+00 1.975111812014873347e-01 -1.121586093637182702e-01
1.546493731386736403e+00 2.019795745026869704e-01 -1.069678871111881535e-01
1.553017844633800770e+00 2.133930949383921472e-01 -1.075996421874294562e-01
1.602352520501839184e+00 2.332532955712479372e-01 -1.140621314946214659e-01
1.685996865805306166e+00 2.612287305918200575e-01 -1.244636088467231949e-01
1.792181415542946077e+00 2.963849865918642412e-01 -1.366126368567521787e-01
1.909112107742381159e+00 3.375630908275034647e-01 -1.485211052095048445e-01
2.024992383634321325e+00 3.832606585273927169e-01 -1.584164282100860577e-01
2.128089177887162453e+00 4.313181918991317865e-01 -1.647768788752563551e-01
2.206909580830328288e+00 4.781785652748273274e-01 -1.664505229713721113e-01
2.250194292677335284e+00 5.192668328460027238e-01 -1.626671272270725221e-01
2.246916235133705975e+00 5.492391331591950365e-01 -1.530291532454933212e-01
2.186273247715026624e+00 5.621704471379805890e-01 -1.374773512144071841e-01
2.061924152468958660e+00 5.531685612491852311e-01 -1.168513575521632486e-01
1.884653801294634334e+00 5.231221688357854394e-01 -9.450071398014586732e-02
1.669252796340675138e+00 4.755765461567409980e-01 -7.389187950059172838e-02
1.430164067426643371e+00 4.154119524076648196e-01 -5.789003178781228914e-02
1.181497077597835066e+00 3.486125468536330763e-01 -4.881255859043209799e-02
9.370636551516473567e-01 2.820638845344582979e-01 -4.851290882789666831e-02
7.104644809898482682e-01 2.232746891290372515e-01 -5.853135909006024207e-02
5.154806197577429527e-01 1.790747856808385108e-01 -8.063191435915334493e-02
3.661907810756309112e-01 1.552301842337587279e-01 -1.170123194010339734e-01
2.769534920027914571e-01 1.564400090718937875e-01 -1.703503130400254029e-01
2.581671060930885719e-01 1.849500081800104223e-01 -2.427200441925608798e-01
3.036020617921331155e-01 2.364968613796467056e-01 -3.322083583838529863e-01
4.026555537938206752e-01 3.058154540593256421e-01 -4.357016111518555723e-01
5.444324982371818722e-01 3.885843255933802975e-01 -5.497750897666371372e-01
7.177279639712205173e-01 4.816136010903594444e-01 -6.706138253620763656e-01
9.111451396580744211e-01 5.825986337674033955e-01 -7.940593520182861464e-01
1.113588857663427856e+00 6.887356824823159807e-01 -9.159748024753266993e-01
1.314275562764288141e+00 7.965571859195204052e-01 -1.032233758390950884e+00
1.502729787014727814e+00 9.018762742981951686e-01 -1.138725594983634792e+00
1.668813441509949591e+00 9.996856706623371558e-01 -1.231413208950818294e+00
1.804972063722508180e+00 1.085224337523400528e+00 -1.307191971701331168e+00
1.912910639502900745e+00 1.157333053726496086e+00 -1.366350366638024116e+00
1.996664857634727230e+00 1.215700660082959850e+00 -1.410118722290458315e+00
2.060266638149470531e+00 1.260006747063344701e+00 -1.439818639513949172e+00
2.107688837915563163e+00 1.290035281880486107e+00 -1.456821140932977654e+00
2.142561433331596099e+00 1.306228854408617579e+00 -1.462424813164021398e+00
2.167421676729123448e+00 1.311192210999915453e+00 -1.457577967668838070e+00
2.184461475451619616e+00 1.308232003633599483e+00 -1.443118488860496651e+00
2.195849880996135983e+00 1.300758175033001951e+00 -1.419881420009428297e+00
2.203799888411229535e+00 1.292178251839465997e+00 -1.388719638098872222e+00
2.209726961544931534e+00 1.285106409114150416e+00 -1.350438769229334923e+00
2.211566279410339675e+00 1.279241478654640662e+00 -1.305557703001889447e+00
2.206338661153758096e+00 1.273572847534346408e+00 -1.254499535338081451e+00
2.191033378442390323e+00 1.267060258122771899e+00 -1.197656396374256804e+00
2.162632395447255274e+00 1.258568242446749919e+00 -1.135386878279742717e+00
2.118353754889600538e+00 1.246392579631514508e+00 -1.068060959615378280e+00
2.056277871512574684e+00 1.227117655842493660e+00 -9.962052678129852401e-01
1.974683455201255100e+00 1.196963762200520476e+00 -9.203980619466505253e-01
1.871821490412128863e+00 1.152258394779938744e+00 -8.412317349416890133e-01
1.745882850908296646e+00 1.089507356504106239e+00 -7.593015873428291540e-01
1.596292846927924280e+00 1.006590843601022911e+00 -6.753253697077929996e-01
1.427699050774144274e+00 9.061763353501570695e-01 -5.905510532385662703e-01
1.245894205613435224e+00 7.924109990330016062e-01 -5.063039812451595179e-01
1.056451083255905532e+00 6.698141599056993689e-01 -4.238346461466787063e-01
8.647393364341547928e-01 5.432379850377584418e-01 -3.443281835095280963e-01
6.759159680279743787e-01 4.178905374412397178e-01 -2.689227261584436479e-01
4.949686838861003801e-01 2.992960438853118355e-01 -1.987534187291456200e-01
3.272433105201875692e-01 1.924269436289577084e-01 -1.350714004955747005e-01
1.785658116179940635e-01 1.014749736596694818e-01 -7.927828618078050504e-02
5.521916371542965468e-02 2.983678286180728445e-02 -3.292635809220274823e-02
-3.750200396309935624e-02 -2.065097422942975547e-02 2.633523384533830586e-03
-9.962567903455314677e-02 -5.184456746521184933e-02 2.733578963850458871e-02
-1.325937855009776400e-01 -6.646860319090053260e-02 4.145064669183269601e-02
-1.379715490224686925e-01 -6.713851730177147759e-02 4.525024437304286939e-02
-1.175013854620692438e-01 -5.623585201664832445e-02 3.899804038721823435e-02
-7.314562580245691226e-02 -3.578997728572606840e-02 2.292985788177732964e-02
-7.091203328791012561e-03 -7.425693064285330235e-03 -2.753275105129170033e-03
7.834318959209703170e-02 2.749956761673496772e-02 -3.784399546221108024e-02
1.807729371493058679e-01 6.779409319002134560e-02 -8.209148545869232594e-02
2.977952488053337565e-01 1.123564420249208162e-01 -1.351704466794486081e-01
4.264406922267099387e-01 1.598706445634242301e-01 -1.962656227453252744e-01
5.614423341041557824e-01 2.080707194328648701e-01 -2.628584882661170741e-01
6.970293179374569270e-01 2.544810228037645006e-01 -3.318403045150051245e-01
8.275219689766583064e-01 2.966453879004630201e-01 -3.999026919464342411e-01
9.473143371795422762e-01 3.321424072839345154e-01 -4.635613971640173414e-01
1.050791124955372524e+00 3.586951480906873657e-01 -5.192405234577509576e-01
1.132114455130363240e+00 3.744712037846928965e-01 -5.634926420649920553e-01
1.185259650834815881e+00 3.780597916116982260e-01 -5.929585935258926410e-01
1.204038696615200799e+00 3.684784929811870668e-01 -6.043423926275670599e-01
1.182102365641269914e+00 3.452227247735452642e-01 -5.944107189079256282e-01
1.115530748819517859e+00 3.090426538722737537e-01 -5.613086484139547805e-01
1.010664107459391392e+00 2.638716953967137346e-01 -5.085352933235560702e-01
8.765439105210290904e-01 2.140842521204147919e-01 -4.409525551372150964e-01
7.223908388896285171e-01 1.636084928702171704e-01 -3.634207781313140706e-01
5.576239846884589735e-01 1.158428612900034155e-01 -2.807732649925653301e-01
3.918586982199058766e-01 7.361458326707157052e-02 -1.978020068124196618e-01
2.348949080871948203e-01 3.909720164981545648e-02 -1.192707129367198693e-01
9.670538001631920344e-02 1.346386896994008348e-02 -4.999010066172460826e-02
-1.264154084698783723e-02 -3.080597891760268950e-03 5.156526270601508033e-03
-8.307492372041835882e-02 -1.107585925813813973e-02 4.119358101778209519e-02
-1.072416782996106627e-01 -1.178966018836168778e-02 5.433444726896991678e-02
-8.847620001922944233e-02 -7.551202609619500628e-03 4.593059747794536740e-02
-3.291631576921758007e-02 -9.669041185728609322e-05 1.860318323997998957e-02
5.315977186994019082e-02 9.876434541369960921e-03 -2.505689506703170921e-02
1.633562180704880573e-01 2.267965543774695669e-02 -8.248021106731473484e-02
2.911768489358407264e-01 3.946116917593024687e-02 -1.510866614733506197e-01
4.301145869756987095e-01 6.157730701212815738e-02 -2.281683345238571248e-01
5.737284081772076050e-01 9.006034413161725927e-02 -3.107925399381278875e-01
7.157074112196962767e-01 1.253108973808975402e-01 -3.957561454657395617e-01
8.499515037265206185e-01 1.668726192160853994e-01 -4.795708004614962494e-01
9.714018375884607703e-01 2.135132671855506092e-01 -5.588531014547799547e-01
1.078298047006726046e+00 2.639741693102577447e-01 -6.315034983270372271e-01
1.169883053226312475e+00 3.166335918261460325e-01 -6.957026970545397981e-01
1.245644244028833780e+00 3.694163018071234261e-01 -7.496128211572641309e-01
1.305282815579680733e+00 4.198917340768337780e-01 -7.914501775826119356e-01
1.348525462800568731e+00 4.654677120835882809e-01 -8.197175324005593344e-01
1.374610503854294175e+00 5.037879810915590895e-01 -8.337842390641385659e-01
1.382503147071975746e+00 5.326233004502001211e-01 -8.335223566367914172e-01
1.370992497417609313e+00 5.499064093077403736e-01 -8.190943914916030133e-01
1.338692673124510790e+00 5.538513511732611194e-01 -7.908429913135139877e-01
1.285128344901612651e+00 5.434636968185924122e-01 -7.498460165927465226e-01
1.213991462304765845e+00 5.198912514336335722e-01 -6.997859791205706115e-01
1.129992390456588058e+00 4.853284476024459226e-01 -6.446323686135504438e-01
1.037858101386454290e+00 4.424635646548759627e-01 -5.878768860735061885e-01
9.423889142969973376e-01 3.942649559797399283e-01 -5.325540867654368071e-01
8.485091064618496270e-01 3.439274544437491143e-01 -4.811827159911567509e-01
7.613131027400624751e-01 2.950290284224718063e-01 -4.356282492290868835e-01
6.860138144775713709e-01 2.505666273846871572e-01 -3.979901544879023145e-01
6.279153634654103255e-01 2.126693427148239057e-01 -3.708554944198140246e-01
5.923900944076144759e-01 1.826113075719077439e-01 -3.572689040535111937e-01
5.831128760854904503e-01 1.605217511484445247e-01 -3.595151012078821595e-01
5.968006606637411560e-01 1.447130159526106574e-01 -3.755502125818180881e-01
6.283759795974622753e-01 1.336595628586083329e-01 -4.021532974629733470e-01
6.727077071779491435e-01 1.266122058183004606e-01 -4.360087145039872047e-01
7.246216732597049459e-01 1.236196744886269572e-01 -4.737090922940125348e-01
7.789212439492190221e-01 1.251800101481168603e-01 -5.117924963724210796e-01
8.304390104847855225e-01 1.311304405695814523e-01 -5.468454604917235562e-01
8.740165205507651747e-01 1.409073720041003064e-01 -5.753961401293928857e-01
9.045080797274971385e-01 1.535870527278031528e-01 -5.939147541938262220e-01
9.167934820855730971e-01 1.677964112282001319e-01 -5.988596435075823621e-01
9.079008641368884192e-01 1.818594928868408900e-01 -5.882375979630762863e-01
8.833490062616670135e-01 1.944917069322715519e-01 -5.661721661789802518e-01
8.507800497283356522e-01 2.048047713180320972e-01 -5.383667082242964419e-01
8.178333789596469172e-01 2.123173194247944817e-01 -5.105730505014054454e-01
7.921427126415320208e-01 2.169418139595086226e-01 -4.885592457623255669e-01
7.813212084015579428e-01 2.189365664402458944e-01 -4.780591946245937307e-01
7.929149890432567460e-01 2.189380511195201384e-01 -4.846974155498803283e-01
8.344768716697469335e-01 2.173718077985581643e-01 -5.140205810128618547e-01
9.135859122446440272e-01 2.141201763629446142e-01 -5.715276872430370414e-01
1.037830976183133913e+00 2.082969328538195608e-01 -6.626926780949360385e-01
1.211062942427102440e+00 1.979150439357522662e-01 -7.902672568989438373e-01
1.422178781516289181e+00 1.797493865818768910e-01 -9.461542861032670171e-01
1.656175162662818057e+00 1.504348711106431313e-01 -1.119579675958428666e+00
1.897845826777693645e+00 1.070775394187618579e-01 -1.299769681173251312e+00
2.131805795154257499e+00 4.769693537852048859e-02 -1.475897969043860947e+00
2.342560208587618042e+00 -2.796139094330418740e-02 -1.637037288875517804e+00
2.514691345336031780e+00 -1.166517103806584688e-01 -1.772198384305451846e+00
2.633130113835448594e+00 -2.120987973010571848e-01 -1.870491715088149487e+00
2.683379572078050668e+00 -3.054862238695101873e-01 -1.921209634641267705e+00
2.651689469354765016e+00 -3.859372972237286037e-01 -1.913830499027110887e+00
2.530596173996220610e+00 -4.424823868368942259e-01 -1.842019164967427347e+00
2.334958606065394182e+00 -4.697572596970820413e-01 -1.715747271181028655e+00
2.084953186952593907e+00 -4.669151961213120483e-01 -1.548830370266888412e+00
1.800296274336974367e+00 -4.367146754340130999e-01 -1.354720347441124240e+00
1.500045479371904023e+00 -3.851704901916310764e-01 -1.146504703451497242e+00
1.202529864324107800e+00 -3.212109996555336244e-01 -9.369106670939547632e-01
9.254030115673249623e-01 -2.560926676886385311e-01 -7.384434276946786335e-01
6.856474951485620473e-01 -2.002850901866808364e-01 -5.646270447490591149e-01
4.997481030744983510e-01 -1.621863192290902700e-01 -4.303778329449213791e-01
3.839176815763388206e-01 -1.475682393453254526e-01 -3.519146923435221286e-01
3.493811842189647465e-01 -1.579608819251130392e-01 -3.420768007718151260e-01
3.878481427606052523e-01 -1.875397873689988448e-01 -3.963900187676739906e-01
4.867461495885425093e-01 -2.289834725025597095e-01 -5.050621457026206462e-01
6.341915664254446083e-01 -2.757246441048268881e-01 -6.570752272442772490e-01
8.189142132614236624e-01 -3.225360888373533519e-01 -8.401896800896049289e-01
1.029983220443032810e+00 -3.658221273870763124e-01 -1.041269699162037377e+00
1.255932478648804862e+00 -4.033572213184894450e-01 -1.247373805098399346e+00
1.484537590482426506e+00 -4.342983653397047838e-01 -1.446085219137115407e+00
1.702714436643840923e+00 -4.591228328670272640e-01 -1.625749997738358932e+00
1.896450219882795718e+00 -4.794387939198775372e-01 -1.775704283308870979e+00
2.054118102903478071e+00 -4.981682020854479864e-01 -1.889229649854125892e+00
2.176703626377930689e+00 -5.201894791005237106e-01 -1.971824880716025685e+00
2.268593302045650795e+00 -5.502201131567517889e-01 -2.031973988389615293e+00
2.334399088327813843e+00 -5.923392900867979760e-01 -2.078020070269785524e+00
2.378901241542690670e+00 -6.500938300005367765e-01 -2.118023183237869311e+00
2.407266367837593624e+00 -7.261755232630705548e-01 -2.159444057042155585e+00
2.426042652765518337e+00 -8.211590775002595155e-01 -2.208457219753311662e+00
2.442209070102721480e+00 -9.349896132803287019e-01 -2.270829718843303091e+00
2.462837070479964030e+00 -1.067556664047513371e+00 -2.352343155102854411e+00
2.495115715402216328e+00 -1.218705548725876220e+00 -2.458955021280473829e+00
2.544180501423801033e+00 -1.386919114726517854e+00 -2.594660410659995087e+00
2.606558879142016227e+00 -1.565439201797243385e+00 -2.754740920122246806e+00
2.677060740885021328e+00 -1.745693815172520091e+00 -2.932542205101967614e+00
2.751077630191182788e+00 -1.918516613400622184e+00 -3.121635914670283007e+00
2.824531589900975082e+00 -2.074278691790376605e+00 -3.315669629066726465e+00
2.893213367361777255e+00 -2.204325156820081233e+00 -3.507837685525441174e+00
2.950829910949403612e+00 -2.305269515331868302e+00 -3.689512488389135481e+00
2.990029362626088982e+00 -2.376315707729155680e+00 -3.850976176844267407e+00
3.002911172539276308e+00 -2.418222471486436209e+00 -3.981888816419100863e+00
2.981118866250833666e+00 -2.433163696376257068e+00 -4.071532808452238861e+00
2.917964440631580114e+00 -2.425564645391481644e+00 -4.111518896028940162e+00
2.814724177938691785e+00 -2.404723187284458330e+00 -4.103429191358386241e+00
2.674741829890940004e+00 -2.379909513905594132e+00 -4.051894077947764572e+00
2.501383989918819051e+00 -2.358642315797324862e+00 -3.962184754255588359e+00
2.297971886965821664e+00 -2.346413803355886785e+00 -3.840119112913926713e+00
2.068062606623425559e+00 -2.345192098315497020e+00 -3.692599827698448411e+00
1.816677465081250498e+00 -2.350260156417927959e+00 -3.529241000562647557e+00
1.549702162444406728e+00 -2.356327888347849342e+00 -3.359780251247598049e+00
1.273670020898509225e+00 -2.359706725970541985e+00 -3.193227945479121033e+00
9.957063711138334217e-01 -2.358690562367664167e+00 -3.037779052513367883e+00
7.229687335967897033e-01 -2.352753136931911904e+00 -2.899178540228569467e+00
4.612235014019042678e-01 -2.339524917295184636e+00 -2.776029880821973883e+00
2.158317481334749433e-01 -2.317195314190044986e+00 -2.664755344500259415e+00
-8.005199176420896290e-03 -2.285079150554387706e+00 -2.561314277017612717e+00
-2.053584085932697312e-01 -2.243200707188055087e+00 -2.461347655220074149e+00
-3.722090736692368895e-01 -2.191998231476367742e+00 -2.360110659503126040e+00
-5.071106253345019077e-01 -2.131702094758540333e+00 -2.252229528501351385e+00
-6.093463015238717029e-01 -2.060627662131118587e+00 -2.133011738239303234e+00
-6.783170452030204967e-01 -1.975230898012852343e+00 -1.998640001585019865e+00
-7.135170550188462135e-01 -1.870562632900641731e+00 -1.846010454672743828e+00
-7.159498661133687492e-01 -1.742400020367133262e+00 -1.674093373518461103e+00
-6.922863717847291820e-01 -1.592950692840646054e+00 -1.488232794641265455e+00
-6.498327332863597094e-01 -1.426703542173919592e+00 -1.295249182378995112e+00
-5.948454970862938618e-01 -1.248993209754567957e+00 -1.101826077085141131e+00
-5.325166090249906503e-01 -1.066019671272794955e+00 -9.144835074640570438e-01
-4.667881865105491523e-01 -8.849150631176742055e-01 -7.395985694772995167e-01
-4.001933830579301743e-01 -7.139061153650294589e-01 -5.834084398562110474e-01
-3.360933144461432098e-01 -5.614527212989428584e-01 -4.517202909458574167e-01
-2.793453267793406525e-01 -4.357651021975600947e-01 -3.498919283105195732e-01
-2.363156067515334580e-01 -3.445127345785409245e-01 -2.829355327127676678e-01
-2.131147383169673115e-01 -2.925702702303074054e-01 -2.537401199566627907e-01
-2.101823022442005362e-01 -2.760198235672782219e-01 -2.575058758327949393e-01
-2.260269635481295114e-01 -2.887521933902601479e-01 -2.877502463679600941e-01
-2.584356134193880883e-01 -3.247756133387916799e-01 -3.382733750666261363e-01
-3.043287887871212738e-01 -3.784225825667736354e-01 -4.031317496582187410e-01
-3.598812260733014745e-01 -4.444292096131839398e-01 -4.765492488837737572e-01
-4.212192301757468060e-01 -5.176620545263973527e-01 -5.527065280567020622e-01
-4.845461518502159892e-01 -5.931168615991987414e-01 -6.256752846361166576e-01
-5.462940810643243106e-01 -6.658744395081650502e-01 -6.893575245663858819e-01
-6.032934151079191176e-01 -7.310312285005940991e-01 -7.374300297080543798e-01
-6.529408516060634105e-01 -7.844196382172742288e-01 -7.649432644141652693e-01
-6.933544067810003542e-01 -8.247865791238760957e-01 -7.732436283952632827e-01
-7.229206449492696640e-01 -8.513787987295700077e-01 -7.651791458896035625e-01
-7.401243630851982447e-01 -8.631556111089585537e-01 -7.435219957163161641e-01
-7.434789909301924293e-01 -8.588079226496939667e-01 -7.110168040665172384e-01
-7.313469175652417276e-01 -8.368707764576012176e-01 -6.704756178155373281e-01
-7.015889195616167306e-01 -7.959647555505549033e-01 -6.249540094627950015e-01
-6.519083563535285064e-01 -7.346561215734290773e-01 -5.776708020046801284e-01
-5.799486517708402067e-01 -6.514604033434073793e-01 -5.319867713051794622e-01
-4.832568254639092453e-01 -5.449325945965993734e-01 -4.914172284313292893e-01
-3.609677432025867327e-01 -4.151691193091210375e-01 -4.588357473902702766e-01
-2.189068042054398144e-01 -2.681597191803164471e-01 -4.340463631231758490e-01
-6.426633675005741231e-02 -1.117500215428443300e-01 -4.161351857671621302e-01
9.603979709422469369e-02 4.585106786544651536e-02 -4.041953360872875267e-01
2.552152194824318654e-01 1.962333881118998868e-01 -3.972435201880640254e-01
4.062965177000688599e-01 3.311045096334632731e-01 -3.941185020895928148e-01
5.415220672384402079e-01 4.430722641563443753e-01 -3.933043922138629300e-01
6.522049182903971731e-01 5.257775999056508720e-01 -3.928849082727419173e-01
7.288546642294384537e-01 5.738438387274945596e-01 -3.906453759005164006e-01
7.613727752691573647e-01 5.827462327472472392e-01 -3.842290768296852121e-01
7.425492330176135525e-01 5.510861778651664489e-01 -3.716303048035861645e-01
6.782469558030019829e-01 4.875875697509882700e-01 -3.523313458296546408e-01
5.783783993245416033e-01 4.025071562037538242e-01 -3.265440890956693432e-01
4.537591474289811022e-01 3.048459658515410009e-01 -2.948527521447360522e-01
3.159837470189464370e-01 2.024055663679327488e-01 -2.580890393862992349e-01
1.772357489319653367e-01 1.019447145294301582e-01 -2.171849926546101650e-01
4.985559771680616453e-02 9.697564326908228449e-03 -1.728943242529545343e-01
-5.449580778718672580e-02 -6.719665427830943949e-02 -1.253347799602250179e-01
-1.251401425123640776e-01 -1.202449258823161810e-01 -7.381955944131395053e-02
-1.524706406697043937e-01 -1.395812913790492327e-01 -1.681456440275024694e-02
-1.312521815957642946e-01 -1.173139379449585490e-01 4.733310768618084752e-02
-7.005521329670201525e-02 -5.770094881530854480e-02 1.178328416383092603e-01
1.980555645130934947e-02 3.144650368183292410e-02 1.925335105155957516e-01
1.279539241533391158e-01 1.416928301646758759e-01 2.683300701516093678e-01
2.450400459899572947e-01 2.639443523494216515e-01 3.411260782778573475e-01
3.625890973074860080e-01 3.884709485242934801e-01 4.060290807481374831e-01
4.723151007429290948e-01 5.050294165905355737e-01 4.580966089351038995e-01
5.656938198851307886e-01 6.032156313194728670e-01 4.927671888029628855e-01
6.337735743115533449e-01 6.726577805350018036e-01 5.060366941327446577e-01
6.670641314068770367e-01 7.031467119130383470e-01 4.945388976264179504e-01
6.586090114875207124e-01 6.880043692931903099e-01 4.571684011520287250e-01
6.134525782211917022e-01 6.338921331064255593e-01 3.997731520087828838e-01
5.398428647748508835e-01 5.508807797514799764e-01 3.296208962650020724e-01
4.463725417744062174e-01 4.490734093023397433e-01 2.535033577199736765e-01
3.420675858232758992e-01 3.385074973114561292e-01 1.776760018547526854e-01
2.363994374879913596e-01 2.290637784815425515e-01 1.078889843901345014e-01
1.391638790471873555e-01 1.303936863871812402e-01 4.959352841811597717e-02
6.011148797201086580e-02 5.195400341574572811e-02 8.489212212751846842e-03
8.781913196051982506e-03 3.048452764496218173e-03 -9.251843009378195315e-03
-5.590647078667204499e-03 -7.135269040090872969e-03 3.112456203037620994e-03
2.292043751860216999e-02 2.746002097069549786e-02 5.068766334084369440e-02
8.821717239227108709e-02 1.006976364916028072e-01 1.299511836148385946e-01
1.812206218284224679e-01 2.035532377183837394e-01 2.349795371795253274e-01
2.929370468475301914e-01 3.272050889301421073e-01 3.594914986218500363e-01
4.145497876543031146e-01 4.630413883267554542e-01 4.967466440089400304e-01
5.375267225272672977e-01 6.026170458039138422e-01 6.394979440431585171e-01
6.538458564387870098e-01 7.374593165461400535e-01 7.800038023672442034e-01
7.560171720564702325e-01 8.590361554391054977e-01 9.100726413953796889e-01
8.370064041075415684e-01 9.587705858783718282e-01 1.021152162966213028e+00
8.900981299331995888e-01 1.028055873299150047e+00 1.104466595677814578e+00
9.108869554863074924e-01 1.060688473520067232e+00 1.153307666932965603e+00
9.035911741447035794e-01 1.060102066179860580e+00 1.169624900041917215e+00
8.741953777415857330e-01 1.032165124610666673e+00 1.157897563546818942e+00
8.282252929643161288e-01 9.827779940936725023e-01 1.123006754940583996e+00
7.708065743935694769e-01 9.178636125360786213e-01 1.070160453675891521e+00
7.066050677825539417e-01 8.433892175786803502e-01 1.004874993666513117e+00
6.396033291155601708e-01 7.654085604916905927e-01 9.330340118477550293e-01
5.740586059042953604e-01 6.898075413904237729e-01 8.603506647085502612e-01
5.148796335502155985e-01 6.222045949708314705e-01 7.921267672969238838e-01
4.677073443094083571e-01 5.679153051531649066e-01 7.331609876741146392e-01
4.375387964923787565e-01 5.309060062409957093e-01 6.871435521298123739e-01
4.243510184194776991e-01 5.108792545514548866e-01 6.551340151501754416e-01
4.267682764746189572e-01 5.067423767357672748e-01 6.375391065372720822e-01
4.432894486769364817e-01 5.177529047649532812e-01 6.347570593451024035e-01
4.722069631795416944e-01 5.435620767248325880e-01 6.472186638843132611e-01
5.116280006960430837e-01 5.841427520411660579e-01 6.754245593192642616e-01
5.597546128037662605e-01 6.394449007779898775e-01 7.199914559419949844e-01
6.146884385653291760e-01 7.094550195508704249e-01 7.817013465491107205e-01
6.743925716643945911e-01 7.941344563665385659e-01 8.615478912358338626e-01
7.367348787184390124e-01 8.932884784436829761e-01 9.607840951045486522e-01
7.995709787109062106e-01 1.005878209398310075e+00 1.079937181069997809e+00
8.608963883411683282e-01 1.128148467839172886e+00 1.215789765796351896e+00
9.187467800055033607e-01 1.255162756286394954e+00 1.364525484030411961e+00
9.712160965259757361e-01 1.381410040688618501e+00 1.522687551466108680e+00
1.016501875281223821e+00 1.500901785431286273e+00 1.687051738206864382e+00
1.052882967892100119e+00 1.607656062248951079e+00 1.854172173409844415e+00
1.078575747923044892e+00 1.697151855765612227e+00 2.019202592340655578e+00
1.091826057203374667e+00 1.765809186567044664e+00 2.176422959333029983e+00
1.090945339831810523e+00 1.810786988554071275e+00 2.319513119500286269e+00
1.074302805398763105e+00 1.830015303081843792e+00 2.441641377262235846e+00
1.040860400981024947e+00 1.823312951904923818e+00 2.537368163861123627e+00
9.917938151245452305e-01 1.795575331327500690e+00 2.608225480704880361e+00
9.288072000518109439e-01 1.752838831505145523e+00 2.657787897906453090e+00
8.535759097068518209e-01 1.700955012806997901e+00 2.690030321974658634e+00
7.677510177651841738e-01 1.645528988938926629e+00 2.709353600562471431e+00
6.729111197426981272e-01 1.591419736520203410e+00 2.720862443272280551e+00
5.703978085509262552e-01 1.541289047338255225e+00 2.731120330397995843e+00
4.615226242920011934e-01 1.497249255808726920e+00 2.746948999428163507e+00
3.476523345821485589e-01 1.461498259246394982e+00 2.775024001036409338e+00
2.302270890302952067e-01 1.436394269146527236e+00 2.821831355694170984e+00
1.105560506258015663e-01 1.423515111963403523e+00 2.891594176557152451e+00
-1.087797693937699560e-02 1.420652224017493026e+00 2.980166545678661016e+00
-1.338725454300524753e-01 1.424430342179536790e+00 3.081317802396511762e+00
-2.583226480644095768e-01 1.431161438266078001e+00 3.188838711941043957e+00
-3.842361171262733688e-01 1.436819490436406888e+00 3.296557562103529904e+00
-5.118514840098460361e-01 1.437299173274570130e+00 3.398214718192346329e+00
-6.419572466361881391e-01 1.429160153182712278e+00 3.487086977915546449e+00
-7.755242316333575969e-01 1.409011607962586954e+00 3.556280157855284063e+00
-9.135223973432871070e-01 1.373357430624697173e+00 3.598800908427630230e+00
-1.056810911709845424e+00 1.318664213677016583e+00 3.607515804067895182e+00
-1.205637818860549659e+00 1.242358810655487256e+00 3.577342015515942553e+00
-1.358430498508861994e+00 1.145626607506533334e+00 3.511936226861564592e+00
-1.512805525287534758e+00 1.030509483261711656e+00 3.417057700995246527e+00
-1.665931914746313414e+00 8.989361980181256317e-01 3.298387110957320179e+00
-1.814568224812825425e+00 7.527271051761650345e-01 3.161575860663221604e+00
-1.954801798493050136e+00 5.942800657249109886e-01 3.012381663724033487e+00
-2.081536461500162360e+00 4.287250050910669241e-01 2.857141839510868309e+00
-2.190277615192471661e+00 2.621931277688804851e-01 2.702862920966602189e+00
-2.277701882251013998e+00 1.010672084834434159e-01 2.557168156890949895e+00
-2.341689113670823108e+00 -4.816710552758962649e-02 2.428221513134549703e+00
-2.381742835522819401e+00 -1.800341061501842255e-01 2.322846177565460302e+00
-2.400125109186959538e+00 -2.930995969981164961e-01 2.241038468444977561e+00
-2.399690455133625999e+00 -3.870433313205365877e-01 2.180955791680744049e+00
-2.383160800086345343e+00 -4.617206585326906199e-01 2.140574389867766048e+00
-2.353026880874395488e+00 -5.172061258569469189e-01 2.117646753591757136e+00
-2.311587806482008567e+00 -5.547833409810565275e-01 2.109342590726502653e+00
-2.261161973059486296e+00 -5.797459728024998427e-01 2.111263607924138253e+00
-2.203898454290363684e+00 -5.984440008740838923e-01 2.118652483183985691e+00
-2.141948754036486768e+00 -6.173294708640824080e-01 2.126932579727997652e+00
-2.077661254061228924e+00 -6.429458785080548466e-01 2.131850720466795579e+00
-2.013921164110154205e+00 -6.805428811160807445e-01 2.130393307660680247e+00
-1.954704125881628229e+00 -7.298509470434924040e-01 2.123149932026229703e+00
-1.903947591504348447e+00 -7.888568221622427323e-01 2.111482996589517214e+00
-1.865150513690113199e+00 -8.551165167180811988e-01 2.096540348488073136e+00
-1.841310823313536682e+00 -9.258175762277450760e-01 2.079145759611392030e+00
-1.834889869239892946e+00 -9.975986150498881155e-01 2.059887879078470263e+00
-1.847863754538704439e+00 -1.065802139634269174e+00 2.039610956686142451e+00
-1.882080643181748947e+00 -1.125477620005225443e+00 2.018947637242724635e+00
-1.939403756961676439e+00 -1.171736609808625040e+00 1.998254889438744630e+00
-2.021785711185114298e+00 -1.199798696572916157e+00 1.977759619068155228e+00
-2.130013758423160208e+00 -1.206716239864798146e+00 1.957332629282348524e+00
-2.259802625202178117e+00 -1.196461751292742237e+00 1.935487144615304134e+00
-2.405728842324659666e+00 -1.174844084460686000e+00 1.910702528200063810e+00
-2.562467328979158854e+00 -1.147716299691569297e+00 1.881779225681147638e+00
-2.724712921463767756e+00 -1.120866629931422276e+00 1.847732705991649516e+00
-2.887108099173056441e+00 -1.099572425679602672e+00 1.807861421479848074e+00
-3.044184114820357223e+00 -1.087525575844056513e+00 1.762183365926837997e+00
-3.190346288633657323e+00 -1.087867841418812542e+00 1.710604313715938130e+00
-3.319846523751049716e+00 -1.103485137183408238e+00 1.652640771400456510e+00
-3.426758304521041687e+00 -1.136955904428737618e+00 1.587429417782228569e+00
-3.506464579602205145e+00 -1.189400993420005381e+00 1.514734346810722165e+00
-3.560282968972160234e+00 -1.257438133422150495e+00 1.438047566404117905e+00
-3.591180405754729410e+00 -1.337107187010775133e+00 1.362155469412823061e+00
-3.602307985983534966e+00 -1.425086379810492687e+00 1.292273822985921861e+00
-3.596992295275516227e+00 -1.518640671032952083e+00 1.234047554881937625e+00
-3.578815654058991935e+00 -1.615585829877977275e+00 1.193084013291448198e+00
-3.551902421672764820e+00 -1.714346742814095936e+00 1.173467536189152449e+00
-3.520614575125698753e+00 -1.813437040912447618e+00 1.178876817523641263e+00
-3.489467953919719978e+00 -1.911293626436899595e+00 1.212965460130866591e+00
-3.463153645435443462e+00 -2.006233698846884739e+00 1.279321241671406373e+00
-3.445495113496512385e+00 -2.096663977535350387e+00 1.379697140042402959e+00
-3.436226342237441944e+00 -2.181753026683099783e+00 1.508810140705521885e+00
-3.434121361019895957e+00 -2.260695145460418498e+00 1.659540483991930326e+00
-3.438051513585240748e+00 -2.332649257395138065e+00 1.824661339288574213e+00
-3.446969894481000996e+00 -2.396916601464714081e+00 1.996843215587751796e+00
-3.459550690711876264e+00 -2.453306435116526352e+00 2.168936945087976298e+00
-3.473065194343668782e+00 -2.502844959146632409e+00 2.334845551839538125e+00
-3.484179402364191880e+00 -2.547062379334728011e+00 2.488808410938561977e+00
-3.489270165219067632e+00 -2.587825079626102642e+00 2.625161489068195131e+00
-3.484453440306952032e+00 -2.627392321482138193e+00 2.738351798354722533e+00
-3.466525329814946321e+00 -2.668125802611964303e+00 2.824457793814802997e+00
-3.435749742155093767e+00 -2.711350038258930617e+00 2.885665882816547345e+00
-3.393263264122025280e+00 -2.757994871611008758e+00 2.925611245668185756e+00
-3.340194328536784329e+00 -2.808816246874068945e+00 2.947831090992936609e+00
-3.277660176966374017e+00 -2.864343635084950712e+00 2.955748489168988691e+00
-3.206992400139287547e+00 -2.924700744886050696e+00 2.952541172951117954e+00
-3.130454861379800224e+00 -2.989190858889529956e+00 2.940789810421996275e+00
-3.050555335784919997e+00 -3.056763490297452535e+00 2.922856274624238360e+00
-2.969794349274258671e+00 -3.126166086092604157e+00 2.901014219854147314e+00
-2.890648450445880702e+00 -3.195952115328877241e+00 2.877458176792770939e+00
-2.815557481663333306e+00 -3.264492497781458002e+00 2.854312141257636437e+00
-2.746915798340878290e+00 -3.329990131645695683e+00 2.833637905249270172e+00
-2.687067374869288372e+00 -3.390497313086093367e+00 2.817443391625178872e+00
-2.638304724158538228e+00 -3.443935874763925042e+00 2.807691251498704688e+00
-2.602871545654720897e+00 -3.488119906063306797e+00 2.806307966801556919e+00
-2.583008634566589468e+00 -3.520688347118790862e+00 2.815273125037432322e+00
-2.581084249901516081e+00 -3.538851531281096197e+00 2.836871310740540331e+00
-2.599483552975916822e+00 -3.539677993095019293e+00 2.873463149005717199e+00
-2.640566638174946856e+00 -3.520181408304567938e+00 2.927401217944448852e+00
-2.706662953880005773e+00 -3.477307916324082093e+00 3.001019498873246150e+00
-2.800063455163748660e+00 -3.407917205809556815e+00 3.096618002261868785e+00
-2.923010356367612861e+00 -3.308757521855318018e+00 3.216442367909667421e+00
-3.077684314716025327e+00 -3.176434792226539461e+00 3.362658221832994787e+00
-3.266188813877413555e+00 -3.007376128392155845e+00 3.537320043536209102e+00
