1.479286432576988553e+01 -1.799376409491338435e+01 -4.012184219971537402e+01
1.154724409351948644e+01 -1.303440790086965073e+01 -3.766286317514552451e+01
8.573326106363358790e+00 -8.408312484585916735e+00 -3.530862823956374541e+01
5.871727335933607073e+00 -4.125563207144359090e+00 -3.305212849205383918e+01
3.437397253063502855e+00 -1.975509584024143228e-01 -3.089120174399357666e+01
1.260700328315404350e+00 3.363658404707607019e+00 -2.882778289256833659e+01
-6.714587903088964360e-01 6.545913069490846503e+00 -2.686709278922472777e+01
-2.374475723463330468e+00 9.337478093787876077e+00 -2.501675326985030878e+01
-3.864862193686524616e+00 1.172742656804075700e+01 -2.328582575714307268e+01
-5.159046772366254530e+00 1.370591380862779651e+01 -2.168377954514055261e+01
-6.272168134722662103e+00 1.526435023792001466e+01 -2.021940342900666110e+01
-7.214376234097245266e+00 1.639838468618183143e+01 -1.889813723824640945e+01
-7.981882214966601552e+00 1.711626228783185866e+01 -1.771591833321028631e+01
-8.563828164732752768e+00 1.742964315146317844e+01 -1.666311822450649771e+01
-8.945773660248610426e+00 1.735068415763302241e+01 -1.572719952826690992e+01
-9.110845664102093622e+00 1.689203961153635092e+01 -1.489401936339977972e+01
-9.040858293880777552e+00 1.606675684054434683e+01 -1.414908326515929282e+01
-8.717407117540169281e+00 1.488802438601356393e+01 -1.347873188118372134e+01
-8.122939869907824573e+00 1.336875188110877843e+01 -1.287124537497705212e+01
-7.241804435266188555e+00 1.152098119426388934e+01 -1.231785487752460284e+01
-6.061276046904810144e+00 9.355147716891492493e+00 -1.181365679380644274e+01
-4.572636214455755521e+00 6.878453691286881444e+00 -1.135887644167947386e+01
-2.771473720298026855e+00 4.092444572309736017e+00 -1.095950610221773402e+01
-6.564664958696679875e-01 9.961612439546716491e-01 -1.062360792086131056e+01
1.770837070670697955e+00 -2.413089550148801887e+00 -1.036001648537684439e+01
4.506008550495732123e+00 -6.139867559315286272e+00 -1.017778994547908233e+01
7.167479502585408113e+00 -9.658182504495833598e+00 -1.010303023980172021e+01
9.364671204895305578e+00 -1.244830627200400031e+01 -1.015809482329847846e+01
1.108138004480782257e+01 -1.452291625878657122e+01 -1.034295840025155222e+01
1.230702125330416052e+01 -1.589071832415455354e+01 -1.065397458175643663e+01
1.303714664304597726e+01 -1.655611172433633271e+01 -1.108483916672264336e+01
1.327407971338049109e+01 -1.651879038374496744e+01 -1.162754418822630065e+01
1.302698890550534472e+01 -1.577357609949169515e+01 -1.227357887417611693e+01
1.230911504148535762e+01 -1.431253483399782489e+01 -1.301494092849930162e+01
1.113480252555847372e+01 -1.212725921458637757e+01 -1.384506301168127962e+01
9.516680682379044853e+00 -9.210903467896978114e+00 -1.475984466101865777e+01
7.729704241987331415e+00 -6.049070228216156586e+00 -1.562216163037372496e+01
6.033640892660771193e+00 -3.137360164644438676e+00 -1.630136893026456590e+01
4.412679033675267704e+00 -4.877259731894836303e-01 -1.680629047190028302e+01
2.848625454855796768e+00 1.886533066631230993e+00 -1.714603193988660124e+01
1.322405512555563822e+00 3.971436709274478893e+00 -1.732909249012644537e+01
-1.815258760418199113e-01 5.755676402125500246e+00 -1.736145676487682366e+01
-1.663307030469789671e+00 7.241150115275019061e+00 -1.724230319811441703e+01
-3.113516354347502180e+00 8.437316081768022613e+00 -1.696594567294615885e+01
-4.517670834180211870e+00 9.357867809526284830e+00 -1.652414193283899735e+01
-5.858427318310562626e+00 1.001960470018810589e+01 -1.590768156405921374e+01
-7.178357762469246950e+00 1.056983858540556831e+01 -1.516769572150373158e+01
-8.524085881096604922e+00 1.115365330546165445e+01 -1.435952400557350828e+01
-9.883635053152765693e+00 1.178663924349023340e+01 -1.348096648206356463e+01
-1.124522582320386910e+01 1.248488002400374342e+01 -1.253039381448187051e+01
-1.259721612194192275e+01 1.326456120948495965e+01 -1.150640811873821256e+01
-1.393308238325245263e+01 1.413569076740790642e+01 -1.040840765442043292e+01
-1.526721008275673341e+01 1.508339886770491312e+01 -9.239334975371793490e+00
-1.662062549165882430e+01 1.608412417663190652e+01 -8.002891255547183391e+00
-1.801627699378455105e+01 1.711164321006162226e+01 -6.703154323196750752e+00
-1.947911955505265169e+01 1.813728544266770015e+01 -5.345062702548800004e+00
-2.064819617011193387e+01 1.885995528639186958e+01 -4.147452769651867044e+00
-2.116038030879430210e+01 1.897913728589610471e+01 -3.328041237324297352e+00
-2.103169501946088715e+01 1.847280435128639198e+01 -2.890638216992794440e+00
-2.026511997036732637e+01 1.733214588416130297e+01 -2.837320810359193146e+00
-1.884637285496313908e+01 1.556562261875816766e+01 -3.166562001977626828e+00
-1.673445870106510114e+01 1.321143094534669693e+01 -3.870655866224848918e+00
-1.385032452058907815e+01 1.035905573113374523e+01 -4.933950920852134381e+00
-1.011304159087417531e+01 7.113406999173635725e+00 -6.340071595768457691e+00
-5.455520013130454871e+00 3.577740260592547905e+00 -8.075748688550939747e+00
1.694127217368171512e-01 -1.564230961359456273e-01 -1.013255939650958304e+01
5.828715379972805088e+00 -3.498778943526124063e+00 -1.213597272780090464e+01
1.051636161525933666e+01 -5.979612151050776703e+00 -1.372387312882017341e+01
1.415461676617328379e+01 -7.713706231620051312e+00 -1.490960770119121470e+01
1.667469164330727338e+01 -8.816775013119427129e+00 -1.570392521998275548e+01
1.802251453142933002e+01 -9.389321913057358415e+00 -1.611430675301496507e+01
1.816632822402696235e+01 -9.493603503133455135e+00 -1.614481775418666132e+01
1.711007284638334980e+01 -9.121763740525491215e+00 -1.579566743347030844e+01
1.488149821201893630e+01 -8.217378864756367918e+00 -1.506448666648181955e+01
1.152503646102875834e+01 -6.694949340852385689e+00 -1.394642497167019890e+01
7.098087963525967048e+00 -4.454078636342804209e+00 -1.243358374392827059e+01
2.567480955770044648e+00 -1.912392606114759808e+00 -1.084783699675980273e+01
-1.146738583326900596e+00 4.241279075648964891e-01 -9.516231962753257889e+00
-4.060654405982700332e+00 2.511301688844382873e+00 -8.437273678344121564e+00
-6.202151671920747233e+00 4.292417783791294461e+00 -7.611598170756701087e+00
-7.607433733010369181e+00 5.706875239858464788e+00 -7.042331114850659546e+00
-8.315081300349488558e+00 6.699192505558184685e+00 -6.735610119202257273e+00
-8.355788353532034307e+00 7.229514738282952102e+00 -6.701822075483609531e+00
-7.751197894013571066e+00 7.272611028550993950e+00 -6.953120772384245640e+00
-6.514983237336896771e+00 6.813529819576265467e+00 -7.500360076749570837e+00
-4.653686433190491911e+00 5.843820363900319670e+00 -8.350303876923540258e+00
-2.768683350051702519e+00 4.776519709987039342e+00 -9.200835715605682807e+00
-1.456502611142282078e+00 4.029024339095962581e+00 -9.746974492968833559e+00
-7.151619568758813550e-01 3.599676545427536567e+00 -9.989880509520471463e+00
-5.462244127193264243e-01 3.486247620638751155e+00 -9.936401085739293038e+00
-9.535331942240353742e-01 3.688976495635461816e+00 -9.600470802696387196e+00
-1.941043460789108499e+00 4.216421478395248279e+00 -9.003304367913994355e+00
-3.509343160203048928e+00 5.095201897094516319e+00 -8.170024166539901600e+00
-5.658774311013024416e+00 6.356781211584689117e+00 -7.131526024186112700e+00
-8.390237418892715127e+00 8.031675182963395443e+00 -5.923386727919568884e+00
-1.170473332127589217e+01 1.014766711375393271e+01 -4.583037235029488343e+00
-1.494583580326846395e+01 1.222782258350511952e+01 -3.420705272480816017e+00
-1.744744634087519586e+01 1.376963951715108081e+01 -2.680546364009553262e+00
-1.919578861199848063e+01 1.476123106073931446e+01 -2.297131811561369474e+00
-2.017806076730412101e+01 1.519370500776820343e+01 -2.204961402680799321e+00
-2.038371062734049488e+01 1.506142183546700153e+01 -2.343774115918222822e+00
-1.980775662843572249e+01 1.435803480169203361e+01 -2.666613854302543718e+00
-1.845719236051542822e+01 1.306563018894197015e+01 -3.150686508895752080e+00
-1.634378300424515373e+01 1.116391996875185555e+01 -3.787111187701228232e+00
-1.348074137868650624e+01 8.633933955761204260e+00 -4.576345189810938408e+00
-9.881339269304104889e+00 5.458845536994430425e+00 -5.526225229705257647e+00
-6.183792304395004713e+00 2.304560527072408327e+00 -6.514099485400738132e+00
-3.012172938433749003e+00 -1.498318856922959963e-01 -7.414109189148295087e+00
-3.573526698497575538e-01 -1.900034133913242496e+00 -8.225723611889367959e+00
1.788497674370412405e+00 -2.943731018831931667e+00 -8.941967630349500595e+00
3.429890444167684294e+00 -3.281453303661854726e+00 -9.554384548274802214e+00
4.567361673725517157e+00 -2.915362779086118739e+00 -1.005808716810681247e+01
5.200299694345887680e+00 -1.844118167543347564e+00 -1.045429793279408415e+01
5.325329729766263398e+00 -6.740946179887985501e-02 -1.074865213510823736e+01
4.936473401348707490e+00 2.413053517483159105e+00 -1.095061199005093044e+01
4.026210750407730465e+00 5.594182011040041758e+00 -1.107315023128296616e+01
2.919837720580988893e+00 8.780299134677413520e+00 -1.117135374564672823e+01
1.950299586332207902e+00 1.127848519760036794e+01 -1.129472428675471285e+01
1.123950195056255819e+00 1.308999578721356372e+01 -1.144419206738692907e+01
4.501114937020282980e-01 1.421712624789935298e+01 -1.161345463902555686e+01
-6.008029675205062148e-02 1.466310048394938548e+01 -1.179006545131736772e+01
-3.952301324714131425e-01 1.443265678221805004e+01 -1.195565213535877369e+01
-5.458683216538537941e-01 1.353401502660763178e+01 -1.208481080891217374e+01
-5.034786312590249224e-01 1.197674836245701613e+01 -1.215036266157246381e+01
-2.601867812764888654e-01 9.770881066429295103e+00 -1.212739329040396186e+01
1.910206620669985256e-01 6.926430491871568229e+00 -1.199637616536674400e+01
6.303295536550368450e-01 4.092241839772860601e+00 -1.181849975196698566e+01
8.313622021368374249e-01 1.912411718032524188e+00 -1.167948824380694894e+01
7.911806451120972916e-01 3.898249544214957840e-01 -1.160105583954828212e+01
5.080802440234202244e-01 -4.715731066526753779e-01 -1.160065652634003719e+01
-1.804944742119074519e-02 -6.660428800109314817e-01 -1.168851370091794273e+01
-7.865678640297288915e-01 -1.880301497995793270e-01 -1.186444918679899097e+01
-1.799672859275967429e+00 9.597891898188226634e-01 -1.211558668487183965e+01
-3.059677165523821518e+00 2.772990869560349569e+00 -1.241896731832630252e+01
-4.568680333665822602e+00 5.246751849922699051e+00 -1.274577265955711880e+01
-6.329304231804194991e+00 8.374845479456615394e+00 -1.306549122505391303e+01
-7.984261153054761806e+00 1.144262678309824111e+01 -1.331689170099275721e+01
-9.178752239395265633e+00 1.373118689904435641e+01 -1.348254500703498238e+01
-9.919946487727223428e+00 1.522673662789865645e+01 -1.360212621556858004e+01
-1.021468228562887326e+01 1.591627918950213250e+01 -1.371600728723425888e+01
-1.006912341314617265e+01 1.578762256025805399e+01 -1.386059563972116138e+01
-9.487223141788152958e+00 1.483149567708921346e+01 -1.406180888136758966e+01
-8.466432550851003214e+00 1.304883712640077675e+01 -1.432672777563914579e+01
-7.001410907451875332e+00 1.044350310177520491e+01 -1.464987308121845011e+01
-5.085090016067946195e+00 7.020001773508423248e+00 -1.501653358479399358e+01
-2.708347947229893471e+00 2.783881000932355132e+00 -1.540423498744700659e+01
-2.814999335796621871e-01 -1.517606090816531195e+00 -1.573092961914857923e+01
1.780197663499657246e+00 -5.138352570377786144e+00 -1.592649238485277507e+01
3.479480766949238468e+00 -8.072875139878700423e+00 -1.598811497593921871e+01
4.817768356832930365e+00 -1.031535806425662827e+01 -1.592099588471718086e+01
5.794717886042088040e+00 -1.186024684169899501e+01 -1.573712099141674514e+01
6.406651589229134913e+00 -1.270249808856957507e+01 -1.545477985833853296e+01
6.642759260943211785e+00 -1.283733812210455305e+01 -1.509968233942420035e+01
6.489335174181391608e+00 -1.226183951258342297e+01 -1.470028765161440454e+01
5.932770739628047352e+00 -1.097467521052274542e+01 -1.428324703525022343e+01
4.961511476908595064e+00 -8.975070681862048261e+00 -1.386950423967658352e+01
3.967324787101008887e+00 -6.874234988297828863e+00 -1.342620645566873705e+01
3.354100229786880050e+00 -5.276598815249369245e+00 -1.289921813422579433e+01
3.130009938982685647e+00 -4.174111862373540482e+00 -1.227414739492387952e+01
3.300583533323191876e+00 -3.564617108946009694e+00 -1.154300462396734872e+01
3.867309097836288956e+00 -3.453717800309238140e+00 -1.070697891655215095e+01
4.826643743360063077e+00 -3.857919987873115630e+00 -9.778550687120587170e+00
6.170476213511188135e+00 -4.807665544279466019e+00 -8.780466545011478274e+00
7.885021975078175593e+00 -6.337053415824654756e+00 -7.745783464650182637e+00
9.951490635426569753e+00 -8.479014081260684677e+00 -6.715121631805554436e+00
1.234750635622950909e+01 -1.126282439855691742e+01 -5.732797940710661067e+00
1.453751809231837022e+01 -1.402670906426803832e+01 -4.992619167754412501e+00
1.601782963604791021e+01 -1.606473327668382467e+01 -4.616150162588771977e+00
1.681680358097048966e+01 -1.733418978373422448e+01 -4.533473591105964040e+00
1.696730346237492526e+01 -1.779347970429256875e+01 -4.671137090176326723e+00
1.650427747206709128e+01 -1.740554303843255823e+01 -4.958380657559471771e+00
1.546138069862171882e+01 -1.614011386036118978e+01 -5.336084043094464491e+00
1.386660175009619067e+01 -1.397397458366529222e+01 -5.768225085475154224e+00
1.174323947390740841e+01 -1.088995735790128627e+01 -6.234610833473410274e+00
9.109596866519945380e+00 -6.876402780241204660e+00 -6.728175274822473462e+00
5.978008848064606084e+00 -1.926900965944335020e+00 -7.254756869806993080e+00
2.964073382017116565e+00 2.947143218776015150e+00 -7.739686007646476185e+00
6.538430825532497437e-01 6.714977644754744901e+00 -8.129480320560382722e+00
-9.849837274711468194e-01 9.354428747241566811e+00 -8.458704430652652206e+00
-1.977542325943868917e+00 1.084892954329671255e+01 -8.745419230891476658e+00
-2.340734830535434075e+00 1.118756461812572489e+01 -8.991553925413924730e+00
-2.081583017804929270e+00 1.036660586497935554e+01 -9.182193707413205175e+00
-1.195184355533196019e+00 8.393438054614444255e+00 -9.284378992807585718e+00
3.313605230197147478e-01 5.282459930471339327e+00 -9.257661193434550739e+00
2.515719957312525068e+00 1.052244116994909051e+00 -9.063522389536032620e+00
5.377822101076711547e+00 -4.276659136678664375e+00 -8.673486024896710944e+00
8.257370458004356095e+00 -9.459614679651751956e+00 -8.184332215931034327e+00
1.046973818315935922e+01 -1.327005523792942299e+01 -7.743110196480664342e+00
1.199519466099289744e+01 -1.571728529363042348e+01 -7.404800014325457980e+00
1.281180054968151971e+01 -1.681198109097432081e+01 -7.211100092555843055e+00
1.289825845406266858e+01 -1.656324058284144130e+01 -7.181020184593673861e+00
1.223808805997875915e+01 -1.497737535588224844e+01 -7.296293406304147133e+00
1.082515850056610951e+01 -1.206183610011510154e+01 -7.484004119349506823e+00
8.658424502464143302e+00 -7.824149476520366520e+00 -7.648260532304156811e+00
5.738722840720576812e+00 -2.273643563412718116e+00 -7.693299283910613795e+00
2.066656025882481096e+00 4.577116248213176419e+00 -7.540779129973006256e+00
-1.567667261357414743e+00 1.125488125588876898e+01 -7.217720235526551065e+00
-4.370481256720312402e+00 1.629403190494730325e+01 -6.873208253756564190e+00
-6.338482682811385160e+00 1.969298971519214447e+01 -6.634071909673675549e+00
-7.467329900924220887e+00 2.145106818308077123e+01 -6.608506861298762303e+00
-7.748293338847697775e+00 2.156539023283273337e+01 -6.865006174072367351e+00
-7.165183360556271808e+00 2.003108728809561256e+01 -7.402663893505740944e+00
-5.694011424967477808e+00 1.685184351723088270e+01 -8.115245335084743772e+00
-3.307631401788455161e+00 1.203738750523720213e+01 -8.833923453594330510e+00
1.983050089280613548e-02 5.606530514938474319e+00 -9.358637159374389114e+00
4.309749369059114876e+00 -2.409000725053467740e+00 -9.480800033051059117e+00
8.708602732731650420e+00 -1.041936646200817229e+01 -9.079522893061582778e+00
1.232893207047897732e+01 -1.685342864693356546e+01 -8.271064986343855452e+00
1.513811809557588184e+01 -2.170692525507445225e+01 -7.236279962436801938e+00
1.710727090878610923e+01 -2.498970856162789644e+01 -6.173701877379697223e+00
1.821205608897625794e+01 -2.672378664624736544e+01 -5.277828381892184950e+00
1.843386117014932069e+01 -2.693841387318660452e+01 -4.707124818311620551e+00
1.776311029878462477e+01 -2.566357737794433902e+01 -4.535102772119161685e+00
1.619258366607740740e+01 -2.292223886310447867e+01 -4.784815937015624243e+00
1.371500245847977872e+01 -1.873071331931052441e+01 -5.453223236940954344e+00
1.032269624464915481e+01 -1.310156373804083252e+01 -6.525244648101029554e+00
6.700094048888484366e+00 -7.190692376922833695e+00 -7.744701684286046550e+00
3.543062975244902990e+00 -2.145140758275541515e+00 -8.848743161318852302e+00
8.601377343035505607e-01 2.033283934568173468e+00 -9.825876323698608417e+00
-1.340596359049980979e+00 5.339489465890705056e+00 -1.067731882285710476e+01
-3.051120257234279265e+00 7.766575622485503594e+00 -1.140899487564105819e+01
-4.262787897568944828e+00 9.311042986636577368e+00 -1.202082958671482338e+01
-4.964889570724031920e+00 9.986843582272193487e+00 -1.248909063978376111e+01
-5.144916664701058906e+00 9.817958453629984206e+00 -1.277065073331160860e+01
-4.790492771341682499e+00 8.833747097801536441e+00 -1.281187941651569950e+01
-3.891531090472815979e+00 7.066536938466438045e+00 -1.255565789252043629e+01
-2.836680048934685505e+00 5.171669049337046076e+00 -1.214328484544240183e+01
-2.022213419177366855e+00 3.783858505804467587e+00 -1.177291358346265682e+01
-1.451264197998379135e+00 2.903956593757829552e+00 -1.147439725104206687e+01
-1.124169138462597584e+00 2.533096836546248287e+00 -1.127483872257303688e+01
-1.037090097726979909e+00 2.674763375024313827e+00 -1.119463391533749608e+01
-1.182100617204241644e+00 3.333364937929635730e+00 -1.124438442887666767e+01
-1.551718095505823403e+00 4.504513050587113376e+00 -1.142608725684013038e+01
-2.138079037412144334e+00 6.184122199883399063e+00 -1.173426712074945044e+01
-2.935208827247982377e+00 8.369191355529036258e+00 -1.215906833710969615e+01
-3.942571774151288455e+00 1.105503812804639452e+01 -1.269007855337539326e+01
-4.848830606705266888e+00 1.356125857679936786e+01 -1.315595292798282578e+01
-5.366607313432260717e+00 1.519183593480993899e+01 -1.340699302676656757e+01
-5.532133103668614993e+00 1.591829918302366487e+01 -1.347146408763175174e+01
-5.369451703400508258e+00 1.571831543421474109e+01 -1.337727197996749773e+01
-4.884249032744359731e+00 1.457903500484649228e+01 -1.314413443340787424e+01
-4.053321184985431813e+00 1.250563336688225569e+01 -1.277235554510465931e+01
-2.811484160202515348e+00 9.537289626452738034e+00 -1.223156249937112250e+01
-1.077326458272470422e+00 5.727737739457694488e+00 -1.148208328162087355e+01
1.232800825118386179e+00 1.136466240175653120e+00 -1.048725482346109317e+01
4.196605975871369409e+00 -4.176101689610925760e+00 -9.220618154476092343e+00
7.357853041828754215e+00 -9.320947948405853722e+00 -8.012791574065666111e+00
1.016525305868378659e+01 -1.347719041418346109e+01 -7.232215658326804686e+00
1.253665889683310120e+01 -1.669778998713642437e+01 -6.922676468484088019e+00
1.438615680820318410e+01 -1.903948105311227224e+01 -7.125608606414422397e+00
1.563237498202427744e+01 -2.055258375036324736e+01 -7.874654341050367989e+00
1.621040641470780841e+01 -2.126833668887471163e+01 -9.186504280364042430e+00
1.609130179415715745e+01 -2.118717789985860378e+01 -1.104267976151926689e+01
1.527098079353774551e+01 -2.028540401195632370e+01 -1.340308164131289104e+01
1.376296990366036255e+01 -1.852318468349261238e+01 -1.621465970976208482e+01
1.159504379075266378e+01 -1.585166189152869620e+01 -1.941571494728272995e+01
9.249915057105486227e+00 -1.279219212251640236e+01 -2.238712199327780183e+01
7.202561035665581812e+00 -9.923565057000576672e+00 -2.455459481866436278e+01
5.469033527233956526e+00 -7.292437322946447864e+00 -2.592605875628450463e+01
4.054218815870698656e+00 -4.956246192943656759e+00 -2.651688405083351441e+01
2.952777558059232810e+00 -2.976920482491508313e+00 -2.634834395756781333e+01
2.149054515398923115e+00 -1.411427098127231883e+00 -2.544576117306760565e+01
1.615898324422942345e+00 -2.972645645852103335e-01 -2.383520669358711430e+01
1.323314121984447311e+00 3.370173828673643790e-01 -2.153894486814025910e+01
1.242002827036569279e+00 4.664019034207085301e-01 -1.857598330449527069e+01
1.344997231882330446e+00 6.746964183509573942e-02 -1.496359341788137698e+01
1.549009926176775132e+00 -6.318068122628726080e-01 -1.126775576662900136e+01
1.793191374629897750e+00 -1.373550978392836353e+00 -8.042800833693148022e+00
2.088524451987217034e+00 -2.138582512303897509e+00 -5.288559490853621092e+00
2.447127059668845916e+00 -2.909995891129180112e+00 -3.005586687940053903e+00
2.881019747958327937e+00 -3.672061353040501963e+00 -1.195382654356264895e+00
3.401006144505319906e+00 -4.408996648119195783e+00 1.403427725876065235e-01
4.015321066295062025e+00 -5.102388445186279320e+00 1.003513993214250721e+00
4.728361734529792137e+00 -5.730193895479003707e+00 1.398984419655408873e+00
5.541301900129784741e+00 -6.269220573371845795e+00 1.333742624250570108e+00
6.452950796730950955e+00 -6.697943625323576455e+00 8.164930758141314415e-01
7.215366477279944846e+00 -6.915618249193790312e+00 7.040256136503053597e-03
7.583194862809532033e+00 -6.831214046732981160e+00 -9.276001536114863999e-01
7.557335183754747554e+00 -6.445534395277289441e+00 -1.970215149712910563e+00
7.137907387227334866e+00 -5.766529891796608354e+00 -3.110124330065900722e+00
6.324097205057921833e+00 -4.810203039875374564e+00 -4.345802002796276042e+00
5.113598969583314613e+00 -3.600486437747538293e+00 -5.688364837349840997e+00
3.501422280802973575e+00 -2.163189399825041548e+00 -7.163315218956095798e+00
1.481779048228243578e+00 -5.234502791841832980e-01 -8.799930404187046307e+00
-9.508329009120326525e-01 1.295401676939155200e+00 -1.062632905741341283e+01
-3.801060880817124232e+00 3.273888734993136040e+00 -1.266678107970224687e+01
-6.363676841273972151e+00 5.036065116926550900e+00 -1.472903173467149962e+01
-7.924619110752792572e+00 6.245592638144401576e+00 -1.658553723641974642e+01
-8.474325162974500003e+00 6.953461035762105169e+00 -1.820039310605329774e+01
-8.003999424614585578e+00 7.215739519752521147e+00 -1.953795204155386855e+01
-6.506467366470995550e+00 7.088223370122360478e+00 -2.056732806911214340e+01
-3.977084850276409789e+00 6.614897495150607654e+00 -2.126781190992077697e+01
-4.145901752563441178e-01 5.805808971782703942e+00 -2.163530151805238688e+01
4.180305463750223716e+00 4.653875242222301978e+00 -2.167446127084313545e+01
9.805733352426198479e+00 3.143535195864762155e+00 -2.139463271375619158e+01
1.645916639791756353e+01 1.254043476703035953e+00 -2.080784322284257826e+01
2.291778976368326326e+01 -7.382364742526998924e-01 -1.998291524407705566e+01
2.796020471641178418e+01 -2.550246544146379968e+00 -1.898188225651774275e+01
3.158662452776563967e+01 -4.190920619359754795e+00 -1.780415865761894167e+01
3.379809712639065822e+01 -5.665113745799203571e+00 -1.644559600151222867e+01
3.459626008076654102e+01 -6.974614526910178469e+00 -1.489944954629523011e+01
3.398253692186928276e+01 -8.119085412501391374e+00 -1.315879158170825569e+01
3.195616179752930464e+01 -9.097879208299536558e+00 -1.122241822012987811e+01
2.851578004013776280e+01 -9.911737437518208793e+00 -9.091350837023249198e+00
2.366033148847907341e+01 -1.056188833171000319e+01 -6.766097044098955848e+00
1.738941960093502814e+01 -1.104876727553976679e+01 -4.245082028277814779e+00
1.096329931149140258e+01 -1.133268894433003915e+01 -1.840740933793469036e+00
5.642164454434680287e+00 -1.137021163050347106e+01 1.340129784306518523e-01
1.426072664455950045e+00 -1.115577374401681610e+01 1.680888872618322871e+00
-1.685337300656831294e+00 -1.068577364929092077e+01 2.798689820214693480e+00
-3.693036093015451549e+00 -9.959357395866913265e+00 3.482434157521965279e+00
-4.598235050815146607e+00 -8.979443939358775495e+00 3.722701914338435891e+00
-4.401554828232448813e+00 -7.754151174388937307e+00 3.505141539319542421e+00
-3.106629080935504827e+00 -6.295117845489131447e+00 2.808796402850580076e+00
-7.219050965752198401e-01 -4.614432114031092880e+00 1.605475182552350777e+00
2.738262527442107963e+00 -2.721673860419495661e+00 -1.405700954377243628e-01
6.348613720101515590e+00 -9.722866850695058849e-01 -2.032891801276321520e+00
9.196503886953573570e+00 2.920147894795722676e-01 -3.636557562049622661e+00
1.128477234776137550e+01 1.085182306918475614e+00 -4.930863127031741122e+00
1.262222836649232960e+01 1.418828876133846340e+00 -5.888680773399675772e+00
1.322554118618142383e+01 1.300568147280662945e+00 -6.476095500029803276e+00
1.312191303751444593e+01 7.308604532644671359e-01 -6.651020513136156609e+00
1.235161406409446982e+01 -3.024479718239263537e-01 -6.360879386735602381e+00
1.096224516396340576e+01 -1.815955371542153918e+00 -5.550162999695915644e+00
9.002706252165657119e+00 -3.825578842689989045e+00 -4.166711657231287447e+00
6.517173614257394831e+00 -6.344177717468385325e+00 -2.166636026972417639e+00
4.123542535919830776e+00 -8.958472127824700593e+00 -1.578881713214697058e-02
2.377663769638366009e+00 -1.124289465704390345e+01 1.758648198597414058e+00
1.220017005692558776e+00 -1.319055954835569366e+01 3.101311702712834961e+00
5.910814082211118814e-01 -1.479801726277485230e+01 3.962117958839775689e+00
4.368155188826577939e-01 -1.606572607801496844e+01 4.299626550762762456e+00
7.192416221603886717e-01 -1.699722609814407548e+01 4.086617477239554930e+00
1.437270199565241935e+00 -1.759622725775870222e+01 3.320406005379493486e+00
2.612795990794222423e+00 -1.786823432422982094e+01 2.014672722536577254e+00
4.280899036888340170e+00 -1.782107610676101217e+01 1.934106151579451094e-01
6.484398500717257541e+00 -1.746466089770426322e+01 -2.112792068275670232e+00
8.745988277216785178e+00 -1.695468862978015423e+01 -4.470497262524521176e+00
1.056537169234682771e+01 -1.642794106302362422e+01 -6.467665226050258731e+00
1.194936385928417266e+01 -1.586555910569379257e+01 -8.107034047831879420e+00
1.290038508616451018e+01 -1.524787424995516361e+01 -9.395033450455958501e+00
1.341757336140348045e+01 -1.455616347649823794e+01 -1.034000795771016890e+01
1.349649692907178711e+01 -1.377592736362566228e+01 -1.095021213984764685e+01
1.312767470785666291e+01 -1.290250268791919730e+01 -1.123099586888333157e+01
1.230203457364526010e+01 -1.193703105976328338e+01 -1.118496712777442426e+01
1.101202627882399554e+01 -1.088448561147152738e+01 -1.081271189877302419e+01
9.251416382017302098e+00 -9.752959817798130260e+00 -1.011325954835655416e+01
7.253375068690576022e+00 -8.536400666269170046e+00 -9.302260759264529000e+00
5.249352473376244888e+00 -7.229454036981638687e+00 -8.597658282444410105e+00
3.230323847354131583e+00 -5.843542067844651022e+00 -8.002769162865035923e+00
1.186029738436084280e+00 -4.390848763310528646e+00 -7.523200833019669354e+00
-8.947199599591737496e-01 -2.884648209236456040e+00 -7.166751021803323241e+00
-3.023856285910669239e+00 -1.338396931954527025e+00 -6.943475450337194488e+00
-5.213020949654669778e+00 2.391086413412570888e-01 -6.864244624120516391e+00
-7.470952972145334492e+00 1.842738813495033545e+00 -6.936601173165924727e+00
-9.802649101629802075e+00 3.471520005913882656e+00 -7.163797485016679900e+00
-1.220895915885744820e+01 5.130313799680489950e+00 -7.544622558965222048e+00
-1.442259367907938916e+01 6.600690249891433936e+00 -7.976613335955615725e+00
-1.616011856263063606e+01 7.688359909852250595e+00 -8.348206870430079363e+00
-1.739628206456267634e+01 8.439661085788296546e+00 -8.643233350471527743e+00
-1.810923522300505084e+01 8.897289505636365448e+00 -8.849617325941281365e+00
-1.828215785262937132e+01 9.095843027762770205e+00 -8.960651559972799163e+00
-1.790698397527754437e+01 9.051055121724562724e+00 -8.978104950292873809e+00
-1.699217368448243803e+01 8.738438876820341150e+00 -8.918990599365873351e+00
-1.555580973279473689e+01 8.115548108083206813e+00 -8.808602941060403424e+00
-1.362201372993551196e+01 7.133483405637454311e+00 -8.676934010446199608e+00
-1.121914698585097980e+01 5.741862199948918111e+00 -8.556875717687308480e+00
-8.895815985558540362e+00 4.315541295384604403e+00 -8.504012911112056372e+00
-7.170558941589624702e+00 3.272763874415650420e+00 -8.536345733028950278e+00
-6.024700946237053323e+00 2.633235829084465962e+00 -8.628465448514829106e+00
-5.436922166677799595e+00 2.417389296594351311e+00 -8.753633437818963969e+00
-5.386582885732705606e+00 2.642267653138461903e+00 -8.887091050225476963e+00
-5.856932784861550445e+00 3.320702901440832022e+00 -9.008963664492704027e+00
-6.836067907185293002e+00 4.467784648788647672e+00 -9.104154066623999952e+00
-8.316878090722232386e+00 6.095106226534816152e+00 -9.162652761643538923e+00
-1.029590749677722883e+01 8.210333812294631883e+00 -9.178209641847713485e+00
-1.277180719927374852e+01 1.081903789795627802e+01 -9.146339826725547795e+00
-1.505741561192166955e+01 1.325119597242206204e+01 -9.087184019532797308e+00
-1.647249223466620904e+01 1.483014718638311358e+01 -9.030082712000140788e+00
-1.702308223204326865e+01 1.555453607212942835e+01 -8.980977065408575655e+00
-1.671273144037455438e+01 1.542543569558152683e+01 -8.944148978636381031e+00
-1.554536582805157607e+01 1.444350786254324781e+01 -8.925955593446030178e+00
-1.352932375745129434e+01 1.260377083756642591e+01 -8.940472373309996001e+00
-1.068137075264193214e+01 9.887872592275542161e+00 -9.015742895797723477e+00
-7.019722169271082279e+00 6.275649023465483367e+00 -9.183140770998686975e+00
-2.559979284105081909e+00 1.750355450695317838e+00 -9.471290867209418707e+00
2.687611128080233058e+00 -3.699267036345306625e+00 -9.902145814957032499e+00
7.787140058954630462e+00 -9.086583638385288708e+00 -1.040087420144689112e+01
1.182449478364209661e+01 -1.340801426246609118e+01 -1.085410015810646556e+01
1.482707169889978260e+01 -1.664575097311056240e+01 -1.121892266983980058e+01
1.681847455385237211e+01 -1.878587826970723995e+01 -1.145681702269384594e+01
1.781501404497394603e+01 -1.982049258200979835e+01 -1.153849569102236039e+01
1.781993409577878751e+01 -1.975015028728694944e+01 -1.145169282252983400e+01
1.681424744329168064e+01 -1.858665813823681034e+01 -1.121333086109487276e+01
1.476550673799570212e+01 -1.635171830804092608e+01 -1.085768017162066457e+01
1.163442894436952635e+01 -1.307428644696151210e+01 -1.042769293155413912e+01
7.379374564946290072e+00 -8.787698350296944128e+00 -9.969404684254206117e+00
2.811590841468210034e+00 -4.347708035507927171e+00 -9.585337381789587496e+00
-1.219292476506587342e+00 -5.753631533397729481e-01 -9.337795312449390650e+00
-4.692356714027870801e+00 2.551727618786981733e+00 -9.206546392766593812e+00
-7.583198385669224884e+00 5.061118308526665110e+00 -9.167125266984433196e+00
-9.866344691091727626e+00 6.983452003940991304e+00 -9.193701650592997154e+00
-1.151848263095020286e+01 8.347697267194796211e+00 -9.262497756308757602e+00
-1.252406976501183422e+01 9.170681389100625580e+00 -9.357350864808067215e+00
-1.287419827339864398e+01 9.461042950807868834e+00 -9.469102734019539724e+00
-1.256510820450061772e+01 9.221638863580659873e+00 -9.594019013165191012e+00
-1.159743388455429702e+01 8.450218952043526244e+00 -9.732833052302794385e+00
-1.031457549986602906e+01 7.423390408901240356e+00 -9.859409451279487868e+00
-9.060800325716318326e+00 6.416579762446413149e+00 -9.947903402800303496e+00
-7.840522030779937701e+00 5.422823991253608256e+00 -1.000181125218120215e+01
-6.657635672127828919e+00 4.435765888717872585e+00 -1.002399047175635260e+01
-5.515523281831464786e+00 3.449707170236351761e+00 -1.001666338616995056e+01
-4.416883018851883058e+00 2.459996613338391924e+00 -9.981387163183759625e+00
-3.363286074888913735e+00 1.464019849075258728e+00 -9.919110500721211920e+00
-2.355792224746206642e+00 4.599889103548828739e-01 -9.830414016547887712e+00
-1.395135207182984560e+00 -5.534503507204761030e-01 -9.715549986468708710e+00
-4.817226787370577634e-01 -1.577239735024677181e+00 -9.574438966875916890e+00
2.106725312977768549e-01 -2.417619009897586935e+00 -9.440556713742211059e+00
5.129187828286781992e-01 -2.876130701959044966e+00 -9.344031401411667659e+00
4.318482600096243962e-01 -2.946504907205272694e+00 -9.279839152672447966e+00
-2.588811260554069182e-02 -2.622908159519581783e+00 -9.243643236546459363e+00
-8.541342841490814353e-01 -1.900232247855192735e+00 -9.232116821708748589e+00
-2.047611569420960453e+00 -7.741716811545054089e-01 -9.243272957489844899e+00
-3.602432696192698458e+00 7.591065138809406365e-01 -9.276454870214799087e+00
-5.516265685848131817e+00 2.702103817505095762e+00 -9.331743885521424531e+00
-7.788627598798034235e+00 5.055534526110890603e+00 -9.409556480997963490e+00
-1.042123758267739575e+01 7.818064841487154304e+00 -9.510292827863276344e+00
-1.286596066490676016e+01 1.042494962320730600e+01 -9.615277769916028561e+00
-1.457859900583516222e+01 1.230777765768356247e+01 -9.705940690980312979e+00
-1.556633081933262730e+01 1.346046310840037918e+01 -9.782029956628115031e+00
-1.583276565891550369e+01 1.388062094814078584e+01 -9.843035656647856513e+00
-1.537734867258615346e+01 1.357013933119911364e+01 -9.888844701732562470e+00
-1.419301158808607255e+01 1.253754444058643536e+01 -9.920737407652367779e+00
-1.226181969841478647e+01 1.080225445323361200e+01 -9.942687062544759868e+00
-9.564608165689829633e+00 8.384831658163403034e+00 -9.959904735541710963e+00
-6.086968393453202175e+00 5.300721264521613740e+00 -9.978059715329317569e+00
-1.823137341090486530e+00 1.555797133826750445e+00 -1.000284916088290998e+01
2.419666318584271281e+00 -2.146564946559156972e+00 -1.003513182836471529e+01
5.821680092010322660e+00 -5.117160519256505502e+00 -1.006916062838710779e+01
8.363371967463312018e+00 -7.378532260956774280e+00 -1.010032004410805584e+01
1.003127293952161381e+01 -8.945447803145498256e+00 -1.012423570455012367e+01
1.082196788299546242e+01 -9.819911497326044625e+00 -1.013719515876432098e+01
1.074815518950548565e+01 -9.985261921207102986e+00 -1.013554497748049243e+01
9.847579776142154628e+00 -9.400403233608772169e+00 -1.011321910005684721e+01
8.176204233118449238e+00 -8.009230826661278613e+00 -1.006355421238607128e+01
5.800462447801740140e+00 -5.750936774966246112e+00 -9.981621879337778225e+00
2.790103633867190069e+00 -2.568285785835243473e+00 -9.867155199832295054e+00
-1.653139698985180983e-01 8.737282130668617697e-01 -9.749032376034740821e+00
-2.454476662422884203e+00 3.838232837708571932e+00 -9.661519391778778498e+00
-4.134281541234408941e+00 6.266076802777249100e+00 -9.618815720362460908e+00
-5.266337189105593453e+00 8.099916641393395622e+00 -9.633418484864529674e+00
-5.910673469497947252e+00 9.288199903551868530e+00 -9.712352680323631304e+00
-6.115819339126685961e+00 9.792564028254588493e+00 -9.850443925752049523e+00
-5.902590114928443654e+00 9.603442156005961294e+00 -1.001911419846913276e+01
-5.271610362284299356e+00 8.728487252686690567e+00 -1.017331910751042479e+01
-4.209526803187371158e+00 7.187241228375498281e+00 -1.025891520559880554e+01
-2.692611162075758013e+00 5.009748503467679193e+00 -1.021858944992510310e+01
-1.099576404015111031e+00 2.737966019294193032e+00 -1.006711245748999239e+01
1.733851788167410923e-01 8.951344866990865734e-01 -9.876968026872775752e+00
1.123286880205812244e+00 -5.162564060239813735e-01 -9.681735168346191855e+00
1.740764044444659486e+00 -1.500778653298802778e+00 -9.516084471447443960e+00
2.012265581432416184e+00 -2.067894376622736452e+00 -9.412128495862869926e+00
1.922660655359883730e+00 -2.230718556588239920e+00 -9.395559520676926013e+00
1.458594622737199753e+00 -2.007756657338768846e+00 -9.481619063533292646e+00
6.082138653398421191e-01 -1.416895648482148440e+00 -9.676561756935209146e+00
-6.389539622367691463e-01 -4.735544393017394604e-01 -9.980019166192265700e+00
-2.291721934138875039e+00 8.093769933794277005e-01 -1.038700332589111852e+01
-4.064402552430522952e+00 2.178588974129195055e+00 -1.081068230728274493e+01
-5.659233459655554910e+00 3.393967752399249083e+00 -1.116722367319221121e+01
-7.065781234105763531e+00 4.463133279678306309e+00 -1.145693911938446163e+01
-8.274148932936753909e+00 5.392228606350590425e+00 -1.168354777964676394e+01
-9.275133008352772990e+00 6.185975364074390193e+00 -1.185328889080140335e+01
-1.006047969314143486e+01 6.848815942836809612e+00 -1.197331213403905537e+01
-1.062339321187543995e+01 7.388260062149440088e+00 -1.204817080676927787e+01
-1.095819110873856239e+01 7.811819714640746426e+00 -1.208066698946209350e+01
-1.106014238227056623e+01 8.125911908131056904e+00 -1.207232300923768165e+01
-1.092544299942518293e+01 8.335810061134791837e+00 -1.202326781868050176e+01
-1.048880846262981414e+01 8.313136346660360942e+00 -1.191052830130975337e+01
-9.685928001853831404e+00 7.928208781141837136e+00 -1.170970050574628374e+01
-8.516883120787122508e+00 7.181716198312507515e+00 -1.141794477363060878e+01
-6.984095395425282682e+00 6.071890492337177925e+00 -1.103327603137377011e+01
-5.092352652957220727e+00 4.594358305523910779e+00 -1.055521424194374625e+01
-2.850106021081490137e+00 2.740258240136224099e+00 -9.985665300734087424e+00
-2.724104240284436207e-01 4.920694966073566601e-01 -9.329655198924815096e+00
2.625093032275390925e+00 -2.168393832302655699e+00 -8.594340239028703365e+00
5.828726613669886980e+00 -5.256810392286226374e+00 -7.788051981457111417e+00
9.327805115113962486e+00 -8.785314331563917278e+00 -6.919173455792972938e+00
1.262193644562163719e+01 -1.220348362466039838e+01 -6.127603341473751186e+00
1.522543628711386354e+01 -1.494481491333376155e+01 -5.541254814610636181e+00
1.715251120553285347e+01 -1.699432171516575352e+01 -5.148445307433379803e+00
1.841576700163209779e+01 -1.833892930172789093e+01 -4.937004689420111170e+00
1.902437043573653241e+01 -1.896944487702830173e+01 -4.896042933034632227e+00
1.898228934286734315e+01 -1.888218994254236804e+01 -5.018807338063627554e+00
1.828719200862825645e+01 -1.807943287404356880e+01 -5.306976784555745397e+00
1.693153042675691822e+01 -1.656898772914374263e+01 -5.767625323559387063e+00
1.490422699542934026e+01 -1.436274826455181497e+01 -6.410999821891979700e+00
1.219229786379202451e+01 -1.147502821253385186e+01 -7.249100599087407559e+00
9.152429298467350094e+00 -8.334559697302170278e+00 -8.110921390859461511e+00
6.152043932776962265e+00 -5.357406848924077813e+00 -8.817679369287878544e+00
3.196352950017077532e+00 -2.536600979503782494e+00 -9.368609576093332336e+00
2.933309650120410339e-01 1.382160365684157455e-01 -9.761338863036154834e+00
-2.547088940138090063e+00 2.679890088523155356e+00 -9.992443960782798840e+00
-5.314732009427921788e+00 5.101566009367756394e+00 -1.005802000474226432e+01
-8.003262760489919359e+00 7.411372560236550555e+00 -9.954711684180850284e+00
-1.060864481424568417e+01 9.614617053664492374e+00 -9.679920560095991888e+00
-1.312817654746135787e+01 1.171503194098155021e+01 -9.231627214851577889e+00
-1.556027678821595472e+01 1.371501072830990076e+01 -8.608280976487922231e+00
-1.759324818132261825e+01 1.535227137504947414e+01 -7.962761158213275792e+00
-1.891622934843393722e+01 1.636255055875063746e+01 -7.446546310466925611e+00
-1.953008451251824340e+01 1.674394557480686530e+01 -7.056636398347153616e+00
-1.943614377930179771e+01 1.649411768680637635e+01 -6.790362626052998785e+00
-1.863597042460288478e+01 1.561051840346584996e+01 -6.645217594272965655e+00
-1.713076083534930660e+01 1.409117224301170523e+01 -6.618449154715715821e+00
-1.492017282520389010e+01 1.193641953957974877e+01 -6.706578803989680537e+00
-1.200353077885119824e+01 9.147212276080162852e+00 -6.906969639728325561e+00
-8.380152783584367882e+00 5.724705619251801103e+00 -7.218714267278611096e+00
-4.049284001625689022e+00 1.670433669031062607e+00 -7.643225102909244839e+00
3.313273203599593764e-01 -2.399529556433197541e+00 -8.100678687639488729e+00
4.104102644555512214e+00 -5.868664403733330204e+00 -8.513379223288506381e+00
7.270155618616413129e+00 -8.734260524406733950e+00 -8.887365683152095741e+00
9.830701701457089214e+00 -1.099353224611299851e+01 -9.227301466707217514e+00
1.178707414138089860e+01 -1.264363663384263248e+01 -9.535831142317080733e+00
1.314019096047626078e+01 -1.368281880090403568e+01 -9.812111012471595117e+00
1.388880142623114011e+01 -1.411405953645657263e+01 -1.004861619600417555e+01
1.403103818046412066e+01 -1.394207426856683973e+01 -1.023377265263592051e+01
1.356530008557770195e+01 -1.317183290842255872e+01 -1.035413757075236951e+01
1.249067701343094683e+01 -1.180801961048764781e+01 -1.039584539373715089e+01
1.121582007989827190e+01 -1.026004530395161574e+01 -1.038753862287898500e+01
1.014849639096507516e+01 -8.937337819154141272e+00 -1.036875888788090805e+01
9.287064868373429150e+00 -7.844145645107873932e+00 -1.034320614285999085e+01
8.629490300182238727e+00 -6.984992846378505149e+00 -1.031505891377243245e+01
8.173160888197349649e+00 -6.364843968115163619e+00 -1.028840773718378188e+01
7.915222053861416640e+00 -5.987950272159329401e+00 -1.026704138446915771e+01
7.853956513921193761e+00 -5.854061008943372890e+00 -1.025482566871749768e+01
7.987229291059490421e+00 -5.962444264504194180e+00 -1.025425749420941557e+01
8.312412780106557264e+00 -6.312817949113529892e+00 -1.026645664898035193e+01
8.826910291306075962e+00 -6.904881762516661858e+00 -1.029158525045946782e+01
9.329979864734809780e+00 -7.502480201478978650e+00 -1.031962244954719843e+01
9.626552581084535376e+00 -7.864599371603404165e+00 -1.034206518032896049e+01
9.722592581461643846e+00 -7.983717677311904737e+00 -1.036129861035057509e+01
9.623164851614646409e+00 -7.853132713772049023e+00 -1.037997105413125709e+01
9.331813431293340955e+00 -7.467403170248340771e+00 -1.040061277696895381e+01
8.849120436553928215e+00 -6.824307583960153245e+00 -1.042493001160337229e+01
8.170234455655410954e+00 -5.929436109712101555e+00 -1.045288534247831613e+01
7.288271826402445086e+00 -4.790921174548808281e+00 -1.048433580800058529e+01
6.195873656494771176e+00 -3.417392918983250372e+00 -1.051979996228955727e+01
4.885852702028772754e+00 -1.817507085923233845e+00 -1.056080924375580565e+01
3.484796019258140642e+00 -2.547623523290594161e-01 -1.054688145402605848e+01
2.125278744454029756e+00 1.011665086588296347e+00 -1.041535086343079719e+01
8.113954855952771883e-01 1.982023034760683089e+00 -1.016409687768120129e+01
-4.507763724349314050e-01 2.659649021432162197e+00 -9.788710518064366539e+00
-1.653661041649533647e+00 3.051293559842923386e+00 -9.281923720361781704e+00
-2.787975941976070793e+00 3.168735799706829948e+00 -8.632886033264290049e+00
-3.841749219502577084e+00 3.031412063887240826e+00 -7.827010429147346571e+00
-4.803333074415887083e+00 2.659949484301480371e+00 -6.849021182953588749e+00
-5.662351004193373782e+00 2.073764028391834824e+00 -5.684895923511562366e+00
-6.410030417917709222e+00 1.290055834659915135e+00 -4.323151110002910080e+00
-6.904840135600323059e+00 4.314859523382139628e-01 -3.014058207222664265e+00
-7.020218223576190297e+00 -4.053738836323497186e-01 -2.027285488057920304e+00
-6.771557232938229198e+00 -1.246040293601245352e+00 -1.382599802359610219e+00
-6.173293423245075573e+00 -2.115299194717059628e+00 -1.098334188633299346e+00
-5.237184868775633717e+00 -3.034112045535342972e+00 -1.190601591521150748e+00
-3.970747206755072423e+00 -4.016674702138598008e+00 -1.671546230558801138e+00
-2.377183808374549123e+00 -5.069590281576230595e+00 -2.544985016161835478e+00
-4.556531404750504000e-01 -6.193155654554924006e+00 -3.809980197503647137e+00
1.797904622419201681e+00 -7.383251549776438161e+00 -5.462660927803061561e+00
4.389706825266718404e+00 -8.633361275025535519e+00 -7.496752586944071872e+00
6.794564133338143463e+00 -9.760543130945578127e+00 -9.438511325966109311e+00
8.482047386480592976e+00 -1.058723415404480228e+01 -1.081742993765954886e+01
9.448037017164145013e+00 -1.111878987681305020e+01 -1.163236274578139806e+01
9.685164437815585003e+00 -1.136404235619802350e+01 -1.188425063826507255e+01
9.184424034327042463e+00 -1.133232531613381155e+01 -1.157561340666646288e+01
7.937268873431312599e+00 -1.102919855339605348e+01 -1.071093745634106220e+01
5.938384101853799280e+00 -1.045117726160599858e+01 -9.298736423365770776e+00
3.184909358623596365e+00 -9.591780235147862044e+00 -7.346889757894029316e+00
-3.235021842878957887e-01 -8.444852466832658777e+00 -4.859882954452446668e+00
-4.584150918019074261e+00 -7.006362726835456023e+00 -1.837068666491429969e+00
-8.650876828670405416e+00 -5.544116136739069667e+00 1.167560089796325862e+00
-1.157519547861611997e+01 -4.331481077684776082e+00 3.605476542150389374e+00
-1.335009828296244372e+01 -3.374206189469184380e+00 5.485827450088073931e+00
-1.397149598076669363e+01 -2.674505105788404613e+00 6.809624593497153100e+00
-1.343902905672857884e+01 -2.228726567404835546e+00 7.567230770283673635e+00
-1.175799943952073967e+01 -2.024291217086233274e+00 7.734785805432622396e+00
-8.943072997752583575e+00 -2.036393892018761864e+00 7.270700717469368968e+00
-5.015631234217870826e+00 -2.232782936776418925e+00 6.123487365669571858e+00
-1.772971865777406286e-03 -2.577188069146221228e+00 4.237669139057743450e+00
6.069277452688476515e+00 -3.031752832627756078e+00 1.558322743042288572e+00
1.201011565413294768e+01 -3.376235252768488238e+00 -1.624918481158878603e+00
1.664572731304799547e+01 -3.444907403030056159e+00 -4.950793455985929015e+00
1.996968044632872008e+01 -3.287801688496783559e+00 -8.358755157805447311e+00
2.198324134478299285e+01 -2.960958621436629468e+00 -1.178561855204128506e+01
2.269574326863964231e+01 -2.524143419038948899e+00 -1.517056391089869294e+01
2.212317812789442328e+01 -2.037689494484000718e+00 -1.846161726725485153e+01
2.028240506305001745e+01 -1.554802398570521937e+00 -2.162390768414614683e+01
1.719126399712850173e+01 -1.116735000287033763e+00 -2.463563396388519777e+01
1.286850412953187117e+01 -7.494041174361072422e-01 -2.748679162024653522e+01
7.332843615771237111e+00 -4.597839390320910269e-01 -3.017970340864811263e+01
1.762365357124012988e+00 -3.656261427543849862e-01 -3.230710148811233751e+01
-2.663149820227495024e+00 -5.248692231147806808e-01 -3.347318238898299114e+01
-5.934113846250877344e+00 -8.534895187332161015e-01 -3.370158381876763087e+01
-8.055302978755014109e+00 -1.294955486997105609e+00 -3.300844707732852612e+01
-9.045545669382947906e+00 -1.829290293041204052e+00 -3.140266020829434979e+01
-8.940327782311925375e+00 -2.492178093352997337e+00 -2.888564467005586778e+01
-7.795604571573131025e+00 -3.404425224085087187e+00 -2.544879927113001017e+01
-5.671938842463768005e+00 -4.718212472808546387e+00 -2.108205668846922265e+01
-2.624775870216839557e+00 -6.583826358821945668e+00 -1.578026772835410441e+01
1.304445525908915382e+00 -9.128198651486178150e+00 -9.544880335933717319e+00
5.160944374394042633e+00 -1.182531072918255077e+01 -3.547380620050608169e+00
8.069913501391679844e+00 -1.397768046452495838e+01 1.064131989098450415e+00
1.012468074312998034e+01 -1.542514749755940251e+01 4.326537637947237336e+00
1.140214759389586519e+01 -1.602611670387792842e+01 6.280300880478844050e+00
1.194506815849912229e+01 -1.567942006447611192e+01 6.959513351506837253e+00
1.173760716447329600e+01 -1.435365509516625337e+01 6.377827001662074835e+00
1.067912560316333170e+01 -1.212424329916292187e+01 4.515574186417842917e+00
8.627719548813356454e+00 -9.139046126573100892e+00 1.343341361526801503e+00
5.433681817223056321e+00 -5.586146190057799998e+00 -3.162529121930981013e+00
9.629089863047932685e-01 -1.665134863962038692e+00 -9.011947202029315207e+00
-3.898569050964995064e+00 1.758473005397240385e+00 -1.496114605102183504e+01
-8.092276093367839707e+00 4.058282650937628411e+00 -1.975553467741403324e+01
-1.146652307383838654e+01 5.434847050084923303e+00 -2.338273990840877659e+01
-1.388020043504459622e+01 6.106148560043891393e+00 -2.584208649656324042e+01
-1.521722633547498837e+01 6.275719048989408577e+00 -2.714348716479131696e+01
-1.540488080001726701e+01 6.084085295519272130e+00 -2.730086677918773219e+01
-1.444307146344893233e+01 5.535566580095521161e+00 -2.632228834155265673e+01
-1.237435956786836755e+01 4.544057958587489843e+00 -2.421325298849270169e+01
-9.266844832497174167e+00 2.966587339585069927e+00 -2.098406686966211154e+01
-5.205694185814287778e+00 6.234585741179712315e-01 -1.665741421159157909e+01
-1.067551036461159342e+00 -2.086104071737992616e+00 -1.216459194743986849e+01
2.338598799702729991e+00 -4.620036997490458042e+00 -8.419366838270189390e+00
5.038512386437249191e+00 -6.930784139273871602e+00 -5.427176934825916454e+00
7.075484635967890235e+00 -8.942779308412594830e+00 -3.184229238103887472e+00
8.503340193869354025e+00 -1.056442710055118184e+01 -1.674518878221103124e+00
9.375673327013084091e+00 -1.170128670166129403e+01 -8.675825653871307441e-01
9.727699096152790048e+00 -1.227304238276942350e+01 -7.160485184820489790e-01
9.576754036659608005e+00 -1.221467046333391337e+01 -1.161692324703644585e+00
8.926293499596042125e+00 -1.147628338374452106e+01 -2.141875435156370244e+00
7.768660902679769720e+00 -1.002402995074505299e+01 -3.595346960772700218e+00
6.495115994383725777e+00 -8.362355940713968039e+00 -5.102624516712638503e+00
5.502747993058199505e+00 -7.034683909892543774e+00 -6.302495451357695622e+00
4.790628959731050074e+00 -6.072474989596076789e+00 -7.224770409018340445e+00
4.362805811789347565e+00 -5.500028796990766189e+00 -7.895405425944416855e+00
4.226815916597622014e+00 -5.334710532562320751e+00 -8.333246965359482061e+00
4.391805351685931669e+00 -5.585360834244232464e+00 -8.548218104827272512e+00
4.866112661670800144e+00 -6.246698748451033012e+00 -8.543681168731792397e+00
5.658264387592378597e+00 -7.304833364351072333e+00 -8.314408725951320633e+00
6.777967713907119496e+00 -8.739812181499036825e+00 -7.848588940560532912e+00
8.236747697068505403e+00 -1.052634024647982791e+01 -7.131274458264751814e+00
9.576733195439667057e+00 -1.206814360525883245e+01 -6.389087498997975345e+00
1.031711892409740372e+01 -1.280046672314980682e+01 -5.882699698940255573e+00
1.043348051504589336e+01 -1.274777314986036814e+01 -5.652439866900121679e+00
9.896155525662317487e+00 -1.194204272945391310e+01 -5.739208440931656163e+00
8.669196851852175811e+00 -1.042173998873930785e+01 -6.177771162597638366e+00
6.709519614128454101e+00 -8.231443783708636275e+00 -6.988738718938521721e+00
3.969208034734257318e+00 -5.422542586704754974e+00 -8.172075796446071294e+00
4.013658381986603407e-01 -2.046036470853082267e+00 -9.716278449159350572e+00
-4.035667211758164008e+00 1.851992588753991864e+00 -1.160287989295940037e+01
-9.374806973434749224e+00 6.233854415392784176e+00 -1.380930521700973124e+01
-1.467838053918903540e+01 1.026590603030421356e+01 -1.590477947093084587e+01
-1.893616105560790075e+01 1.319408357204003757e+01 -1.747347230629751280e+01
-2.206703916736268312e+01 1.510579418803831686e+01 -1.852424112181801874e+01
-2.399826015989252781e+01 1.608044064332156609e+01 -1.907586021539533760e+01
-2.466989629962521491e+01 1.618379605295024959e+01 -1.915202728172443258e+01
-2.404249205429849212e+01 1.545943273655747063e+01 -1.877384310794904465e+01
-2.210977186793521909e+01 1.391629258249224677e+01 -1.794914658129351892e+01
-1.888468720171199422e+01 1.153930585520687835e+01 -1.668001123511495010e+01
-1.439208580121843006e+01 8.296173878855144679e+00 -1.496782265237277976e+01
-8.665360733481444200e+00 4.141374079572151423e+00 -1.281644344108101841e+01
-2.804965489174124471e+00 -1.965683450836399615e-01 -1.063110791753076967e+01
2.107713562636010618e+00 -3.959590941106124973e+00 -8.813025346321111897e+00
6.071373055020999665e+00 -7.145535396739172818e+00 -7.365318823778489232e+00
9.093479406518271801e+00 -9.740158588663728523e+00 -6.291132487750352276e+00
1.118783015510023304e+01 -1.172003345053078682e+01 -5.591242202844124876e+00
1.237212167158065590e+01 -1.305596966152973692e+01 -5.260156067168754390e+00
1.266547752819608696e+01 -1.371754954679025218e+01 -5.278795912329941942e+00
1.208603745880159863e+01 -1.367478648110121142e+01 -5.618477367076123663e+00
1.064964960330624599e+01 -1.290080319732857994e+01 -6.245478995205890449e+00
8.368630243297022986e+00 -1.137478444994167681e+01 -7.124671385912434651e+00
5.801045119351944557e+00 -9.465922726385075592e+00 -8.072263829851241468e+00
3.495973780666484565e+00 -7.565619623551268269e+00 -8.929259370041648936e+00
1.447949976628579716e+00 -5.692962588391663914e+00 -9.701858764144761338e+00
-3.495235918696564248e-01 -3.867000923159988890e+00 -1.039980206280960040e+01
-1.903806595181424921e+00 -2.106105335473306805e+00 -1.103582817177801978e+01
-3.223239629364927250e+00 -4.249596165186263486e-01 -1.162506682813028824e+01
-4.316229809173301568e+00 1.175303657416636449e+00 -1.218194345831472880e+01
-5.187389426581578533e+00 2.702513145573491204e+00 -1.271581494932684819e+01
-5.837207276650259402e+00 4.169852326860637781e+00 -1.323089713049190763e+01
-6.262458907730836799e+00 5.594253429271668132e+00 -1.372682597240715197e+01
-6.456504161589165847e+00 6.994816994062562188e+00 -1.419911899872694505e+01
-6.409434916856451281e+00 8.391165724535609272e+00 -1.463950133954799249e+01
-6.108065928859406135e+00 9.801652159710325662e+00 -1.503609062085816106e+01
-5.535794344490267527e+00 1.124134460460734353e+01 -1.537346707454049621e+01
-4.672390739401508064e+00 1.271971599533882369e+01 -1.563269189862539044e+01
-3.496689230105973767e+00 1.423393125055901365e+01 -1.579437815592879168e+01
-1.997837833799328333e+00 1.575617986801171710e+01 -1.585034291261564476e+01
-1.717624561431874142e-01 1.724937780076674443e+01 -1.579926608229207829e+01
1.980486886937167679e+00 1.867398500791554383e+01 -1.564469694522702703e+01
4.452442146642479059e+00 1.999064340470912171e+01 -1.539519750121268693e+01
7.232282207956814979e+00 2.116290195659745166e+01 -1.506414550075774450e+01
1.030329512839431416e+01 2.215989566689786727e+01 -1.466916903149714635e+01
1.364472701101286134e+01 2.295884436983626387e+01 -1.423122955397056799e+01
1.723295797372988858e+01 2.354725371861150407e+01 -1.377341424959483440e+01
