1.479286432576988553e+01 -1.799376409491338435e+01 -3.032184219971537686e+01
1.152441125252500420e+01 -1.305483879216077092e+01 -2.786291107117821397e+01
8.524047382237643689e+00 -8.456649189308519610e+00 -2.550887134613394025e+01
5.793830825674803897e+00 -4.205987852584924802e+00 -2.325276810424814400e+01
3.330199325231340435e+00 -3.109835227070570363e-01 -2.109244459537397631e+01
1.125061263208812834e+00 3.219523970634897037e+00 -1.902978170309445716e+01
-8.330818533096286949e-01 6.376572468723881393e+00 -1.706988901741115328e+01
-2.557989340899535335e+00 9.151585933198569833e+00 -1.522023517121715486e+01
-4.064521157398118589e+00 1.153677759637277056e+01 -1.348971483148427986e+01
-5.367472969168388452e+00 1.352544261656400515e+01 -1.188765844190169396e+01
-6.480414217882501937e+00 1.511215539952493536e+01 -1.042279838950371840e+01
-7.412423425878723826e+00 1.629471951773356508e+01 -9.100687016751120240e+00
-8.160286456529814103e+00 1.707935086495632149e+01 -7.917611873752428586e+00
-8.714152249251144511e+00 1.747465612390789502e+01 -6.864374605964096432e+00
-9.060582289500148434e+00 1.748975044065800333e+01 -5.928858875504579018e+00
-9.183657123668840683e+00 1.713423827221198437e+01 -5.097283258955467744e+00
-9.066061343456500055e+00 1.641809475042542488e+01 -4.355415592659245050e+00
-8.690151629963271063e+00 1.535140486184563891e+01 -3.689731131719322654e+00
-8.039009915373227955e+00 1.394393861839853699e+01 -3.088499544691070575e+00
-7.097482823823505704e+00 1.220456048961750994e+01 -2.542790140171994118e+00
-5.853209751218282797e+00 1.014049045227108081e+01 -2.047391120347328730e+00
-4.297953735409511644e+00 7.756181744432406155e+00 -1.602127854141392582e+00
-2.428677932553942043e+00 5.052410871081193022e+00 -1.212662728431126213e+00
-2.456741774880501494e-01 2.027918786272005836e+00 -8.867333686741489807e-01
2.247884598024804337e+00 -1.320317035419811935e+00 -6.328239876569516920e-01
5.045930639050740574e+00 -4.997207775014171460e+00 -4.596207374630322251e-01
7.765236226426485366e+00 -8.477128966408862709e+00 -3.928397453121792449e-01
1.001353716687721906e+01 -1.124072426064951635e+01 -4.544502167996204989e-01
1.177291089021669990e+01 -1.330103959464511476e+01 -6.440511160532597090e-01
1.303101194184119827e+01 -1.466713606023006733e+01 -9.576513648705049508e-01
1.378158074084917573e+01 -1.534374362769104927e+01 -1.388655305415934071e+00
1.402580222288090361e+01 -1.533018434741993197e+01 -1.928980946223798565e+00
1.377458987511656829e+01 -1.461820415150281427e+01 -2.570681963869550390e+00
1.304366622037085932e+01 -1.319610488046991570e+01 -3.306490036391767084e+00
1.184989885082187833e+01 -1.105171532912916277e+01 -4.130545906026959813e+00
1.020850170573561755e+01 -8.174443489577303268e+00 -5.039395371763377263e+00
8.397079945332826867e+00 -5.046174408829434022e+00 -5.896483780164991195e+00
6.678106771325849067e+00 -2.158823775831223202e+00 -6.571665426713959590e+00
5.038505903805801545e+00 4.793120121461234007e-01 -7.074220894285217831e+00
3.462809909149830112e+00 2.858573508780707595e+00 -7.413719016694628294e+00
1.934607040202255490e+00 4.968624003897845753e+00 -7.599199027760642267e+00
4.399126067823732611e-01 6.800188491321247142e+00 -7.637115722544488783e+00
-1.023869395538420601e+00 8.350677393771563928e+00 -7.526333419996259266e+00
-2.450735633934183255e+00 9.623426417138215783e+00 -7.260593335757345557e+00
-3.829512169617330652e+00 1.062598282046980103e+01 -6.830931836518645994e+00
-5.146002769779453700e+00 1.136896482075352388e+01 -6.227202313129646782e+00
-6.445747891330768198e+00 1.199347109002574996e+01 -5.499368396237001022e+00
-7.778183426473667339e+00 1.263835363645342014e+01 -4.701403357365576241e+00
-9.134050509147206398e+00 1.331297232690802446e+01 -3.829623035172229351e+00
-1.050429532389919096e+01 1.402720620413805719e+01 -2.880924816175670422e+00
-1.188015119833959510e+01 1.479109240472589981e+01 -1.852625419438654664e+00
-1.325730045129624202e+01 1.561083607189722677e+01 -7.436642480446282732e-01
-1.464868629692367996e+01 1.647684757563547109e+01 4.413534828281451272e-01
-1.607289888587486715e+01 1.737307777672662468e+01 1.696520797877457909e+00
-1.755020677262438156e+01 1.828072953060650008e+01 3.015694154069604060e+00
-1.910250272382139869e+01 1.917841833642110316e+01 4.392195744261472967e+00
-2.036533270105318039e+01 1.977215029842194838e+01 5.605899911241999156e+00
-2.097166703885858396e+01 1.976830360970788547e+01 6.438309351053717933e+00
-2.093332277087090176e+01 1.915154471235215539e+01 6.885334083651663661e+00
-2.024894166619046842e+01 1.791960540521775513e+01 6.945042379258847376e+00
-1.890000569480302062e+01 1.608743200505254478e+01 6.619389075095351238e+00
-1.684256987086810398e+01 1.369777680252015983e+01 5.916671638368732999e+00
-1.399875669105042064e+01 1.083688249819508975e+01 4.853267758193093862e+00
-1.029002616884477739e+01 7.604660465018366011e+00 3.446007623789095753e+00
-5.651702022349771148e+00 4.099498625868044144e+00 1.708385449303247761e+00
-3.882987362941604098e-02 4.080820498103115979e-01 -3.510478077174236100e-01
5.613674764292226449e+00 -2.884150877699672044e+00 -2.357629827579714732e+00
1.029833145308336206e+01 -5.312407829637240120e+00 -3.949043143502340314e+00
1.393637414451235479e+01 -6.996457713044147653e+00 -5.138327093170006243e+00
1.645833153572652208e+01 -8.057058074737890152e+00 -5.935812890705218337e+00
1.780964789742124665e+01 -8.599810347490498330e+00 -6.348480659746545740e+00
1.795807416615760133e+01 -8.691165456578559656e+00 -6.379945843668729744e+00
1.690685909080870530e+01 -8.323671016251712018e+00 -6.030333226541877423e+00
1.468272436356845567e+01 -7.440351406177055260e+00 -5.297362356543607653e+00
1.132881406696234095e+01 -5.955121811931136655e+00 -4.176360898210028871e+00
6.901090333896811480e+00 -3.766937962456927913e+00 -2.659688428947033945e+00
2.364897871719944700e+00 -1.292698469673149164e+00 -1.069547817597802597e+00
-1.361147098710630887e+00 9.624232686638292122e-01 2.666238111376310616e-01
-4.294412762273562834e+00 2.955116074326194830e+00 1.349880444387552947e+00
-6.463841234128508972e+00 4.629565992439199640e+00 2.179104033806414265e+00
-7.906394104526415667e+00 5.926044670725469921e+00 2.750655531563013234e+00
-8.660714727128910440e+00 6.790971425433688147e+00 3.057862919723166595e+00
-8.755848983915065276e+00 7.190726203672663353e+00 3.089931952350234212e+00
-8.211200174180465439e+00 7.107314934942158935e+00 2.834681590949360785e+00
-7.038060626051976243e+00 6.532926070814938591e+00 2.281646444491154835e+00
-5.240546823814046462e+00 5.466170203609111766e+00 1.424816339132587206e+00
-3.417646540680572276e+00 4.327091585790692641e+00 5.673197468339974403e-01
-2.163604129286648359e+00 3.540071827665796977e+00 1.524517699373117464e-02
-1.474306950404764560e+00 3.110454707867639890e+00 -2.315834822490361600e-01
-1.349375437275692535e+00 3.043069487690897024e+00 -1.794270889393196344e-01
-1.790916780871833591e+00 3.345301982620373149e+00 1.576374441881829847e-01
-2.802271621308724203e+00 4.029577184629837383e+00 7.569914916086748491e-01
-4.387186305510232032e+00 5.112907232692323056e+00 1.590563824627872602e+00
-6.550013529700336790e+00 6.613696170380413797e+00 2.624481733038181552e+00
-9.295478057180815767e+00 8.549285457767220819e+00 3.820976719233316832e+00
-1.262813992189189527e+01 1.093420559944937587e+01 5.141605558433864687e+00
-1.589483262131106223e+01 1.327828233636170552e+01 6.276507695530848530e+00
-1.843243274670805576e+01 1.506590259019734113e+01 6.983278128694210274e+00
-2.022992313113640250e+01 1.627230278130080521e+01 7.330288821798677468e+00
-2.127716935057279457e+01 1.687601226833414003e+01 7.386795610673544843e+00
-2.156637245533060820e+01 1.685911473902211455e+01 7.217063254580383891e+00
-2.109431309478475214e+01 1.620694486285374936e+01 6.871011848388375753e+00
-1.986497918226895720e+01 1.490816702171553310e+01 6.371035724207346540e+00
-1.788607030987853719e+01 1.295258823462666875e+01 5.724040987589340546e+00
-1.516675647667159943e+01 1.033113182991494838e+01 4.927173761889759973e+00
-1.171613674876523170e+01 7.036692926908678203e+00 3.970296018810111960e+00
-8.168030898493267244e+00 3.744742084590597209e+00 2.974244642163112129e+00
-5.141853725628182659e+00 1.143773316790539285e+00 2.063814915040570241e+00
-2.623564396862164916e+00 -7.526835493306119895e-01 1.239363341985343148e+00
-6.002086187064487044e-01 -1.933261462970975453e+00 5.085896824280470296e-01
9.379985149969528591e-01 -2.389605926175149886e+00 -1.185442111027141254e-01
1.995752664155540090e+00 -2.116872915091963847e+00 -6.352828594629593706e-01
2.571836594164477852e+00 -1.113751009726890562e+00 -1.041660388207132248e+00
2.660979135161546161e+00 6.184185303581897220e-01 -1.342756331188054375e+00
2.255220685543648962e+00 3.076407111231911351e+00 -1.547907810739076684e+00
1.345003022771847245e+00 6.255708597372249713e+00 -1.670304507947858230e+00
2.535476337395057289e-01 9.459297651131779006e+00 -1.765512040224314294e+00
-6.882945764801944311e-01 1.199294361446564672e+01 -1.883700430949083460e+00
-1.476270553321960000e+00 1.385660005288157315e+01 -2.026593118633430723e+00
-2.103153630245958805e+00 1.505124496838130455e+01 -2.188748640058140627e+00
-2.559886207083364340e+00 1.557875057391849616e+01 -2.358599217299870876e+00
-2.837174129087878249e+00 1.544182870727265566e+01 -2.518571996721056028e+00
-2.927814099857745322e+00 1.464411789357480842e+01 -2.643730047979773623e+00
-2.825576341430685368e+00 1.318995432929501810e+01 -2.707058499021933518e+00
-2.524845717272570234e+00 1.108410953994299497e+01 -2.683519568251277576e+00
-2.020842447229000083e+00 8.331343598642435566e+00 -2.553183868894175035e+00
-1.535591977119181717e+00 5.575248914074149909e+00 -2.376599840397227936e+00
-1.297666463534556502e+00 3.454678285205506238e+00 -2.238691096503657274e+00
-1.312190030156122011e+00 1.967280342910790791e+00 -2.160321424273811353e+00
-1.583056697031702154e+00 1.111764713340244626e+00 -2.158189283000787384e+00
-2.112583129473704968e+00 8.886249280375566606e-01 -2.242036227205044696e+00
-2.901441006357759367e+00 1.300220002393740915e+00 -2.411808123246636626e+00
-3.949476564355850261e+00 2.348952512688789795e+00 -2.655746871639392381e+00
-5.255739969567580161e+00 4.037568245139840251e+00 -2.952280874703696156e+00
-6.819058979860390224e+00 6.368448435768614857e+00 -3.273835544159180877e+00
-8.638761404048185710e+00 9.342603714543237459e+00 -3.590795896549002109e+00
-1.035423988069208079e+01 1.225264625923259665e+01 -3.842343200993950880e+00
-1.160735483052850725e+01 1.438692359050055636e+01 -4.010908461758398325e+00
-1.240192297909180397e+01 1.573888062544896371e+01 -4.135474155727846046e+00
-1.274143018640815761e+01 1.630271748821987643e+01 -4.255235094268635443e+00
-1.262869765796325261e+01 1.607340011054371587e+01 -4.405072868503181027e+00
-1.206520471788489246e+01 1.504714926009958909e+01 -4.609427989473704912e+00
-1.104935010215147173e+01 1.322383389607154847e+01 -4.874854254808009379e+00
-9.577601028100744429e+00 1.060463118453455422e+01 -5.195917178887537347e+00
-7.644707131474785200e+00 7.191401074622430833e+00 -5.558257711142707613e+00
-5.243377172716956025e+00 2.987064311361861790e+00 -5.939968329734457875e+00
-2.785772440702545261e+00 -1.263743776441523137e+00 -6.259700916630163370e+00
-6.890118374859774963e-01 -4.817536643938376884e+00 -6.448091592441368647e+00
1.047762370095811635e+00 -7.671464653507109155e+00 -6.503094403487334141e+00
2.424078374570838967e+00 -9.822367658881073993e+00 -6.430621354224415498e+00
3.437695526615140995e+00 -1.126737495412743328e+01 -6.243283594342326381e+00
4.083407906089823847e+00 -1.200445637227922369e+01 -5.959766611845839890e+00
4.350394110428450034e+00 -1.203306684778540614e+01 -5.605567860758462473e+00
4.225402690075352297e+00 -1.135481170649675420e+01 -5.208611810837127543e+00
3.695383382438614639e+00 -9.972890421016273876e+00 -4.794805379772629550e+00
2.749433607371860155e+00 -7.891042149564204244e+00 -4.384168523937783668e+00
1.780043547097462708e+00 -5.724977692263120588e+00 -3.942799449500566489e+00
1.191861534878604800e+00 -4.083627244027351111e+00 -3.415466626700016661e+00
9.938073447636700530e-01 -2.963456538948399110e+00 -2.786737202236187372e+00
1.192087542289843149e+00 -2.366867435957103805e+00 -2.047761584600146900e+00
1.788724050517449760e+00 -2.304095234393987113e+00 -1.199200408561913900e+00
2.780214729573823984e+00 -2.794613711791728683e+00 -2.537668021823140663e-01
4.157194350404245675e+00 -3.864836895735925371e+00 7.640486484999358119e-01
5.904267942776255218e+00 -5.543023480719709184e+00 1.819054742328382046e+00
8.001051913184632269e+00 -7.856157061765363991e+00 2.868606135824569581e+00
1.042367875849572556e+01 -1.082743447912284829e+01 3.866645949028631790e+00
1.263527650136378533e+01 -1.378886597838259931e+01 4.618047177309236417e+00
1.413105129495673928e+01 -1.602818885915947433e+01 5.000436133864722521e+00
1.493852566554352101e+01 -1.749629210678738289e+01 5.083479923873722939e+00
1.508999520995577370e+01 -1.814514391579511354e+01 4.940941041411413437e+00
1.462010616136612029e+01 -1.793126978467488541e+01 4.644405909901916374e+00
1.356267449112636925e+01 -1.681911436944329807e+01 4.254216945210590239e+00
1.194687621270152889e+01 -1.478451787642352677e+01 3.807665130668690168e+00
9.797407382748945182e+00 -1.181051487028477887e+01 3.326053962418775711e+00
7.133925044309657792e+00 -7.885710550030609944e+00 2.817400594488243204e+00
3.970065545205245794e+00 -3.004005912710245862e+00 2.276665302469015550e+00
9.226676731608736137e-01 1.822851809745189788e+00 1.779170623243004012e+00
-1.421042477859413733e+00 5.563750331241402947e+00 1.378912055851724938e+00
-3.092266175249160476e+00 8.196150724271614507e+00 1.041703597784418678e+00
-4.115116295679334790e+00 9.703126897054438871e+00 7.497328911007542507e-01
-4.505554944632953251e+00 1.007342087856532409e+01 5.011926529582766410e-01
-4.269892479574240340e+00 9.302020717774020397e+00 3.108542838212595139e-01
-3.403152292861205463e+00 7.391190659020813847e+00 2.109028748231642769e-01
-1.892512910550526950e+00 4.349264585264020155e+00 2.409457254322329711e-01
2.796530040278983886e-01 1.887597714480304389e-01 4.388141318372210664e-01
3.133300187979549012e+00 -5.075826606919540573e+00 8.324832963316826095e-01
6.008243496731058286e+00 -1.020591265486535271e+01 1.324845837100972812e+00
8.220056058811991306e+00 -1.398098452737484720e+01 1.768646207296746820e+00
9.749286392776355115e+00 -1.641639967723508775e+01 2.108723787578527187e+00
1.057433049564596850e+01 -1.752888609193281511e+01 2.303087995604641058e+00
1.067424564557183508e+01 -1.733358955950579983e+01 2.332145927790830076e+00
1.003247686749085510e+01 -1.584005548474636171e+01 2.213231411626300549e+00
8.641144382557840231e+00 -1.304774356795455681e+01 2.018525480562243235e+00
6.496980120508083267e+00 -8.953376653855512401e+00 1.843472932436533318e+00
3.598570036235947178e+00 -3.555484396265364833e+00 1.783864324083509700e+00
-5.572504366126967978e-02 3.144131883079569256e+00 1.918716332519957213e+00
-3.678009584825130407e+00 9.682920285676914318e+00 2.222374784435457329e+00
-6.476703224431930472e+00 1.460586690396374010e+01 2.547722058701073600e+00
-8.450683173635635370e+00 1.792190524824474807e+01 2.770281810678376644e+00
-9.597828636324672757e+00 1.964079350533581092e+01 2.784249961358386649e+00
-9.911737062475831195e+00 1.977008551525296198e+01 2.523092260953219590e+00
-9.377703119859154057e+00 1.831191621123030799e+01 1.988246984740527523e+00
-7.969275039097796665e+00 1.526314761459298985e+01 1.283649324137487113e+00
-5.655812545628905674e+00 1.062325607353610835e+01 5.749169430532408143e-01
-2.407849101356565491e+00 4.400779957928183883e+00 5.903438634707480759e-02
1.799733387236900573e+00 -3.382879055615084507e+00 -5.788218515173659817e-02
6.117327655714155377e+00 -1.114824438834230236e+01 3.435355511873351975e-01
9.661559986100519026e+00 -1.733452937357851908e+01 1.146666601161720589e+00
1.240404622626112641e+01 -2.194774451935481707e+01 2.171528342124533495e+00
1.432025504520592030e+01 -2.500787506460836696e+01 3.221627417239081304e+00
1.539030802833976708e+01 -2.654689195614746922e+01 4.105478399350166896e+00
1.559893077049884091e+01 -2.660104152350628937e+01 4.667807156204714758e+00
1.493511598850157540e+01 -2.519599344998754020e+01 4.836333267854816320e+00
1.338894942213821793e+01 -2.234767405893925840e+01 4.587991023123162648e+00
1.095039465121084987e+01 -1.806545976685689325e+01 3.925176487049031326e+00
7.608968491202483975e+00 -1.235504140088451130e+01 2.861894750048972647e+00
4.046233731460863403e+00 -6.365486943433387168e+00 1.652960865950712233e+00
9.551353965154834036e-01 -1.237021286061011249e+00 5.596546763279200976e-01
-1.658775191652861913e+00 3.035355169894928373e+00 -4.082900665528615414e-01
-3.790465912327884990e+00 6.453339215870811607e+00 -1.254077453434840006e+00
-5.435052481623980469e+00 9.016774684635084469e+00 -1.985944973697598481e+00
-6.586705213501323541e+00 1.072638306210065018e+01 -2.606148456719233675e+00
-7.235909411849723583e+00 1.159050557519291402e+01 -3.091711372473380237e+00
-7.370834553442965564e+00 1.162502345832668205e+01 -3.399428527997124139e+00
-6.979633270030674908e+00 1.085120261476556358e+01 -3.474988225435494016e+00
-6.052586485837999852e+00 9.293351882587259638e+00 -3.259898924969520717e+00
-4.978558106321029797e+00 7.598933137896561441e+00 -2.893379579350419117e+00
-4.153916661877952166e+00 6.394970516138628547e+00 -2.570852110371502963e+00
-3.581823453056133033e+00 5.674835536782254941e+00 -2.318909981442941248e+00
-3.262653549839956924e+00 5.432382156353736669e+00 -2.161056354278035663e+00
-3.192714505083969367e+00 5.663966594011287548e+00 -2.113998060398441847e+00
-3.364069473711177594e+00 6.369428660980618773e+00 -2.185613597311955481e+00
-3.767975954165324382e+00 7.549694310469662106e+00 -2.378707956822354141e+00
-4.395038631165013143e+00 9.208293217018596266e+00 -2.689902961158882722e+00
-5.237690225618978346e+00 1.134968725677652124e+01 -3.111680670340770671e+00
-6.293632585981833394e+00 1.397655318387280232e+01 -3.635948952046814675e+00
-7.249543664417991806e+00 1.641577788234283375e+01 -4.093486577766276113e+00
-7.815840487795207459e+00 1.797859129059611405e+01 -4.336422402787222907e+00
-8.026383248594905595e+00 1.864374333424060737e+01 -4.394533417348292836e+00
-7.902782038472646597e+00 1.839611475354655212e+01 -4.296984087021073151e+00
-7.448377517008729853e+00 1.723008411775878557e+01 -4.064641952155904292e+00
-6.638428054044975823e+00 1.515583896682773180e+01 -3.698567320026956207e+00
-5.408650486594851259e+00 1.220861576589810582e+01 -3.167416443080452115e+00
-3.679153078979196856e+00 8.436022755916772198e+00 -2.430249737779874408e+00
-1.367697137630193405e+00 3.891478345347327394e+00 -1.449151114933619366e+00
1.602260590230581982e+00 -1.370621700211128502e+00 -1.962813894234026746e-01
4.773646090629702243e+00 -6.467252032967895303e+00 9.993277136261697891e-01
7.594687082179645721e+00 -1.058349833846982690e+01 1.771046902067144657e+00
9.983080699518431800e+00 -1.377828486791322860e+01 2.077086208888506924e+00
1.185300181975878253e+01 -1.611434507818075801e+01 1.878096482751968388e+00
1.312327115996823146e+01 -1.764809974410729865e+01 1.142461088373119438e+00
1.372889372031927557e+01 -1.841531873573471145e+01 -1.453548342676267424e-01
1.363977648311559854e+01 -1.841413772984531150e+01 -1.968525703712269426e+00
1.285017029922278908e+01 -1.761687235568421528e+01 -4.289431694662085626e+00
1.137171912389927542e+01 -1.597968877983426594e+01 -7.057556003001672629e+00
9.230223448293793709e+00 -1.344962517549126879e+01 -1.021365841829417853e+01
6.906434824149854990e+00 -1.054378029935081784e+01 -1.314089332039741365e+01
4.873469459121145597e+00 -7.836505009360196894e+00 -1.526699487112069420e+01
3.145685484990054626e+00 -5.369834734336235371e+00 -1.660159345467762293e+01
1.726489619417390209e+00 -3.196425016248133133e+00 -1.716142007441669648e+01
6.093012625616629485e-01 -1.373303090272627536e+00 -1.696876347058364942e+01
-2.219241776400018296e-01 4.641484599585110615e-02 -1.604931732961752644e+01
-7.921386880357355054e-01 1.024589549282595158e+00 -1.442807857453399834e+01
-1.128548747678059350e+00 1.530813056187845023e+00 -1.212601650557786037e+01
-1.257714866179783897e+00 1.538120055240100648e+00 -9.160951086957087597e+00
-1.203917565977787874e+00 1.021069828446319105e+00 -5.549047223967154885e+00
-1.047809556547258270e+00 2.055531184099175790e-01 -1.855245106839631175e+00
-8.476560150449348185e-01 -6.526877847290987189e-01 1.367102530341390176e+00
-5.899368253187375899e-01 -1.536654601706912260e+00 4.119071878222065664e+00
-2.600393217481509200e-01 -2.431670368612059541e+00 6.400924614229008824e+00
1.565151063021605893e-01 -3.324281435225797221e+00 8.211855175440472721e+00
6.722104700438289449e-01 -4.199709098861669432e+00 9.550436974494729725e+00
1.293989768932489515e+00 -5.035269330484796413e+00 1.041785682712658989e+01
2.024299885444413416e+00 -5.803278909492063597e+00 1.081825764517804700e+01
2.862453332650201077e+00 -6.474849343754862652e+00 1.075825784580458588e+01
3.805473009604818380e+00 -7.022708802202709322e+00 1.024651900083472000e+01
4.603686795446426672e+00 -7.340320616889484562e+00 9.443075288838091552e+00
5.010041971176081077e+00 -7.330821683528921717e+00 8.515348348076614116e+00
5.023738861094606101e+00 -6.989142281758070396e+00 7.480995362150581585e+00
4.643158248020897716e+00 -6.317317114240733389e+00 6.350999290732056934e+00
3.865657732915229960e+00 -5.325388639018370007e+00 5.126824832472092197e+00
2.687332496487869538e+00 -4.033730169161117374e+00 3.796651286554422633e+00
1.102937932638271779e+00 -2.474348629347610906e+00 2.333550198932687891e+00
-8.932497418878296847e-01 -6.810878966630590226e-01 7.066141114440340765e-01
-3.306639019419336911e+00 1.313929178291685984e+00 -1.113714576436208414e+00
-6.141691365857575136e+00 3.482353054154816441e+00 -3.152686716068064054e+00
-8.692857233306771292e+00 5.439318920987641803e+00 -5.218390059638199574e+00
-1.024559453981772705e+01 6.839566853345154129e+00 -7.082891936854284864e+00
-1.078969873661905332e+01 7.725208654516992013e+00 -8.709162899835842353e+00
-1.031558830028975038e+01 8.143514972282973829e+00 -1.005977766145636032e+01
-8.815196319919643031e+00 8.141574693739478619e+00 -1.110158871032236405e+01
-6.283079501419148727e+00 7.757014952132159635e+00 -1.181170507976286821e+01
-2.717794630973471737e+00 7.002635201012999744e+00 -1.218528267086529837e+01
1.879877611110887692e+00 5.876335515182352864e+00 -1.222704773189843408e+01
7.507919694854738424e+00 4.367495825680328458e+00 -1.194677725488407738e+01
1.416361007247256687e+01 2.460285268241579892e+00 -1.135716060744091038e+01
2.062392066633383791e+01 4.359706096899031991e-01 -1.052778952898239417e+01
2.566724072739755158e+01 -1.417485462551968833e+00 -9.521482239757933286e+00
2.929358587365173960e+01 -3.104103153673013260e+00 -8.338388666381154835e+00
3.150382695336280392e+01 -4.623811737779593756e+00 -6.975009192805537772e+00
3.229944426542843416e+01 -5.973463342260176390e+00 -5.425150975114003238e+00
3.168191846196078387e+01 -7.148696510222664280e+00 -3.682215191457258285e+00
2.965134636039869420e+01 -8.148515486778075356e+00 -1.744732092966597925e+00
2.620742460766016890e+01 -8.974236232195888618e+00 3.866545801186074272e-01
2.135013440569183629e+01 -9.627662837462912293e+00 2.711783107315712815e+00
1.508011569245437578e+01 -1.010980557409962799e+01 5.232547758831652018e+00
8.658659771392928306e+00 -1.038155211717738702e+01 7.636810191167489492e+00
3.347001195855939581e+00 -1.040003238241629546e+01 9.611933522677222896e+00
-8.537532019445071008e-01 -1.016025693335385149e+01 1.115988356080012878e+01
-3.942903213402003892e+00 -9.659200113566058121e+00 1.227969941441722668e+01
-5.920342403181838797e+00 -8.896592470592191049e+00 1.296661241999145808e+01
-6.786387455768425170e+00 -7.875833677956348922e+00 1.321132844527664396e+01
-6.541561045489973303e+00 -6.605056162814299192e+00 1.299934788026629029e+01
-5.189619017764731446e+00 -5.095774493901515712e+00 1.230946629755120370e+01
-2.739161533233353651e+00 -3.359915559885423786e+00 1.111320176066427123e+01
7.952639646028012432e-01 -1.406847332392170413e+00 9.374469987819939121e+00
4.488154364321724543e+00 4.082617110634043645e-01 7.489333627237032331e+00
7.426560380879002388e+00 1.744046633963743265e+00 5.892288302372176823e+00
9.612941929109892314e+00 2.614893205588076697e+00 4.603546535750902891e+00
1.105563905096467181e+01 3.032940570791494928e+00 3.649686034059768769e+00
1.177074434060748409e+01 3.006425850305573633e+00 3.064010140639942037e+00
1.178434307585342289e+01 2.535918637491689331e+00 2.887987378107905734e+00
1.113390081326437020e+01 1.606911451611966246e+00 3.173873941530911402e+00
9.863976662034492193e+00 1.996308281310062993e-01 3.977230062908249320e+00
8.020681495361191793e+00 -1.705259506863427310e+00 5.350634259101858525e+00
5.645685730007288683e+00 -4.124270207779874298e+00 7.338758205569115844e+00
3.354662866958718404e+00 -6.647975627662566112e+00 9.476862549972659977e+00
1.701492340977585727e+00 -8.854824711153170824e+00 1.123914998555976119e+01
6.248609619704915685e-01 -1.074206295674727940e+01 1.257182666888564171e+01
6.352073370328681357e-02 -1.231043623685783928e+01 1.342645208091090936e+01
-3.838494902284889099e-02 -1.356460796018317261e+01 1.376316672745963565e+01
2.798446383961938344e-01 -1.451090399889198146e+01 1.355578495434278707e+01
1.018487501678433382e+00 -1.515021713487335120e+01 1.280099963292692955e+01
2.201310823808562578e+00 -1.548370293224006389e+01 1.151123473191482205e+01
3.865199857979757070e+00 -1.551472863726614015e+01 9.709079563929194023e+00
6.054875628341725324e+00 -1.524868413097623687e+01 7.423714476126631823e+00
8.295152628905515968e+00 -1.483674585798748069e+01 5.087277877832301343e+00
1.008815228265862807e+01 -1.441121465631100484e+01 3.110699782419863002e+00
1.144344130818372385e+01 -1.394883269845512963e+01 1.490371969008402520e+00
1.236652063000502366e+01 -1.342564053069602004e+01 2.192503509951184704e-01
1.285989615447825685e+01 -1.281873686487906383e+01 -7.113868257871964751e-01
1.292208537089886278e+01 -1.211006163154790194e+01 -1.309935031562514673e+00
1.254408635338637090e+01 -1.129351584617280402e+01 -1.581613195592069587e+00
1.171656527104687839e+01 -1.036927753358371440e+01 -1.528913349088925067e+00
1.043157743678562710e+01 -9.341300367147928441e+00 -1.152398319831695161e+00
8.682359220240568831e+00 -8.216612697429791723e+00 -4.511784333810391345e-01
6.701411826221023382e+00 -6.988063032059176116e+00 3.588979263927725150e-01
4.719374844609917297e+00 -5.649179998724886076e+00 1.059559623195855504e+00
2.726269225906250426e+00 -4.210266773468786639e+00 1.647015329618640722e+00
7.107361778694069043e-01 -2.682406471015119642e+00 2.115021044753232715e+00
-1.339658808561503989e+00 -1.077813129137030757e+00 2.454962776389105539e+00
-3.438067929019858582e+00 5.896709680931891961e-01 2.656054896899508133e+00
-5.596698055878915667e+00 2.305285687871962974e+00 2.707782553575390327e+00
-7.824422847043226881e+00 4.056556202311879744e+00 2.603528365604072192e+00
-1.012600440369219612e+01 5.835205209837340590e+00 2.341381819203808945e+00
-1.250165514121361809e+01 7.638866140158725671e+00 1.924352793045876808e+00
-1.468305850320728290e+01 9.241976213452961275e+00 1.457143420187980265e+00
-1.638542336517448916e+01 1.044320363991114675e+01 1.053924471393746121e+00
-1.758191747079629152e+01 1.128189702500799640e+01 7.337189455445076725e-01
-1.824904134876599926e+01 1.179373935788902017e+01 5.115275025818473154e-01
-1.836845611587756366e+01 1.200617994046286974e+01 3.968316307326831271e-01
-1.793148325302979984e+01 1.192988487003303533e+01 3.894848713017844410e-01
-1.694860629702927568e+01 1.154443521024192165e+01 4.706039850437817584e-01
-1.544081782481681664e+01 1.081374048646356378e+01 6.119349814974017754e-01
-1.343525635128163387e+01 9.695363183198185908e+00 7.804384410777296388e-01
-1.096319271022568032e+01 8.145605923867929477e+00 9.403082606564341361e-01
-8.575863264814220344e+00 6.546300170653225337e+00 1.033352820414579210e+00
-6.794029843399657764e+00 5.322969373462719034e+00 1.039398794155002470e+00
-5.600758357849534796e+00 4.502878265378728706e+00 9.821906082878977262e-01
-4.975964887353503840e+00 4.114237038468681718e+00 8.873325992301208665e-01
-4.899776400395609244e+00 4.182007422387072459e+00 7.789433428867271747e-01
-5.355391489303743313e+00 4.725186330735993145e+00 6.768962676808690793e-01
-6.328997240166711613e+00 5.757730321381663963e+00 5.973365147458529201e-01
-7.811363067369924806e+00 7.288143474950836698e+00 5.513122725254135936e-01
-9.797132926570599309e+00 9.320892395380104389e+00 5.458781591570887048e-01
-1.228322597934170979e+01 1.185827794586508865e+01 5.861453910568186210e-01
-1.458087441390410888e+01 1.422696631287194258e+01 6.524659089446280813e-01
-1.600832475262384236e+01 1.574696253860687456e+01 7.158907210921809927e-01
-1.657018064699301618e+01 1.641356526843097186e+01 7.707893896579384174e-01
-1.626860702041311413e+01 1.622449426285001195e+01 8.131180006805586169e-01
-1.510620973648699916e+01 1.517704917707417600e+01 8.366802733226359479e-01
-1.309038253843350930e+01 1.326410393852318492e+01 8.273979576284750115e-01
-1.023819456306889997e+01 1.047008163617626941e+01 7.569040073803373625e-01
-6.568407302380645518e+00 6.778832464075254194e+00 5.935213033506058222e-01
-2.097084502840200315e+00 2.177639368974416456e+00 3.084410756741811088e-01
3.165147136757213708e+00 -3.340713228993188011e+00 -1.203566878264462625e-01
8.282067997278108606e+00 -8.785530588838369681e+00 -6.180109499634397485e-01
1.233929851293613211e+01 -1.314915557343679531e+01 -1.071055166928153612e+00
1.536397391882632846e+01 -1.640968545455890037e+01 -1.436488970744830729e+00
1.737939158212831359e+01 -1.854909158541132541e+01 -1.675748361574539658e+00
1.840144661671600801e+01 -1.955533959027173907e+01 -1.759651652498563923e+00
1.843274561796009792e+01 -1.942647843668265750e+01 -1.676228712248002406e+00
1.745333435419335188e+01 -1.817836084391676721e+01 -1.442718739033888031e+00
1.542972340911216023e+01 -1.583840634097311373e+01 -1.093699065623175759e+00
1.232165478366116673e+01 -1.244132840460214062e+01 -6.723310847325427719e-01
8.086654971121648217e+00 -8.026255905042027905e+00 -2.246645733223259778e-01
3.535329217939085833e+00 -3.454758362041436826e+00 1.470232590354009494e-01
-4.831151698905473135e-01 4.462963540047993338e-01 3.809625723976231004e-01
-3.947959019695948424e+00 3.693493307469117859e+00 4.982072457768150775e-01
-6.834796562040993173e+00 6.308609539042679515e+00 5.242967308534283166e-01
-9.117996732474203725e+00 8.316548401537632529e+00 4.863205253913045478e-01
-1.077388985540677879e+01 9.741947654586745386e+00 4.091953455150343366e-01
-1.178616656742025270e+01 1.060281532262322202e+01 3.093182237372299470e-01
-1.214517881949036138e+01 1.091033817512765935e+01 1.956825190829403205e-01
-1.184654587385140267e+01 1.066991055590193227e+01 7.170275410045190423e-02
-1.089036839004133839e+01 9.881809778780436204e+00 -6.377900905369082718e-02
-9.619571197880118163e+00 8.825162905027864824e+00 -1.851134619413467020e-01
-8.377979357360770152e+00 7.777911417392205706e+00 -2.669668959112869167e-01
-7.169575989761277413e+00 6.735604687184354233e+00 -3.133419069010608959e-01
-5.997819501501568951e+00 5.694396926500076894e+00 -3.275740960167355942e-01
-4.865635074154032402e+00 4.651100975176324148e+00 -3.123190887445100872e-01
-3.775365711018515924e+00 3.603264945568502409e+00 -2.694670098737041442e-01
-2.728727922302838227e+00 2.549228183824019389e+00 -2.000746009429622552e-01
-1.727042112453989642e+00 1.487846137723186635e+00 -1.047683918893760890e-01
-7.712868232417154912e-01 4.184097748329002053e-01 1.616625940556283211e-02
1.379016227692114738e-01 -6.593755743243059353e-01 1.627881079891174143e-01
8.265376849478157650e-01 -1.551100421782039884e+00 3.016122259226051705e-01
1.125292285833922490e+00 -2.057655980496011061e+00 4.025114637863866918e-01
1.040814261213530711e+00 -2.172119181913202191e+00 4.705191565304334134e-01
5.795835817334396012e-01 -1.888001866368840931e+00 5.099877164700513665e-01
-2.524044696469582294e-01 -1.199540015064212151e+00 5.242632254832273464e-01
-1.449959873275371125e+00 -1.019833266259045634e-01 5.153629751664415837e-01
-3.009024525142962148e+00 1.408098339445964520e+00 4.840100958040432499e-01
-4.927038078462836701e+00 3.332588625115361136e+00 4.301872622621781828e-01
-7.203297818144579701e+00 5.671581054871793093e+00 3.535309262867750157e-01
-9.839311739968129800e+00 8.423119070667958397e+00 2.536854439958740048e-01
-1.228674185574607236e+01 1.102183381341705015e+01 1.493643041485498424e-01
-1.400119444346365682e+01 1.289869050844901466e+01 5.917200545861861505e-02
-1.498965745374054848e+01 1.404698112389864129e+01 -1.660910307998631624e-02
-1.525555377743677177e+01 1.446370110991491664e+01 -7.744074549035831478e-02
-1.479814298717461085e+01 1.415012318836938832e+01 -1.231834594300812713e-01
-1.361051540656406367e+01 1.311389785643510209e+01 -1.550569429560196000e-01
-1.167627116669113718e+01 1.137250296341444589e+01 -1.768307481382846991e-01
-8.978111539744197955e+00 8.944277480400629088e+00 -1.934805137635257077e-01
-5.503485883857976546e+00 5.842424653049158145e+00 -2.104548093222044225e-01
-1.248501516466200778e+00 2.070567830549914667e+00 -2.332634583644260240e-01
2.977706137210668569e+00 -1.670155753917200059e+00 -2.626385005596932332e-01
6.353364323530734659e+00 -4.692736703759682548e+00 -2.928025998167683164e-01
8.856777914522046657e+00 -7.021825321168813083e+00 -3.192510467788668427e-01
1.047209206972920903e+01 -8.674150695584742721e+00 -3.379148241644707173e-01
1.119320559798446446e+01 -9.653455349651137496e+00 -3.456439583737058174e-01
1.103063357244867682e+01 -9.942861526994237309e+00 -3.397087104872352770e-01
1.002329891020562513e+01 -9.494264646466552549e+00 -3.152441653522113363e-01
8.229604693941784177e+00 -8.242960015434270815e+00 -2.664873524989060938e-01
5.719017585751122290e+00 -6.119759901615878128e+00 -1.889033479138341187e-01
2.564975079228231092e+00 -3.059408747787145888e+00 -8.205860500351531972e-02
-5.386476559527378916e-01 2.806486253732087821e-01 2.587829166541176854e-02
-2.975698022753143768e+00 3.170552275143293297e+00 1.018064227123046950e-01
-4.797886098965524759e+00 5.557623289785932563e+00 1.329904000897277616e-01
-6.061513469520891206e+00 7.390519191855413617e+00 1.084730122552087367e-01
-6.821455198837168332e+00 8.623358857484539897e+00 2.255682233564917927e-02
-7.122349570830359689e+00 9.220959086754549006e+00 -1.190429637363897286e-01
-6.985003061626133380e+00 9.167642598712541613e+00 -2.888284391152894370e-01
-6.411345665693756857e+00 8.462949805823933858e+00 -4.434427823726904139e-01
-5.389574807954669033e+00 7.118592985662348660e+00 -5.304634210023896346e-01
-3.897541406249868334e+00 5.156974050088587447e+00 -4.940602713428935422e-01
-2.315395650214446377e+00 3.112527520562083261e+00 -3.500405095038471859e-01
-1.040495604287783538e+00 1.501054497606399307e+00 -1.713328397873037368e-01
-7.663068529934938256e-02 3.176745429342199833e-01 8.711519416030939766e-03
5.664499690767377249e-01 -4.494847957089784241e-01 1.563385795458644978e-01
8.752480330183743940e-01 -8.171156919851723099e-01 2.409924386667914586e-01
8.347207905591500499e-01 -8.038488765078932730e-01 2.387764588623362272e-01
4.302968342689146297e-01 -4.270848034720667874e-01 1.352452980257734250e-01
-3.515195130702318815e-01 2.979722524784574333e-01 -7.561701568080768376e-02
-1.522919131492031397e+00 1.358498020478871693e+00 -3.934562073338999100e-01
-3.094507738540579478e+00 2.744113497919267619e+00 -8.134810059582896491e-01
-4.782461276903100966e+00 4.203944149500237870e+00 -1.249179910598086529e+00
-6.290946951674417420e+00 5.500245287545928008e+00 -1.617117233526849773e+00
-7.611520809032112034e+00 6.642950443658724780e+00 -1.918041622924213208e+00
-8.736327528604252990e+00 7.640471442554265913e+00 -2.156124460870289639e+00
-9.658248186551059433e+00 8.499764138149206616e+00 -2.338058769086033273e+00
-1.037108801484159137e+01 9.226583956704468292e+00 -2.471220693586670958e+00
-1.086988320670624297e+01 9.826166883311516997e+00 -2.559448394675027494e+00
-1.115070411262384020e+01 1.030288341930743989e+01 -2.604510576515581821e+00
-1.121056123526791204e+01 1.066004250877839077e+01 -2.606830086651675593e+00
-1.104739670215839098e+01 1.089983985262672483e+01 -2.565420361529827442e+00
-1.059769388041562266e+01 1.089084257872908879e+01 -2.456239615906304685e+00
-9.798949177061432536e+00 1.050032461231547920e+01 -2.253937904825053629e+00
-8.653107808437477289e+00 9.725927008098137705e+00 -1.954941329171523190e+00
-7.164526994345888689e+00 8.562814441688905376e+00 -1.556845146454228335e+00
-5.340013676895571493e+00 7.003512663290182516e+00 -1.059181423041023251e+00
-3.188952955758376007e+00 5.037674021291056903e+00 -4.647901580089779383e-01
-7.226711813108591675e-01 2.652904808575090811e+00 2.185412802541059074e-01
2.048182124915451485e+00 -1.621543245022439017e-01 9.807407967803358773e-01
5.115058959077654066e+00 -3.416298551419622243e+00 1.811072699596811830e+00
8.472550925232420482e+00 -7.114732318236997699e+00 2.699438502667489637e+00
1.162567330175730618e+01 -1.070008276499294020e+01 3.505010301942486528e+00
1.409424466502544959e+01 -1.359890508523013963e+01 4.099747843242492529e+00
1.589802440702735886e+01 -1.578930665350024043e+01 4.495941742739103297e+00
1.705517256778328772e+01 -1.725135389901356930e+01 4.706955209396889828e+00
1.758036602466982856e+01 -1.796903363974908530e+01 4.745224028166337149e+00
1.748152584141693922e+01 -1.793378392217005768e+01 4.619046932116837922e+00
1.675428185587421481e+01 -1.715067373571292819e+01 4.327730939425866730e+00
1.538751282227367057e+01 -1.563219590987828234e+01 3.864530755138835261e+00
1.336654754291821057e+01 -1.339489105310480532e+01 3.219098532723881689e+00
1.067481679072670353e+01 -1.045771294938856855e+01 2.379103846615858497e+00
7.665450073232681127e+00 -7.254048364045433850e+00 1.515157148318593494e+00
4.702356650032055718e+00 -4.204645178098598279e+00 8.057060699701465989e-01
1.787287800801710125e+00 -1.307254186713632249e+00 2.513302297642511229e-01
-1.075183123369618521e+00 1.443728261450313743e+00 -1.455805975333820945e-01
-3.878466392781993122e+00 4.056365138795920977e+00 -3.813695924008755345e-01
-6.614996778758527540e+00 6.539978974917209698e+00 -4.517574812539086881e-01
-9.278295027578595366e+00 8.902790045864302115e+00 -3.531510505418293810e-01
-1.186351671864575685e+01 1.115118816642995370e+01 -8.282486822326529108e-02
-1.436717278799856601e+01 1.328999851974186974e+01 3.613060483230770004e-01
-1.678691115834754655e+01 1.532271437215977805e+01 9.808095494985602514e-01
-1.881027644343970806e+01 1.698815802974469591e+01 1.622786142916603502e+00
-2.012565894976917846e+01 1.802317326478231507e+01 2.135708761676901268e+00
-2.073318171591383674e+01 1.842696586514214374e+01 2.522507604198245268e+00
-2.063343883093666165e+01 1.819830603889106513e+01 2.785765329438693705e+00
-1.982726141352577542e+01 1.733575409120251720e+01 2.927889926353286043e+00
-1.831540990612718289e+01 1.583791744426204851e+01 2.951581554796873341e+00
-1.609827962885235308e+01 1.370361798303317968e+01 2.860504033566029669e+00
-1.317622427184721268e+01 1.093176566722680398e+01 2.657556441872991559e+00
-9.549590064108699039e+00 7.521475255596156373e+00 2.343923199489165832e+00
-5.218650035945183063e+00 3.472241090157525356e+00 1.918473129881492989e+00
-8.421814112669282482e-01 -6.019034134637240019e-01 1.461299010876032645e+00
2.921205345407926757e+00 -4.086482001065411929e+00 1.050332392150877592e+00
6.071586798471328095e+00 -6.980832742517980805e+00 6.797093033355057212e-01
8.609133756372763457e+00 -9.284225560326264670e+00 3.448478431117196763e-01
1.053412488873409103e+01 -1.099588186558180780e+01 4.305305126024361329e-02
1.184682019667245712e+01 -1.211515639805010736e+01 -2.251601594622880675e-01
1.254693319637840965e+01 -1.264228319290051950e+01 -4.531347568964618766e-01
1.263396073320224389e+01 -1.257824440594121462e+01 -6.302242088489693472e-01
1.210765896892404925e+01 -1.192424607955002536e+01 -7.437884886708832077e-01
1.096846993549201343e+01 -1.068117750676952227e+01 -7.805912377015040704e-01
9.626394374320412339e+00 -9.254628212347689953e+00 -7.696977841897210126e-01
8.490550350135338320e+00 -8.050186267664857453e+00 -7.508497049874107709e-01
7.560654749230392824e+00 -7.068252623969737414e+00 -7.277239334089415923e-01
6.836045404941699211e+00 -6.309507575271149804e+00 -7.042694011333838766e-01
6.315509713591431762e+00 -5.775086880196769634e+00 -6.841733225760593395e-01
5.997385598496003389e+00 -5.466416032155906102e+00 -6.706928410399721763e-01
5.880206149087757517e+00 -5.384366317874108354e+00 -6.671410475745362945e-01
5.961867791622698753e+00 -5.530344137504683566e+00 -6.755728101389455453e-01
6.239781455545043265e+00 -5.906236135737993997e+00 -6.967706237505435496e-01
6.711379760836857500e+00 -6.513933536655746259e+00 -7.306391644620764403e-01
7.175929154631762508e+00 -7.119488476709235236e+00 -7.669587960386925474e-01
7.438341371652746226e+00 -7.484104857012355616e+00 -7.970688143116748670e-01
7.504531543000099170e+00 -7.602483682822186672e+00 -8.232240734692266582e-01
7.379489084845967994e+00 -7.470145192071840690e+00 -8.479597442430364396e-01
7.066664070479211190e+00 -7.083866593502385456e+00 -8.737036209256712205e-01
6.566799624609063635e+00 -6.442717837905630240e+00 -9.020417429597999970e-01
5.876252635231873356e+00 -5.549887373907121280e+00 -9.327177932849133324e-01
4.989606152289539409e+00 -4.410159332986919978e+00 -9.653465476502298692e-01
3.900951578740393888e+00 -3.028784353024379872e+00 -1.000224549515154493e+00
2.604528698274780396e+00 -1.411007583474796823e+00 -1.038712891354980128e+00
1.228329959540821692e+00 1.831103574538011924e-01 -1.020254117377938696e+00
-9.367595314799925799e-02 1.497851160632295509e+00 -8.822578107329700492e-01
-1.355995359448082027e+00 2.536927797601671752e+00 -6.228968677768571549e-01
-2.551122240146794784e+00 3.307131344591475397e+00 -2.383537772309655134e-01
-3.669993220609597095e+00 3.818626823935004300e+00 2.776580804236439270e-01
-4.702701964430980652e+00 4.084851099881913861e+00 9.344833552206703864e-01
-5.640395872770707086e+00 4.120076400309653941e+00 1.744806544619406319e+00
-6.475502955633341884e+00 3.938003339725775653e+00 2.722312383012247761e+00
-7.201761458516209302e+00 3.551077194535791293e+00 3.880027560879689474e+00
-7.814565046440164586e+00 2.969532075985862107e+00 5.229159711578585501e+00
-8.176598709781647045e+00 2.309121020150023185e+00 6.519939730742269290e+00
-8.165556295094255290e+00 1.659614934903867134e+00 7.483972151247813898e+00
-7.801112599523186475e+00 9.888393625498455020e-01 8.103459899627200258e+00
-7.102002104695927187e+00 2.655076007541916638e-01 8.362599126195409127e+00
-6.084293548940489238e+00 -5.376995200084877524e-01 8.248165880261485228e+00
-4.758674768535437138e+00 -1.439354787592661999e+00 7.750586872697158292e+00
-3.126917161573308679e+00 -2.442911667691237909e+00 6.866627988974990160e+00
-1.185604205022112945e+00 -3.543727922387276408e+00 5.596810123077952781e+00
1.071891808337758434e+00 -4.732827265259361482e+00 3.944153437636054971e+00
3.654357679171837070e+00 -5.998891406909756085e+00 1.913817541763725982e+00
6.039184501865653587e+00 -7.154207791032973773e+00 -2.169563762012050034e-02
7.698542477429749731e+00 -8.016453842101245897e+00 -1.393141707495070936e+00
8.630935719057616140e+00 -8.586223921305496276e+00 -2.200583743406673509e+00
8.831646115351006188e+00 -8.867581524941856586e+00 -2.446073388858221787e+00
8.294345100361359968e+00 -8.865085068907056609e+00 -2.133130414689459631e+00
7.012979863752486054e+00 -8.580507052911745092e+00 -1.266912903109378430e+00
4.983913169711695623e+00 -8.010541918329190381e+00 1.443713468994789473e-01
2.205746074852023231e+00 -7.149896399203661268e+00 2.093366732025516264e+00
-1.320424759179620100e+00 -5.993616024752393301e+00 4.576089983442664710e+00
-5.590478365156597462e+00 -4.538871709632767093e+00 7.593667951035415697e+00
-9.656856977211131010e+00 -3.054659754786508863e+00 1.059255933982799824e+01
-1.256970089027704596e+01 -1.815514652289329955e+00 1.302465229868344210e+01
-1.432064526182443132e+01 -8.283105061325093388e-01 1.489945872241808544e+01
-1.490425814045588915e+01 -9.632874854102713158e-02 1.621828876140019204e+01
-1.431884403136690054e+01 3.830902111082199468e-01 1.697171580274982716e+01
-1.256913883597207793e+01 6.219324250898541351e-01 1.713582581785214742e+01
-9.672326183156622292e+00 6.456889870937061460e-01 1.666828664264983217e+01
-5.653093409226844557e+00 4.875837410383896398e-01 1.551674277120750745e+01
-5.408718425725641543e-01 1.848027240930600890e-01 1.362493600783611747e+01
5.631752994383412592e+00 -2.239647507410014171e-01 1.093728315641431692e+01
1.167399071315690406e+01 -5.177480317804608045e-01 7.742902547847918981e+00
1.640742492099230887e+01 -5.302106279460623295e-01 4.402695448121220601e+00
1.982221782818742994e+01 -3.109069479693037374e-01 9.770015056938087250e-01
2.191624067449523494e+01 8.446499227927817266e-02 -2.471065104709384563e+00
2.269545765289550587e+01 5.963474836051891881e-01 -5.880648063866558140e+00
2.217321751194660706e+01 1.163587222562076917e+00 -9.199364655662874313e+00
2.036659629528146809e+01 1.728503839279567522e+00 -1.239066275157179220e+01
1.729456611953236944e+01 2.244532178279724732e+00 -1.543067814509949720e+01
1.297722289101160875e+01 2.680546109389974951e+00 -1.830726975511662857e+01
7.434792535764731980e+00 3.024477708471407844e+00 -2.102058078748792269e+01
1.846953722155109778e+00 3.153590843633489627e+00 -2.316117580444201707e+01
-2.604920378736435005e+00 3.005046245018430540e+00 -2.433117461607131560e+01
-5.909761193864957463e+00 2.658007008943603644e+00 -2.455233253331069321e+01
-8.071100489796288358e+00 2.164126812215696027e+00 -2.383923227529026434e+01
-9.106897108343135372e+00 1.538422539706662207e+00 -2.219968534811555827e+01
-9.052130381551371840e+00 7.427256979793748215e-01 -1.963562317604696261e+01
-7.961976347261936482e+00 -3.358838123076193227e-01 -1.614308199429095225e+01
-5.895833546155372140e+00 -1.839018824131581464e+00 -1.171722272864499992e+01
-2.907427281857327017e+00 -3.906263227854862130e+00 -6.357382615015229277e+00
9.642304900856599748e-01 -6.653712370218828553e+00 -6.853233824918891770e-02
4.767510956624150253e+00 -9.544416200056037525e+00 5.975367423071324069e+00
7.631377864925629417e+00 -1.186991212899751957e+01 1.062472815980334850e+01
9.653325563833007550e+00 -1.345903352949228271e+01 1.391570966474503024e+01
1.091448371529848060e+01 -1.415913294993028160e+01 1.588845135827668997e+01
1.146145134150289380e+01 -1.385787715408639365e+01 1.657658651333353816e+01
1.128002642115487042e+01 -1.251636021718779546e+01 1.599317761381856684e+01
1.026498309269327258e+01 -1.021780906806354672e+01 1.411942729355740056e+01
8.268135019189145396e+00 -7.121869729595464271e+00 1.092674881136067100e+01
5.133741409390847998e+00 -3.428674003630772127e+00 6.392330872676116549e+00
7.224019310709899333e-01 6.498336581771486653e-01 5.076681839979738653e-01
-4.084088493518811092e+00 4.235534464227993290e+00 -5.481180383066609707e+00
-8.230280244701194903e+00 6.689292746389849498e+00 -1.031632174773375610e+01
-1.156635223402169821e+01 8.198909825905973392e+00 -1.398114477193871252e+01
-1.395216316793779399e+01 8.969693149003166610e+00 -1.647005716711080936e+01
-1.527217330535856910e+01 9.192586914469822901e+00 -1.778780104960829789e+01
-1.545369043550218713e+01 8.998610873511506014e+00 -1.794441668982623383e+01
-1.449454371447549761e+01 8.394780381912870126e+00 -1.694880195478751617e+01
-1.243547538099520366e+01 7.300676634275088617e+00 -1.480914121043326936e+01
-9.343354226494321679e+00 5.578959793504569831e+00 -1.153898050295096489e+01
-5.302285658075123642e+00 3.055555625946359655e+00 -7.164491899786106899e+00
-1.187675481450752191e+00 1.353385520165285572e-01 -2.620443856222789858e+00
2.193174206498738510e+00 -2.633930050772370635e+00 1.176164980440518093e+00
4.868344798730261935e+00 -5.198950382385582714e+00 4.217085340257452408e+00
6.884217046459928824e+00 -7.478381514012200526e+00 6.503853947385341172e+00
8.298514098609693690e+00 -9.374835960586908712e+00 8.050856137191884088e+00
9.168478187654544698e+00 -1.078821820447263669e+01 8.887589195974527456e+00
9.529246256950042238e+00 -1.163310703849693262e+01 9.061021555203788935e+00
9.396972357279565813e+00 -1.183938612551561143e+01 8.629469006494385752e+00
8.773757633063826944e+00 -1.135198271160323991e+01 7.656148965319803601e+00
7.650382380252301218e+00 -1.013183139966301560e+01 6.203346270405812213e+00
6.416310801595646041e+00 -8.678187626610228023e+00 4.691967873365347153e+00
5.466593297072793511e+00 -7.529346022824753959e+00 3.484945594798731783e+00
4.798020351399707728e+00 -6.711723754711354850e+00 2.554355645166040301e+00
4.412125141697632813e+00 -6.244663840398620103e+00 1.876139296146681179e+00
4.313718856848757000e+00 -6.140648425341127314e+00 1.433170596467322033e+00
4.509880535687127434e+00 -6.405465355859019105e+00 1.216692894488088816e+00
5.010144444671796649e+00 -7.037907888457534789e+00 1.223265280504822305e+00
5.825056195807512438e+00 -8.029884350591876441e+00 1.457309728858130704e+00
6.966339513768133429e+00 -9.367194347659742348e+00 1.929494086423877652e+00
8.447542950308521981e+00 -1.103026613492753860e+01 2.653490437232926880e+00
9.812837919716052681e+00 -1.242853032324445550e+01 3.401437306786130765e+00
1.058349502950629706e+01 -1.300291653987028972e+01 3.911587301254143334e+00
1.073721566714396225e+01 -1.278354186583403163e+01 4.142786805124247351e+00
1.024653214007311064e+01 -1.180798579557660055e+01 4.053608567802526430e+00
9.077783200851834877e+00 -1.012022902536741320e+01 3.609064298080019828e+00
7.189304770302874736e+00 -7.769421715915209248e+00 2.788599457313058139e+00
4.530819607529396720e+00 -4.808152985678877833e+00 1.592509082567161061e+00
1.052243942277805600e+00 -1.287890766892278771e+00 3.264830126790616016e-02
-3.291118734578341254e+00 2.744678643561791365e+00 -1.872064964461328307e+00
-8.535076740233421333e+00 7.251114298395194169e+00 -4.098484681860212753e+00
-1.374471663690303025e+01 1.139687686923655008e+01 -6.215136718019220297e+00
-1.791245409599981286e+01 1.442687106259734264e+01 -7.805367059457498868e+00
-2.095972834951609443e+01 1.642735661827648030e+01 -8.877099809716131773e+00
-2.281627078398997455e+01 1.747649992152717502e+01 -9.448092062443713246e+00
-2.342461820036902509e+01 1.763878333707647528e+01 -9.540976638920398045e+00
-2.274699820041659137e+01 1.695674165059475058e+01 -9.175939082043246486e+00
-2.077568385841481913e+01 1.543939580609239570e+01 -8.360592688598716293e+00
-1.752152568728055115e+01 1.307211737871319635e+01 -7.097095211326619690e+00
-1.300740720456922617e+01 9.823116898547006315e+00 -5.387054927467016974e+00
-7.264860165067935860e+00 5.647418392795466424e+00 -3.234667578304787572e+00
-1.392547136562723997e+00 1.274107761131364480e+00 -1.045588307837471476e+00
3.529896481236490136e+00 -2.538194745704579258e+00 7.784828042117886149e-01
7.502906202576287598e+00 -5.786787285501906908e+00 2.233874705766564883e+00
1.053570029686574649e+01 -8.456903571367858419e+00 3.316846252027870090e+00
1.264386329865127578e+01 -1.052461473314033746e+01 4.025978891369810242e+00
1.384641558026047470e+01 -1.195966273086981957e+01 4.366087675050563277e+00
1.416181519526205257e+01 -1.272822214837422727e+01 4.355632191344034787e+00
1.360712381729680409e+01 -1.279627404414019054e+01 4.022814672277556625e+00
1.219721624255216419e+01 -1.213286555275358580e+01 3.401038991670914058e+00
9.943529607745301035e+00 -1.071306903822766898e+01 2.525293624685302163e+00
7.403326190628361836e+00 -8.901936704736177930e+00 1.579400023392610874e+00
5.124930906098011718e+00 -7.086711913204019275e+00 7.225355971380732489e-01
3.102136213235517026e+00 -5.282315840093591675e+00 -5.120919311938101903e-02
1.327672535466804860e+00 -3.503632859078822381e+00 -7.512282407127055528e-01
-2.066763416065222070e-01 -1.764879185247856697e+00 -1.389931965784346746e+00
-1.509977190895472665e+00 -7.852995128567250016e-02 -1.982208418717843923e+00
-2.590403440140158331e+00 1.548758865839135801e+00 -2.542334827708818246e+00
-3.452066294440728544e+00 3.117341758067116331e+00 -3.079603512807125743e+00
-4.094853614655400875e+00 4.632917853824481291e+00 -3.598152244724882820e+00
-4.514784738608811132e+00 6.104937863642516227e+00 -4.097452347551015173e+00
-4.704301105128184446e+00 7.545032104941356010e+00 -4.572746484602562056e+00
-4.652455558296011873e+00 8.965365401426966585e+00 -5.015400432728155167e+00
-4.344993065385164499e+00 1.037683594825126221e+01 -5.413162912126244564e+00
-3.764348389628812797e+00 1.178704231615362552e+01 -5.750359819780308968e+00
-2.889623912332763389e+00 1.319794698665942434e+01 -6.008086059462741879e+00
-1.699730595936947974e+00 1.460152498164508295e+01 -6.167550302687016206e+00
-1.853052471129841283e-01 1.597427434046872996e+01 -6.221887147370427584e+00
1.655868387713452128e+00 1.728585170725513009e+01 -6.171263425835789462e+00
3.820992206992749551e+00 1.850355043874177952e+01 -6.020587000693057078e+00
6.302146877660557145e+00 1.959494902316896514e+01 -5.779480244321919535e+00
9.086501069625510851e+00 2.053061783670989371e+01 -5.461953604905525950e+00
1.215687349695959618e+01 2.128675585705174100e+01 -5.085752411937670914e+00
1.549263558933536800e+01 2.184763215467509312e+01 -4.671394759423185938e+00
1.907089439745874060e+01 2.220772599353076515e+01 -4.240961512965565561e+00
