-2.266711477687177734e+01 -5.367149052909798712e+00 -3.032184219971537686e+01
-1.679890806726157138e+01 -4.589721459096769429e+00 -2.786240888083111855e+01
-1.136695711421781319e+01 -3.865243395858855902e+00 -2.550939035127223065e+01
-6.371261917740493885e+00 -3.193714863196053688e+00 -2.326278661103870249e+01
-1.811822477829613698e+00 -2.575135861108365454e+00 -2.112259766013054474e+01
2.311361205514822270e+00 -2.009506389595791198e+00 -1.908882349854775740e+01
5.998289132292812909e+00 -1.496826448658329589e+00 -1.716146412629032980e+01
9.248961302504365989e+00 -1.037096038295980405e+00 -1.534051954335826373e+01
1.206337771614947840e+01 -6.303151585087447550e-01 -1.362598974975156985e+01
1.444153837322814482e+01 -2.764838092966236394e-01 -1.201787474547024459e+01
1.638344327374037235e+01 2.439800934038482971e-02 -1.051617453051428264e+01
1.788909241768615033e+01 2.723302974022792089e-01 -9.120889104883691090e+00
1.895848580506549297e+01 4.673130548890616076e-01 -7.832018468578461956e+00
1.959162343587839317e+01 6.093462818007301385e-01 -6.649562621598598788e+00
1.978850531012485092e+01 6.984299781372851346e-01 -5.573521563944101587e+00
1.954913142780485913e+01 7.345641438987264848e-01 -4.603895295614973016e+00
1.887350178891843200e+01 7.177487790850551885e-01 -3.740683816611208190e+00
1.776161639346555887e+01 6.479838836962699133e-01 -2.983887126932810663e+00
1.621347524144625396e+01 5.252694577323726577e-01 -2.333505226579781322e+00
1.422907833286049062e+01 3.496055011933603129e-01 -1.789538115552116171e+00
1.180842566770829727e+01 1.209920140792357657e-01 -1.351985793849817208e+00
8.951517245989657923e+00 -1.605710036100025384e-01 -1.020848261472885987e+00
5.658353067704577910e+00 -4.950835518743537111e-01 -7.961255184213198444e-01
1.928933132853050125e+00 -8.825456307138190848e-01 -6.778175646951201117e-01
-2.236742558564909444e+00 -1.322957240128396217e+00 -6.659244002942867890e-01
-6.838674006549316786e+00 -1.816318380118087772e+00 -7.604460252188197655e-01
-1.122770016212445121e+01 -2.318468749275210516e+00 -9.372214033493875274e-01
-1.475465804166211115e+01 -2.785247914584005891e+00 -1.172089426561093273e+00
-1.741954764516193066e+01 -3.216655876044448803e+00 -1.465050094853923124e+00
-1.922236897262390443e+01 -3.612692633656537033e+00 -1.816103408227875526e+00
-2.016312202404805376e+01 -3.973358187420276799e+00 -2.225249366682954033e+00
-2.024180679943436090e+01 -4.298652537335662771e+00 -2.692487970219156423e+00
-1.945842329878282939e+01 -4.588575683402697614e+00 -3.217819218836483586e+00
-1.781297152209345924e+01 -4.843127625621378662e+00 -3.801243112534934632e+00
-1.530545146936625578e+01 -5.062308363991709470e+00 -4.442759651314510450e+00
-1.193586314060122966e+01 -5.246117898513685596e+00 -5.142368835175206598e+00
-8.267589517468882931e+00 -5.365893618529207210e+00 -5.796334875388995833e+00
-4.864015596456573221e+00 -5.392972810874573142e+00 -6.300921612239330116e+00
-1.725141377564752387e+00 -5.327355475549757635e+00 -6.656129045726128624e+00
1.149033139206583121e+00 -5.169041612554763354e+00 -6.861957175849390467e+00
3.758507953857431971e+00 -4.918031221889590299e+00 -6.918406002609118310e+00
6.103283066387779066e+00 -4.574324303554236693e+00 -6.825475526005308602e+00
8.183358476797653935e+00 -4.137920857548704312e+00 -6.583165746037964006e+00
9.998734185087041482e+00 -3.608820883872990493e+00 -6.191476662707081857e+00
1.154941019125594437e+01 -2.987024382527097899e+00 -5.650408276012665709e+00
1.283538649530435549e+01 -2.272531353511024310e+00 -4.959960585954711121e+00
1.400250529768028507e+01 -1.488678398135997671e+00 -4.165062957359422668e+00
1.519660897268922817e+01 -6.588021455326555920e-01 -3.310644808612995149e+00
1.641769752033122032e+01 2.170974042990088115e-01 -2.396706139715430339e+00
1.766577094060625441e+01 1.139020251358992208e+00 -1.423246950666727351e+00
1.894082923351432868e+01 2.106966395647293488e+00 -3.902672414668890699e-01
2.024287239905543956e+01 3.120935837163912652e+00 7.022329878840856132e-01
2.157190043722959416e+01 4.180928575908849254e+00 1.854253737386196921e+00
2.292791334803678893e+01 5.286944611882105960e+00 3.065795007039444187e+00
2.431091113147702032e+01 6.438983945083679217e+00 4.336856796843827411e+00
2.572089378755029543e+01 7.637046575513571689e+00 5.667439106799347037e+00
2.674854604298442240e+01 8.657507339253342593e+00 6.831812974602933686e+00
2.698455067273699726e+01 9.276740006055085530e+00 7.604248361590341787e+00
2.642890767680744446e+01 9.494744575918497631e+00 7.984745267761266696e+00
2.508161705519574980e+01 9.311521048843568238e+00 7.973303693115701307e+00
2.294267880790192748e+01 8.727069424830299127e+00 7.569923637653642956e+00
2.001209293492597041e+01 7.741389703878690298e+00 6.774605101375094307e+00
1.628985943626787858e+01 6.354481885988741752e+00 5.587348084280051808e+00
1.177597831192764488e+01 4.566345971160450823e+00 4.008152586368515458e+00
6.470449561905285307e+00 2.376981959393818400e+00 2.037018607640487922e+00
3.732731862007803159e-01 -2.136101493111519645e-01 -3.260538519040316885e-01
-5.544508588506244173e+00 -2.755285220629097864e+00 -2.656485820297954881e+00
-1.031185122038939816e+01 -4.797897047004223481e+00 -4.529697313298290062e+00
-1.392875470944832728e+01 -6.341445628436367166e+00 -5.945688330904884467e+00
-1.639521905568301818e+01 -7.385930964925523590e+00 -6.904458873117733653e+00
-1.771124425909352595e+01 -7.931353056471713181e+00 -7.406008939936857161e+00
-1.787683031967980796e+01 -7.977711903074919952e+00 -7.450338531362238115e+00
-1.689197723744188195e+01 -7.525007504735151898e+00 -7.037447647393883621e+00
-1.475668501237972308e+01 -6.573239861452400135e+00 -6.167336288031787461e+00
-1.147095364449335264e+01 -5.122408973226669104e+00 -4.840004453275954077e+00
-7.034783133782758213e+00 -3.172514840057955254e+00 -3.055452143126378584e+00
-2.381467177791307677e+00 -1.140883433004716618e+00 -1.197807532405404274e+00
1.555700525937634637e+00 5.551592768745952089e-01 3.488012040646323864e-01
4.776719977404072282e+00 1.915613289579979561e+00 1.584374066283732008e+00
7.281591176607999039e+00 2.940478605111436217e+00 2.508911054251891315e+00
9.070314123549422902e+00 3.629755223468967174e+00 3.122412167969113916e+00
1.014288881822833588e+01 3.983443144652569323e+00 3.424877407435399146e+00
1.049931526064474596e+01 4.001542368662247107e+00 3.416306772650746559e+00
1.013959345079865493e+01 3.684052895498000524e+00 3.096700263615159265e+00
9.063723388690057448e+00 3.030974725159825578e+00 2.466057880328633267e+00
7.271705074319181783e+00 2.042307857647836844e+00 1.524379622791282474e+00
5.412440753558346529e+00 1.038891843621498445e+00 5.933548604939270499e-01
4.134831125178891398e+00 3.415654688004307604e-01 -5.327804038581185342e-03
3.438876189180818610e+00 -4.967126681536648825e-02 -2.716683708062411773e-01
3.324575945564125057e+00 -1.348183632258928011e-01 -2.056668398090537586e-01
3.791930394328814291e+00 8.612417956885187742e-02 1.926767889529830136e-01
4.840939535474884536e+00 6.131563615688664370e-01 9.233625154798663637e-01
6.471603369002336237e+00 1.446278182774153542e+00 1.986390339771598956e+00
8.683921894911167172e+00 2.585489643184710751e+00 3.381760261828178571e+00
1.147789511320134537e+01 4.030790742800519411e+00 5.109472281649584779e+00
1.485352302387193113e+01 5.782181481621142538e+00 7.169526399235303771e+00
1.810649425598029794e+01 7.507384968937077296e+00 9.173171283804597564e+00
2.053250079699112973e+01 8.874125898453318229e+00 1.073165745828145745e+01
2.213154264690444961e+01 9.882404270169866223e+00 1.184498492266587988e+01
2.290361980572024692e+01 1.053222008408672394e+01 1.251315367695787373e+01
2.284873227343851099e+01 1.082357334020388784e+01 1.273616372115743189e+01
2.196688005005925959e+01 1.075646403852135791e+01 1.251401505526455793e+01
2.025806313558248206e+01 1.033089217903913593e+01 1.184670767927924651e+01
1.772228153000818196e+01 9.546857761757221894e+00 1.073424159320150117e+01
1.435953523333635928e+01 8.404360786675615813e+00 9.176616797031327266e+00
1.016982424556701581e+01 6.903401253794315906e+00 7.173833290768715898e+00
5.980427374469492463e+00 5.289194420416063913e+00 5.083784420293231854e+00
2.618627372591768143e+00 3.806956713122803482e+00 3.264365238055432883e+00
8.442423993501124713e-02 2.456688131914882778e+00 1.715575744055827689e+00
-1.622182023500776227e+00 1.238388676792300469e+00 4.374159382944153296e-01
-2.501191417715589616e+00 1.520583477550587759e-01 -5.701141792288028087e-01
-2.552603942709434470e+00 -8.023028551968438560e-01 -1.307014608513828335e+00
-1.776419598482308793e+00 -1.624694932063407204e+00 -1.773285349560659752e+00
-1.726383850342561033e-01 -2.315117882844616837e+00 -1.968926402369296724e+00
2.258739697634792876e+00 -2.873571707540504505e+00 -1.893937766939747913e+00
5.517714649524808834e+00 -3.300056406151052002e+00 -1.548319443272005103e+00
8.855897567395839332e+00 -3.606222384271709380e+00 -1.108092780605129946e+00
1.152488884217089371e+01 -3.803720214159059143e+00 -7.492816461950427831e-01
1.352468847384040274e+01 -3.892549895813251393e+00 -4.718860400439959246e-01
1.485529646240437351e+01 -3.872711429234286573e+00 -2.759059621519888150e-01
1.551671280786279716e+01 -3.744204814422162908e+00 -1.613414125190217874e-01
1.550893751021567546e+01 -3.507030051376881730e+00 -1.281923911450946196e-01
1.483197056946301551e+01 -3.161187140098443038e+00 -1.764588980302075338e-01
1.348581198560480843e+01 -2.706676080586846389e+00 -3.061409331743603635e-01
1.147046175864105599e+01 -2.143496872842091783e+00 -5.172384965775531640e-01
8.785919888571759984e+00 -1.471649516864178553e+00 -8.097515882397858800e-01
6.106145731861350789e+00 -7.615134251472630567e-01 -1.106684950672873313e+00
4.105098644974253475e+00 -8.346801018549886153e-02 -1.331043326388629433e+00
2.782778627910472924e+00 5.624867280211127696e-01 -1.482826715387054239e+00
2.139185680670006029e+00 1.176350789472573322e+00 -1.562035117668148398e+00
2.174319803252853234e+00 1.758124174168881559e+00 -1.568668533231911688e+00
2.888180995659015426e+00 2.307806882110037705e+00 -1.502726962078343442e+00
4.280769257888491275e+00 2.825398913296042203e+00 -1.364210404207444327e+00
6.352084589941281223e+00 3.310900267726895052e+00 -1.153118859619214120e+00
9.102126991817387491e+00 3.764310945402596253e+00 -8.694523283136530445e-01
1.253089646350675856e+01 4.185630946322893564e+00 -5.132108102922136039e-01
1.585283562658006851e+01 4.555176124365288182e+00 -1.979853723673967447e-01
1.828239833998594577e+01 4.853262614988482326e+00 -3.736545643443420217e-02
1.981958460372436193e+01 5.079890418192471557e+00 -3.135106249332458850e-02
2.046439441779538271e+01 5.235059533977266533e+00 -1.799421905440677927e-01
2.021682778219896548e+01 5.318769962342861035e+00 -4.831388405866658964e-01
1.907688469693512090e+01 5.331021703289255065e+00 -9.409410126211181780e-01
1.704456516200382055e+01 5.271814756816446845e+00 -1.553348706647425415e+00
1.411986917740509995e+01 5.141149122924439929e+00 -2.320361922665587606e+00
1.030279674313893246e+01 4.939024801613231652e+00 -3.241980660675603865e+00
5.593347859206517114e+00 4.665441792882880634e+00 -4.318204920677220393e+00
8.252731053141549866e-01 4.360892312378417124e+00 -5.370565569008252993e+00
-3.167680914451375784e+00 4.065868382663576419e+00 -6.220594323010867122e+00
-6.385514200090073089e+00 3.780370003738356299e+00 -6.868291182685061003e+00
-8.828226751601937039e+00 3.504397175602756764e+00 -7.313656148030836412e+00
-1.049581856898696941e+01 3.237949898256780035e+00 -7.556689219048194239e+00
-1.138828965224516487e+01 2.981028171700424778e+00 -7.597390395737131819e+00
-1.150564000137652876e+01 2.733631995933690995e+00 -7.435759678097651815e+00
-1.084786961638106284e+01 2.495761370956578684e+00 -7.071797066129753340e+00
-9.414978497258758239e+00 2.267416296769087403e+00 -6.505502559833434617e+00
-7.206966644009625611e+00 2.048596773371218482e+00 -5.736876159208697423e+00
-4.944849376671617946e+00 1.784293562063473448e+00 -4.884091853340271960e+00
-3.349645453356779434e+00 1.419497161841475119e+00 -4.065324194811213765e+00
-2.421354874066131480e+00 9.542075727051453349e-01 -3.280573183621691591e+00
-2.159977638799673194e+00 3.884247946544840957e-01 -2.529838819771707659e+00
-2.565513747557405466e+00 -2.778511723105085984e-01 -1.813121103261259304e+00
-3.637963200339329184e+00 -1.044620328189832748e+00 -1.130420034090347414e+00
-5.377325997145444347e+00 -1.911882672983488796e+00 -4.817356122589721013e-01
-7.783602137975688784e+00 -2.879638206691454094e+00 1.329321622328536456e-01
-1.085679162283017085e+01 -3.947886929313771720e+00 7.135832893851564718e-01
-1.459689445170884170e+01 -5.116628840850419024e+00 1.260217769197923054e+00
-1.815752683953449065e+01 -6.195198346961405811e+00 1.741589354858927186e+00
-2.069229289355859081e+01 -6.992927125801330135e+00 2.126451352572797937e+00
-2.220119261377030995e+01 -7.509815177367756611e+00 2.414803762339135407e+00
-2.268422600016965163e+01 -7.745862501660685240e+00 2.606646584157941149e+00
-2.214139305275661940e+01 -7.701069098680114244e+00 2.701979818029213387e+00
-2.057269377153120615e+01 -7.375434968426043625e+00 2.700803463952953010e+00
-1.797812815649341900e+01 -6.768960110898472493e+00 2.603117521929160016e+00
-1.435769620764325438e+01 -5.881644526097406178e+00 2.408921991957833963e+00
-9.711397924980710528e+00 -4.713488214022836686e+00 2.118216874038974851e+00
-4.039233308505789211e+00 -3.264491174674770235e+00 1.731002168172582900e+00
1.509689473035610296e+00 -1.816582442767946892e+00 1.326807591789787244e+00
5.786262250897586945e+00 -6.516910530171079463e-01 9.851628623217157932e-01
8.790485025080140957e+00 2.301829945777448261e-01 7.060679797683692138e-01
1.052235779558327522e+01 8.290397000166130903e-01 4.895229441297472839e-01
1.098188056240698884e+01 1.144879063299496069e+00 3.355277554058502254e-01
1.016905332555127828e+01 1.177701084426393763e+00 2.440824135966778163e-01
8.083876085016141744e+00 9.275057633973056159e-01 2.151869187022300012e-01
4.726348840801589901e+00 3.942931002122334050e-01 2.488412707225070020e-01
9.647159290761564421e-02 -4.219369051288248684e-01 3.450454696575086522e-01
-5.805755658648143580e+00 -1.521184252622461486e+00 5.037995155067069852e-01
-1.160141738412244017e+01 -2.637110023548348003e+00 6.838310682603552237e-01
-1.591161777912294895e+01 -3.503379109157489069e+00 8.438683783084605095e-01
-1.873635684364962017e+01 -4.119991509449874023e+00 9.839114456510196227e-01
-2.007563457770259419e+01 -4.486947224425530401e+00 1.103960270288039558e+00
-1.992945098128177861e+01 -4.604246254084440437e+00 1.204014852219516429e+00
-1.829780605438718055e+01 -4.471888598426605022e+00 1.284075191445450459e+00
-1.518069979701878580e+01 -4.089874257452025041e+00 1.344141287965841203e+00
-1.057813220917661212e+01 -3.458203231160698277e+00 1.384213141780689327e+00
-4.490103290860648855e+00 -2.576875519552626503e+00 1.404290752889994387e+00
3.083386957926767646e+00 -1.445891122628149228e+00 1.404374121293749722e+00
1.049902493692609262e+01 -3.046614853584327376e-01 1.379603638903874829e+00
1.611350488178195306e+01 6.074030888843429121e-01 1.325119720804630363e+00
1.992682679249434230e+01 1.290302600100176278e+00 1.240922366996016102e+00
2.193899066906326922e+01 1.744037048289067693e+00 1.127011577478032045e+00
2.214999651148872317e+01 1.968606433451017823e+00 9.833873522506784148e-01
2.055984431977076454e+01 1.964010755586028445e+00 8.100496913139594302e-01
1.716853409390923701e+01 1.730250014694092231e+00 6.069985946678622124e-01
1.197606583390442481e+01 1.267324210775229831e+00 3.742340623124050802e-01
4.982439539755876723e+00 5.752333438293999457e-01 1.117560942475672725e-01
-3.812344788495741987e+00 -3.460225861386861390e-01 -1.804353095256207573e-01
-1.264690332937474260e+01 -1.291936823759385344e+00 -4.580422309842235307e-01
-1.975988585669361797e+01 -2.058006514268547527e+00 -6.767675970099108484e-01
-2.515129237045299604e+01 -2.644231657666238799e+00 -8.366114076027013624e-01
-2.882112287065240253e+01 -3.050612253952408537e+00 -9.375736627625812503e-01
-3.076937735729216428e+01 -3.277148303127093598e+00 -9.796543624895598379e-01
-3.099605583037210010e+01 -3.323839805190272223e+00 -9.628535067836332395e-01
-2.950115828989223488e+01 -3.190686760141948852e+00 -8.871710956447997898e-01
-2.628468473585270004e+01 -2.877689167982135920e+00 -7.526071290730658170e-01
-2.134663516825321850e+01 -2.384847028710805006e+00 -5.591616070684203299e-01
-1.468700958710189219e+01 -1.712160342328788554e+00 -3.068345296311696391e-01
-7.656712866163618791e+00 -9.981405176919704303e-01 -4.663317556494953747e-02
-1.606636996056066469e+00 -3.812976427172812821e-01 1.704356627666901991e-01
3.463218023221298125e+00 1.383682825953334306e-01 3.443719853637686179e-01
7.552852191668024240e+00 5.608572582458275502e-01 4.751757922262701550e-01
1.066226550928447736e+01 8.861692842342390186e-01 5.628470833542069673e-01
1.279145797607037949e+01 1.114304360560538498e+00 6.073858587475706727e-01
1.394042959202591625e+01 1.245262487224746195e+00 6.087921184063656010e-01
1.410918035715099705e+01 1.279043664226851007e+00 5.670658623305915302e-01
1.329771027144562545e+01 1.215647891566855598e+00 4.822070905202444635e-01
1.150601933490987960e+01 1.055075169244765299e+00 3.542158029753325055e-01
9.493092884887674998e+00 8.517162968910573229e-01 2.392443749486400373e-01
8.017916258722889822e+00 6.599620741362004495e-01 1.934451816929543821e-01
7.080489456415659077e+00 4.798125009802122198e-01 2.168182232082796757e-01
6.680812477965897500e+00 3.112675774230763137e-01 3.093634994946178329e-01
6.818885323373638840e+00 1.543273034648077191e-01 4.710810105519608326e-01
7.494707992638897309e+00 8.991679105392447191e-03 7.019707563803228023e-01
8.708280485761612510e+00 -1.247392956551565540e-01 1.002032736979683536e+00
1.045960280274189458e+01 -2.468656208168510668e-01 1.371266952350069346e+00
1.274867494357958186e+01 -3.573872963796803637e-01 1.809673402491447591e+00
1.557549690827488220e+01 -4.563043223436541451e-01 2.317252087403857352e+00
1.818825158588435187e+01 -5.417483871855123256e-01 2.772055576756931927e+00
1.983511469555693196e+01 -6.118511615643507096e-01 3.052135277235593858e+00
2.051608623728819580e+01 -6.666126454801521994e-01 3.157491188839125940e+00
2.023116621107820734e+01 -7.060328389329220133e-01 3.088123311567538387e+00
1.898035461692699499e+01 -7.301117419226565985e-01 2.844031645420836085e+00
1.676365145483444508e+01 -7.388493544493579535e-01 2.425216190398998162e+00
1.358105672480075121e+01 -7.322456765130254119e-01 1.831676946502060588e+00
9.432570426825636289e+00 -7.103007081136583079e-01 1.063413913729972293e+00
4.318192560909466238e+00 -6.730144492512585286e-01 1.204270920827994473e-01
-1.762076872948215467e+00 -6.203868999258228545e-01 -9.972835184395392183e-01
-7.769836356872365180e+00 -5.472889443747674942e-01 -2.223020363047180759e+00
-1.266666456693380205e+01 -4.485913690047950153e-01 -3.490084614787984929e+00
-1.645256150310846976e+01 -3.242941738157972820e-01 -4.798476273660321922e+00
-1.912752716539671738e+01 -1.743973588077634973e-01 -6.148195339664310310e+00
-2.069156155379829087e+01 1.099076019293265816e-03 -7.539241812799826192e+00
-2.114466466831335012e+01 2.021951306653788638e-01 -8.971615693066933517e+00
-2.048683650894182406e+01 4.288908051305040381e-01 -1.044531698046569446e+01
-1.871807707568379087e+01 6.811860994146485826e-01 -1.196034567499598111e+01
-1.583838636853908177e+01 9.590810135178349238e-01 -1.351670177665792494e+01
-1.184776438752761685e+01 1.262575547439060086e+00 -1.511438528544492144e+01
-7.611118930896785706e+00 1.548640159340861411e+00 -1.646893452886053666e+01
-3.993341300303937302e+00 1.774246128098339925e+00 -1.729589326001274685e+01
-9.944314957487548901e-01 1.939393453711516280e+00 -1.759526147890163017e+01
1.385610482768497853e+00 2.044082136180374931e+00 -1.736703918552715464e+01
3.146784635248033535e+00 2.088312175504926316e+00 -1.661122637988930961e+01
4.289090961689692172e+00 2.072083571685165548e+00 -1.532782306198815192e+01
4.812529462093576349e+00 1.995396324721091519e+00 -1.351682923182356788e+01
4.717100136459642989e+00 1.858250434612711555e+00 -1.117824488939572980e+01
4.002802984787879659e+00 1.660645901360012555e+00 -8.312070034704419186e+00
2.669638007080384234e+00 1.402582724963117089e+00 -4.918304667752676274e+00
1.075433800625444025e+00 1.102419786838053195e+00 -1.486675523371678409e+00
-4.219844497854732257e-01 7.785157933181093837e-01 1.493095333974289618e+00
-1.822616744152497859e+00 4.308707444032566780e-01 4.021007904285488266e+00
-3.126463082475507083e+00 5.948464009352594228e-02 6.097062187561697932e+00
-4.333523464754616583e+00 -3.356425196111156306e-01 7.721258183803101360e+00
-5.443797890989717558e+00 -7.545107347106330131e-01 8.893595893009553777e+00
-6.457286361180911705e+00 -1.197120005205063453e+00 9.614075315181159098e+00
-7.373988875328105763e+00 -1.663470331094367705e+00 9.882696450317855152e+00
-8.193905433431382335e+00 -2.153561712378587512e+00 9.699459298419663256e+00
-8.917036035490671253e+00 -2.667394149057678021e+00 9.064363859486599395e+00
-9.372396594656823510e+00 -3.071282088869655702e+00 8.183600563506191250e+00
-9.389003024080651016e+00 -3.231539979552514819e+00 7.263359840465915873e+00
-8.966855323762151997e+00 -3.148167821106240716e+00 6.303641690365856753e+00
-8.105953493701290924e+00 -2.821165613530827621e+00 5.304446113205929514e+00
-6.806297533898142404e+00 -2.250533356826303066e+00 4.265773108986219420e+00
-5.067887444352585646e+00 -1.436271050992616427e+00 3.187622677706637653e+00
-2.890723225064785851e+00 -3.783786960298414215e-01 2.069994819367278360e+00
-2.748048760345440655e-01 9.231437080621165414e-01 9.128895339680429544e-01
2.779867602737909671e+00 2.468296161283143775e+00 -2.836931784909664245e-01
6.273294211252843589e+00 4.257078663633375726e+00 -1.519753318009855469e+00
9.531243937424335400e+00 5.817334922085628968e+00 -2.774446868655735976e+00
1.187947933917986632e+01 6.676904140766273699e+00 -4.026929615711316579e+00
1.331800041651539424e+01 6.835786319672548572e+00 -5.277201559176369905e+00
1.384680716943105594e+01 6.293981458804468687e+00 -6.525262699051006976e+00
1.346589959792679814e+01 5.051489558162083782e+00 -7.771113035335116770e+00
1.217527770200258175e+01 3.108310617745284610e+00 -9.014752568028809421e+00
9.974941481658529341e+00 4.644446375542390371e-01 -1.025618129713197391e+01
6.864890936894441964e+00 -2.880108382411286527e+00 -1.149539922264472303e+01
2.845126067710596729e+00 -6.925348442150992767e+00 -1.273240634456694664e+01
-2.084353125893365188e+00 -1.167127554166524028e+01 -1.396720266289874957e+01
-7.078026864110834815e+00 -1.622631611757496728e+01 -1.493247224520270322e+01
-1.129035924002998215e+01 -1.969887960098439450e+01 -1.536089406036439087e+01
-1.472135025363121130e+01 -2.208896599187293219e+01 -1.525246810837769473e+01
-1.737099990491483581e+01 -2.339657529024080418e+01 -1.460719438924261659e+01
-1.923930819388059632e+01 -2.362170749608788611e+01 -1.342507290295919375e+01
-2.032627512052865271e+01 -2.276436260941426326e+01 -1.170610364952742977e+01
-2.063190068485898365e+01 -2.082454063021981838e+01 -9.450286628947194956e+00
-2.015618488687157495e+01 -1.780224155850473977e+01 -6.657621841218704262e+00
-1.889912772656637685e+01 -1.369746539426874143e+01 -3.328109286341700113e+00
-1.686072920395488950e+01 -8.510212137535809518e+00 5.382510356698821941e-01
-1.454193856713113853e+01 -3.278923731276409459e+00 4.341723755443732458e+00
-1.244369550946616521e+01 9.579776879865669059e-01 7.482584942501244285e+00
-1.056600003095979190e+01 4.200492120253494832e+00 9.960834596842698119e+00
-8.908852131612180258e+00 6.448619565524086994e+00 1.177647271846787191e+01
-7.472251811423180179e+00 7.702360023798540567e+00 1.292949930737692554e+01
-6.256199070392924888e+00 7.961713495076745417e+00 1.341991436356975420e+01
-5.260693908521303364e+00 7.226679979358724637e+00 1.324771788704640940e+01
-4.485736325808406200e+00 5.497259476644546616e+00 1.241290987780690358e+01
-3.931326322254163230e+00 2.773451986934055924e+00 1.091549033585115858e+01
-3.597463897858385717e+00 -9.447424897673293298e-01 8.755459261182435782e+00
-3.442436531056431548e+00 -4.746246901476364854e+00 6.482522385818511701e+00
-3.424532098082699871e+00 -7.719992884860081617e+00 4.646380199409522405e+00
-3.543750598937187579e+00 -9.865980439918729417e+00 3.247032701955302691e+00
-3.800092033619884901e+00 -1.118420956665212529e+01 2.284479893455977795e+00
-4.193556402130815819e+00 -1.167468026506039003e+01 1.758721773911462893e+00
-4.724143704469943472e+00 -1.133739253514347745e+01 1.669758343321803506e+00
-5.391853940637316711e+00 -1.017234637690135024e+01 2.017589601686992751e+00
-6.196687110632874251e+00 -8.179541790334122098e+00 2.802215549006997541e+00
-7.138643214456688924e+00 -5.358978775441610942e+00 4.023636185281890931e+00
-8.217722252108677239e+00 -1.710657332224066352e+00 5.681851510511561898e+00
-9.339315297285903483e+00 2.007065525166431996e+00 7.349091402587903055e+00
-1.040881342368544082e+01 5.035832782577823963e+00 8.597585739402807903e+00
-1.142621663130719512e+01 7.375644440009835101e+00 9.427334520956165420e+00
-1.239152492015126228e+01 9.026500497462679462e+00 9.838337747248051102e+00
-1.330473829021754639e+01 9.988400954936206944e+00 9.830595418278427644e+00
-1.416585674150612917e+01 1.026134581243050192e+01 9.404107534047291495e+00
-1.497488027401694488e+01 9.845335069945544859e+00 8.558874094554685286e+00
-1.573180888775005748e+01 8.740368727481294897e+00 7.294895099800530858e+00
-1.643664258270539591e+01 6.946446785037847960e+00 5.612170549784938345e+00
-1.708938135888303478e+01 4.463569242615053057e+00 3.510700444507765638e+00
-1.759418471502790027e+01 1.837728758258536210e+00 1.373462129866301895e+00
-1.785521123587606596e+01 -3.850768029792198122e-01 -4.165633958750341037e-01
-1.787246092142695275e+01 -2.204847441094914817e+00 -1.859376132713907115e+00
-1.764593377168058197e+01 -3.621583156088712840e+00 -2.954976080650448367e+00
-1.717562978663695716e+01 -4.635283947960485484e+00 -3.703363239684558827e+00
-1.646154896629603925e+01 -5.245949816710323788e+00 -4.104537609816305554e+00
-1.550369131065789574e+01 -5.453580762338173571e+00 -4.158499191045650356e+00
-1.430205681972243781e+01 -5.258176784844051710e+00 -3.865247983372601226e+00
-1.285664549348977737e+01 -4.659737884227977744e+00 -3.224783986797182145e+00
-1.116745733195977941e+01 -3.658264060489897496e+00 -2.237107201319338934e+00
-9.298804618356873775e+00 -2.476142594890057502e+00 -1.127698384148944744e+00
-7.315000862571930718e+00 -1.335765010414565079e+00 -1.220425932254699114e-01
-5.216046064606591592e+00 -2.371313070685794333e-01 7.798601714458690548e-01
-3.001940224460670326e+00 8.197585151479992449e-01 1.578009909865153659e+00
-6.726833421343609842e-01 1.834904456235074921e+00 2.272406622032311141e+00
1.771724582372429246e+00 2.808306516192696556e+00 2.863050307947381246e+00
4.331283549059818938e+00 3.739964695020904450e+00 3.349940967610381293e+00
7.005993557927578053e+00 4.629878992719615560e+00 3.733078601021269538e+00
9.795854608975949063e+00 5.478049409288909821e+00 4.012463208180079732e+00
1.270086670219659375e+01 6.284475944727069496e+00 4.188094789087328351e+00
1.536554167802726489e+01 6.977004617166312705e+00 4.283822335074368048e+00
1.743439815721486141e+01 7.483482820948666792e+00 4.323494382595078456e+00
1.890743613975957871e+01 7.803910556074177940e+00 4.307110931649464014e+00
1.978465562566127289e+01 7.938287822542814176e+00 4.234671982237526500e+00
2.006605661492001502e+01 7.886614620354588823e+00 4.106177534359259695e+00
1.975163910753580154e+01 7.648890949509505433e+00 3.921627588014673815e+00
1.884140310350858982e+01 7.225116810007544466e+00 3.681022143203752872e+00
1.733534860283846513e+01 6.615292201848745890e+00 3.384361199926519514e+00
1.523347560552529067e+01 5.819417125033051086e+00 3.031644758182945321e+00
1.253578411157285366e+01 4.837491579561711497e+00 2.622872817973391335e+00
9.875527790532061090e+00 3.877046479841248061e+00 2.215796959137448230e+00
7.885954272816260158e+00 3.145610761122287879e+00 1.868168210756404823e+00
6.567063558425267900e+00 2.643184423404766115e+00 1.579986572830230029e+00
5.918855647359205108e+00 2.369767466688727175e+00 1.351252045358948717e+00
5.941330539618011386e+00 2.325359890974147081e+00 1.181964628342541790e+00
6.634488235201686734e+00 2.509961696261029829e+00 1.072124321781023237e+00
7.998328734110291549e+00 2.923572882549390961e+00 1.021731125674383733e+00
1.003285203634370504e+01 3.566193449839194951e+00 1.030785040022627719e+00
1.273805814190210839e+01 4.437823398130499086e+00 1.099286064825756082e+00
1.611394705078526002e+01 5.538462727423223875e+00 1.227234200083762605e+00
1.924921438074716207e+01 6.562258075262584534e+00 1.355985096400110557e+00
2.123255574954176694e+01 7.203356079193774519e+00 1.426894404378263204e+00
2.206397115716889701e+01 7.461756739216740542e+00 1.439962124018214107e+00
2.174346060362863398e+01 7.337460055331507469e+00 1.395188255319965043e+00
2.027102408892099916e+01 6.830466027538081519e+00 1.292572798283519342e+00
1.764666161304585756e+01 5.940774655836415619e+00 1.132115752908868123e+00
1.387037317600346142e+01 4.668385940226599473e+00 9.138171191960258177e-01
8.942158777793457247e+00 3.013299880708512291e+00 6.376768971449729984e-01
2.862018418416280241e+00 9.755164772823006203e-01 3.036950867557337563e-01
-4.370047902128593620e+00 -1.444964270052213173e+00 -8.812831197172110720e-02
-1.146179449025832753e+01 -3.816786937356233089e+00 -4.685510763389311717e-01
-1.712096332853926484e+01 -5.708591986953202913e+00 -7.683303233002383159e-01
-2.134755441696355405e+01 -7.120379418840506958e+00 -9.874660528552219318e-01
-2.414156775553158241e+01 -8.052149233018273122e+00 -1.125958265003902392e+00
-2.550300334424309057e+01 -8.503901429486415253e+00 -1.183806959746267040e+00
-2.543186118309820287e+01 -8.475636008244972430e+00 -1.161012137082320539e+00
-2.392814127209692288e+01 -7.967352969293949094e+00 -1.057573797012065331e+00
-2.099184361123911913e+01 -6.979052312633299948e+00 -8.734919395354923122e-01
-1.662296820052505808e+01 -5.510734038263114698e+00 -6.087665646526176921e-01
-1.082151503995434716e+01 -3.562398146183258341e+00 -2.633976723634179340e-01
-4.707260786592612156e+00 -1.512844707479788386e+00 9.230729150129714233e-02
5.999965443234747120e-01 2.591189816805454793e-01 3.880395400946784479e-01
5.100256952767987961e+00 1.753492921288974493e+00 6.237990734151014349e-01
8.793520438741326828e+00 2.970277111345632104e+00 7.995858914625874059e-01
1.167978700224316313e+01 3.909471551850409288e+00 9.153999942371198184e-01
1.375905664327367539e+01 4.571076242803365552e+00 9.712413817387086645e-01
1.503132936183286539e+01 4.955091184204500898e+00 9.671100539673532781e-01
1.549660515792074200e+01 5.061516376053813993e+00 9.030060109230457766e-01
1.515488403153722174e+01 4.890351818351286184e+00 7.789292526057974841e-01
1.400616598269174595e+01 4.441597511100464857e+00 5.948797790166628907e-01
1.246257743886710756e+01 3.870421825393355331e+00 3.973862087639680185e-01
1.093623696696128000e+01 3.331990172758932722e+00 2.329762730046945896e-01
9.427144566974538620e+00 2.826302553197291623e+00 1.016499717388716501e-01
7.935300238906738635e+00 2.353358966708381850e+00 3.407304966483289121e-03
6.460703982757887154e+00 1.913159413292205402e+00 -6.175172731247054181e-02
5.003355798527853615e+00 1.505703892948726308e+00 -9.382712509799118195e-02
3.563255686216896478e+00 1.130992405678016954e+00 -9.281888839007296221e-02
2.140403645824886514e+00 7.890249514800400377e-01 -5.872701718872028187e-02
7.347996773518228331e-01 4.798015303547952803e-01 8.448488506066997861e-03
-6.535562191503471174e-01 2.033221423144875861e-01 1.087076286886873994e-01
-1.770200129729698313e+00 1.934271536264376562e-02 2.146260887792144911e-01
-2.360682700403891054e+00 -1.238424162441506549e-02 2.987811233678890344e-01
-2.425003931172924787e+00 1.081412713533113079e-01 3.611727324547110429e-01
-1.963163822036737116e+00 3.809192542958532712e-01 4.018009160396832646e-01
-9.751623729954088660e-01 8.059497072031630571e-01 4.206656741227983720e-01
5.390004159510795034e-01 1.383232630075257763e+00 4.177670067040609725e-01
2.579324544802723551e+00 2.112768022912137500e+00 3.931049137834709550e-01
5.145810013559779961e+00 2.994555885713887200e+00 3.466793953610233792e-01
8.238456822221786879e+00 4.028596218480349656e+00 2.784904514367264605e-01
1.185726497078895392e+01 5.214889021211599029e+00 1.885380820105770627e-01
1.525655321903041539e+01 6.300469534624374646e+00 9.393217682143820135e-02
1.769064032671530384e+01 7.032372999435423822e+00 1.178262560817317298e-02
1.915952629384371164e+01 7.410599415644762544e+00 -5.791057162922384066e-02
1.966321112041537589e+01 7.435148783252323312e+00 -1.151474148907403183e-01
1.920169480643046711e+01 7.106021102258157640e+00 -1.599279041763830844e-01
1.777497735188899242e+01 6.423216372662262863e+00 -1.922520394861520487e-01
1.538305875679068535e+01 5.386734594464531511e+00 -2.121198208200484880e-01
1.202593902113598467e+01 3.996575767665150547e+00 -2.195312481780689051e-01
7.703618144924709199e+00 2.252739892264040478e+00 -2.144863215602155482e-01
2.416096128156862477e+00 1.552269682612035240e-01 -1.969850409664884727e-01
-2.838648559429163054e+00 -1.907116518426418716e+00 -1.735338730533243223e-01
-7.062580342286251422e+00 -3.545421831509027122e+00 -1.506396567868328040e-01
-1.025569922021068869e+01 -4.759688970907249406e+00 -1.283023921683432989e-01
-1.241800519320247531e+01 -5.549917936621087122e+00 -1.065220791978559178e-01
-1.354949826126166457e+01 -5.916108728650553594e+00 -8.529871787536866257e-02
-1.365017842438805395e+01 -5.858261346995581320e+00 -6.463230820088536333e-02
-1.272004568258179802e+01 -5.376375791656228031e+00 -4.452285017440409109e-02
-1.075910003584288432e+01 -4.470452062632487511e+00 -2.497034379592486669e-02
-7.767341484171014443e+00 -3.140490159924224312e+00 -5.974789065446024783e-03
-3.744770027566710624e+00 -1.386490083531675133e+00 1.246381401702908315e-02
4.365760111459675574e-01 4.220364201257925663e-01 2.934758501227114486e-02
3.904641676232635916e+00 1.915570556709485839e+00 4.367862444787691534e-02
6.659426967673680586e+00 3.094112326211092778e+00 5.545693232382458565e-02
8.700931885468609295e+00 3.957661728630406106e+00 6.468250864011211576e-02
1.002915642961770182e+01 4.506218763967542174e+00 7.135535339674065058e-02
1.064410060012095904e+01 4.739783432222503201e+00 7.547546659371016931e-02
1.054576439697837564e+01 4.658355733395287857e+00 7.704284823102068580e-02
9.734147820189853917e+00 4.261935667485847290e+00 7.605749830867203354e-02
8.209250869755530644e+00 3.550523234494252112e+00 7.251941682666430966e-02
5.971073545688881268e+00 2.524118434426611213e+00 6.642860378502840613e-02
3.613664864084363604e+00 1.452357296024292310e+00 5.913946524262203575e-02
1.731062510599131077e+00 6.048707051969465232e-01 5.200638142539574377e-02
3.232664852335150885e-01 -1.834133805527526917e-02 4.502935233335077919e-02
-6.097232120126692134e-01 -4.172788337324592201e-01 3.820837796648651058e-02
-1.067906581139423938e+00 -5.919417818346043303e-01 3.154345832480295181e-02
-1.051283622146726771e+00 -5.423301823616970552e-01 2.503459340829950960e-02
-5.598543350345788205e-01 -2.684440353137453883e-01 1.868178321697734623e-02
4.063812801969985955e-01 2.297166593092443421e-01 1.248502775083588749e-02
1.847423223548006810e+00 9.521519015072732461e-01 6.444327009875112575e-03
3.763271494948422724e+00 1.898861691243206584e+00 5.596809952468572661e-04
5.810804763368593306e+00 2.887919755541961564e+00 4.623852469116812580e-04
7.646921330567117536e+00 3.737410230924063992e+00 1.178341309218784369e-02
9.271621196543993193e+00 4.447333117389513646e+00 3.452276453107534782e-02
1.068490436129933840e+01 5.017688414938356267e+00 6.868043956357773594e-02
1.188677082483290448e+01 5.448476123570488383e+00 1.142564381896889469e-01
1.287722058714482110e+01 5.739696243285969501e+00 1.712507604094114788e-01
1.365625364823509003e+01 5.891348774084795181e+00 2.396634062227453454e-01
1.422387000810375213e+01 5.903433715966967199e+00 3.194943756296982351e-01
1.458006966675070970e+01 5.775951068932476673e+00 4.107436686302557427e-01
1.472485262417601959e+01 5.508900832981335149e+00 5.134112852244246961e-01
1.451096430889962896e+01 5.100106431528480755e+00 6.127886432757045920e-01
1.379115014944148498e+01 4.547391287988853392e+00 6.941671606475949829e-01
1.256541014580145799e+01 3.850755402362387336e+00 7.575468373401006428e-01
1.083374429797976646e+01 3.010198774649203823e+00 8.029276733532104693e-01
8.596152605976321581e+00 2.025721404849247342e+00 8.303096686869309018e-01
5.852635069791125133e+00 8.973232929625196697e-01 8.396928233412616072e-01
2.603191689423860922e+00 -3.749955610111004312e-01 8.310771373162014752e-01
-1.152177535124884855e+00 -1.791235157071384698e+00 8.044626106117519493e-01
-5.413472603855383980e+00 -3.351395495218442377e+00 7.598492432279126962e-01
-1.018069351676763645e+01 -5.055476575452272137e+00 6.972370351646842712e-01
-1.473670881681917066e+01 -6.661525557042829782e+00 6.218027136993857784e-01
-1.836434601164134151e+01 -7.927575754359457605e+00 5.387233023293660494e-01
-2.106360510108783757e+01 -8.853627167352795979e+00 4.479988010556780198e-01
-2.283448608515866596e+01 -9.439679796022854674e+00 3.496292098783217450e-01
-2.367698896385386220e+01 -9.685733640369630137e+00 2.436145287972874274e-01
-2.359111373717326288e+01 -9.591788700393085065e+00 1.299547578125939129e-01
-2.257686040511699943e+01 -9.157844976093254985e+00 8.649896924232070017e-03
-2.063422896768506121e+01 -8.383902467470138120e+00 -1.203000538677980458e-01
-1.776321942487716044e+01 -7.269961174523620784e+00 -2.568950945635088412e-01
-1.396383177669380160e+01 -5.816021097253903704e+00 -4.011352251628761967e-01
-9.783887551490712653e+00 -4.210262403011064691e+00 -4.746351807553379487e-01
-5.771218726552520550e+00 -2.640868848418500114e+00 -3.990082013411357376e-01
-1.925825301891344266e+00 -1.107840433480353326e+00 -1.742542869184608989e-01
1.752292722492139188e+00 3.888228418031032252e-01 1.996265625126469878e-01
5.263135346598271092e+00 1.849120977432006985e+00 7.226343469522009677e-01
8.606702570427055221e+00 3.273053973406358175e+00 1.394769066400201485e+00
1.178299439397849113e+01 4.660621829726157017e+00 2.216030720856647207e+00
1.479201081725283728e+01 6.011824546391521196e+00 3.186419310321632725e+00
1.763375184024955900e+01 7.326662123402210014e+00 4.305934834794984845e+00
2.030821746296142294e+01 8.605134560754660100e+00 5.574577294271478856e+00
2.248493815406792962e+01 9.685056879469891911e+00 6.759044121546883055e+00
2.383345068537209599e+01 1.040424719396137476e+01 7.626037199251989307e+00
2.435375505687367692e+01 1.076270550422898253e+01 8.175556527386646621e+00
2.404585126857282873e+01 1.076043181027279338e+01 8.407602105950939375e+00
2.290973932046955142e+01 1.039742611209281620e+01 8.322173934944874674e+00
2.094541921256364247e+01 9.673688409688958600e+00 7.919272014368397450e+00
1.815289094485543586e+01 8.589218703061355598e+00 7.198896344221580534e+00
1.453215451734480368e+01 7.144016992209959227e+00 6.161046924504406164e+00
1.008320993003174415e+01 5.338083277134766824e+00 4.805723755216868120e+00
4.806057183078715767e+00 3.171417557903054352e+00 3.132926836414791971e+00
-5.029014905120450241e-01 9.738003830834582875e-01 1.416246783776535789e+00
-5.047309426448470582e+00 -9.250065682080403917e-01 -7.074144138478626054e-02
-8.827166624730560684e+00 -2.525003295971440131e+00 -1.328037839069174275e+00
-1.184247308535854692e+01 -3.826189800206845959e+00 -2.355642409276710314e+00
-1.409322880833189906e+01 -4.828566080914023395e+00 -3.153555152007211149e+00
-1.557943379365091197e+01 -5.532132138093103890e+00 -3.721776067260778920e+00
-1.630108804131559452e+01 -5.936887971744085668e+00 -4.060305155037412739e+00
-1.625819155132590055e+01 -6.042833581866966952e+00 -4.169142415337113050e+00
-1.545074432368184070e+01 -5.849968968461726426e+00 -4.048287848159858981e+00
-1.387874635838344695e+01 -5.358294131528388959e+00 -3.697741453505672293e+00
-1.206437092439558434e+01 -4.763551665726142303e+00 -3.266125595299772311e+00
-1.052979129068312503e+01 -4.261484165714175099e+00 -2.902062637467381911e+00
-9.275007457245969533e+00 -3.852091631492456258e+00 -2.605552580008476671e+00
-8.300019424084338127e+00 -3.535374063061058614e+00 -2.376595422923109879e+00
-7.604827191198107350e+00 -3.311331460419940420e+00 -2.215191166211250895e+00
-7.189430758587278092e+00 -3.179963823569102566e+00 -2.121339809872901050e+00
-7.053830126251853017e+00 -3.141271152508545939e+00 -2.095041353908060344e+00
-7.198025294191852552e+00 -3.195253447238276756e+00 -2.136295798316734551e+00
-7.622016262407254494e+00 -3.341910707758287913e+00 -2.245103143098917009e+00
-8.325803030898057955e+00 -3.581242934068578521e+00 -2.421463388254608162e+00
-9.022605920252727785e+00 -3.819120276421951843e+00 -2.603114273164730097e+00
-9.425628841101199029e+00 -3.961407498821614137e+00 -2.727789974471311663e+00
-9.534871793384857241e+00 -4.008104601248328791e+00 -2.795490492161631035e+00
-9.350334777103707751e+00 -3.959211583702096693e+00 -2.806215826235687771e+00
-8.872017792257688384e+00 -3.814728446182900079e+00 -2.759965976693475209e+00
-8.099920838846887960e+00 -3.574655188690763374e+00 -2.656740943535002231e+00
-7.034043916871278057e+00 -3.238991811225679474e+00 -2.496540726760266615e+00
-5.674387026330853345e+00 -2.807738313787648821e+00 -2.279365326369267919e+00
-4.020950167225461058e+00 -2.280894696376619013e+00 -2.005214742361980385e+00
-2.073733339555389854e+00 -1.658460958992683976e+00 -1.674088974738452196e+00
-1.239073352688002394e-01 -9.818480635589932337e-01 -1.266437408201089188e+00
1.537351500010810224e+00 -2.924677618548593983e-01 -7.627090545517049014e-01
2.910043166276928606e+00 4.096799461188387892e-01 -1.629039137897974054e-01
3.994167663529316403e+00 1.124595060361976762e+00 5.329780140845273850e-01
4.789724991768103735e+00 1.852277580874616358e+00 1.324936729071318098e+00
5.296715150993292376e+00 2.592727507656757524e+00 2.212972231170574844e+00
5.515138141204882771e+00 3.345944840708400037e+00 3.197084520382297068e+00
5.444993962402855381e+00 4.111929580029612730e+00 4.277273596706585579e+00
5.086282614587221751e+00 4.890681725620258824e+00 5.453539460143248974e+00
4.439004097760425260e+00 5.682201277476901069e+00 6.725882110686742799e+00
3.610283318050466317e+00 6.332229622288321202e+00 7.846473272307375346e+00
2.707243138366628887e+00 6.686511088954286031e+00 8.567489395862732948e+00
1.729883558709074176e+00 6.745045677474730716e+00 8.888930481352689483e+00
6.782045790777238015e-01 6.507833387849700557e+00 8.810796528777323999e+00
-4.477938005274209043e-01 5.974874220079197329e+00 8.333087538136640049e+00
-1.648111580106470297e+00 5.146168174163131326e+00 7.455803509430536380e+00
-2.922748759659210993e+00 4.021715250101651762e+00 6.178944442659174641e+00
-4.271705339185746020e+00 2.601515447894697353e+00 4.502510337822493547e+00
-5.694981318686076932e+00 8.855687675422680982e-01 2.426501194920490434e+00
-7.192576698115272116e+00 -1.126124790865163261e+00 -4.908298593755082428e-02
-8.544259077510123035e+00 -2.990502540800509923e+00 -2.389025038670490542e+00
-9.529808658211132766e+00 -4.264527146990254813e+00 -4.058138421365084625e+00
-1.014922544021830042e+01 -4.948198609434397710e+00 -5.056423134021335031e+00
-1.040250942353163488e+01 -5.041516928132924846e+00 -5.383879176639240427e+00
-1.028966060815109351e+01 -4.544482103085813129e+00 -5.040506549218739529e+00
-9.810678994076704740e+00 -3.457094134293103416e+00 -4.026305251759894510e+00
-8.965564581308477443e+00 -1.779353021754790376e+00 -2.341275284262705370e+00
-7.754317369846287278e+00 4.887412345293498106e-01 1.458335327307302975e-02
-6.176937359690347407e+00 3.347188634558914799e+00 3.041270660847010809e+00
-4.233424550840564571e+00 6.795989178334082226e+00 6.738786638459295375e+00
-2.333166945801572023e+00 1.005640845579938158e+01 1.040255388050198171e+01
-8.855525470780024611e-01 1.234971205689934770e+01 1.332799498136712124e+01
1.094186453302157247e-01 1.367589998163406051e+01 1.551510994105488095e+01
6.517466314229041213e-01 1.403497223000327665e+01 1.696389875956487359e+01
7.414314112001720858e-01 1.342692880200716132e+01 1.767436143689731409e+01
3.784729846620180638e-01 1.185176969764570742e+01 1.764649797305221313e+01
-4.371286481916492050e-01 9.309494916918657381e+00 1.688030836802946766e+01
-1.705373487360684948e+00 5.800104459826457060e+00 1.537579262182922157e+01
-3.426261532845142455e+00 1.323598326368921718e+00 1.313295073445142691e+01
-5.599792784645020838e+00 -4.120023483453943314e+00 1.015178270589608722e+01
-7.660479160711928692e+00 -9.533986570134432625e+00 6.850023442992773326e+00
-9.042800220930661936e+00 -1.392145949725473919e+01 3.645431755982521782e+00
-9.746755965185712967e+00 -1.728244226461140798e+01 5.380076449505191150e-01
-9.772346393477082671e+00 -1.961693487220445320e+01 -2.472248890103235563e+00
-9.119571505804682232e+00 -2.092493732003392992e+01 -5.385337849178993608e+00
-7.788431302168623560e+00 -2.120644960809961077e+01 -8.201259232276239430e+00
-5.778925782568884451e+00 -2.046147173640166272e+01 -1.092001303939523993e+01
-3.091054947005462239e+00 -1.869000370494007868e+01 -1.354159927053598622e+01
2.751812045219708125e-01 -1.589204551371456553e+01 -1.606601792569870568e+01
4.319782672012820512e+00 -1.206759716272562066e+01 -1.849326900488294712e+01
8.162568763377485936e+00 -8.017066932353539954e+00 -2.046693789726248625e+01
1.092334199831170949e+01 -4.540878369646147661e+00 -2.163060319390118025e+01
1.260210237679557466e+01 -1.639031474621412299e+00 -2.198426489479091117e+01
1.319884989882878656e+01 6.884737527201537644e-01 -2.152792299993161862e+01
1.271358456441154061e+01 2.441637312378829971e+00 -2.026157750932337365e+01
1.114630637354383502e+01 3.620459204354617988e+00 -1.818522842296617270e+01
8.497015326225671572e+00 4.224939428647518369e+00 -1.529887574086001756e+01
4.765711422456673674e+00 4.255077985257507578e+00 -1.160251946300454584e+01
-4.760533776249786797e-02 3.710874874184579397e+00 -7.096159589400407697e+00
-5.942934954403852998e+00 2.592330095437695103e+00 -1.779796120068984022e+00
-1.167664774838575603e+01 1.292297794989826221e+00 3.393511592923744047e+00
-1.600513776066944516e+01 2.036246258139577658e-01 7.470722375438190177e+00
-1.892840499125416187e+01 -6.736894120897174432e-01 1.045183622747364005e+01
-2.044644944014034138e+01 -1.339644318721304961e+00 1.233685314903049424e+01
-2.055927110732799079e+01 -1.794240094080806092e+00 1.312577314010876606e+01
-1.926686999281692891e+01 -2.037476738168231272e+00 1.281859620070836137e+01
-1.656924609660738668e+01 -2.069354250983536758e+00 1.141532233082934766e+01
-1.246639941869931967e+01 -1.889872632526757190e+00 8.915951530471746267e+00
-6.958329959092711903e+00 -1.499031882797888793e+00 5.320483799635548294e+00
-4.503771807187690462e-02 -8.968320018295447005e-01 6.289191385258370293e-01
6.880822417742725960e+00 -2.429494718393135910e-01 -4.154290290999443691e+00
1.242667524694968861e+01 3.029483613575733036e-01 -8.024749800036490299e+00
1.659252076954900446e+01 7.408614977611158725e-01 -1.098245938858529946e+01
1.937835898554087777e+01 1.070789937371339651e+00 -1.302741905664602129e+01
2.078418989492479696e+01 1.292733680188185463e+00 -1.415962880421828451e+01
2.081001349770107822e+01 1.406692726211686839e+00 -1.437908863130231474e+01
1.945582979386971090e+01 1.412667075441844666e+00 -1.368579853789810841e+01
1.672163878343041077e+01 1.310656727878644290e+00 -1.207975852400548966e+01
1.260744046638364679e+01 1.100661683522104584e+00 -9.560968589624735614e+00
7.113234842729243113e+00 7.826819423722208846e-01 -6.129428734755747676e+00
1.349499382682262993e+00 4.364024265796365709e-01 -2.506794749223112184e+00
-3.573288443542224968e+00 1.415080582949951316e-01 5.852775771485869694e-01
-7.655128635944556059e+00 -1.020011624817231677e-01 3.146788244359554731e+00
-1.089602119452399265e+01 -2.941252357504744452e-01 5.177737252409335689e+00
-1.329596611928094418e+01 -4.348641615112830427e-01 6.678124601298181418e+00
-1.485496341021540267e+01 -5.242179397641487659e-01 7.647950291026088365e+00
-1.557301306732740365e+01 -5.621865705090728360e-01 8.087214321593075184e+00
-1.545011509061681387e+01 -5.487700537460484806e-01 7.995916692999065489e+00
-1.448626948008373283e+01 -4.839683894750813620e-01 7.374057405244117014e+00
-1.268147623572816585e+01 -3.677815776961713690e-01 6.221636458328233310e+00
-1.068917875622849323e+01 -2.336216688404614550e-01 4.917461310804387864e+00
-9.162857831263496067e+00 -1.149026252261827058e-01 3.840361097150187586e+00
-8.102513460966703107e+00 -1.162444686016007346e-02 2.990335817443028787e+00
-7.508145645338110796e+00 7.621286625760650968e-02 2.367385471682909248e+00
-7.379754384377729792e+00 1.486093141271226936e-01 1.971510059869804543e+00
-7.717339678085582300e+00 2.055648967483756639e-01 1.802709582003785060e+00
-8.520901526461635456e+00 2.470796141213726371e-01 1.860984038084805059e+00
-9.790439929505891925e+00 2.731534662461133633e-01 2.146333428112865427e+00
-1.152595488721852490e+01 2.837864531225983700e-01 2.658757752088020787e+00
-1.372744639959922530e+01 2.789785747508256586e-01 3.398257010010180768e+00
-1.566900929077737992e+01 2.660721865361489469e-01 4.091611323611367368e+00
-1.662472453925732196e+01 2.524097839290702083e-01 4.465595603336911523e+00
-1.659459214502249580e+01 2.379913669297549494e-01 4.520209849180591988e+00
-1.557861210807291386e+01 2.228169355382058070e-01 4.255454061142398103e+00
-1.357678442840860455e+01 2.068864897544215320e-01 3.671328239222349410e+00
-1.058910910602958566e+01 1.902000295784020689e-01 2.767832383420445908e+00
-6.615586140935837633e+00 1.727575550101475288e-01 1.544966493736688484e+00
-1.656215533126893291e+00 1.545590660496561353e-01 2.730570170926149842e-03
4.289002717396373399e+00 1.356045626969311912e-01 -1.858875387276570201e+00
1.122006861060580718e+01 1.158940449519458155e-01 -4.039851378596807763e+00
1.788108369577094692e+01 9.431561423519603526e-02 -6.139373962768074122e+00
2.301617347620944543e+01 6.975739317467971601e-02 -7.756627343768921712e+00
2.662533795192040031e+01 4.221938177040121531e-02 -8.891611521599065426e+00
2.870857712290432673e+01 1.170158002235850703e-02 -9.544326496258669579e+00
2.926589098916124243e+01 -2.179601206944840885e-02 -9.714772267747736834e+00
2.829727955069096623e+01 -5.827339450502292545e-02 -9.402948836066215677e+00
2.580274280749368288e+01 -9.773056728435855489e-02 -8.608856201214159398e+00
2.178228075956938525e+01 -1.401675304074583850e-01 -7.332494363191567999e+00
1.623589340691805560e+01 -1.855842838743224366e-01 -5.573863321998434373e+00
9.163580749807259451e+00 -2.339808276807243403e-01 -3.332963077720978440e+00
1.876245804581331056e+00 -2.646818681955038777e-01 -1.032200665302119402e+00
-4.315283419938940490e+00 -2.570132947907692311e-01 9.060410496894764076e-01
-9.411006923753561182e+00 -2.109751074665205117e-01 2.481762067253810766e+00
-1.341092470686284344e+01 -1.265673062227485601e-01 3.694962387390975600e+00
-1.631503676926605806e+01 -3.789891059468308843e-03 4.545642010100752195e+00
-1.812334311096362782e+01 1.573571380233259043e-01 5.033800935383269781e+00
-1.883584373195554562e+01 3.568737810256342735e-01 5.159439163238523918e+00
-1.845253863224173330e+01 5.947600379474796695e-01 4.922556693666479077e+00
-1.697342781182224059e+01 8.710159087888195151e-01 4.323153526667175228e+00
-1.439851127069710301e+01 1.185641393549673461e+00 3.361229662240611482e+00
-1.137357123827544214e+01 1.453028805712655691e+00 2.253620374310741692e+00
-8.544389943966383072e+00 1.587570458760380054e+00 1.217160936801525262e+00
-5.910967387769703763e+00 1.589266352692841000e+00 2.518513497128789802e-01
-3.473303569685872727e+00 1.458116487510038972e+00 -6.423083869550249014e-01
-1.231398489714643718e+00 1.194120863211979078e+00 -1.465318273202277810e+00
8.147478521439823762e-01 7.972794797986622051e-01 -2.217178309028877248e+00
2.665135455890156102e+00 2.675923372700328429e-01 -2.897888494434880613e+00
4.319764321523558159e+00 -3.949405643738117533e-01 -3.507448829420168668e+00
5.778634449044355748e+00 -1.190319225132913772e+00 -4.045859313984802696e+00
7.041745838452545314e+00 -2.118543645007273657e+00 -4.513119948128784920e+00
8.109098489748218341e+00 -3.179613823996992217e+00 -4.909230731852145091e+00
8.980692402931184759e+00 -4.373529762101878049e+00 -5.234191665154816597e+00
9.656527578001547596e+00 -5.700291459322020415e+00 -5.488002748036833189e+00
1.013660401495930508e+01 -7.159898915657423757e+00 -5.670663980498198420e+00
1.042092171380447674e+01 -8.752352131108230182e+00 -5.782175362538916730e+00
1.050948067453700752e+01 -1.047765110567416080e+01 -5.822536894158968579e+00
1.040228089715693649e+01 -1.233579583935534707e+01 -5.791748575358369067e+00
1.009932238166426188e+01 -1.432678633215179254e+01 -5.689810406137116416e+00
9.600605128058926852e+00 -1.645062258406368727e+01 -5.516722386495191977e+00
8.906129136341029096e+00 -1.870730459509065824e+01 -5.272484516432627721e+00
8.015894406510522430e+00 -2.109683236523289196e+01 -4.957096795949409440e+00
6.929900938567412183e+00 -2.361920589449037422e+01 -4.570559225045540686e+00
5.648148732511577563e+00 -2.627442518286336437e+01 -4.112871803720973496e+00
4.170637788343242391e+00 -2.906249023035137213e+01 -3.584034531975791360e+00
