-1.590821343311173974e-01 2.097357502997912460e-01 3.556842174923674493e-01
-2.532949674845916821e-01 2.528972372283977421e-01 4.533513815230642008e-01
-3.142722223529039738e-01 2.808826400499169207e-01 5.165068402880197418e-01
-3.419957914902390095e-01 2.936285277474471878e-01 5.451961107765984638e-01
-3.364482205690844108e-01 2.910711242950260735e-01 5.394644808602373498e-01
-2.976127098914045366e-01 2.731463142117360188e-01 4.993570053551817378e-01
-2.254729228236269090e-01 2.397897868444768266e-01 4.249186270171299018e-01
-1.200126000465744636e-01 1.909373150641943406e-01 3.161944254753726868e-01
1.878502071408200136e-02 1.265251668140502661e-01 1.732299951590372811e-01
1.909379785201097413e-01 4.649065302058068283e-02 -3.928050234946470903e-03
3.964665538292003744e-01 -4.922717725313460052e-02 -2.152314542574778056e-01
6.022024274068089600e-01 -1.494567315938427066e-01 -4.280418906998245121e-01
7.749713799903014122e-01 -2.429549845488138404e-01 -6.097515352935054533e-01
9.147998815453441956e-01 -3.296781615885234218e-01 -7.603421381694625003e-01
1.021731079201711578e+00 -4.095878029080935456e-01 -8.797769859635675704e-01
1.095824707231170647e+00 -4.826502727578180219e-01 -9.680012919315026387e-01
1.137157152697491513e+00 -5.488362534039080698e-01 -1.024942528615910398e+00
1.145821641007961800e+00 -6.081203524472331701e-01 -1.050510711521832841e+00
1.121928510936046397e+00 -6.604809508325564238e-01 -1.044598637331442870e+00
1.065605553841500575e+00 -7.059004186307733519e-01 -1.007082075314387426e+00
9.769983956355913213e-01 -7.443658262480478127e-01 -9.378199071029513778e-01
8.714442676258101761e-01 -7.696446887962870020e-01 -8.498394519887174647e-01
7.640891850202928826e-01 -7.754884004907042216e-01 -7.563777198362948706e-01
6.548179074035641589e-01 -7.618699904420579427e-01 -6.575790036381865544e-01
5.435318623770672986e-01 -7.287692759012220911e-01 -5.535654978736063159e-01
4.301494748715288807e-01 -6.761716774267818586e-01 -4.444373065643689169e-01
3.146065839776784889e-01 -6.040671934508448082e-01 -3.302725880307955664e-01
1.968569015883416262e-01 -5.124495518933304128e-01 -2.111277897396887371e-01
7.687246808939884879e-02 -4.013155563807034309e-01 -8.703792562903323038e-02
-4.535593903935672411e-02 -2.706646445458015249e-01 4.198315231772910966e-02
-1.698184878589528435e-01 -1.204986758049022277e-01 1.759425364248840551e-01
-2.774345823411568657e-01 2.406611366232457722e-02 2.949525801448522611e-01
-3.491969183177112135e-01 1.379106007484408314e-01 3.790562948412928290e-01
-3.851809036772276817e-01 2.210236419482288772e-01 4.281865395640244709e-01
-3.854478472853123949e-01 2.733899498236522230e-01 4.422945718774439205e-01
-3.500448489304472943e-01 2.949901377236448519e-01 4.213498788260555128e-01
-2.790047997272651625e-01 2.858005046137375160e-01 3.653402032139960176e-01
-1.723464111657546094e-01 2.457926936336913282e-01 2.742717316566238850e-01
-3.007418850924761800e-02 1.749333582408139909e-01 1.481694135039129112e-01
1.478217394252953343e-01 7.318397127558153026e-02 -1.292261751577544054e-02
3.613660252447344345e-01 -5.949908437260062466e-02 -2.089405464624282949e-01
5.628825203138694278e-01 -1.883510631844015626e-01 -3.947178216506819215e-01
7.046387382676894129e-01 -2.785254125472467757e-01 -5.252102845002890597e-01
7.865853910719468045e-01 -3.299473700440213042e-01 -6.005238605919458461e-01
8.086712083980459598e-01 -3.425436429835431174e-01 -6.207660630145133140e-01
7.708427363682507361e-01 -3.162426740432754957e-01 -5.860460385705109632e-01
6.730446825355316243e-01 -2.509742889875468119e-01 -4.964744561201732131e-01
5.152208008742128476e-01 -1.466686981712482796e-01 -3.521632637921129350e-01
2.973153148151227998e-01 -3.254830325484572677e-03 -1.532253324448753229e-01
1.927488740073904708e-02 1.793420085343688519e-01 1.002260193668473715e-01
-3.189488343128070169e-01 4.012031363657686533e-01 4.080776588999513455e-01
-6.530490803369718433e-01 6.196373989275095751e-01 6.928272338327634561e-01
-9.185026719391881089e-01 7.919919886146450372e-01 8.771313493466460498e-01
-1.114960637123963982e+00 9.185143009201257591e-01 9.611176614065123358e-01
-1.241984037288840437e+00 9.995842071381598748e-01 9.449204666649976270e-01
-1.299044350333169451e+00 1.035712726985999588e+00 8.286855699810272702e-01
-1.285526257949376694e+00 1.027544298564421199e+00 6.125731517119051839e-01
-1.200734257784090708e+00 9.758638349173889281e-01 2.967571177833280838e-01
-1.043904545240744497e+00 8.816097597430416766e-01 -1.185805845975285988e-01
-8.142237959729645702e-01 7.458940541485898912e-01 -6.332622383125776633e-01
-5.108568816495762110e-01 5.700299428296858872e-01 -1.247134848202473778e+00
-1.957205001092702235e-01 3.891425616122917153e-01 -1.836231181977505900e+00
6.796055648835755414e-02 2.365223184762513531e-01 -2.276764121081188197e+00
2.791551697772511886e-01 1.110049288335363815e-01 -2.568892653709042406e+00
4.369819237062468886e-01 1.155071879832412010e-02 -2.712765778470566325e+00
5.407177416867754438e-01 -6.276193234843510660e-02 -2.708509364604228420e+00
5.897957059130661817e-01 -1.127329804948413311e-01 -2.556219902438006564e+00
5.837939088596214576e-01 -1.390299929342423135e-01 -2.255963967022491801e+00
5.224173722261469255e-01 -1.421732413611061230e-01 -1.807782179650331056e+00
4.054754530001187796e-01 -1.225190868705333808e-01 -1.211696382742400546e+00
2.328576104741805208e-01 -8.024347358346110848e-02 -4.677186735937842177e-01
3.674168492734097152e-02 -2.675621639228890902e-02 2.938265083395962263e-01
-1.506807483796016034e-01 2.648276335341502585e-02 9.426206029147290444e-01
-3.294085204175378201e-01 7.948272943810798241e-02 1.478664577919523770e+00
-4.993799020139130795e-01 1.324070928356383403e-01 1.901964509258008862e+00
-6.604685120600666259e-01 1.855718245272551248e-01 2.212533184803134212e+00
-8.124774251889467225e-01 2.394428734320410146e-01 2.410393065889667064e+00
-9.551335577155218859e-01 2.946332863200987195e-01 2.495580441414788631e+00
-1.088084352830493318e+00 3.519008815309703220e-01 2.468150611113641091e+00
-1.210898702599536358e+00 4.121475117730974969e-01 2.328183940885868441e+00
-1.323073963001776043e+00 4.764210934814804843e-01 2.075792644583883018e+00
-1.392058557767357208e+00 5.364382587620925014e-01 1.775563122251908821e+00
-1.385905260196589994e+00 5.820629273967148354e-01 1.492117851453245381e+00
-1.304975118084710894e+00 6.118427272286955931e-01 1.225652642577194307e+00
-1.149617236682651589e+00 6.245441236921402961e-01 9.763684157832660526e-01
-9.201531911956457588e-01 6.191502052399175948e-01 7.444801132796806664e-01
-6.168653776772454744e-01 5.948599255636066729e-01 5.302303838746708076e-01
-2.399888363365595689e-01 5.510892180707301913e-01 3.339061348239687477e-01
2.102939508219075770e-01 4.874745382666383908e-01 1.558560084633977272e-01
7.338558242518864461e-01 4.038795415148503376e-01 -3.493227868086073301e-03
1.330625843559727794e+00 3.004057207155133580e-01 -1.436235091872756497e-01
1.895969271814383683e+00 2.051910343298463668e-01 -2.548373194727379110e-01
2.325159521238992166e+00 1.464168654012400483e-01 -3.284654549279920066e-01
2.618025180305668886e+00 1.244613004444627136e-01 -3.655239919393647452e-01
2.774388607127262318e+00 1.397200767621966655e-01 -3.671204907345153590e-01
2.794066351347226806e+00 1.925958564022205999e-01 -3.344564550883992182e-01
2.676873353335295747e+00 2.834973827638572752e-01 -2.688266401002187833e-01
2.422631313987796631e+00 4.128501281996330152e-01 -1.716153864437419685e-01
2.031181641958383910e+00 5.811199903986528081e-01 -4.429016474804041426e-02
1.502403471586974071e+00 7.888514343170230925e-01 1.116078692436482250e-01
8.362374123212077404e-01 1.036721210654096614e+00 2.944773495466817548e-01
1.538895394903378733e-01 1.278482400541150144e+00 4.697489857603614483e-01
-4.232576998402436952e-01 1.466970403630627251e+00 6.049172208938741191e-01
-8.949530626770730857e-01 1.601696490878383283e+00 7.013656733728048653e-01
-1.260978961447704716e+00 1.682239191265892053e+00 7.603669972664126586e-01
-1.521158449290346937e+00 1.708220019503244425e+00 7.830745852545381025e-01
-1.675355991958397794e+00 1.679290881273055147e+00 7.705170979498380257e-01
-1.723472956023891278e+00 1.595131525585882004e+00 7.235955454533060660e-01
-1.665438727024479926e+00 1.455455306001030902e+00 6.430829219577023359e-01
-1.501198400373445985e+00 1.260021504689799343e+00 5.296263686965788642e-01
-1.230698038255086946e+00 1.008652556140745782e+00 3.837515846505706874e-01
-9.168671449895502423e-01 7.410037836230346509e-01 2.310685408125387197e-01
-6.227359694979319737e-01 4.967219180701333281e-01 9.694360359544547390e-02
-3.483820840546769659e-01 2.756963581710948352e-01 -1.856835258003056849e-02
-9.386898646089907039e-02 7.784463639491250031e-02 -1.154338893620797113e-01
1.407546358158782429e-01 -9.688745349208037483e-02 -1.936393265118195040e-01
3.554551591706728297e-01 -2.485258784916836439e-01 -2.531897659413144819e-01
5.502139206877173505e-01 -3.770685085215104704e-01 -2.941087168227532467e-01
7.250268740983600857e-01 -4.824853638320152904e-01 -3.164382136798149503e-01
8.799041147082314884e-01 -5.647189610582109554e-01 -3.202393162821239314e-01
1.014869380332221072e+00 -6.236847541855535804e-01 -3.055928800528861511e-01
1.112399951702551126e+00 -6.586473207670260344e-01 -2.817736352535796795e-01
1.154903310217692436e+00 -6.690463297854767344e-01 -2.579321192044045086e-01
1.142314403402331591e+00 -6.550291783755703978e-01 -2.339792930277500849e-01
1.074575284836346567e+00 -6.167288548930206504e-01 -2.098278280346580482e-01
9.516348202107040022e-01 -5.542640888228079765e-01 -1.853926454609499397e-01
7.734482663437026728e-01 -4.677398340826544043e-01 -1.605919616629676305e-01
5.399767309012141192e-01 -3.572480685173720083e-01 -1.353487277003490030e-01
2.511865266983133727e-01 -2.228688779549307664e-01 -1.095923619729378545e-01
-9.295155830353837856e-02 -6.467177604269210012e-02 -8.326068816224409253e-02
-4.924630464522789519e-01 1.172828073368299834e-01 -5.630200714742975010e-02
-8.809944785203162043e-01 2.931376190400912241e-01 -3.156385584450646653e-02
-1.192160712863284067e+00 4.331184916181046729e-01 -1.198130087031694206e-02
-1.425935156719994490e+00 5.372961532431606013e-01 2.355072105278055092e-03
-1.582290219587214386e+00 6.057442379646449382e-01 1.135320043553233668e-02
-1.661196944921025764e+00 6.385400208298237512e-01 1.492031736527752589e-02
-1.662624884775505629e+00 6.357646890692179031e-01 1.296331185213639610e-02
-1.586542220957188887e+00 5.975031481846330150e-01 5.388630854788051261e-03
-1.432916133851353413e+00 5.238433681171047462e-01 -7.898325734076148269e-03
-1.201713420624237472e+00 4.148752731928753712e-01 -2.699436328259977383e-02
-8.929013685640131426e-01 2.706891690107903203e-01 -5.200023628036159334e-02
-5.590796359274544658e-01 1.184441926231941666e-01 -8.125061416991684327e-02
-2.528754933803039062e-01 -1.476376793731403077e-02 -1.129577900101278731e-01
2.569341563552096988e-02 -1.289525451723889382e-01 -1.470598683028308817e-01
2.766002072302055081e-01 -2.241563288997170944e-01 -1.835168065888815037e-01
4.998090063788057646e-01 -3.004252079966810984e-01 -2.223098370993256689e-01
6.952750824564434273e-01 -3.578250668801593593e-01 -2.634407480292418335e-01
8.629449254119323509e-01 -3.964377621209768110e-01 -3.069310965795092327e-01
1.002756315667692855e+00 -4.163615065672574556e-01 -3.528214212044009090e-01
1.114638438788542851e+00 -4.177113917295363632e-01 -4.011705191230346412e-01
1.198512093546474366e+00 -4.006199833666135857e-01 -4.520548561470709159e-01
1.241340911488739707e+00 -3.758818317737132597e-01 -4.911384425147006239e-01
1.230222199887414991e+00 -3.541509917873589819e-01 -5.038635900208352503e-01
1.165267674594880010e+00 -3.353665432240410804e-01 -4.899975186871381450e-01
1.046584195380702909e+00 -3.194731200045177189e-01 -4.493210412778869123e-01
8.742736639711883306e-01 -3.064223464137718067e-01 -3.816282183913529136e-01
6.484330704214489316e-01 -2.961751474897318381e-01 -2.867258568416654052e-01
3.691546581653024628e-01 -2.887048385103398451e-01 -1.644329045080767937e-01
3.652616411461515056e-02 -2.840009060136769459e-01 -1.457982446085492531e-02
-3.493689274042700021e-01 -2.820734004751591639e-01 1.629919323129465636e-01
-7.884511987469926542e-01 -2.829578660995872852e-01 3.684301941354409804e-01
-1.218930405267360184e+00 -2.815641284988101289e-01 5.735291242630629061e-01
-1.579094990450051972e+00 -2.727967299964613179e-01 7.499119150993979188e-01
-1.868976642428769708e+00 -2.567205295986857427e-01 8.974859890595379142e-01
-2.088592958682304879e+00 -2.334189118623527237e-01 1.016189633962352179e+00
-2.237947858601353701e+00 -2.029929923613704723e-01 1.105991077634137731e+00
-2.317031948771231420e+00 -1.655615161502533295e-01 1.166887765436102731e+00
-2.325822810595143952e+00 -1.212611537975907261e-01 1.198905984612596454e+00
-2.264285176293094892e+00 -7.024691769032846700e-02 1.202100986012295314e+00
-2.132370953155910964e+00 -1.269243569755369901e-02 1.176557767749846439e+00
-1.930019050024922800e+00 5.121017345311701385e-02 1.122392701076548205e+00
-1.692542860061794219e+00 1.134737854232422544e-01 1.050157324141113957e+00
-1.455365600498577772e+00 1.663413380461780944e-01 9.702000143729363479e-01
-1.218569425792344063e+00 2.099428940578645097e-01 8.823766583624202964e-01
-9.822226242793391515e-01 2.443939809635591875e-01 7.865679172123057894e-01
-7.463799218465553276e-01 2.697937890263412131e-01 6.826778085628448789e-01
-5.110828894976294778e-01 2.862236948318517826e-01 5.706325305802939507e-01
-2.763604014907287132e-01 2.937461003592976572e-01 4.503795365310945265e-01
-4.222909331944225964e-02 2.924035802343084578e-01 3.218868639592505354e-01
1.913062286429989267e-01 2.822183330852396366e-01 1.851427182028475837e-01
4.242522714950311968e-01 2.631919366747080269e-01 4.015530583156571437e-02
6.224978809725946194e-01 2.380463546690069210e-01 -9.750339906212500407e-02
7.518869060886482769e-01 2.095710769459471767e-01 -2.123764785601339744e-01
8.123742147163736105e-01 1.778153513791865814e-01 -3.045954934650177415e-01
8.039251949544200526e-01 1.427768635078943693e-01 -3.742689219523349653e-01
7.265156151835377996e-01 1.044016371555289424e-01 -4.214819842636224334e-01
5.801316667402948157e-01 6.258450026234431418e-02 -4.462965457164020378e-01
3.647700607496979219e-01 1.716989587092235259e-02 -4.487515172765884075e-01
8.043805246970672784e-02 -3.204718468474475335e-02 -4.288641634665509295e-01
-2.728467315229320955e-01 -8.532035960394342144e-02 -3.866327156850845048e-01
-6.950567878058678817e-01 -1.429512872356166198e-01 -3.220406795756670104e-01
-1.093410086817355520e+00 -1.911167874702263958e-01 -2.539508963764147698e-01
-1.375209969213559758e+00 -2.154566610651253433e-01 -2.012242744144849271e-01
-1.540543123199539899e+00 -2.155173056267452592e-01 -1.637991313806257399e-01
-1.589487921559963990e+00 -1.908651373493867043e-01 -1.415634078332858037e-01
-1.522113950268170202e+00 -1.410872184620548531e-01 -1.343533644856029774e-01
-1.338482263374711101e+00 -6.579114267088471968e-02 -1.419557971708962640e-01
-1.038646475845574901e+00 3.539657241008284383e-02 -1.641134397436208869e-01
-6.226547867447959073e-01 1.628342635429297913e-01 -2.005332276617735610e-01
-9.055299667544552955e-02 3.168716010264630012e-01 -2.508971529723000304e-01
5.576114499269462232e-01 4.978590878380361184e-01 -3.148755759168662682e-01
1.207516714804514502e+00 6.708715017579753859e-01 -3.788586998035483600e-01
1.744924002304719224e+00 8.005674306048914390e-01 -4.296271029646404060e-01
2.169912136204827924e+00 8.866907019614861385e-01 -4.673687262957549327e-01
2.482568807813223977e+00 9.289953762353053701e-01 -4.921750293539042254e-01
2.682990935556660794e+00 9.272449956625100631e-01 -5.040364769256421296e-01
2.771284343459738064e+00 8.812139606637071632e-01 -5.028403304934596640e-01
2.747563302960056575e+00 7.906896650741087607e-01 -4.883707170274388387e-01
2.611950505129555733e+00 6.554739736435249986e-01 -4.603108637237387502e-01
2.364578032906776706e+00 4.753826362710462661e-01 -4.182472790578009580e-01
2.005589882410502955e+00 2.502412967021326873e-01 -3.616755841933559923e-01
1.628880542052207003e+00 1.774145439753288880e-02 -3.013769102204669759e-01
1.328178552182915473e+00 -1.842436805137145361e-01 -2.488232543752319503e-01
1.103396815200417214e+00 -3.556325168973279438e-01 -2.045308828513321409e-01
9.544459659006461205e-01 -4.963668779478406234e-01 -1.690780947966340486e-01
8.812302254928224832e-01 -6.064070447196816538e-01 -1.431039962259897935e-01
8.836439503256524608e-01 -6.857293453032806685e-01 -1.273078604953484794e-01
9.615691256553199340e-01 -7.343268368883586472e-01 -1.224488616496050286e-01
1.114874045935009494e+00 -7.522136213657300008e-01 -1.293460108256711538e-01
1.343413423322632250e+00 -7.394333328103176450e-01 -1.488781155148444502e-01
1.647030176214434594e+00 -6.960723313246067745e-01 -1.819835024953972424e-01
1.943816324209241886e+00 -6.328427522732790189e-01 -2.119479256046177262e-01
2.152049165102979611e+00 -5.602341809166786479e-01 -2.211360022483027654e-01
2.271835518558789513e+00 -4.780077145289006735e-01 -2.092176727244785817e-01
2.303268473984154241e+00 -3.858779534072074857e-01 -1.759557610466653543e-01
2.246426625650583375e+00 -2.835130536156751369e-01 -1.212066254749632338e-01
2.101374107363151555e+00 -1.705363527151748937e-01 -4.491910079291775576e-02
1.868161646292793465e+00 -4.652851094029936130e-02 5.286872471079052949e-02
1.546828831376580560e+00 8.897087246076501588e-02 1.720352949756637218e-01
1.137407764232479135e+00 2.364631370017365175e-01 3.123842830345756050e-01
6.399282355119909615e-01 3.964927681175532403e-01 4.736565371064785368e-01
1.468998491245038784e-01 5.432895209629100552e-01 6.139873589851188029e-01
-2.491335208440019766e-01 6.502132822193331663e-01 6.921131896627246149e-01
-5.480674118359055713e-01 7.166661004156842374e-01 7.085978676675747101e-01
-7.497752292644479510e-01 7.422134375709887877e-01 6.639455872071156062e-01
-8.541079660033760179e-01 7.265791583231644424e-01 5.585966743216581598e-01
-8.608911511173709119e-01 6.696449025507631436e-01 3.929273648617196413e-01
-7.699204540030448740e-01 5.714532918775065973e-01 1.672516974030962833e-01
-5.809573770007292470e-01 4.322144817767680780e-01 -1.181763854226500349e-01
-2.937265098436355748e-01 2.523156692860952233e-01 -4.631627338296885332e-01
9.208408962720518454e-02 3.233321845711737558e-02 -8.675766428757513138e-01
4.820540450496049178e-01 -1.887946211345251923e-01 -1.260125500265351084e+00
7.813217730638637448e-01 -3.731005087863714653e-01 -1.569582318523235376e+00
9.896075292667254608e-01 -5.213435525944636328e-01 -1.795924131862227213e+00
1.106692735960202123e+00 -6.343210513679244933e-01 -1.939055769056153622e+00
1.132427213740093919e+00 -7.128686272015238856e-01 -1.998803312338039317e+00
1.066732391903849386e+00 -7.578588460068169663e-01 -1.974913148405512686e+00
9.095997671240164673e-01 -7.701999412245827958e-01 -1.867056729265036630e+00
6.610839175444246374e-01 -7.508363276845179124e-01 -1.674841075358377562e+00
3.212894506071678480e-01 -7.007524665673776632e-01 -1.397825016755961602e+00
-1.096486778963028791e-01 -6.209813024337317300e-01 -1.035541232135027023e+00
-5.551205582575046149e-01 -5.272213430672285650e-01 -6.527812784243051114e-01
-9.387775950992871543e-01 -4.340155496152560688e-01 -3.148831646108330995e-01
-1.260848070852534031e+00 -3.407367883436958067e-01 -2.215141687762911885e-02
-1.521523077164770976e+00 -2.467904630009128963e-01 2.251764195144128344e-01
-1.720947769984017661e+00 -1.516094332560942171e-01 4.269370844379059005e-01
-1.859215107900577868e+00 -5.465199137713071947e-02 5.830463280226395595e-01
-1.936361950996691617e+00 4.459780202818727779e-02 6.935012798891231345e-01
-1.952367420684363974e+00 1.466282550223605985e-01 7.583806466705543814e-01
-1.907153412205321308e+00 2.518975615101005650e-01 7.778429243004673088e-01
-1.800587121335037288e+00 3.608316286314729449e-01 7.521228393615988495e-01
-1.674600501984589762e+00 4.582785836876094865e-01 7.074036715680351861e-01
-1.571386321239474748e+00 5.288542000360159090e-01 6.693037445633150950e-01
-1.491159486939002132e+00 5.726192283257307558e-01 6.372747683588789736e-01
-1.434124000662972298e+00 5.896445222494226535e-01 6.107795927717080131e-01
-1.400472389557851471e+00 5.800090950088573338e-01 5.892920391091843735e-01
-1.390386098219861255e+00 5.437991237704621339e-01 5.722971690280582724e-01
-1.404036795284435035e+00 4.811078640167255061e-01 5.592919908377438354e-01
-1.441588550193491081e+00 3.920364344684807434e-01 5.497866012250606227e-01
-1.503200832888165417e+00 2.766954308631431325e-01 5.433057674761054834e-01
-1.589032283089101050e+00 1.352073229908647423e-01 5.393909711313308319e-01
-1.655006303231362663e+00 -8.605686847060678088e-03 5.303414172087166367e-01
-1.656861124204615177e+00 -1.311031495669540692e-01 5.089971909493868907e-01
-1.594496616109894571e+00 -2.324216359501236062e-01 4.756642718849444784e-01
-1.467832255243601391e+00 -3.126922611948206310e-01 4.305669378701924010e-01
-1.276806000951326237e+00 -3.720389962099437953e-01 3.738480695377197627e-01
-1.021373701396257827e+00 -4.105765785666941614e-01 3.055701925934516949e-01
-7.015088417344924610e-01 -4.284086542592898117e-01 2.257171222715683712e-01
-3.172024575467911611e-01 -4.256267604116135694e-01 1.341960450877221211e-01
1.315369554765656868e-01 -4.023107333613148429e-01 3.083985994967183494e-02
6.446837007369232708e-01 -3.585310996748500845e-01 -8.459038405598380550e-02
1.140869169154933749e+00 -3.069741105478080434e-01 -1.959625906778506566e-01
1.538801507493355425e+00 -2.602538717967077253e-01 -2.867082197066188609e-01
1.838552394680604163e+00 -2.183300902900625062e-01 -3.564842243402998045e-01
2.040188977531792069e+00 -1.811596856695399382e-01 -4.049757427078653493e-01
2.143773111223289618e+00 -1.486933038051334588e-01 -4.318966914826440351e-01
2.149360799303607017e+00 -1.208742692521422579e-01 -4.369901623971944593e-01
2.057001840158863892e+00 -9.763963088283736380e-02 -4.200285162260710137e-01
1.866739689239742317e+00 -7.892294410273428817e-02 -3.808130578720939075e-01
1.578611539306626455e+00 -6.465843051902110672e-02 -3.191732082178115326e-01
1.192648606864867844e+00 -5.478616517209426717e-02 -2.349651527100140025e-01
7.855236811853691936e-01 -4.693147436554651747e-02 -1.464459118496202750e-01
4.338895711471980055e-01 -3.877514192911748342e-02 -7.197620227533270409e-02
1.377399652669987762e-01 -3.034260391866291581e-02 -1.158134432339029060e-02
-1.029301036908673445e-01 -2.165119887260975179e-02 3.471888710780472731e-02
-2.881242887745708581e-01 -1.270991680078368234e-02 6.691005780137430914e-02
-4.178449264746442737e-01 -3.519291424935491221e-03 8.498302983073938166e-02
-4.920930154935779233e-01 5.928601958853305272e-03 8.893402497101735027e-02
-5.108681907222496488e-01 1.565007902174237256e-02 7.876474133134454825e-02
-4.741687065773564913e-01 2.566974568589579231e-02 5.448246822388955884e-02
-3.819914436847575145e-01 3.602040175461192900e-02 1.610014489829372439e-02
-2.663644408389348461e-01 4.159289091409579253e-02 -2.416966669987969871e-02
-1.593203208563278017e-01 3.723106591890815859e-02 -5.414773193612115038e-02
-6.085923911034110678e-02 2.290973515132356531e-02 -7.385870685935057300e-02
2.902211591320689316e-02 -1.387865833997919832e-03 -8.331625318541925618e-02
1.103305111063321020e-01 -3.567013097702872310e-02 -8.252296653545641847e-02
1.830761478338347459e-01 -7.993708462750440114e-02 -7.147035806478738151e-02
2.472726545583441848e-01 -1.341803418190961883e-01 -5.013888504016083408e-02
3.029371158470859915e-01 -1.983830432492280083e-01 -1.849802616212595924e-02
3.500901605226912627e-01 -2.725197804869082807e-01 2.349360238007728793e-02
3.887561315812727569e-01 -3.565565271296486927e-01 7.588809388355248486e-02
4.276585086400848112e-01 -4.465682917905422489e-01 1.173508782857840965e-01
4.754093597231588419e-01 -5.387535951507091969e-01 1.264892268650057161e-01
5.318465677165239436e-01 -6.332690704002276183e-01 1.032709279708514394e-01
5.967776200585700463e-01 -7.302876492498742156e-01 4.765972156335962495e-02
6.699798771314751100e-01 -8.299991124828306477e-01 -4.038322269542068965e-02
7.512012588008613045e-01 -9.326111691077755284e-01 -1.608974927414437983e-01
8.401614296606786381e-01 -1.038351168458447438e+00 -3.139212605041012405e-01
9.365535767203704287e-01 -1.147468538316149589e+00 -4.994887198408091700e-01
1.040046892350411145e+00 -1.260238025611830848e+00 -7.176271067134267767e-01
1.150289901047883534e+00 -1.376963793271876346e+00 -9.683532703937680619e-01
1.239927558934866836e+00 -1.474811389932694006e+00 -1.197464147997576722e+00
1.282261360366433678e+00 -1.530470411948635201e+00 -1.350635808863700049e+00
1.277893189971328169e+00 -1.543576916527656273e+00 -1.427703242003344197e+00
1.227397593785388263e+00 -1.513791805235448873e+00 -1.428512890378455857e+00
1.131320848943210944e+00 -1.440801188866684512e+00 -1.352921326487642517e+00
9.901814342682236925e-01 -1.324320027694671609e+00 -1.200791329031295263e+00
8.044717791147221186e-01 -1.164098722564625099e+00 -9.719856338174023280e-01
5.746610529195117500e-01 -9.599324053428136549e-01 -6.663586675632066081e-01
3.011985823865721557e-01 -7.116727879058242223e-01 -2.837466212255406739e-01
-1.548274502581813324e-02 -4.192425640487202343e-01 1.760437175002755872e-01
-3.280042389278621240e-01 -1.275614503744711969e-01 6.355851533397446351e-01
-5.895328499446333970e-01 1.183923092590517812e-01 1.017161007334979050e+00
-8.004512739965836676e-01 3.185531917352703024e-01 1.320562340780901289e+00
-9.611248191829904197e-01 4.728751101431863946e-01 1.545583353450084019e+00
-1.071899999539685178e+00 5.813374953576789794e-01 1.692018230418530722e+00
-1.133103230357517255e+00 6.439485700348633879e-01 1.759659607245260160e+00
-1.145039863345860498e+00 6.607459776107691418e-01 1.748298408764255241e+00
-1.107993867195357751e+00 6.317949376218024993e-01 1.657724768408863625e+00
-1.022228466972713301e+00 5.571841188703965386e-01 1.487729717652778394e+00
-8.879880123006633763e-01 4.370194412417681695e-01 1.238107350367287474e+00
-7.246218348140157639e-01 2.989131567214077245e-01 9.540494457450459098e-01
-5.512853808306663606e-01 1.702778696523331303e-01 6.809547601229898328e-01
-3.679293422854794104e-01 5.095985096277286241e-02 4.189061641267672331e-01
-1.745166339657341081e-01 -5.914938195892912448e-02 1.679569177291926063e-01
2.897923877152152813e-02 -1.601120701862054629e-01 -7.186849507055141639e-02
2.425749674497379438e-01 -2.519436341986631134e-01 -3.005738271056524469e-01
4.662774682907045998e-01 -3.346125096906700236e-01 -5.181909036473534291e-01
7.000832400423470103e-01 -4.080404156356660650e-01 -7.247799006252874099e-01
9.439771454604052314e-01 -4.721030890560931059e-01 -9.204301229842027920e-01
1.197930714191056456e+00 -5.266315367380072221e-01 -1.105261330731771574e+00
1.417672553170774119e+00 -5.714264755594508083e-01 -1.253762358423845091e+00
1.559110755750488631e+00 -6.064936712552915221e-01 -1.340122367664269287e+00
1.622488030384237501e+00 -6.319159765508415294e-01 -1.364025314485025842e+00
1.608064973476965864e+00 -6.477437370831501395e-01 -1.325141740267492985e+00
1.516120053676820456e+00 -6.539950718568446897e-01 -1.223129318838961366e+00
1.346949295572945182e+00 -6.506590378515213491e-01 -1.057633423226058023e+00
1.100865915410251583e+00 -6.377019150037502859e-01 -8.282873576999818521e-01
7.782001144318131391e-01 -6.150768286048168276e-01 -5.347119610597459438e-01
3.792991421909274186e-01 -5.827369222281006955e-01 -1.765144016515760583e-01
-9.547240238129223178e-02 -5.406523138035463916e-01 2.467138430703318397e-01
-5.699621306878218663e-01 -4.929702142151869415e-01 6.675408410237819723e-01
-9.685038045776229731e-01 -4.439182079532666414e-01 1.018005482628139058e+00
-1.291417447842629462e+00 -3.935987259369686520e-01 1.297765572105020526e+00
-1.538987353016540549e+00 -3.420879385854681543e-01 1.506521962833401229e+00
-1.711461813597226378e+00 -2.894288183149917315e-01 1.644017201594097255e+00
-1.809052246821955201e+00 -2.356279112502346340e-01 1.710035021858916204e+00
-1.831932007239574167e+00 -1.806551688761350027e-01 1.704400384049698181e+00
-1.780235231330346224e+00 -1.244461783702241059e-01 1.626979718612298731e+00
-1.654056042442430874e+00 -6.690610231326608870e-02 1.477681038230442168e+00
-1.453448397278030990e+00 -7.914610273664697548e-03 1.256453633444534868e+00
-1.231651062582212131e+00 4.664770600408438272e-02 1.016436977736761893e+00
-1.041970737315190965e+00 9.074634083263363737e-02 8.106879736371640499e-01
-8.845281578941441847e-01 1.242892330054095329e-01 6.390639452261331899e-01
-7.594380993429612481e-01 1.471856395595944889e-01 5.014266097685731172e-01
-6.668085317737543205e-01 1.593444415864574137e-01 3.976425601275854205e-01
-6.067400940643211671e-01 1.606730741473635371e-01 3.275836302591376148e-01
-5.793258690680127554e-01 1.510770432507458905e-01 2.911271461081486600e-01
-5.846514532750711757e-01 1.304599863091643053e-01 2.881560545795864292e-01
-6.227953182577424807e-01 9.872422899355959292e-02 3.185589184459868273e-01
-6.938294619340185099e-01 5.577179083075137211e-02 3.822297646853983766e-01
-7.613924317811037179e-01 8.646285168656101319e-03 4.470861816201101568e-01
-7.890656658134839185e-01 -3.550551041755958814e-02 4.811346001445925835e-01
-7.768393487694513766e-01 -7.663015154614069568e-02 4.843932054320502778e-01
-7.247159024569659325e-01 -1.146796704462223343e-01 4.568640033395495181e-01
-6.327100429607780407e-01 -1.496115521214452515e-01 3.985327075131401831e-01
-5.008489581221602371e-01 -1.813887756170542986e-01 3.093685378905032257e-01
-3.291725818799909331e-01 -2.099800409576523808e-01 1.893239499263599523e-01
-1.177339418928542852e-01 -2.353603056519413539e-01 3.833431414470978016e-02
1.334004456355188384e-01 -2.575117587851240564e-01 -1.436824311528283882e-01
4.241501660098509485e-01 -2.764253651699660752e-01 -3.568261234736980758e-01
7.064139554684863986e-01 -2.898368622072957645e-01 -5.656637928822100259e-01
9.321990720698295485e-01 -2.955074827039249619e-01 -7.346105422552282604e-01
1.101572430968353888e+00 -2.934774105224414176e-01 -8.635644897480272419e-01
1.214591099619053427e+00 -2.837897153478226575e-01 -9.524376426105094495e-01
1.271302437713632161e+00 -2.664895606002751216e-01 -1.001155643997977407e+00
1.271744094731173558e+00 -2.416240035930201091e-01 -1.009657644588384695e+00
1.215943870740257671e+00 -2.092422549257406950e-01 -9.778963164205487502e-01
1.103919445784983244e+00 -1.693962661739485398e-01 -9.058380269574822785e-01
9.356779792486982217e-01 -1.221415143330428499e-01 -7.934631974825059331e-01
7.112155746299639869e-01 -6.753784794185765938e-02 -6.407668793611821512e-01
4.710664930907647596e-01 -1.301034507552385408e-02 -4.745026425692040473e-01
2.557964743435470756e-01 3.409751181162719302e-02 -3.213980705932690252e-01
6.543597558012319293e-02 7.383759716299145848e-02 -1.814242223593576508e-01
-9.998987958801713871e-02 1.062521717887385253e-01 -5.455643615829944976e-02
-2.404610752851236710e-01 1.313735125910507340e-01 5.922606056951761760e-02
-3.559625581433149555e-01 1.492236692873647463e-01 1.599403709025526976e-01
-4.464841625751349574e-01 1.598143262948238663e-01 2.476000092808910702e-01
-5.120205947777234368e-01 1.631467507360049585e-01 3.222148767960520965e-01
-5.525714627724479522e-01 1.592118089636566647e-01 3.837911651379788402e-01
-5.681413394223462365e-01 1.479900343633736015e-01 4.323312238576428879e-01
-5.681916036160451489e-01 1.338350379857664307e-01 4.703751235049575818e-01
-5.621659976360220412e-01 1.211298006137253302e-01 5.004743102069281191e-01
-5.500473382579691428e-01 1.098895617577952122e-01 5.226448593205093029e-01
-5.318189357120990390e-01 1.001270058885244396e-01 5.369021399519380289e-01
-5.074645784919027403e-01 9.185226140363444980e-02 5.432607937655377084e-01
-4.769685282780601332e-01 8.507291447373463433e-02 5.417347131142792316e-01
-4.403155224120672839e-01 7.979403680038456292e-02 5.323370202830881581e-01
-3.974907813766309639e-01 7.601822626766255309e-02 5.150800495965294212e-01
-3.484800187848426933e-01 7.374565941080730991e-02 4.899753340838451932e-01
-2.932694514485176263e-01 7.297415457153755280e-02 4.570335983194832585e-01
-2.383575749632324270e-01 7.169884547824591225e-02 4.161406556294344194e-01
-1.902544592999210193e-01 6.795056188625438198e-02 3.671681701564860067e-01
-1.489639324287339028e-01 6.177333756465971937e-02 3.101062020587410650e-01
-1.144887482502013887e-01 5.320401697479835296e-02 2.449463121316640402e-01
-8.683070923325152124e-02 4.227223072289115757e-02 1.716814989590331741e-01
-6.599078569191234311e-02 2.900037946858990967e-02 9.030616472380952053e-02
-5.196922442356650962e-02 1.340362542520903352e-02 8.161037907663282751e-04
-4.476563944409816392e-02 -4.510109435544690584e-03 -9.679149181909005306e-02
-4.437907757041149870e-02 -2.474013935545413614e-02 -2.025180159365271571e-01
-5.080805162105806599e-02 -4.729300575466239415e-02 -3.163634266123120375e-01
-7.025349890160940969e-02 -5.960351515478305717e-02 -4.054782531767437415e-01
-1.089544719706619647e-01 -4.917185128427515456e-02 -4.369941110376416860e-01
-1.669749216475598930e-01 -1.613102825899593099e-02 -4.108803179500192804e-01
-2.443913789604248710e-01 3.935716275209182047e-02 -3.270999656138131595e-01
-3.412935994140631202e-01 1.171022862623896099e-01 -1.856106950566371594e-01
-4.577860360353224189e-01 2.168856779746640984e-01 1.363405036115237882e-02
-5.939903417754787140e-01 3.384612330845158668e-01 2.706831918201280662e-01
-7.500490865828330911e-01 4.815566891765418189e-01 5.855854921914571687e-01
-9.261308488451278631e-01 6.458755768962556321e-01 9.583862231101302198e-01
-1.122436800963806602e+00 8.311000860594996986e-01 1.389122887700202202e+00
-1.291582131413059997e+00 1.009467686178735946e+00 1.798989686863508464e+00
-1.385777915654385684e+00 1.153417044187985185e+00 2.109353509210405875e+00
-1.404631127108523003e+00 1.262803464539673737e+00 2.320566344293685468e+00
-1.347726051642063494e+00 1.337322482144690516e+00 2.433061281656367481e+00
-1.214629115783132374e+00 1.376508132864175060e+00 2.447354078988122961e+00
-1.004891740449299631e+00 1.379736487810002687e+00 2.364045901461575117e+00
-7.180489011577706471e-01 1.346235259447330579e+00 2.183828702867303573e+00
-3.536111327510812474e-01 1.275100193875350563e+00 1.907494705067778851e+00
8.895211200282863995e-02 1.165319055637944690e+00 1.535951274218748885e+00
6.102395584357288572e-01 1.015804387875963055e+00 1.070242149760446182e+00
1.130239274444612363e+00 8.454339583337131536e-01 5.875501872990760432e-01
1.568150988952697000e+00 6.746213663955505924e-01 1.638077763527473751e-01
1.923560194165217618e+00 5.044836693825074381e-01 -2.016060367130986797e-01
2.196159842567428910e+00 3.360317905529712768e-01 -5.092020427727632637e-01
2.385730568585358036e+00 1.701575048250573152e-01 -7.593916316042035319e-01
2.492127437691897818e+00 7.627020095108155706e-03 -9.524912015024532552e-01
2.515272404838678089e+00 -1.509204738918410449e-01 -1.088721272951102881e+00
2.455151611091631381e+00 -3.049706681998013980e-01 -1.168201503169227440e+00
2.311816659660919981e+00 -4.541297226206964521e-01 -1.190942826138423394e+00
2.085389066497187027e+00 -5.981189634176570236e-01 -1.156837889333591995e+00
1.830690576876279785e+00 -7.287662252907630700e-01 -1.092230444269171041e+00
1.602280205850571626e+00 -8.377923024907631966e-01 -1.023994187174857684e+00
1.399951312645527635e+00 -9.248752372052121418e-01 -9.527125669443541334e-01
1.223504691523187748e+00 -9.897335835028981954e-01 -8.789508880066314589e-01
1.072747821052697503e+00 -1.032120754754350500e+00 -8.032527315038994198e-01
9.474949043278279026e-01 -1.051820474795693183e+00 -7.261375506461891227e-01
8.475676603008865939e-01 -1.048643300160082781e+00 -6.480992720798326445e-01
7.727968142445935662e-01 -1.022424163947858844e+00 -5.696057638774636445e-01
7.230242274182828721e-01 -9.730208823970120102e-01 -4.910990496262411242e-01
6.981056017696813942e-01 -9.003135613906118051e-01 -4.129961576732414930e-01
6.696825208945998975e-01 -8.064811339559229131e-01 -3.375498110161815335e-01
6.094170855821973154e-01 -6.938672850817204640e-01 -2.666549861769091367e-01
5.172200827684488855e-01 -5.625967117338492862e-01 -2.001910777593180479e-01
3.930217636742918685e-01 -4.127681519552443556e-01 -1.380606404684280586e-01
2.367708177345541620e-01 -2.444547563964752923e-01 -8.019053203296483412e-02
4.843351242007011559e-02 -5.770459615466429909e-02 -2.653303753933067277e-02
-1.720069517594373099e-01 1.474588065741193055e-01 2.293314700043921212e-02
-4.245508198000364497e-01 3.710360414028007758e-01 6.820219089141758839e-02
-7.091818431231095010e-01 6.130515823797682007e-01 1.092407842330305190e-01
-1.025866974699130685e+00 8.735538820758950163e-01 1.459882973184262467e-01
-1.322183450262113258e+00 1.114679471676079503e+00 1.743494351398138242e-01
-1.545711891199279320e+00 1.298539520640816791e+00 1.903177124401067843e-01
-1.696407736032953695e+00 1.425178179259168232e+00 1.939516970418522779e-01
-1.774213966513809471e+00 1.494654026161768456e+00 1.853179904640094022e-01
-1.779061431272178861e+00 1.507039733394875958e+00 1.644917167585819850e-01
-1.710869002379794335e+00 1.462422073324420868e+00 1.315565880995145653e-01
-1.569543518278184502e+00 1.360902367613348263e+00 8.660435625563385476e-02
-1.354979461961695053e+00 1.202597484188639543e+00 2.973346317523287152e-02
-1.067058328479001172e+00 9.876414837396931823e-01 -3.895330221240772550e-02
-7.056476542182024136e-01 7.161879991057096273e-01 -1.193523537715014265e-01
-3.327046066933339041e-01 4.355707120768345098e-01 -1.983489517810494152e-01
-1.037797160365347936e-02 1.929112020354144807e-01 -2.629595028398302170e-01
2.612006875937057382e-01 -1.193069473777408698e-02 -3.132813322541859180e-01
4.819107918442865346e-01 -1.790824316351877221e-01 -3.494106696820141744e-01
6.516421763475632734e-01 -3.086600545710200816e-01 -3.714401539388589302e-01
7.702946490215697439e-01 -4.007690110593312149e-01 -3.794572793229365471e-01
8.377776908846977788e-01 -4.555044923776722654e-01 -3.735436608314789408e-01
8.540102953966227650e-01 -4.729513532482998994e-01 -3.537750091437780742e-01
8.189209363092306848e-01 -4.531836616476359603e-01 -3.202217132181625070e-01
7.324476533667894085e-01 -3.962639317762631785e-01 -2.729499294479869054e-01
6.263959145230347803e-01 -3.250329526509965206e-01 -2.216004837542702721e-01
5.326083492431579192e-01 -2.623008144216064652e-01 -1.757626569744664136e-01
4.510857683506170890e-01 -2.080749627450588779e-01 -1.354231235470590156e-01
3.818286021492569016e-01 -1.623632131837044468e-01 -1.005687797045488607e-01
3.248368555609082442e-01 -1.251737981148309808e-01 -7.118677123426636610e-02
2.801100734236515177e-01 -9.651540135926382769e-02 -4.726451716939281816e-02
2.476473159454772865e-01 -7.639718100531983636e-02 -2.878972865047463303e-02
2.274471443226531164e-01 -6.482878099979123843e-02 -1.575042202630778584e-02
2.195076165382116584e-01 -6.182033215172670626e-02 -8.134925142075975432e-03
2.238262933555335288e-01 -6.738244324417720643e-02 -5.931875690165644768e-03
2.235376623141935026e-01 -7.176651575241436987e-02 -5.971624278976941404e-03
2.017787186925247001e-01 -6.521651094741558186e-02 -5.098250028601340397e-03
1.585494767733683641e-01 -4.773169366150499526e-02 -3.320301099841092320e-03
9.384998378630213245e-02 -1.931135104047270942e-02 -6.453534355882094764e-04
7.680330368958812257e-03 2.004523118374413118e-02 2.919991495302936071e-03
-9.995933487840692744e-02 7.033879993557497212e-02 7.370110012645830593e-03
-2.290687879885837108e-01 1.315701710939110314e-01 1.270036080226634445e-02
-3.796477106202189034e-01 2.037402683651750035e-01 1.890709112125200583e-02
-5.516956707030928886e-01 2.868501622213942559e-01 2.598764515608243189e-02
-7.452121039950744263e-01 3.809011063473089487e-01 3.394037519761911037e-02
-9.304370494572483663e-01 4.736062772226365403e-01 4.573067001192044484e-02
-1.077637705886681729e+00 5.526276984399340897e-01 6.435777397999474514e-02
-1.186857069066358017e+00 6.178752278674226606e-01 8.987818275228125209e-02
-1.258146821909220892e+00 6.692406123744671920e-01 1.223561518168505835e-01
-1.291567662741625488e+00 7.065973374557170672e-01 1.618630983048262029e-01
-1.287189669528116864e+00 7.298006616192211915e-01 2.084772400950251625e-01
-1.245092704114964866e+00 7.386878724002312602e-01 2.622835692870419400e-01
-1.165366862418328875e+00 7.330787968921494979e-01 3.233742586175349931e-01
-1.048112977102270582e+00 7.127765985571020702e-01 3.918495991548757718e-01
-8.934431781745484358e-01 6.775688949462818078e-01 4.678195653375276097e-01
-7.290295887691690124e-01 6.340897556245059796e-01 5.361484457001961523e-01
-5.823717489473076991e-01 5.893020695137203280e-01 5.815377970724947554e-01
-4.533344913010714516e-01 5.434560640538251830e-01 6.038741061222908657e-01
-3.417904522952127100e-01 4.967758032086708186e-01 6.030560690081241404e-01
-2.476203117082888816e-01 4.494585632814616649e-01 5.789930427343406016e-01
-1.707133464776724729e-01 4.016745910426509081e-01 5.316039101757036311e-01
-1.109682284450356632e-01 3.535671930390039686e-01 4.608163079111827209e-01
-6.829399447926798317e-02 3.052531071325702561e-01 3.665661646576474642e-01
-4.261111798174661153e-02 2.568231069540766187e-01 2.487974980018574644e-01
-3.385261254247096119e-02 2.083427878191912441e-01 1.074624180075973851e-01
-1.885785630682241740e-02 1.526366026685691824e-01 -3.302167207490578488e-02
2.546837244430065830e-02 8.249306416004788256e-02 -1.481782585167747135e-01
9.910933687668530001e-02 -2.060278156426435196e-03 -2.379725467107965953e-01
2.020826057516017515e-01 -1.009507652640714709e-01 -3.023841061323169765e-01
3.344398771307967588e-01 -2.140604327151638120e-01 -3.414072602099986753e-01
4.962667324893131338e-01 -3.412257824156120223e-01 -3.550520515317266979e-01
6.876824232044571605e-01 -4.822376825484493978e-01 -3.433459939409669315e-01
9.088397840370044944e-01 -6.368415678306866834e-01 -3.063368218740203375e-01
1.159925355596713947e+00 -8.047381322095127354e-01 -2.440964438800380665e-01
1.441159777801779507e+00 -9.855847366493143413e-01 -1.567262999776443955e-01
1.703887430789591928e+00 -1.150740939443173794e+00 -6.283101933072157697e-02
1.899174752775907082e+00 -1.271985372240968859e+00 1.908797298723031305e-02
2.026868244652550555e+00 -1.349548524008462369e+00 8.906081869991139266e-02
2.086836403045229105e+00 -1.383627681079633964e+00 1.471233660408657051e-01
2.078969378062589080e+00 -1.374386167895979227e+00 1.933180066523987883e-01
2.003178769422120364e+00 -1.321952928172680730e+00 2.276931247195896069e-01
1.859397468495735728e+00 -1.226422487012457596e+00 2.503015441396533314e-01
1.647579467170602108e+00 -1.087855312152481213e+00 2.611983627172641542e-01
1.367699575784936838e+00 -9.062785587762181017e-01 2.604385587347624043e-01
1.019753016789489486e+00 -6.816871454667194907e-01 2.480747440707580520e-01
6.631526409283813317e-01 -4.490372750351601661e-01 2.308087280994918500e-01
3.572657347965614849e-01 -2.433736179260068411e-01 2.152734901782509536e-01
1.020376821459689221e-01 -6.480047804701484504e-02 2.014334591564655441e-01
-1.025856839907527268e-01 8.658071449743473535e-02 1.892749754080507441e-01
-2.566579198514160054e-01 2.106714965853073995e-01 1.788047915026058921e-01
-3.602319996885319786e-01 3.073762210850035093e-01 1.700490459019330658e-01
-4.133604624474928046e-01 3.766017915439587305e-01 1.630526897039456247e-01
-4.160956110134992891e-01 4.182574007075646194e-01 1.578793455759136821e-01
-3.684897029547581360e-01 4.322543844018774672e-01 1.546115806116454272e-01
-2.705950734904395971e-01 4.185063004162261624e-01 1.533515785263087627e-01
-1.530014133973642276e-01 3.811935395604353349e-01 1.453531983223551871e-01
-4.623939306755209949e-02 3.245822652396350150e-01 1.217410126290659200e-01
4.972078401979946466e-02 2.487027337908621072e-01 8.245778018069523096e-02
1.349049508512581430e-01 1.535659409391403885e-01 2.747301250078937676e-02
2.093347853339374010e-01 3.916356596882077795e-02 -4.321718699044707623e-02
2.730277551892303922e-01 -9.453193630165912520e-02 -1.295902081731223621e-01
3.259972936430341472e-01 -2.475671376792699385e-01 -2.315969582839949303e-01
3.682532998303969518e-01 -4.200073732528940007e-01 -3.491618413335404458e-01
3.998030574179312069e-01 -6.119364500498771786e-01 -4.821827129666192424e-01
4.206526645763642991e-01 -8.234563605822148302e-01 -6.305308367573367878e-01
4.391163034648654095e-01 -1.025710444649287734e+00 -7.783731062589415162e-01
4.634203347650894811e-01 -1.189687348804187694e+00 -9.101231414230206429e-01
4.934169407138641050e-01 -1.315267429283756284e+00 -1.026017103804771846e+00
5.289278061252030705e-01 -1.402323575998073668e+00 -1.126307656190854933e+00
5.697423476578671320e-01 -1.450722647175578084e+00 -1.211263188755459463e+00
6.156166571660822706e-01 -1.460327009284783761e+00 -1.281167409164103210e+00
6.662732446523467189e-01 -1.430996131614474365e+00 -1.336319449166847750e+00
7.214016551221805740e-01 -1.362588179467379090e+00 -1.377034648988733068e+00
7.806600259941940401e-01 -1.254961548150033801e+00 -1.403646183213039800e+00
8.436776499255289608e-01 -1.107976282323773320e+00 -1.416507687149188177e+00
8.809680902184512385e-01 -9.397138713637778196e-01 -1.404723253511657166e+00
8.635148343813081606e-01 -7.686518880055411840e-01 -1.356807990150771026e+00
7.915992577675826647e-01 -5.952211407376931662e-01 -1.272319818005889669e+00
6.654518201338357475e-01 -4.198216258200025974e-01 -1.150908782272316966e+00
4.852465087051867076e-01 -2.428259471642083556e-01 -9.923175741668713856e-01
2.510952777329841790e-01 -6.458368158876841292e-02 -7.963836933057076850e-01
-3.695740289953672320e-02 1.145741851441398340e-01 -5.630431994682363328e-01
-3.789397980368963137e-01 2.943316953754347987e-01 -2.923360473301973017e-01
-7.749578698024958134e-01 4.743862577627213639e-01 1.558697800699637009e-02
-1.225199843246020048e+00 6.544500137197063472e-01 3.604557200147868734e-01
-1.644214624010426729e+00 8.048003125219208576e-01 6.731007205530267212e-01
-1.946098929315239312e+00 8.964719663124899318e-01 8.845915458879282101e-01
-2.130442809890358724e+00 9.303677145962144790e-01 9.948889837177041784e-01
-2.196852712020024079e+00 9.074417902025213589e-01 1.003919658264500248e+00
-2.144950478028656349e+00 8.286989796480093151e-01 9.115799874268533110e-01
-1.974379056332217885e+00 6.951959471556192760e-01 7.177312950892688059e-01
-1.684815661835369793e+00 5.080444575257563322e-01 4.221854657389971788e-01
-1.275993279095768207e+00 2.684158625456750102e-01 2.468055374890469264e-02
-7.477317044061494444e-01 -2.245447391740486992e-02 -4.751541632929804915e-01
-9.997975368487346803e-02 -3.632653024072305392e-01 -1.077844021412948106e+00
5.409212863827136397e-01 -6.902029453733040665e-01 -1.664950130314419408e+00
1.048457799579277427e+00 -9.413644387664605873e-01 -2.117248876288879700e+00
1.422313247189579855e+00 -1.118205198364262465e+00 -2.434256687755220305e+00
1.662230998193612752e+00 -1.222097691419177012e+00 -2.615499286923036237e+00
1.768031124917998298e+00 -1.254325117784290455e+00 -2.660493570032498756e+00
1.739611689935357308e+00 -1.216076452252220053e+00 -2.568744307072014177e+00
1.576935799519798120e+00 -1.108444635523369026e+00 -2.339753467945077325e+00
1.280005845352167215e+00 -9.324296817883628297e-01 -1.973039875963820577e+00
8.488265565361348131e-01 -6.889477134198352948e-01 -1.468167104090851938e+00
2.833586204334200831e-01 -3.788455910575568297e-01 -8.247780911200484066e-01
-3.174488311177741107e-01 -6.498245749147951722e-02 -1.618835294044216055e-01
-8.545576456808576804e-01 1.905732251056401760e-01 4.012027471980514903e-01
-1.327984508770855498e+00 3.883279802205043540e-01 8.641728140596458552e-01
-1.737809196807409196e+00 5.289728905055811614e-01 1.226578150349829865e+00
-2.084157335174028347e+00 6.133943189157852194e-01 1.487844106781735842e+00
-2.367185248990961277e+00 6.426852417276719409e-01 1.647285497993883130e+00
-2.587069943234071800e+00 6.181552048905040175e-01 1.704122460425144148e+00
-2.744007325599995717e+00 5.413374332477174367e-01 1.657495375252209246e+00
-2.838221843656431709e+00 4.139921118034097236e-01 1.506477362963631661e+00
-2.869990721986546589e+00 2.381052053269702706e-01 1.250082698859633412e+00
-2.846069138449820457e+00 5.458313125836376789e-02 9.524377037903342114e-01
-2.772796739688901724e+00 -9.789853702470720231e-02 6.789806885993278085e-01
-2.649940447520006792e+00 -2.204525067074296629e-01 4.305350393522047736e-01
-2.477320080437221961e+00 -3.140697500811744369e-01 2.077806705294257816e-01
-2.254794227917475968e+00 -3.796102486687688571e-01 1.126057101806418950e-02
-1.982251089148132195e+00 -4.177938017550664740e-01 -1.586097528815033075e-01
-1.659603496514803211e+00 -4.291913725060872986e-01 -3.015309954974849105e-01
-1.286787343767589631e+00 -4.142173887795390641e-01 -4.173080157703521476e-01
-8.637626485088792938e-01 -3.731233323444293482e-01 -5.058381680419511417e-01
-3.905164940818456887e-01 -3.059928628846814158e-01 -5.671011548374985667e-01
7.788515466104541096e-02 -2.371114033968383661e-01 -6.186550361263520870e-01
4.864594571233261666e-01 -1.910355648715746091e-01 -6.779413507073500655e-01
8.353396191474914412e-01 -1.681763559282412057e-01 -7.447730388371216481e-01
1.124679860223660288e+00 -1.690079507533586989e-01 -8.188928600287622706e-01
1.354657003162953899e+00 -1.940629833005578508e-01 -8.999662518419991875e-01
1.525472922231362327e+00 -2.439275668088854154e-01 -9.875755511121202534e-01
1.637358095101077327e+00 -3.192364780425920312e-01 -1.081216120726830265e+00
1.690576520538048078e+00 -4.206690165975183748e-01 -1.180294883753267854e+00
1.685432273728667552e+00 -5.489460996823920524e-01 -1.284131726837459242e+00
1.622277972106030974e+00 -7.048291723898463257e-01 -1.391964207372462514e+00
1.528022550217100317e+00 -8.581121470726944533e-01 -1.481263947917898838e+00
1.429204486452763989e+00 -9.776900055585894256e-01 -1.530373528135047234e+00
1.325674765843574354e+00 -1.063048607602913531e+00 -1.539757869542999424e+00
1.217297685588468958e+00 -1.113728309936352856e+00 -1.509849600205485087e+00
1.103950410292163564e+00 -1.129321873599934412e+00 -1.441045784458736767e+00
9.855246940926184473e-01 -1.109472010911641160e+00 -1.333705194343523415e+00
8.619303909744751024e-01 -1.053868656704339379e+00 -1.188146109054810440e+00
7.331003811739038589e-01 -9.622460755237660646e-01 -1.004644606023745057e+00
5.989965539341902678e-01 -8.343799535356349883e-01 -7.834332728468411666e-01
4.596165027856297103e-01 -6.700846670533885385e-01 -5.247002274599642524e-01
3.188226334986130062e-01 -4.997093434628118724e-01 -2.617980535516865048e-01
1.804067068529656981e-01 -3.537711868135917093e-01 -2.792570539129584153e-02
4.428090707380556712e-02 -2.323406131969719124e-01 1.769692717448655139e-01
-8.965758841927290446e-02 -1.354536763464112281e-01 3.529094225258042616e-01
-2.215269851486764141e-01 -6.311126973722885891e-02 4.998866188989732340e-01
-3.514606983844087984e-01 -1.527818889239229011e-02 6.178616372000108603e-01
-4.796068283544817068e-01 8.117887018770097302e-03 7.067641165533919967e-01
-6.061274879011292471e-01 7.187430116322114995e-03 7.664929421313780855e-01
-7.311981922635598652e-01 -1.791995005809431801e-02 7.969170955306864590e-01
-8.550075247699187031e-01 -6.701463350570961708e-02 7.978770113899306127e-01
-9.588988273861522860e-01 -1.231820560390359948e-01 7.737912739432056819e-01
-1.024049648930804413e+00 -1.697296758091461910e-01 7.292298865340388625e-01
-1.050418891187122172e+00 -2.067464498054524258e-01 6.642307460374193839e-01
-1.037980315702376366e+00 -2.342918137713734250e-01 5.788184109855376569e-01
-9.867222621898973367e-01 -2.523955190141460858e-01 4.730041072807134039e-01
-8.966474481177881817e-01 -2.610574529138255384e-01 3.467858975521169174e-01
-7.677729076443715606e-01 -2.602475339314367364e-01 2.001488617287060512e-01
-6.001301297385508438e-01 -2.499057679830785361e-01 3.306513485969269500e-02
-3.937654558093118817e-01 -2.299425516482215548e-01 -1.545063521554572994e-01
-1.487407955533605053e-01 -2.002393110331524562e-01 -3.626205817111411434e-01
8.252351208947389383e-02 -1.676826950052855425e-01 -5.487190439551871135e-01
2.477427162705960473e-01 -1.394637315240804254e-01 -6.701181554674369156e-01
3.470443973527952419e-01 -1.158773866927787083e-01 -7.267095690628755378e-01
3.805467467568683371e-01 -9.718959835244189716e-02 -7.183944723216091344e-01
3.483584402279802927e-01 -8.363704808672725588e-02 -6.450829457785638432e-01
2.505774332650965719e-01 -7.542789001363806034e-02 -5.066945636902052685e-01
8.728889573875286967e-02 -7.274329646752993039e-02 -3.031600070872308983e-01
-1.414375108217078014e-01 -7.573965006747547524e-02 -3.442347032103400956e-02
-4.355508336620902421e-01 -8.455116033150562871e-02 2.995543376331168406e-01
-7.950223571078726126e-01 -9.929261856205225112e-02 6.987927710166828010e-01
-1.157691630515917280e+00 -1.158588798785284008e-01 1.098328541487750387e+00
-1.461434940704181118e+00 -1.300091504476972304e-01 1.433167275444679589e+00
-1.706300982568257574e+00 -1.416416877089172188e-01 1.703268642304874625e+00
-1.892337049802253146e+00 -1.506534401603092377e-01 1.908593932064925225e+00
-2.019587883353222146e+00 -1.569392902009475177e-01 2.049107131985269170e+00
-2.088094932790344860e+00 -1.603917199815584893e-01 2.124775610519764157e+00
-2.097896051737035084e+00 -1.609008576104203891e-01 2.135570390931783358e+00
-2.049025653403481417e+00 -1.583548415392596609e-01 2.081465993621127275e+00
-1.941515351291235758e+00 -1.526404322459868068e-01 1.962439827651002000e+00
