0.000000000000000000e+00 0.000000000000000000e+00 -2.026375322548363833e+00
3.006047022935831592e-03 8.592974062997527085e-04 -2.022302546586034921e+00
6.665657113692269320e-03 2.276594580286506186e-03 -2.017430177104803768e+00
1.069252680374299658e-02 4.025544552267223963e-03 -2.012105608303748738e+00
1.480327859654773093e-02 5.874858654178360950e-03 -2.006673986128985732e+00
1.871817424771471394e-02 7.587559530225718163e-03 -2.001477638716186114e+00
2.216102578523093669e-02 8.921206124870462162e-03 -1.996856164739627237e+00
2.485829114301330023e-02 9.629052833873608108e-03 -1.993147180529012186e+00
2.653734295139420496e-02 9.462113342700639862e-03 -1.990687727281563735e+00
2.692389992841981439e-02 8.172120943250149594e-03 -1.989816344905329215e+00
2.573860995964061260e-02 5.515411422465810176e-03 -1.990875829576547185e+00
2.277238315805707458e-02 1.343280959252624029e-03 -1.994108194221559049e+00
1.812449334669530288e-02 -4.139455395469227028e-03 -1.999329859725006209e+00
1.197048878385054138e-02 -1.063591366415561623e-02 -2.006252061415598753e+00
4.487473449552137339e-03 -1.784703254058284116e-02 -2.014585598045600889e+00
-4.142318310687898020e-03 -2.547514518950411144e-02 -2.024037917521350316e+00
-1.372873807390284639e-02 -3.322712823358564549e-02 -2.034310643108559802e+00
-2.407176697120227971e-02 -4.081711549996747124e-02 -2.045097601462189996e+00
-3.496043129040415920e-02 -4.796872729511125755e-02 -2.056083430597094086e+00
-4.617263583589803488e-02 -5.441673761876852922e-02 -2.066942848477029138e+00
-5.747595355934187467e-02 -5.990808334885322495e-02 -2.077340651027954621e+00
-6.863627438725217189e-02 -6.425627225057262137e-02 -2.086976971170471540e+00
-7.944373328723663974e-02 -6.750109767808831762e-02 -2.095724853034848678e+00
-8.969844431461027057e-02 -6.974126124178159358e-02 -2.103502860493359883e+00
-9.920457707296215233e-02 -7.107848358992097104e-02 -2.110232235419857716e+00
-1.077703705454426952e-01 -7.161620337122265312e-02 -2.115837590350091002e+00
-1.152080000460919962e-01 -7.145816668301741004e-02 -2.120247338071787446e+00
-1.213333071479887337e-01 -7.070692502113296030e-02 -2.123393872285823658e+00
-1.259654111629586737e-01 -6.946225688608453908e-02 -2.125213521507773429e+00
-1.289262273883124976e-01 -6.781952423814097131e-02 -2.125646305270115555e+00
-1.300399219387662342e-01 -6.586797034355829084e-02 -2.124635527477252595e+00
-1.292370975348777762e-01 -6.369917177017914156e-02 -2.122200335863937859e+00
-1.268676094527378950e-01 -6.143824426146871076e-02 -2.118653260171790453e+00
-1.233839519862467426e-01 -5.921884718319514462e-02 -2.114378037775076713e+00
-1.192355862259883992e-01 -5.717776030237375906e-02 -2.109755300862364624e+00
-1.148687508897996423e-01 -5.545775589541523942e-02 -2.105162202861241560e+00
-1.107268180155092097e-01 -5.420876085087744656e-02 -2.100972672344231462e+00
-1.072512229917190751e-01 -5.358734989877333987e-02 -2.097558326403322404e+00
-1.048830068201347387e-01 -5.375460342766835709e-02 -2.095290087910522736e+00
-1.040650052732434716e-01 -5.487234137461527439e-02 -2.094540547995177526e+00
-1.052447061520336291e-01 -5.709770728416962982e-02 -2.095687097744773908e+00
-1.086970030045231184e-01 -6.049712947311824962e-02 -2.098954667747669589e+00
-1.139809940102622932e-01 -6.480841958588268170e-02 -2.103931395118526559e+00
-1.204732895182933916e-01 -6.969028029192836371e-02 -2.110042422957346453e+00
-1.275432508435674350e-01 -7.481086327418129400e-02 -2.116705149092221738e+00
-1.345501762401122292e-01 -7.985314540414778506e-02 -2.123326257429535957e+00
-1.408425344133927837e-01 -8.451664412717008190e-02 -2.129300947170321923e+00
-1.457592104386584708e-01 -8.851527148917615051e-02 -2.134014306655546367e+00
-1.486327177687378764e-01 -9.157113483220502559e-02 -2.136844769802358712e+00
-1.487943587241904453e-01 -9.340416992077082980e-02 -2.137169630665587405e+00
-1.455813952028695013e-01 -9.371763847694847271e-02 -2.134372685960507887e+00
-1.385819050511933881e-01 -9.228648158343677466e-02 -2.128133812283564907e+00
-1.283443952063940685e-01 -8.927717410261504227e-02 -2.119271746703151660e+00
-1.156573378595382451e-01 -8.496457379555177880e-02 -2.108892564594665231e+00
-1.013008516303184336e-01 -7.965115095272778944e-02 -2.098098198198424136e+00
-8.603783203429404836e-02 -7.368163715475573028e-02 -2.087977524191774847e+00
-7.060893454371530709e-02 -6.744899256426872824e-02 -2.079600061766592400e+00
-5.573208134321028240e-02 -6.139217795784102094e-02 -2.074012736997660866e+00
-4.210700281149648561e-02 -5.598634298595905889e-02 -2.072240107211118509e+00
-3.042498703061546905e-02 -5.172596179052213472e-02 -2.075288303563339820e+00
-2.138356608811253778e-02 -4.910115137980897160e-02 -2.084152819699686354e+00
-1.550329275552275732e-02 -4.844189379970842424e-02 -2.099407612120954614e+00
-1.253115583996944338e-02 -4.951866865365772696e-02 -2.119951430090337041e+00
-1.202728513005535405e-02 -5.193383231512482823e-02 -2.144278270895572991e+00
-1.354558040955122777e-02 -5.527666126091812515e-02 -2.170891810131084565e+00
-1.661941041620096371e-02 -5.914769227710525712e-02 -2.198297684192328294e+00
-2.075402788948821353e-02 -6.317664671570355495e-02 -2.224997658615768703e+00
-2.542513165269255637e-02 -6.703334467290655851e-02 -2.249485971329657996e+00
-3.008260444957233659e-02 -7.043081145560048384e-02 -2.270247973259193142e+00
-3.415830673312925114e-02 -7.311983682475098334e-02 -2.285760982470052660e+00
-3.707697179735447435e-02 -7.487450918322613447e-02 -2.294497115857440761e+00
-3.836981515311421731e-02 -7.552378831236250534e-02 -2.295369775349513919e+00
-3.798887532947325951e-02 -7.508918339875236825e-02 -2.289064945827171016e+00
-3.600934301583880170e-02 -7.361215588558067680e-02 -2.276717540434932019e+00
-3.252289034766775444e-02 -7.110928791845605446e-02 -2.259468390312350028e+00
-2.763114987096493280e-02 -6.758354810480415864e-02 -2.238462994235767667e+00
-2.143952794495085357e-02 -6.303469145575757437e-02 -2.214850315443620765e+00
-1.405097316598968860e-02 -5.746851161196442348e-02 -2.189781581601080607e+00
-5.559573165418996155e-03 -5.090479732311958827e-02 -2.164409098551523414e+00
3.955930250810979487e-03 -4.338398125170472852e-02 -2.139885135605444688e+00
1.443844682229711296e-02 -3.497261290511577414e-02 -2.117360964124541223e+00
2.577673982386174956e-02 -2.584353650540993641e-02 -2.097773413478497773e+00
3.756201837792039200e-02 -1.650182936303901116e-02 -2.081199816562644855e+00
4.932453678997905655e-02 -7.547611756990146858e-03 -2.067484248680954817e+00
6.060607559395458921e-02 4.081601621530595025e-04 -2.056449033745072263e+00
7.095184155548261984e-02 6.750517010742029811e-03 -2.047897455441849424e+00
7.990361153433367392e-02 1.086610089042761018e-02 -2.041618893561775394e+00
8.699447394898651709e-02 1.214761339373904292e-02 -2.037396503786198743e+00
9.174525382246745409e-02 9.997137146980250577e-03 -2.035017626667685597e+00
9.366234900123693308e-02 3.828447012146796169e-03 -2.034287125023141130e+00
9.223625361016329904e-02 -6.931457279547359462e-03 -2.035043831385033641e+00
8.717907757144383041e-02 -2.257128554421505839e-02 -2.037144967786491012e+00
7.914598132378181106e-02 -4.228845909410461346e-02 -2.040354641773207689e+00
6.903075265447711217e-02 -6.500927638580389356e-02 -2.044398023226527528e+00
5.773916621937047466e-02 -8.966765727514314221e-02 -2.048962839373952516e+00
4.620103083327764537e-02 -1.152115038912997491e-01 -2.053677779039307261e+00
3.538090523576054025e-02 -1.406064371851973860e-01 -2.058099329090380181e+00
2.628526675982634231e-02 -1.648359022682330810e-01 -2.061707703168566219e+00
1.996336039035240262e-02 -1.868963749610808023e-01 -2.063913150358532178e+00
1.749883147915554105e-02 -2.057864519940650894e-01 -2.064074429052688231e+00
1.998964460549501609e-02 -2.204890856530852261e-01 -2.061531384233155073e+00
2.817844339502650897e-02 -2.302313622103300261e-01 -2.055838710322920093e+00
4.140664215264422410e-02 -2.353284243013957777e-01 -2.047374489751865312e+00
5.862447824616268122e-02 -2.363637840640722132e-01 -2.036782589527596610e+00
7.875493789332166372e-02 -2.339341124588223408e-01 -2.024748381840960398e+00
1.007205066641581048e-01 -2.286694093890635493e-01 -2.011961978292463371e+00
1.234646576903122295e-01 -2.212453558534845932e-01 -1.999088438056535466e+00
1.459663145459648703e-01 -2.123878898679096849e-01 -1.986746530016775925e+00
1.672465474547242259e-01 -2.028708735046547140e-01 -1.975496957694462985e+00
1.863677348933689970e-01 -1.935081678030052821e-01 -1.965840239131490863e+00
2.024261427529334689e-01 -1.851414993429414402e-01 -1.958223871536123095e+00
2.147436731492731177e-01 -1.784797420668331469e-01 -1.952937869200896959e+00
2.234592131004218274e-01 -1.736387501382861132e-01 -1.949786684465058650e+00
2.288977383519998909e-01 -1.705608761401058437e-01 -1.948478962764201183e+00
2.313677961008160366e-01 -1.691655864672627629e-01 -1.948746972853684811e+00
2.311655493438196096e-01 -1.693561796109959161e-01 -1.950341972814525704e+00
2.285783313759401914e-01 -1.710253739949276763e-01 -1.953029860182005084e+00
2.238877320161449802e-01 -1.740599601179089184e-01 -1.956587168050487158e+00
2.173722600253640280e-01 -1.783446635745176145e-01 -1.960797435434834091e+00
2.093096342335702964e-01 -1.837653235270719776e-01 -1.965447959081961349e+00
1.999787559343868537e-01 -1.902114552085887311e-01 -1.970326919717924286e+00
1.896867866912828049e-01 -1.975251787386298474e-01 -1.975246401215214220e+00
1.788476083321355325e-01 -2.053428640407632955e-01 -1.980113568468806484e+00
1.679083627112407662e-01 -2.132539899645928827e-01 -1.984846152983343659e+00
1.573249288790452560e-01 -2.208542479193233987e-01 -1.989344644612963897e+00
1.475618390619524156e-01 -2.277453188188633959e-01 -1.993492685117367991e+00
1.390912536168560365e-01 -2.335341092691232134e-01 -1.997159494568439442e+00
1.323908057662617210e-01 -2.378313207313880184e-01 -2.000204412081818095e+00
1.279402053717006993e-01 -2.402492723543501185e-01 -2.002483602053174216e+00
1.262166155790018784e-01 -2.403989769126644305e-01 -2.003858922275297161e+00
1.276889864093293525e-01 -2.378865796458504711e-01 -2.004208872160115007e+00
1.326237428432315291e-01 -2.324686352072342643e-01 -2.003494403591142614e+00
1.405202529979141524e-01 -2.245289218460149172e-01 -2.001919359536427301e+00
1.506861712256122310e-01 -2.146070186629023269e-01 -1.999749008693375796e+00
1.624346066615203199e-01 -2.032448516912381820e-01 -1.997239290573124659e+00
1.750896844579306055e-01 -1.909903351164619068e-01 -1.994624894994202702e+00
1.879891486241445087e-01 -1.783991462494483038e-01 -1.992111764604681312e+00
2.004844048069531759e-01 -1.660348781317253497e-01 -1.989873812210476878e+00
2.119385759150675952e-01 -1.544679129010777530e-01 -1.988053600774677632e+00
2.217231924735925119e-01 -1.442733743976400973e-01 -1.986766756713198134e+00
2.292140689406849674e-01 -1.360284618729368233e-01 -1.986109955416985651e+00
2.339413746300693653e-01 -1.301852148477102844e-01 -1.986146368017086772e+00
2.360483598801739191e-01 -1.266949411450251084e-01 -1.986845194569594630e+00
2.358251970897966565e-01 -1.253798153811365168e-01 -1.988171083001474049e+00
2.335559178814805570e-01 -1.260581595660434928e-01 -1.990106305413074095e+00
2.295199102806830815e-01 -1.285455034136755437e-01 -1.992645660669478458e+00
2.239930681324819872e-01 -1.326554810930304917e-01 -1.995791978222628993e+00
2.172487538837120091e-01 -1.382006581683938862e-01 -1.999552184019768308e+00
2.095586881943525270e-01 -1.449933510630248001e-01 -2.003933899864481560e+00
2.011938382068221287e-01 -1.528464752268798854e-01 -2.008942553747056436e+00
1.924253406010341116e-01 -1.615744366147486843e-01 -2.014578982620789382e+00
1.835121312793450699e-01 -1.709398456472852601e-01 -2.020791580864227832e+00
1.746654911052312187e-01 -1.804930672540359105e-01 -2.027335074630332024e+00
1.660965605016913038e-01 -1.897378094628070500e-01 -2.033903919659729276e+00
1.580312377266919199e-01 -1.981858345205074201e-01 -2.040177767580899193e+00
1.507090838854239223e-01 -2.053564311641737916e-01 -2.045822900500299468e+00
1.443801875687977798e-01 -2.107750601745954633e-01 -2.050495297636506731e+00
1.392998623581656048e-01 -2.139710779395684881e-01 -2.053845479638923166e+00
1.357211571441041542e-01 -2.144745014180182707e-01 -2.055525154300021917e+00
1.338853116072158400e-01 -2.118118686356003089e-01 -2.055195509355677075e+00
1.340104786943956405e-01 -2.055013675130341610e-01 -2.052536771405574889e+00
1.361986290572376745e-01 -1.952381935507370159e-01 -2.047368557961479318e+00
1.401949500913168833e-01 -1.814656002676371394e-01 -2.039979912027212183e+00
1.456552242488275972e-01 -1.648109293118897867e-01 -2.030778846214986277e+00
1.522437212813469998e-01 -1.459016690550303252e-01 -2.020167406197042936e+00
1.596446010190333276e-01 -1.253701990735054395e-01 -2.008532006186581231e+00
1.675694729428864882e-01 -1.038569953839756366e-01 -1.996237499893348311e+00
1.757615078393071073e-01 -8.201243870548236004e-02 -1.983624538967604156e+00
1.839966378479434006e-01 -6.049746350008788909e-02 -1.971009578699080000e+00
1.920823978981678337e-01 -3.998331945614541638e-02 -1.958686824472339216e+00
1.998548911952480189e-01 -2.115070670915120132e-02 -1.946931439905454253e+00
2.071922769793927976e-01 -4.569061000903484882e-03 -1.935968769653855226e+00
2.140563049162436116e-01 9.664953630421635467e-03 -1.925878735251993934e+00
2.204227858986005373e-01 2.157295419884786014e-02 -1.916709397379657176e+00
2.262614107395450880e-01 3.117607253155263436e-02 -1.908512629106615455e+00
2.315355402121705986e-01 3.849520210356072170e-02 -1.901343964314619495e+00
2.362019167738131920e-01 4.355130288391428905e-02 -1.895262577070142340e+00
2.402103058320128603e-01 4.636577307492206756e-02 -1.890331395073655329e+00
2.435030701311613477e-01 4.696089858364116409e-02 -1.886617352682230520e+00
2.460146768236000092e-01 4.536039331665397967e-02 -1.884191790611186690e+00
2.476711330110790144e-01 4.159004603848348580e-02 -1.883131010429142105e+00
2.484331009979956484e-01 3.578393910761867858e-02 -1.883466797502372447e+00
2.484286579059227229e-01 2.850138636351484678e-02 -1.885035397134434465e+00
2.478279376678687029e-01 2.040975258301491735e-02 -1.887624717931998930e+00
2.468044202552821531e-01 1.217737792845774436e-02 -1.891021358999327218e+00
2.455384912363220984e-01 4.472206120792687756e-03 -1.895008449851977472e+00
2.442196487875882838e-01 -2.039249138491960878e-03 -1.899364527653177204e+00
2.430472573035404871e-01 -6.692571231838861934e-03 -1.903863626852850155e+00
2.422297465083689261e-01 -8.825693611817619910e-03 -1.908276777651356726e+00
2.419822049053510504e-01 -7.778687653340554675e-03 -1.912375074340326497e+00
2.425224248227113577e-01 -2.893049498017941090e-03 -1.915934380036190987e+00
2.440048595003330156e-01 6.182736257601906260e-03 -1.918804178990794584e+00
2.463328616600559684e-01 1.857438682836942689e-02 -1.921096347611187971e+00
2.493415111931898132e-01 3.310241786479295456e-02 -1.922986816880333460e+00
2.528629438849665512e-01 4.858803366181430050e-02 -1.924645269731632746e+00
2.567289803554611005e-01 6.385241597242741207e-02 -1.926230239015125134e+00
2.607715188836570164e-01 7.771632388566018790e-02 -1.927886225164064271e+00
2.648211417783339350e-01 8.899998337745129717e-02 -1.929742729021628689e+00
2.687044577220900621e-01 9.652323038807608668e-02 -1.931915155548059371e+00
2.722406614785213286e-01 9.910587132498882568e-02 -1.934507693113216131e+00
2.752376304895705061e-01 9.556823707966266568e-02 -1.937618460838775425e+00
2.775158072129744191e-01 8.512960232692590168e-02 -1.941305732974438758e+00
2.789970843741675921e-01 6.860188817045642651e-02 -1.945474632197615739e+00
2.796357021152617861e-01 4.719654587542354562e-02 -1.950009132538143453e+00
2.793960091951532831e-01 2.212640181413227936e-02 -1.954811116399993720e+00
2.782549769373465764e-01 -5.394845170836770620e-03 -1.959795356901929075e+00
2.762037184979413418e-01 -3.415313571560840700e-02 -1.964883328134675811e+00
2.732486427344293922e-01 -6.293458174130650562e-02 -1.969996241277581328e+00
2.694125654964856231e-01 -9.052603339568188190e-02 -1.975047732676300294e+00
2.647357375058154716e-01 -1.157156941169779074e-01 -1.979936670295482593e+00
2.592763616755253686e-01 -1.372937856093381370e-01 -1.984540628595304890e+00
2.530982669880161851e-01 -1.543899962340393728e-01 -1.988750691236584434e+00
2.462248727277680516e-01 -1.674830680338272870e-01 -1.992599213428206006e+00
2.386574912442540608e-01 -1.773884483553884728e-01 -1.996159586155280996e+00
2.303861299519045502e-01 -1.849208806988018594e-01 -1.999511989546786106e+00
2.213907408589581571e-01 -1.908939649120462434e-01 -2.002746295783866870e+00
2.116419228229373672e-01 -1.961196446191268983e-01 -2.005964877077229147e+00
2.011009211709122724e-01 -2.014075860219364245e-01 -2.009285560681890459e+00
1.897186792642839848e-01 -2.075644057711780732e-01 -2.012844955389731627e+00
1.774335985025818907e-01 -2.153926941211112833e-01 -2.016802391877820178e+00
1.641675395447905750e-01 -2.256897599562499579e-01 -2.021344790844889161e+00
1.499103868636186832e-01 -2.389859392597806220e-01 -2.026611944694775236e+00
1.350014016501304148e-01 -2.547695064192767589e-01 -2.032436229739833955e+00
1.198855338639082113e-01 -2.722793866783432826e-01 -2.038541429667632521e+00
1.050341605463600558e-01 -2.907690348097102806e-01 -2.044609626766290766e+00
9.095155394102949487e-02 -3.095075546309971060e-01 -2.050275458708610721e+00
7.817858690194379179e-02 -3.277791616567191646e-01 -2.055124000444148447e+00
6.729250750823512206e-02 -3.448804435105179422e-01 -2.058693122046078905e+00
5.890148949589502081e-02 -3.601148785158807542e-01 -2.060481367085699400e+00
5.363270949416953925e-02 -3.727842015005888854e-01 -2.059962435192858266e+00
5.211298577746470428e-02 -3.821765012422853047e-01 -2.056607158303930483e+00
5.470352121885202479e-02 -3.877843168948977848e-01 -2.050141563058099692e+00
6.076170093642474512e-02 -3.900006346432416393e-01 -2.041260468268041528e+00
6.936864684498234013e-02 -3.894467679145448002e-01 -2.030934162421928590e+00
7.959806130980329186e-02 -3.867621517711699042e-01 -2.020148346502591785e+00
9.054040307377331231e-02 -3.826174746346691080e-01 -2.009878017107581627e+00
1.013175495949258931e-01 -3.777192409503196124e-01 -2.001070574550009695e+00
1.110871206159957936e-01 -3.728063338730769338e-01 -1.994638811852783356e+00
1.190364098596332632e-01 -3.686394489760864701e-01 -1.991463769270118922e+00
1.243664330770513082e-01 -3.659841517248958453e-01 -1.992407004437744655e+00
1.262668484105358147e-01 -3.655878131341769866e-01 -1.998331735921372365e+00
1.241494172180233058e-01 -3.679176576922360553e-01 -2.009799066410358215e+00
1.184366394605222972e-01 -3.724516750049584601e-01 -2.026084002274757268e+00
1.098044394151815872e-01 -3.784109729852946913e-01 -2.046146521086447123e+00
9.895231126015779921e-02 -3.850247560692707793e-01 -2.068934116614001617e+00
8.662718167017269266e-02 -3.915551743428116183e-01 -2.093360316627070006e+00
7.363607641438685292e-02 -3.973161250768875163e-01 -2.118292233469003527e+00
6.084722767247718878e-02 -4.016848387626552608e-01 -2.142547967343231718e+00
4.917975498545690272e-02 -4.041046200917537412e-01 -2.164904230006843733e+00
3.958279636361528020e-02 -4.040771357088734916e-01 -2.184113760270017579e+00
3.300568056484376456e-02 -4.011431687354285458e-01 -2.198931260773960616e+00
3.015485453627375634e-02 -3.950277624708604662e-01 -2.208443197304837735e+00
3.084628387291621365e-02 -3.861265135200646625e-01 -2.212982905686718738e+00
3.463750775184637476e-02 -3.749595828773810702e-01 -2.213224070066550642e+00
4.106264994070008001e-02 -3.620105854979795978e-01 -2.209858334070072150e+00
4.965560316497708016e-02 -3.477432087525951232e-01 -2.203575366357015675e+00
5.996718332007233698e-02 -3.326151236554588664e-01 -2.195048179610462835e+00
7.157686352776693184e-02 -3.170887988680686220e-01 -2.184923207645776522e+00
8.409975428249039098e-02 -3.016392281707886980e-01 -2.173814496860973833e+00
9.718947015761925101e-02 -2.867588429309599896e-01 -2.162301323611956594e+00
1.105374587180514290e-01 -2.729600222958246114e-01 -2.150928565470073384e+00
1.239024496086482685e-01 -2.606293442301406138e-01 -2.140114655403630550e+00
1.371910464072336744e-01 -2.495816110756847728e-01 -2.129884178319414900e+00
1.503329143614742236e-01 -2.394872756068076036e-01 -2.120175112257957739e+00
1.632458205899203207e-01 -2.300173081459679914e-01 -2.110935945162160099e+00
1.758372018692746508e-01 -2.208433673245489004e-01 -2.102124913601292278e+00
1.880055222536443083e-01 -2.116379457994002067e-01 -2.093709132380093152e+00
1.996415026500408807e-01 -2.020744845955979585e-01 -2.085663514402285479e+00
2.106292860684901846e-01 -1.918274468129830268e-01 -2.077969403430259376e+00
2.208475811286505497e-01 -1.805723409505848309e-01 -2.070612862631670659e+00
2.301708006730232015e-01 -1.679856861563573389e-01 -2.063582580246151821e+00
2.384710252612851633e-01 -1.539122119251574716e-01 -2.056891227631082675e+00
2.456278135190688161e-01 -1.388672277850755421e-01 -2.050638637058135316e+00
2.515359378917345623e-01 -1.235351578685861540e-01 -2.044930904895120527e+00
2.561033268853898370e-01 -1.086012301210947939e-01 -2.039859651739630131e+00
2.592476869818982621e-01 -9.475034094585232936e-02 -2.035507469762901422e+00
2.608928991399119823e-01 -8.266599424704157428e-02 -2.031953745320955740e+00
2.609652631217347363e-01 -7.302927419720806057e-02 -2.029280734621445426e+00
2.593894961940330646e-01 -6.651778701327248911e-02 -2.027579876317346042e+00
2.560842244144914126e-01 -6.380448352820700109e-02 -2.026958431066870681e+00
2.509565282226362548e-01 -6.555624666039250314e-02 -2.027546660738684281e+00
2.439774190709300683e-01 -7.217043801999079022e-02 -2.029444943059571571e+00
2.354274512606964187e-01 -8.299086507171704596e-02 -2.032536867812781090e+00
2.256606199827411174e-01 -9.709860841761130956e-02 -2.036647622043742167e+00
2.150319944214276191e-01 -1.135776085821267323e-01 -2.041589544432511616e+00
2.039063018165938601e-01 -1.315177161661202909e-01 -2.047151524492039520e+00
1.926655678253035298e-01 -1.500172720097081580e-01 -2.053091104062671590e+00
1.817152505305150711e-01 -1.681850374969355855e-01 -2.059129454594875952e+00
1.714879879078798908e-01 -1.851411852560014282e-01 -2.064949720972111713e+00
1.624438917908133106e-01 -2.000169837875649392e-01 -2.070199473851037197e+00
1.550663078437142239e-01 -2.119527894313346650e-01 -2.074498127288407545e+00
1.497320650431248623e-01 -2.203211623915901640e-01 -2.077537594502970819e+00
1.463317388615514858e-01 -2.254004132302838137e-01 -2.079369618736177650e+00
1.446157036909934135e-01 -2.276873707128208579e-01 -2.080161175138450780e+00
1.443185347053073109e-01 -2.276720775130334218e-01 -2.080100862725036137e+00
1.451652307113886486e-01 -2.258404180076514223e-01 -2.079390644602740590e+00
1.468765485444789576e-01 -2.226763697099762851e-01 -2.078238877813874286e+00
1.491731221807519603e-01 -2.186637522601291295e-01 -2.076854874800850848e+00
1.517782079233649384e-01 -2.142874125566800458e-01 -2.075445108925414228e+00
1.544190245136105588e-01 -2.100338341253324970e-01 -2.074211077974515760e+00
1.568267386245474349e-01 -2.063911900845880609e-01 -2.073348779345599358e+00
1.587722831467170970e-01 -2.037470057872368123e-01 -2.073001588909058501e+00
1.601749015177675872e-01 -2.020813943794430578e-01 -2.073119106664447209e+00
1.609889778771682600e-01 -2.012716880834077848e-01 -2.073604630482836164e+00
1.611674077130254013e-01 -2.011943535470614997e-01 -2.074363388658007956e+00
1.606622317691601687e-01 -2.017252017680801757e-01 -2.075302222878066871e+00
1.594251505890307286e-01 -2.027396359685011973e-01 -2.076329241722461028e+00
1.574079266981462943e-01 -2.041129391080356292e-01 -2.077353438113205719e+00
1.545626800759780650e-01 -2.057206023849706966e-01 -2.078284268176024518e+00
1.508420811348885060e-01 -2.074386961129417450e-01 -2.079031192229078062e+00
1.461994438629612425e-01 -2.091442847332229960e-01 -2.079503181172430715e+00
1.405858123474215127e-01 -2.107474333277861156e-01 -2.079680157199665480e+00
1.339405446229893215e-01 -2.122844794477227737e-01 -2.079829280709349248e+00
1.261989428227097143e-01 -2.138196562420717761e-01 -2.080290539176210096e+00
1.172949410176387097e-01 -2.154113687738838934e-01 -2.081405271234495036e+00
1.071608461939121959e-01 -2.171101476011290110e-01 -2.083516477428625002e+00
9.572691136893540786e-02 -2.189563645439802642e-01 -2.086969125916268375e+00
8.292079662319151723e-02 -2.209776975657069542e-01 -2.092110414156175047e+00
6.866699429459499626e-02 -2.231863281711521374e-01 -2.099289936806349122e+00
5.288631905072316286e-02 -2.255758516478074682e-01 -2.108859696624083568e+00
3.549559259671664080e-02 -2.281178793359543988e-01 -2.121173878239925870e+00
1.652420121527642394e-02 -2.307241229129961546e-01 -2.136380884334466046e+00
-3.529975895267156716e-03 -2.331645489466693810e-01 -2.153795214034050609e+00
-2.403901148973996982e-02 -2.352163933570334819e-01 -2.172510457266564110e+00
-4.436072446717886919e-02 -2.367128548340473593e-01 -2.191606935935712652e+00
-6.384200207198897914e-02 -2.375467850555161853e-01 -2.210155274025889849e+00
-8.182386254459217412e-02 -2.376684477467767564e-01 -2.227221244673654788e+00
-9.764717913487253043e-02 -2.370771537363571824e-01 -2.241870953890228169e+00
-1.106580967257730919e-01 -2.358067573591826616e-01 -2.253175515387363603e+00
-1.202125157639075681e-01 -2.339051636307809545e-01 -2.260214665442099147e+00
-1.256795746590908536e-01 -2.314081102470373352e-01 -2.262079240756932563e+00
-1.266654378497698019e-01 -2.283333934851321523e-01 -2.258181971476739491e+00
-1.236724473642025757e-01 -2.247352340380475155e-01 -2.249181885171904316e+00
-1.174258897982696226e-01 -2.206450009640832377e-01 -2.236049175081399998e+00
-1.086481170651429906e-01 -2.160776415206635548e-01 -2.219751987483864042e+00
-9.805489265992406445e-02 -2.110578317776754531e-01 -2.201253419242880316e+00
-8.635156002671529052e-02 -2.056392535041253744e-01 -2.181508508712815875e+00
-7.422912538303183538e-02 -1.999170419613145455e-01 -2.161461243728643566e+00
-6.236082588996882947e-02 -1.940335642681634276e-01 -2.142042005563599361e+00
-5.139998421322822253e-02 -1.881778098964175250e-01 -2.124166046157198284e+00
-4.197995633276008220e-02 -1.825787718722495789e-01 -2.108733583207057727e+00
-3.460387006815857092e-02 -1.774841193771221626e-01 -2.096460615662723903e+00
-2.931526370813841709e-02 -1.731083708510023911e-01 -2.087372054441472002e+00
-2.604889706629176516e-02 -1.696377191200904022e-01 -2.081324648320944881e+00
-2.474746329949617518e-02 -1.672384463383482789e-01 -2.078181161140431943e+00
-2.536357978754999465e-02 -1.660590048799326368e-01 -2.077811942480492391e+00
-2.786131436116967564e-02 -1.662318642364932764e-01 -2.080096228399891167e+00
-3.221737537634972171e-02 -1.678750942412614577e-01 -2.084923290444986144e+00
-3.842207960680887879e-02 -1.710936672765752675e-01 -2.092193535331567933e+00
-4.648019985545026600e-02 -1.759804688673360928e-01 -2.101819643399768012e+00
-5.641178540489022453e-02 -1.826170081685978275e-01 -2.113727822294250380e+00
-6.817383530743814646e-02 -1.909486684914334376e-01 -2.127758521253589663e+00
-8.140951073240998426e-02 -2.004197648165169099e-01 -2.143353460605946559e+00
-9.565666827661178928e-02 -2.103713811243448362e-01 -2.159832579060717794e+00
-1.104158614441370645e-01 -2.201766429798408531e-01 -2.176484389689433918e+00
-1.251469537402547516e-01 -2.292459015520673660e-01 -2.192561931527841512e+00
-1.392710447658460637e-01 -2.370283107440953607e-01 -2.207283095686819685e+00
-1.521779079784186806e-01 -2.430090033193055277e-01 -2.219835689819983582e+00
-1.632389706470505075e-01 -2.467011695958554185e-01 -2.229387360486959846e+00
-1.718256691735637887e-01 -2.476326269017450343e-01 -2.235100185515262794e+00
-1.773328473079480716e-01 -2.453269415611138982e-01 -2.236149438124910294e+00
-1.793775458932493905e-01 -2.394704841678394480e-01 -2.232012643628033643e+00
-1.783228260023959066e-01 -2.304659893867775367e-01 -2.223282389170782469e+00
-1.747334484728231274e-01 -2.188710508283753242e-01 -2.210846277038873708e+00
-1.691740720269203635e-01 -2.052294366126043990e-01 -2.195596590581677887e+00
-1.621864519322224751e-01 -1.900889233400513412e-01 -2.178412984718899992e+00
-1.542731906458847391e-01 -1.740139015937414158e-01 -2.160150909264610952e+00
-1.458877607856283731e-01 -1.575929557947075565e-01 -2.141635328255319770e+00
-1.374304417443727999e-01 -1.414420328429129015e-01 -2.123659024886431546e+00
-1.292497803968055692e-01 -1.262040178765291287e-01 -2.106984600791200535e+00
-1.216492095742562896e-01 -1.125455605514638080e-01 -2.092349213880773107e+00
-1.148291834772958708e-01 -1.009871401493644960e-01 -2.080287073118971986e+00
-1.087086892993109899e-01 -9.139531687820223738e-02 -2.070592534556503050e+00
-1.031633977112456080e-01 -8.346233828545601696e-02 -2.062888302718029365e+00
-9.809228276717707473e-02 -7.687135032755421093e-02 -2.056808278994578743e+00
-9.341152016908971234e-02 -7.129841435651673720e-02 -2.051994802803815521e+00
-8.904972692000612255e-02 -6.641398740989856719e-02 -2.048096698378031100e+00
-8.494446986566650537e-02 -6.188400800738858010e-02 -2.044767907497694992e+00
-8.103999525991767428e-02 -5.737068225755415085e-02 -2.041666558090994954e+00
-7.728614655766641306e-02 -5.253303265280173662e-02 -2.038454366945896101e+00
-7.363844611493775005e-02 -4.702725271008301178e-02 -2.034796301674868246e+00
-7.009184824136482916e-02 -4.062632492318307698e-02 -2.030468325669274599e+00
-6.677492493249381766e-02 -3.358049203134338967e-02 -2.025678209548839703e+00
-6.384309165681401055e-02 -2.626272273270302549e-02 -2.020736902358999831e+00
-6.144377611902651637e-02 -1.904951233941964972e-02 -2.015950297656772694e+00
-5.971642532596987962e-02 -1.232011719067838129e-02 -2.011620225573096832e+00
-5.879363517491853486e-02 -6.455372742377729622e-03 -2.008046001399840463e+00
-5.880337234731491947e-02 -1.836132347042607194e-03 -2.005526436626593689e+00
-5.987228065180971726e-02 1.158658336793738641e-03 -2.004362246340994691e+00
-6.213009092876475847e-02 2.154268626609834314e-03 -2.004858836701584046e+00
-6.571518382133234581e-02 7.829322088457324469e-04 -2.007329527638797906e+00
-7.070625259797935769e-02 -3.171416101287238831e-03 -2.011980545728759839e+00
-7.689782524042776402e-02 -9.350021218810233847e-03 -2.018553496689054594e+00
-8.401400875328057793e-02 -1.725250538625289209e-02 -2.026672032082247554e+00
-9.177477979246617679e-02 -2.638364336875831384e-02 -2.035954533234152208e+00
-9.988968077670890011e-02 -3.625700079023852496e-02 -2.046009936903804949e+00
-1.080532523183990179e-01 -4.639762635237953958e-02 -2.056434703902044525e+00
-1.159422821785867086e-01 -5.634368080984408778e-02 -2.066811037872537060e+00
-1.232149869633936135e-01 -6.564682364885499055e-02 -2.076706532980773012e+00
-1.295122556218046839e-01 -7.387114681819539896e-02 -2.085675458289407036e+00
-1.344610719814989253e-01 -8.059044972238682547e-02 -2.093261875290683527e+00
-1.377698165943055386e-01 -8.548810696555086963e-02 -2.099101512166190453e+00
-1.395079214893089059e-01 -8.866197570398792749e-02 -2.103221059062827081e+00
-1.398457827630856798e-01 -9.030478468266522896e-02 -2.105754293223275564e+00
-1.389636840608510227e-01 -9.060110761631356979e-02 -2.106843484617621165e+00
-1.370491898862047364e-01 -8.972964229559421412e-02 -2.106636748609285625e+00
-1.342947881070113425e-01 -8.786531369400263358e-02 -2.105285677548407008e+00
-1.308958154581372213e-01 -8.518114153338007810e-02 -2.102943292937646369e+00
-1.270486858593820045e-01 -8.184983217802344058e-02 -2.099762347287354558e+00
-1.229494301986768789e-01 -7.804507193726450964e-02 -2.095893994634000279e+00
-1.187925474733688702e-01 -7.394251324417355775e-02 -2.091486840418275595e+00
-1.147418304025578095e-01 -6.970027481253282531e-02 -2.086675921980902793e+00
-1.108454671475271880e-01 -6.539805607274828958e-02 -2.081551996975736785e+00
-1.071218911112037375e-01 -6.109650247970233039e-02 -2.076194396265152342e+00
-1.035881764535773186e-01 -5.685716039228339014e-02 -2.070681744335533203e+00
-1.002600011101240085e-01 -5.274241004133362054e-02 -2.065092031775277892e+00
-9.715165686080773355e-02 -4.881538541654384389e-02 -2.059502701571928718e+00
-9.427610631044913703e-02 -4.513988302618709980e-02 -2.053990746469022355e+00
-9.164508679065797025e-02 -4.178026140604451655e-02 -2.048632814716217165e+00
-8.926926135520751870e-02 -3.880133307977207124e-02 -2.043505321813362752e+00
-8.715841720530725922e-02 -3.626825040471093331e-02 -2.038684566296699252e+00
-8.531795542773590313e-02 -3.422399161680989010e-02 -2.034247138509821085e+00
-8.373827625127994168e-02 -3.262199959500211577e-02 -2.030271089003342411e+00
-8.240685744025189052e-02 -3.139316151527227206e-02 -2.026835376710445225e+00
-8.131209416224294273e-02 -3.046811882202504762e-02 -2.024019513150223659e+00
-8.044322555461747015e-02 -2.977720729197752547e-02 -2.021903450498943933e+00
-7.979020693976757173e-02 -2.925040131815981326e-02 -2.020567478956787788e+00
-7.934352599562721764e-02 -2.881726215059732255e-02 -2.020092131831426663e+00
-7.909396143218572206e-02 -2.840689038681887268e-02 -2.020558096945763715e+00
-7.903228294900266349e-02 -2.794788370885248341e-02 -2.022046133379587385e+00
-7.914889146800341280e-02 -2.736830171370385756e-02 -2.024636993188131395e+00
-7.938664874099288227e-02 -2.659558632436898051e-02 -2.028300607268408662e+00
-7.950060346349552276e-02 -2.555738369121751674e-02 -2.032563977505334574e+00
-7.919904579540304468e-02 -2.418368174698315443e-02 -2.036843944738095047e+00
-7.819113075627459608e-02 -2.240669455520238884e-02 -2.040558530510454105e+00
-7.618806366943697839e-02 -2.015882651940881232e-02 -2.043127694868728028e+00
-7.290465459446160423e-02 -1.736895538131566497e-02 -2.043974293802810926e+00
-6.806125405308449672e-02 -1.395707452084860023e-02 -2.042525253098600224e+00
-6.138614390537266985e-02 -9.827365746291505388e-03 -2.038213006620508416e+00
-5.261854005223032260e-02 -4.859814352521141245e-03 -2.030477283990717030e+00
-4.151246191439028621e-02 1.099466765302370419e-03 -2.018767367698099946e+00
-2.799129524038690420e-02 8.142869119618367790e-03 -2.002806437325514999e+00
-1.258602039818690344e-02 1.596553838665748515e-02 -1.983367910449012284e+00
4.043866958383990351e-03 2.413048279061591472e-02 -1.961469690237611641e+00
2.127287800177724009e-02 3.215305078606878197e-02 -1.938105056191844033e+00
3.851542987965439480e-02 3.949196737162630200e-02 -1.914240154636044355e+00
5.522731163435068424e-02 4.554681165807217269e-02 -1.890814290224412053e+00
7.090224005307677047e-02 4.966092594199622567e-02 -1.868742922337327306e+00
8.506301679264183235e-02 5.112875909794389884e-02 -1.848923231923234267e+00
9.724681076211894037e-02 4.920683592743158030e-02 -1.832242227310281635e+00
1.069840727619344456e-01 4.312791164544993450e-02 -1.819587692754008668e+00
1.139003128633704343e-01 3.236386192793982985e-02 -1.811614319035393716e+00
1.180816952083176830e-01 1.739012676483042696e-02 -1.808015022521401338e+00
1.196954261303386780e-01 -1.031355030875591439e-03 -1.808269833109039215e+00
1.188828724614250376e-01 -2.210532996317571275e-02 -1.811885261247804246e+00
1.157796889063966717e-01 -4.501271551189400810e-02 -1.818383912333708885e+00
1.105330294401460911e-01 -6.891901080655138401e-02 -1.827293359030506492e+00
1.033161555866319858e-01 -9.298217351773985229e-02 -1.838134208566354788e+00
9.434047711995763308e-02 -1.163602263633150002e-01 -1.850407850124133446e+00
8.386467499464966835e-02 -1.382186026502134624e-01 -1.863584837474527189e+00
7.220012543807285965e-02 -1.577369937860240157e-01 -1.877095240357370853e+00
5.967919967073553877e-02 -1.742963299188020621e-01 -1.890417038769792502e+00
4.653676540635842684e-02 -1.880200049285098984e-01 -1.903372252897335359e+00
3.297274702358565790e-02 -1.992210205796567379e-01 -1.915870885411976143e+00
1.917831839068462330e-02 -2.082189717461675471e-01 -1.927824232831011564e+00
5.334645004241078681e-03 -2.153393748597758339e-01 -1.939148484133435435e+00
-8.387916748054280447e-03 -2.209128432407680975e-01 -1.949767421596664274e+00
-2.183008903372574139e-02 -2.252741594114047174e-01 -1.959614234979981440e+00
-3.484340351270809322e-02 -2.287612960058873490e-01 -1.968632495898970491e+00
-4.728943679295216640e-02 -2.317144327193023656e-01 -1.976776366269405338e+00
-5.903862545826932262e-02 -2.344750086661075983e-01 -1.984010129590604077e+00
-6.993649898491494099e-02 -2.372957728543640954e-01 -1.990305615636647651e+00
-7.970221906163388326e-02 -2.400735999043122071e-01 -1.995631577491529862e+00
-8.801967563810819684e-02 -2.426169691708395248e-01 -1.999949998428063536e+00
-9.457018479948864353e-02 -2.447336219149978120e-01 -2.003218074673253746e+00
-9.903408750598075017e-02 -2.462287291874769579e-01 -2.005390623600527888e+00
-1.010926393575921622e-01 -2.469028680479024018e-01 -2.006423198567994781e+00
-1.004302022434622188e-01 -2.465498430808845676e-01 -2.006275940573072347e+00
-9.673671825910989952e-02 -2.449544258319926726e-01 -2.004918190102305431e+00
-8.971040350482617498e-02 -2.418901270152220562e-01 -2.002333869658920129e+00
-7.906054130168449490e-02 -2.371171640986622364e-01 -1.998527626694439396e+00
-6.470221175241253064e-02 -2.304881375869638482e-01 -1.993588874013779044e+00
-4.732682241132479817e-02 -2.222774076944884492e-01 -1.987855027096583127e+00
-2.780972337373022185e-02 -2.128775028838676420e-01 -1.981710126962428431e+00
-7.010537698619145885e-03 -2.027000490451174031e-01 -1.975512553729987353e+00
1.423008028166927730e-02 -1.921789081487315087e-01 -1.969586670753804336e+00
3.509090550746041259e-02 -1.817701633070285538e-01 -1.964218560453469431e+00
5.476818096312285888e-02 -1.719495083861808382e-01 -1.959655858263732009e+00
7.247171039024546957e-02 -1.632076364540546720e-01 -1.956111654346116779e+00
8.741950464794800979e-02 -1.560441556238316707e-01 -1.953772416242719467e+00
9.883139209217794985e-02 -1.509604027004534110e-01 -1.952809893957828224e+00
1.061473229487721603e-01 -1.483178000253522200e-01 -1.953320338429996195e+00
1.096966538032777549e-01 -1.479290075057950737e-01 -1.955115508963140680e+00
1.100213545998656173e-01 -1.494581105487373662e-01 -1.957960896159743669e+00
1.076561294744555752e-01 -1.525606243271617757e-01 -1.961642305900510141e+00
1.031333520078669963e-01 -1.568891990643228596e-01 -1.965955551788927114e+00
9.698690860901582056e-02 -1.620980716323430215e-01 -1.970698070155085579e+00
8.975511866081298251e-02 -1.678464413985554238e-01 -1.975662454363718901e+00
8.198278460332275586e-02 -1.738008232858545554e-01 -1.980631915383637365e+00
7.422234137164052115e-02 -1.796363378842324998e-01 -1.985377681973456099e+00
6.703402387065748869e-02 -1.850368369596688822e-01 -1.989658356372008940e+00
6.087006120107929519e-02 -1.897594552557926306e-01 -1.993274810204906933e+00
5.572575291802417397e-02 -1.938269332490194508e-01 -1.996237581635416758e+00
5.147907480675240066e-02 -1.973249231721618813e-01 -1.998614141295122604e+00
4.800540696207855618e-02 -2.003361571328468038e-01 -2.000475616369507215e+00
4.517804387770762986e-02 -2.029410692797224414e-01 -2.001896049935242949e+00
4.286864162329173666e-02 -2.052183459642735741e-01 -2.002951769244148750e+00
4.094759600114805664e-02 -2.072453933791376102e-01 -2.003720864069545637e+00
3.928434713486916863e-02 -2.090987147874554530e-01 -2.004282776038627034e+00
3.774760705542368200e-02 -2.108541916316233333e-01 -2.004717999802070771e+00
3.620550761170537868e-02 -2.125872644911925846e-01 -2.005107896878785212e+00
3.458009456681132576e-02 -2.143357339171303444e-01 -2.005512521944277538e+00
3.301096279392901067e-02 -2.159881579331361934e-01 -2.005903648125682004e+00
3.169256834010258927e-02 -2.173960612126935033e-01 -2.006229940852832350e+00
3.081976119640383871e-02 -2.184111913000288396e-01 -2.006439188357516556e+00
3.058750856695935383e-02 -2.188853449896699388e-01 -2.006478915822842879e+00
3.119047030073662796e-02 -2.186700945473605273e-01 -2.006297314629139628e+00
3.282243206961243942e-02 -2.176164175631996045e-01 -2.005844484611242429e+00
3.567561089301118926e-02 -2.155742402660392187e-01 -2.005073983820206074e+00
3.993985915761655292e-02 -2.123919118305002129e-01 -2.003944676069620900e+00
4.580180733275440730e-02 -2.079156364029119963e-01 -2.002422861798359932e+00
5.336379099150745375e-02 -2.020619979672333422e-01 -2.000490865897237569e+00
6.240433399856293306e-02 -1.950376556041719667e-01 -1.998162919702390905e+00
7.262232686537251070e-02 -1.871217313098050283e-01 -1.995456960406571723e+00
8.371880704382661520e-02 -1.785934608496781983e-01 -1.992383915052332144e+00
9.539780112386253563e-02 -1.697326406923913567e-01 -1.988945065169970272e+00
1.073668469660171709e-01 -1.608199880347922495e-01 -1.985130314892456171e+00
1.193372909033767471e-01 -1.521374598635176767e-01 -1.980917327335999012e+00
1.310244733264869232e-01 -1.439685874612592897e-01 -1.976271491812868764e+00
1.421479206722606747e-01 -1.365988857467694828e-01 -1.971146686498693068e+00
1.524316541603232267e-01 -1.303163927851000992e-01 -1.965486804989741598e+00
1.616612004084467813e-01 -1.253361843998472835e-01 -1.959271879141891270e+00
1.698519609889723725e-01 -1.215725753819807409e-01 -1.952656122544833339e+00
1.770763653975526708e-01 -1.188676292463801687e-01 -1.945843758509207433e+00
1.834059062802442241e-01 -1.170664015795046531e-01 -1.939045131850572368e+00
1.889102515962610696e-01 -1.160159974944425798e-01 -1.932475687177545032e+00
1.936566050511978609e-01 -1.155647468384923826e-01 -1.926355056477747185e+00
1.977093428349721016e-01 -1.155614979496357719e-01 -1.920906248320299659e+00
2.011299509400865659e-01 -1.158550266119799943e-01 -1.916354926570551287e+00
2.039772839755973344e-01 -1.162935550069263968e-01 -1.912928763886726058e+00
2.063081632534813359e-01 -1.167243760917049400e-01 -1.910856854722053910e+00
2.081296695981436073e-01 -1.170581782880422139e-01 -1.910293314282253574e+00
2.092542696520314216e-01 -1.174620930416097053e-01 -1.911088912374939497e+00
2.094455605303555679e-01 -1.181644596486135512e-01 -1.913018395326853582e+00
2.084657013986661589e-01 -1.193895830587115015e-01 -1.915857526107620057e+00
2.060745230977132358e-01 -1.213576987419577868e-01 -1.919384859240529373e+00
2.020290684909458179e-01 -1.242854361775878047e-01 -1.923383989483585577e+00
1.960835038504482597e-01 -1.283867553306348164e-01 -1.927646288156033227e+00
1.879893135460317666e-01 -1.338743152379899826e-01 -1.931974149794552842e+00
1.774956584957161354e-01 -1.409612116354379552e-01 -1.936184781432314539e+00
1.643497414270118639e-01 -1.498629916262705919e-01 -1.940114579337041345e+00
1.484458693812293895e-01 -1.606821047264288538e-01 -1.943661842498896286e+00
1.302742367738072282e-01 -1.730560163936822882e-01 -1.946888814668588097e+00
1.104784644979788233e-01 -1.865092929051881399e-01 -1.949877964881165271e+00
8.970855306164571275e-02 -2.005703667803309109e-01 -1.952681969001628159e+00
6.862279280684191463e-02 -2.147713997217852722e-01 -1.955317486847178765e+00
4.788980787467478351e-02 -2.286486163648135950e-01 -1.957761865481218111e+00
2.819013823656613127e-02 -2.417426971510083789e-01 -1.959952907686008050e+00
1.021671551101377418e-02 -2.535987811384017299e-01 -1.961791903603522513e+00
-5.326377872035159555e-03 -2.637656504059426865e-01 -1.963150155567786825e+00
-1.772735239304878974e-02 -2.717937545524407028e-01 -1.963879214620735336e+00
-2.646353232118947574e-02 -2.773700713090265779e-01 -1.963855081497928756e+00
-3.178360874530383740e-02 -2.807281347567447405e-01 -1.963091473354433125e+00
-3.414032445326498078e-02 -2.822319507401518379e-01 -1.961663972550337309e+00
-3.399604272275524863e-02 -2.822400934785500581e-01 -1.959671631991843466e+00
-3.181839480076043003e-02 -2.811083372002913805e-01 -1.957227335224683173e+00
-2.807652893934431404e-02 -2.791920036000181682e-01 -1.954449907553053922e+00
-2.323819652485603626e-02 -2.768478451014648734e-01 -1.951458064333704279e+00
-1.776777955330466341e-02 -2.744353804577781553e-01 -1.948366229740588373e+00
-1.212526942427949450e-02 -2.723176717761504051e-01 -1.945282221684426993e+00
-6.766149731095794095e-03 -2.708615793242454828e-01 -1.942306777576311649e+00
-2.090259494478274860e-03 -2.703477581389228668e-01 -1.939550664986550821e+00
1.710984111133573293e-03 -2.707004199038882675e-01 -1.937186589945347981e+00
4.495505104714858646e-03 -2.717553212074683699e-01 -1.935406737388156051e+00
6.118031469599660710e-03 -2.733482890005749510e-01 -1.934407443114962932e+00
6.430160146154939582e-03 -2.753137299448167319e-01 -1.934388750959840308e+00
5.280816869722926299e-03 -2.774828284190973271e-01 -1.935553639249736557e+00
2.517155966323958438e-03 -2.796814296554690493e-01 -1.938106872407658665e+00
-2.014044507458123690e-03 -2.817276161570401172e-01 -1.942253422051930967e+00
-8.464428729040740507e-03 -2.834290019825993490e-01 -1.948196393401883997e+00
-1.698148276994970729e-02 -2.845797913554708458e-01 -1.956134389401402052e+00
-2.762341352845609777e-02 -2.850204312732005363e-01 -1.966183098077259883e+00
-4.011390047610685627e-02 -2.848301907581953785e-01 -1.978150325949045163e+00
-5.409425989368266130e-02 -2.841527072987064528e-01 -1.991768387462788725e+00
-6.920904188104692878e-02 -2.831396502562193440e-01 -2.006773128959765007e+00
-8.510866678165474042e-02 -2.819547014083516601e-01 -2.022906555645934912e+00
-1.014516106133696027e-01 -2.807765047100958533e-01 -2.039918879671905216e+00
-1.179061010872750614e-01 -2.798006383676683306e-01 -2.057569933973413701e+00
-1.341512800679662831e-01 -2.792406890416780918e-01 -2.075629890581818238e+00
-1.498777888708966444e-01 -2.793285258101745328e-01 -2.093879225647353515e+00
-1.647877349788462453e-01 -2.803138798426560996e-01 -2.112107882113821056e+00
-1.785942893546774712e-01 -2.823489986471670043e-01 -2.130075854769579280e+00
-1.910105725769355445e-01 -2.851460233865035221e-01 -2.147388912510028725e+00
-2.017294307754449179e-01 -2.883210062986680811e-01 -2.163596065319445927e+00
-2.104217736673934525e-01 -2.915048853619666147e-01 -2.178227527272838859e+00
-2.167398183000042167e-01 -2.943378372936775733e-01 -2.190798751040279324e+00
-2.203223742476314584e-01 -2.964616560108694898e-01 -2.200816139036110286e+00
-2.208023365738069899e-01 -2.975100827274266280e-01 -2.207784673987884805e+00
-2.178165825785391974e-01 -2.970971682800938041e-01 -2.211217730402611714e+00
-2.110184796513738803e-01 -2.948039575885110786e-01 -2.210649320019662412e+00
-2.000931666553755761e-01 -2.901640526644291285e-01 -2.205648952347531111e+00
-1.850325235348027064e-01 -2.828234983095789801e-01 -2.196139908678149677e+00
-1.668966611285078727e-01 -2.730865295935287484e-01 -2.183289625506263931e+00
-1.469875829873874551e-01 -2.614660728829307779e-01 -2.168548291429938324e+00
-1.265588603879557184e-01 -2.485464549955747060e-01 -2.153314973712548763e+00
-1.067977337119501158e-01 -2.349965217296063891e-01 -2.138919927741357085e+00
-8.881945335871144209e-02 -2.215661217394542248e-01 -2.126618413917091388e+00
-7.367417560035960378e-02 -2.090684443917405488e-01 -2.117596374639822976e+00
-6.236584316417115303e-02 -1.983505378211041226e-01 -2.112987485254281594e+00
-5.588178526089748743e-02 -1.902534726360425310e-01 -2.113900518886604907e+00
-5.523141286555421914e-02 -1.855621757778207481e-01 -2.121455794619224733e+00
-6.108459379491293362e-02 -1.846989272397108195e-01 -2.136357141201532528e+00
-7.256925747170583918e-02 -1.869745049249909030e-01 -2.157501130911486431e+00
-8.844160703534242884e-02 -1.914164259114370381e-01 -2.183355868025950830e+00
-1.074396872177523221e-01 -1.970919333868548229e-01 -2.212385190731205320e+00
-1.282497717165735907e-01 -2.031636663006146648e-01 -2.243016359927766157e+00
-1.494910537327562849e-01 -2.089276444248113762e-01 -2.273623405383423890e+00
-1.697165796609869659e-01 -2.138311332959546007e-01 -2.302525049336306306e+00
-1.874270174665833011e-01 -2.174672353313562567e-01 -2.327994776064992610e+00
-2.010929415677704668e-01 -2.195434675467224928e-01 -2.348279538249307130e+00
-2.091816319671107038e-01 -2.198228204342398406e-01 -2.361623623517457027e+00
-2.105762403287458895e-01 -2.181209740387375362e-01 -2.366777936531970550e+00
-2.057685467379730682e-01 -2.144637158003490640e-01 -2.364467229128714987e+00
-1.956852134113411523e-01 -2.088310508117459108e-01 -2.355939089904195427e+00
-1.812834214382812448e-01 -2.011329549954092855e-01 -2.342469752491194157e+00
-1.635369907091170916e-01 -1.912645092268929758e-01 -2.325352655097506549e+00
-1.434211068264001909e-01 -1.791498965077722438e-01 -2.305885652696081589e+00
-1.218950551754653944e-01 -1.647742703801822195e-01 -2.285356486013267574e+00
-9.988403321788563716e-02 -1.482029970549110232e-01 -2.265027584990767728e+00
-7.826207959712494500e-02 -1.295884136143632404e-01 -2.246122116880534314e+00
-5.783834473903226581e-02 -1.091649409453241404e-01 -2.229813296750210228e+00
-3.923308481583553942e-02 -8.729421897566203015e-02 -2.216990557746830515e+00
-2.254858934682246741e-02 -6.460395885556202700e-02 -2.207583795134108406e+00
-7.757336844506745877e-03 -4.176050621786053796e-02 -2.201267756805172837e+00
5.164417558324974067e-03 -1.940436194018513305e-02 -2.197700118462659447e+00
1.622593017922913106e-02 1.847411972679680048e-03 -2.196527862821779031e+00
2.541449195774969638e-02 2.139854108196681537e-02 -2.197392202304707443e+00
3.269099349450277359e-02 3.867080535173528233e-02 -2.199932732009236780e+00
3.798833076892993432e-02 5.310127690244570431e-02 -2.203791535707342764e+00
4.121244147494884658e-02 6.413950975098536844e-02 -2.208617909749666541e+00
4.224571043487612698e-02 7.124463198900254923e-02 -2.214074235209528396e+00
4.099848427999397416e-02 7.407765075457684034e-02 -2.219905005655995023e+00
3.755835679048580289e-02 7.308420123522285650e-02 -2.226127886756685825e+00
3.206252415384636123e-02 6.890678015587470284e-02 -2.232844798666309138e+00
2.465200756739083232e-02 6.218988710856976354e-02 -2.240171448362903384e+00
1.547099104255078572e-02 5.358067249609366201e-02 -2.248228982379685714e+00
4.667068533826146393e-03 4.372936252183912131e-02 -2.257136432703652495e+00
-7.607358821163145990e-03 3.328935410450695187e-02 -2.267003982029276887e+00
-2.119249988770643967e-02 2.291689845371802647e-02 -2.277927053199988450e+00
-3.591754652337897369e-02 1.327031584539417608e-02 -2.289981253275777728e+00
-5.159629344476535096e-02 5.008708983654130975e-03 -2.303218277082963450e+00
-6.800617038605771825e-02 -1.345033223540070821e-03 -2.317591050901297134e+00
-8.484203001551371415e-02 -5.817581396865723065e-03 -2.332745441814326082e+00
-1.017773090200195796e-01 -8.591426623500098003e-03 -2.348253271022366917e+00
-1.184864592381167370e-01 -9.872300701869285433e-03 -2.363690020127769742e+00
-1.346490303340290851e-01 -9.888949090208765114e-03 -2.378637987176673629e+00
-1.499527229963675268e-01 -8.891484434574881135e-03 -2.392688630737594302e+00
-1.640952518426956885e-01 -7.148455814514065310e-03 -2.405443941258612384e+00
-1.767849282696891677e-01 -4.942790600452440231e-03 -2.416516756371551278e+00
-1.877399466181453036e-01 -2.566761795282701542e-03 -2.425530011101181493e+00
-1.966864227823155176e-01 -3.161051581916929365e-04 -2.432114975323345973e+00
-2.034309149757405066e-01 1.585834483889048130e-03 -2.436019110966473278e+00
-2.080822354536042695e-01 3.205367800422465052e-03 -2.437432610927986687e+00
-2.108213832214911321e-01 4.696748686663809735e-03 -2.436652652423793253e+00
-2.118274719857975441e-01 6.229156179228922952e-03 -2.433973855378102513e+00
-2.112795465777370651e-01 7.982191096030710753e-03 -2.429689820295606761e+00
-2.093579654321651162e-01 1.014190539037906902e-02 -2.424094449370088888e+00
-2.062452752165278014e-01 1.289733532380665793e-02 -2.417482984992888717e+00
-2.021265255448145837e-01 1.643753154446248033e-02 -2.410152714721336409e+00
-1.971889924723750909e-01 2.094909653075660572e-02 -2.402403309555843247e+00
-1.916213001116018333e-01 2.661425142690099221e-02 -2.394536784027514020e+00
-1.856197710677545132e-01 3.352590407194799837e-02 -2.386841403119531524e+00
-1.794080546246537011e-01 4.143639985752312072e-02 -2.379541652972783528e+00
-1.732091268230329106e-01 5.000844138397120275e-02 -2.372840320736492981e+00
-1.672371057676409478e-01 5.889926373885590039e-02 -2.366932790644888929e+00
-1.616981613238506199e-01 6.776164038818599522e-02 -2.362006925706536364e+00
-1.567920922196339717e-01 7.624524075951777391e-02 -2.358243626148925021e+00
-1.527144924922847480e-01 8.399829808347281102e-02 -2.355817992068304001e+00
-1.496594332922462911e-01 9.066956563296990623e-02 -2.354901037299332422e+00
-1.478225997481166232e-01 9.591056407499332082e-02 -2.355661930506357749e+00
-1.474048446508371413e-01 9.937815175298725379e-02 -2.358270775501639882e+00
-1.485080249355004156e-01 1.008767755449819781e-01 -2.362770722244839305e+00
-1.508113031088980094e-01 1.007756183598731425e-01 -2.368686784890719821e+00
-1.538881316461182536e-01 9.958244399453697326e-02 -2.375417095059842776e+00
-1.573078679923991530e-01 9.779848035309735010e-02 -2.382359716280010531e+00
-1.606323239806446423e-01 9.591556116938537713e-02 -2.388909798491407166e+00
-1.634151036515723021e-01 9.441585308748479122e-02 -2.394458569822122129e+00
-1.652036688258089470e-01 9.377429426916483735e-02 -2.398394207014563406e+00
-1.655440967200938474e-01 9.446385083541031236e-02 -2.400104624997216440e+00
-1.639885163699972281e-01 9.696360440089213384e-02 -2.398982186393065152e+00
-1.601052316211646342e-01 1.017695175464967683e-01 -2.394430255441479360e+00
-1.536335581434373765e-01 1.092552005255034153e-01 -2.386072450723360827e+00
-1.449106422206423161e-01 1.192151996899619704e-01 -2.374355329177660234e+00
-1.344230063971103561e-01 1.312981065283844728e-01 -2.359929224925790159e+00
-1.226502731947318736e-01 1.451434586010136307e-01 -2.343437630451793208e+00
-1.100553127391075137e-01 1.603717992300608408e-01 -2.325511104433658716e+00
-9.707675668322046647e-02 1.765781845557539143e-01 -2.306763262909207857e+00
-8.412389643870632483e-02 1.933289024895108454e-01 -2.287788834662379589e+00
-7.157397348192695574e-02 2.101610192238565489e-01 -2.269163638100072156e+00
-5.977185350208635839e-02 2.265842926976859850e-01 -2.251446214396010781e+00
