1.367178916931152344e+00 4.586360156536102295e-01 -1.085325837135314941e+00
1.316247797154189048e+00 4.574272517290075002e-01 -1.060639191017839655e+00
1.263633151105861163e+00 4.557590744124070947e-01 -1.038739672578358419e+00
1.209878173881473229e+00 4.537039315101324410e-01 -1.019391979963915285e+00
1.155482435000673824e+00 4.513289758754502334e-01 -1.002371452800487450e+00
1.100901878407453571e+00 4.486960654085692113e-01 -9.874640721929838216e-01
1.046548822470145801e+00 4.458617630566402146e-01 -9.744664607252453425e-01
9.927919599814296614e-01 4.428773368137572386e-01 -9.631858824600472158e-01
9.399563581583257887e-01 4.397887597209565458e-01 -9.534402429390957945e-01
8.883234586421993040e-01 4.366367098662171098e-01 -9.450580891830311359e-01
8.381310774987573708e-01 4.334565703844597828e-01 -9.378786096914242254e-01
7.895734052180513052e-01 4.302784294575482948e-01 -9.317516344427798636e-01
7.428010067144757977e-01 4.271270803142889205e-01 -9.265376348945348894e-01
6.979208213267686922e-01 4.240220212304302572e-01 -9.221077239830584027e-01
6.549961628180114293e-01 4.209774555286636133e-01 -9.183436561236532070e-01
6.140467193756288244e-01 4.180022915786225646e-01 -9.151378272105535894e-01
5.750485536113882912e-01 4.151001427968832314e-01 -9.123932746169262087e-01
5.379341025614016170e-01 4.122693276469642232e-01 -9.100236771948708725e-01
5.025921776861238532e-01 4.095028696393268608e-01 -9.079533552754204262e-01
4.688679648703522052e-01 4.067884973313746211e-01 -9.061172706685386435e-01
4.365630244232288071e-01 4.041086443274535811e-01 -9.044610266631234463e-01
4.054352910782381691e-01 4.014404492788522516e-01 -9.029408680270037957e-01
3.751990739932083985e-01 3.987557558838018545e-01 -9.015236810069428008e-01
3.455250567503109771e-01 3.960211128874758235e-01 -9.001869933286348324e-01
3.160402973560608175e-01 3.931977740819903033e-01 -8.989189741967071878e-01
2.863282282413161517e-01 3.902416983064039280e-01 -8.977184342947206463e-01
2.559340659286255537e-01 3.871039174486807788e-01 -8.965946244434989110e-01
2.244243175020228798e-01 3.837345844760623459e-01 -8.955650208379879462e-01
1.914462871735541638e-01 3.800870214720174500e-01 -8.946531102805085345e-01
1.567334859828699578e-01 3.761180876404002782e-01 -8.938881888378905627e-01
1.201056317972232779e-01 3.717881793054495509e-01 -8.933053618414708019e-01
8.146864931147228261e-02 3.670612299117889110e-01 -8.929455438870952388e-01
4.081467004807813603e-02 3.619047100244265902e-01 -8.928554588351169663e-01
-1.777967642894047115e-03 3.562896273287561866e-01 -8.930876398103982927e-01
-4.614471858377525160e-02 3.501905266305557207e-01 -8.937004292023088547e-01
-9.203483076929251661e-02 3.435854898559881909e-01 -8.947579786647265054e-01
-1.391160402163553189e-01 3.364563749062629561e-01 -8.963293846526766417e-01
-1.870262144460160814e-01 3.287914430657488118e-01 -8.984791793006379201e-01
-2.354249960661735086e-01 3.205879864152110237e-01 -9.012578212822951462e-01
-2.839984976549383422e-01 3.118525666881822311e-01 -9.047008313409968805e-01
-3.324593017606335410e-01 3.026010152709618373e-01 -9.088287922897555493e-01
-3.805464609017937261e-01 2.928584332026164527e-01 -9.136473490112468898e-01
-4.280254975671665130e-01 2.826591911749796737e-01 -9.191472084578112822e-01
-4.746884042157104022e-01 2.720469295326518044e-01 -9.253041396514511963e-01
-5.203536432765969444e-01 2.610745582730006897e-01 -9.320789736838339667e-01
-5.648661471492082420e-01 2.498042570461605216e-01 -9.394176037162893511e-01
-6.080961028521946199e-01 2.383072806834717339e-01 -9.472513593909630547e-01
-6.499255831514737514e-01 2.266618200084461188e-01 -9.555011253570375729e-01
-6.902351776795458971e-01 2.149508626463441929e-01 -9.640814597996395507e-01
-7.289027775816462329e-01 2.032619985521490480e-01 -9.729009688518779342e-01
-7.658035755157474034e-01 1.916874200105667669e-01 -9.818623065948488549e-01
-8.008100656525584116e-01 1.803239216360260078e-01 -9.908621750576314113e-01
-8.337920436755251741e-01 1.692729003726785864e-01 -9.997913242172912218e-01
-8.646166067808306321e-01 1.586403554943990046e-01 -1.008534551998877760e+00
-8.931481536773935304e-01 1.485368886047844783e-01 -1.016970704275425685e+00
-9.192483845868705261e-01 1.390777036371552422e-01 -1.024972674867955069e+00
-9.427797121961316584e-01 1.303807433159646367e-01 -1.032409286615670663e+00
-9.636427822646416175e-01 1.225461901612249771e-01 -1.039165983219932698e+00
-9.818139943294256211e-01 1.156359674396162662e-01 -1.045165521142042309e+00
-9.973489126900760837e-01 1.096718756081248580e-01 -1.050369850691382778e+00
-1.010382266408754282e+00 1.046355923140433741e-01 -1.054780116025418435e+00
-1.021127949310189686e+00 1.004686723949704125e-01 -1.058436655149695538e+00
-1.029879019981679855e+00 9.707254787881083868e-02 -1.061418999917842276e+00
-1.037007701773090762e+00 9.430852798377567514e-02 -1.063845876031567661e+00
-1.042965382796855911e+00 9.199779911838205926e-02 -1.065875203040662855e+00
-1.048282615927978112e+00 8.992142488145332679e-02 -1.067704094343000731e+00
-1.053561026795118538e+00 8.782409726709994313e-02 -1.069565319030654438e+00
-1.059384301528252470e+00 8.545539999105813966e-02 -1.071688382129708739e+00
-1.066229174390568302e+00 8.261107187069045843e-02 -1.074260604789465168e+00
-1.074457335730972130e+00 7.913675804785368084e-02 -1.077423586111683651e+00
-1.084315431984087530e+00 7.492800998889886932e-02 -1.081273203150585616e+00
-1.095935065670255115e+00 6.993028548467138117e-02 -1.085859610912852879e+00
-1.109332795395534532e+00 6.413894865051097960e-02 -1.091187242357628540e+00
-1.124410135851700687e+00 5.759926992625152148e-02 -1.097214808396514973e+00
-1.140953557816248409e+00 5.040642607622139448e-02 -1.103855297893576504e+00
-1.158634488152388009e+00 4.270550018924308688e-02 -1.110975977665336956e+00
-1.177017087256528871e+00 3.468800396220805132e-02 -1.118401593548905559e+00
-1.195643800980550786e+00 2.655362281939607771e-02 -1.125949582151333450e+00
-1.214120912554081722e+00 1.847196103179511023e-02 -1.133465282598973722e+00
-1.232126320031973643e+00 1.057906400067570168e-02 -1.140825137605604001e+00
-1.249409536294307843e+00 2.977418257590991844e-03 -1.147936693472428438e+00
-1.265791689046388280e+00 -4.264048535623275217e-03 -1.154738600088074163e+00
-1.281165520818748904e+00 -1.110996758684866352e-02 -1.161200610928595500e+00
-1.295495388967147221e+00 -1.755852897368434529e-02 -1.167323583057470637e+00
-1.308817265672567398e+00 -2.364148164344668374e-02 -1.173139477125602514e+00
-1.321238737941220709e+00 -2.942413341316947595e-02 -1.178711357371320378e+00
-1.332933600079382996e+00 -3.500267730349453793e-02 -1.184130710872436820e+00
-1.344082371019752031e+00 -4.047478126246405877e-02 -1.189487959370021608e+00
-1.354812811725167654e+00 -4.591017792756018484e-02 -1.194842971130529952e+00
-1.365194517689227949e+00 -5.134799097234443721e-02 -1.200222380210636874e+00
-1.375238918936295685e+00 -5.679673510645791984e-02 -1.205619586457243653e+00
-1.384899280021494317e+00 -6.223431607562115997e-02 -1.210994755507473819e+00
-1.394070700030708654e+00 -6.760803066163412200e-02 -1.216274818788674716e+00
-1.402590112580586412e+00 -7.283456668237628384e-02 -1.221353473518416832e+00
-1.410236285818536217e+00 -7.780000299180651890e-02 -1.226091182704494686e+00
-1.416729822422729157e+00 -8.235980947996342227e-02 -1.230315175144926165e+00
-1.421739028877516686e+00 -8.634161605365575642e-02 -1.233822685030099731e+00
-1.424944477279131982e+00 -8.957567131843609254e-02 -1.236416587442810355e+00
-1.426103566973473624e+00 -9.192530118135271155e-02 -1.237941033765610044e+00
-1.425056393775551156e+00 -9.328967780523406139e-02 -1.238284691252061087e+00
-1.421725749969482422e+00 -9.360381960868836837e-02 -1.237380743026733398e+00
-1.416117124308495345e+00 -9.283859126610394252e-02 -1.235206888085207400e+00
-1.408318702014928148e+00 -9.100070370764905270e-02 -1.231785341294072467e+00
-1.398501364780228684e+00 -8.813271411927191268e-02 -1.227182833390926930e+00
-1.386918690764953999e+00 -8.431302594270069506e-02 -1.221510610984378742e+00
-1.373906954598771435e+00 -7.965588887544358676e-02 -1.214924436554044807e+00
-1.359878233406830672e+00 -7.430935541518318699e-02 -1.207621606013113746e+00
-1.345244572836865382e+00 -6.843280277016382251e-02 -1.199808141782751081e+00
-1.330342152889063989e+00 -6.217445471111476829e-02 -1.191665985781180437e+00
-1.315424393876692966e+00 -5.566933809615685902e-02 -1.183350016957802620e+00
-1.300661956426093724e+00 -4.903928287080232262e-02 -1.174988051293192726e+00
-1.286142741476690388e+00 -4.239292206795492596e-02 -1.166680841799104362e+00
-1.271871890280980688e+00 -3.582569180790981522e-02 -1.158502078518465206e+00
-1.257771784404542847e+00 -2.941983129835382474e-02 -1.150498388525380111e+00
-1.243682045726031582e+00 -2.324438283436477265e-02 -1.142689335925130223e+00
-1.229359536437179434e+00 -1.735519179841238380e-02 -1.135067421854171865e+00
-1.214484595572384862e+00 -1.179500374637661164e-02 -1.127599551314224735e+00
-1.198729641547876312e+00 -6.594532364866063749e-03 -1.120243168515072885e+00
-1.181827775236176326e+00 -1.773527436869475711e-03 -1.112962392343276541e+00
-1.163579016674117783e+00 2.659128069447722932e-03 -1.105729483238219180e+00
-1.143850305062845685e+00 6.705418000743440347e-03 -1.098524843192113964e+00
-1.122575498767812707e+00 1.037819301849888208e-02 -1.091337015749995309e+00
-1.099755375318783868e+00 1.370117059901857642e-02 -1.084162686009726650e+00
-1.075457631409835191e+00 1.670893503343037073e-02 -1.077006680621996670e+00
-1.049816882899351045e+00 1.944693742768541928e-02 -1.069881967790319299e+00
-1.023034664810029248e+00 2.197149570255820666e-02 -1.062809657271035269e+00
-9.953738150009054930e-01 2.434920809854240059e-02 -1.055818358746165142e+00
-9.670966945596807252e-01 2.665050172970557379e-02 -1.048937123924806647e+00
-9.384034081950427542e-01 2.894318113754389826e-02 -1.042188388644530450e+00
-9.094261879086990019e-01 3.129184179587805176e-02 -1.035587331244237408e+00
-8.802293929953728391e-01 3.375787011085316924e-02 -1.029141872564155014e+00
-8.508095100428060276e-01 3.639944342093886370e-02 -1.022852675945839396e+00
-8.210951529317584985e-01 3.927152999692929553e-02 -1.016713147232176429e+00
-7.909470628360067979e-01 4.242588904194302679e-02 -1.010709434767377957e+00
-7.601581082223457519e-01 4.591107069142316005e-02 -1.004820429396985348e+00
-7.284532848505875791e-01 4.977241601313725505e-02 -9.990177644678678304e-01
-6.954962621318728777e-01 5.405189297145307492e-02 -9.932667624272178974e-01
-6.609613923209139985e-01 5.878629205314359757e-02 -9.875368473031543859e-01
-6.246057191463710856e-01 6.400542190727101510e-02 -9.818119571040844207e-01
-5.862755239818691066e-01 6.973194531415596864e-02 -9.760914903906136031e-01
-5.459063258460012946e-01 7.598137918537685442e-02 -9.703903062755473430e-01
-5.035228814023277044e-01 8.276209456377017770e-02 -9.647387244238896375e-01
-4.592391849593742137e-01 9.007531662343055967e-02 -9.591825250528437374e-01
-4.132584684706344103e-01 9.791512466971080686e-02 -9.537829489318125908e-01
-3.658732015345679822e-01 1.062684521392216752e-01 -9.486166973823979554e-01
-3.174650913946013842e-01 1.151150865998320089e-01 -9.437759322784007310e-01
-2.684981350010656187e-01 1.244280071866036980e-01 -9.393667887994948673e-01
-2.194421919575473279e-01 1.341770963842031650e-01 -9.354930157783705180e-01
-1.706965576660230410e-01 1.443328517996588789e-01 -9.322396160904277140e-01
-1.225830154550567874e-01 1.548667235950783594e-01 -9.296713594216341470e-01
-7.534583657979965210e-02 1.657511144876480380e-01 -9.278327822685241699e-01
-2.915178022199019572e-02 1.769593797496332721e-01 -9.267481879381995746e-01
1.590990651004586115e-02 1.884658272083784836e-01 -9.264216465483293694e-01
5.982748858139529113e-02 2.002457172463069923e-01 -9.268369950271495572e-01
1.026667430305576445e-01 2.122752628009210163e-01 -9.279578371134630244e-01
1.445709589694452180e-01 2.245316293648019212e-01 -9.297275433566407621e-01
1.857549291367078803e-01 2.369924765763803121e-01 -9.320702358975145874e-01
2.264388567551031406e-01 2.496309157009240776e-01 -9.349016210957833417e-01
2.667822622169624402e-01 2.624104670984109822e-01 -9.381398221855942188e-01
3.068779745802150960e-01 2.752846018099275871e-01 -9.417063640658289714e-01
3.467521315683873562e-01 2.881967415576685010e-01 -9.455261733001014690e-01
3.863641795706038162e-01 3.010802587449375456e-01 -9.495275781167613616e-01
4.256068736415861142e-01 3.138584764561465623e-01 -9.536423084088916369e-01
4.643062775016528754e-01 3.264446684568161339e-01 -9.578054957343089537e-01
5.022217635367226540e-01 3.387420591935758063e-01 -9.619556733155640860e-01
5.390460127983092153e-01 3.506438237941630898e-01 -9.660347760399418116e-01
5.744120681512855375e-01 3.620346769360127670e-01 -9.699884008429887627e-01
6.079709197064232518e-01 3.728083505825602328e-01 -9.737686709571159449e-01
6.394690908583203770e-01 3.828850718559215771e-01 -9.773371001825520432e-01
6.687556916349552960e-01 3.922131519509398090e-01 -9.806648532783202032e-01
6.957824186976887537e-01 4.007689861351862448e-01 -9.837327459622393633e-01
7.206035553412614147e-01 4.085570537489585097e-01 -9.865312449109215898e-01
7.433759714937960839e-01 4.156099182052820362e-01 -9.890604677597746308e-01
7.643591237167965957e-01 4.219882269899097871e-01 -9.913301831030013611e-01
7.839150552051475929e-01 4.277807116613215888e-01 -9.933598104935978945e-01
8.025083957871158580e-01 4.331041878507250753e-01 -9.951784204433571368e-01
8.206967860229424927e-01 4.381012058534324849e-01 -9.968240716752202468e-01
8.390255422893752035e-01 4.429142071340119724e-01 -9.983365208991799022e-01
8.579223218642003657e-01 4.476596808314381448e-01 -9.997499325881831211e-01
8.776875470248360900e-01 4.524258143504708563e-01 -1.001092216230484944e+00
8.984944050483332223e-01 4.572724933616539866e-01 -1.002385026329649875e+00
9.203888482113734559e-01 4.622313018013156638e-01 -1.003643762404549777e+00
9.432895937902714412e-01 4.673055218715688741e-01 -1.004877568989365866e+00
9.669881240609738970e-01 4.724701340403104632e-01 -1.006089335633587378e+00
9.911486862990591673e-01 4.776718170412219133e-01 -1.007275696902012241e+00
1.015308292779737664e+00 4.828289478737692320e-01 -1.008427032374747068e+00
1.038888211822790675e+00 4.878338213100671394e-01 -1.009527810585833851e+00
1.061320367971851697e+00 4.925770642163877500e-01 -1.010560372308783705e+00
1.082173741187421045e+00 4.969720496841701363e-01 -1.011508713812591775e+00
1.101165857563046302e+00 5.009571164733853665e-01 -1.012358830790524244e+00
1.118162789325322093e+00 5.044955690125358938e-01 -1.013098718360117001e+00
1.133179154833890090e+00 5.075756773986553894e-01 -1.013718371063176971e+00
1.146378118581440120e+00 5.102106773973098530e-01 -1.014209782865781673e+00
1.158071391193708610e+00 5.124387704425965584e-01 -1.014566947158278776e+00
1.168719229429480588e+00 5.143231236371452741e-01 -1.014785856755287208e+00
1.178930436180586572e+00 5.159518697521161545e-01 -1.014864503895696046e+00
1.189448666159254486e+00 5.174361121270704134e-01 -1.014802920739494851e+00
1.201001788981330476e+00 5.188879786446302100e-01 -1.014603624831367901e+00
1.214151252641299861e+00 5.203986757622199866e-01 -1.014272064563124687e+00
1.229278389330234367e+00 5.220364934309612570e-01 -1.013816659670145892e+00
1.246584415435790349e+00 5.238468050956728295e-01 -1.013248801231383833e+00
1.266090431542210570e+00 5.258520676948708061e-01 -1.012582851669360684e+00
1.287637422430323975e+00 5.280518216607690274e-01 -1.011836144750170918e+00
1.310886257077543249e+00 5.304226909192781836e-01 -1.011028985583478201e+00
1.335317688657869040e+00 5.329183828900060371e-01 -1.010184650622518276e+00
1.360232354541885069e+00 5.354696884862584216e-01 -1.009329387664098299e+00
1.384765454635259907e+00 5.379861863542521050e-01 -1.008492046695757427e+00
1.408048210862475891e+00 5.403749892444291714e-01 -1.007700019270886704e+00
1.429369324970803046e+00 5.425594901877387466e-01 -1.006975177926088039e+00
1.448189656308863649e+00 5.444810666698408630e-01 -1.006333507042421305e+00
1.464142221826639556e+00 5.460990806311071255e-01 -1.005785102845402346e+00
1.477032196075465098e+00 5.473908784666198235e-01 -1.005334173405003417e+00
1.486836911208033962e+00 5.483517910261728190e-01 -1.004979038635654298e+00
1.493705856978392754e+00 5.489951336142708804e-01 -1.004712130296241179e+00
1.497960680741945882e+00 5.493522059901297938e-01 -1.004519991990106664e+00
1.500095187455453338e+00 5.494722923676771398e-01 -1.004383279165050658e+00
1.500764082082735706e+00 5.494215071483061763e-01 -1.004277184176012305e+00
1.500659136916312253e+00 5.492700980692526436e-01 -1.004176111942161942e+00
1.500385359543192410e+00 5.490797494180131855e-01 -1.004058355579665385e+00
1.500449735465303913e+00 5.489024277871193958e-01 -1.003906521456263690e+00
1.501261228099493250e+00 5.487803820741364857e-01 -1.003707529191270931e+00
1.503130778777520105e+00 5.487461434816631733e-01 -1.003452611655574200e+00
1.506271306746063798e+00 5.488225255173320161e-01 -1.003137314971633165e+00
1.510797709166719516e+00 5.490226239938095221e-01 -1.002761498513482730e+00
1.516726861116000524e+00 5.493498170287958171e-01 -1.002329334906730596e+00
1.523977615585335732e+00 5.497977650450249776e-01 -1.001849310028557483e+00
1.532377128358882512e+00 5.503508640269283436e-01 -1.001333755071257547e+00
1.541730431669450452e+00 5.509892313439339606e-01 -1.000793699241172563e+00
1.551890007854422437e+00 5.516936915737666869e-01 -1.000233722457628760e+00
1.562762114233569033e+00 5.524462297591107296e-01 -9.996514874164744713e-01
1.574306783109043595e+00 5.532299914076104219e-01 -9.990377395900811308e-01
1.586537821765388045e+00 5.540292824918698900e-01 -9.983763072273424966e-01
1.599522812469528210e+00 5.548295694494533858e-01 -9.976441013536763158e-01
1.613383112470777148e+00 5.556174791828845105e-01 -9.968111157710223269e-01
1.628293854000831820e+00 5.563807990596471020e-01 -9.958404270578434803e-01
1.644483944273777531e+00 5.571084769121854574e-01 -9.946881945691259386e-01
1.662229800373365096e+00 5.577906366070909394e-01 -9.933046766601184574e-01
1.681786432535142595e+00 5.584187493073651254e-01 -9.916454092250091001e-01
1.703318527070075028e+00 5.589858047355701354e-01 -9.896823842937504390e-01
1.726894181132338169e+00 5.594863267433142218e-01 -9.874050662751814311e-01
1.752484902719308124e+00 5.599163733112523245e-01 -9.848203919570300835e-01
1.779965610671573550e+00 5.602735365490854047e-01 -9.819527705059104550e-01
1.809114634672920552e+00 5.605569426955605561e-01 -9.788440834673246549e-01
1.839613715250349335e+00 5.607672521184714487e-01 -9.755536847656625099e-01
1.871048003774060664e+00 5.609066593146585511e-01 -9.721584007042020081e-01
1.902906062457464298e+00 5.609788929100075761e-01 -9.687525299651067456e-01
1.934588517620630110e+00 5.609892584016747952e-01 -9.654472878017736903e-01
1.965503246908725465e+00 5.609451083290698525e-01 -9.623646920698042395e-01
1.995160567500741999e+00 5.608563124497296659e-01 -9.596314491943733760e-01
2.023181889703065561e+00 5.607353004831729937e-01 -9.573783983413681753e-01
2.049299716949462891e+00 5.605970621109006569e-01 -9.557405114173885829e-01
2.073357645801096272e+00 5.604591469763954281e-01 -9.548568930697483026e-01
2.095310365946514874e+00 5.603416646851216987e-01 -9.548707806864742409e-01
2.115223660201654532e+00 5.602672848045263665e-01 -9.559295443963061745e-01
2.133274404509842626e+00 5.602612368640378371e-01 -9.581846870686971940e-01
2.149750567941790980e+00 5.603513103550659125e-01 -9.617918443138134821e-01
2.165044005061882881e+00 5.605674961480683338e-01 -9.669084139459895866e-01
2.179571173056999989e+00 5.609380421349784429e-01 -9.736674804434491959e-01
2.193693849690204534e+00 5.614855089126724597e-01 -9.821517396793085775e-01
2.207711925941950426e+00 5.622264112137113079e-01 -9.923911284754557416e-01
2.221863406010089026e+00 5.631712179063418366e-01 -1.004362824602553106e+00
2.236324407309868256e+00 5.643243519944967090e-01 -1.017991246780036940e+00
2.251209160473933490e+00 5.656841906177941803e-01 -1.033148054676118477e+00
2.266570009352324444e+00 5.672430650515372097e-01 -1.049652148907779026e+00
2.282397411012477839e+00 5.689872607067155696e-01 -1.067269671040778301e+00
2.298619935739226072e+00 5.708970171300036256e-01 -1.085714003589644649e+00
2.315107248953994556e+00 5.729466809951697659e-01 -1.104649851093267854e+00
2.331702912098459812e+00 5.751063889968913712e-01 -1.123738131634953286e+00
2.348257183347580490e+00 5.773437507358166743e-01 -1.142680868128967075e+00
2.364629999471917987e+00 5.796240017070536377e-01 -1.161225269318276743e+00
2.380690975837643997e+00 5.819100033001720629e-01 -1.179163729774556746e+00
2.396319406406526298e+00 5.841622427992009259e-01 -1.196333829898180712e+00
2.411404263735943854e+00 5.863388333826303755e-01 -1.212618335918229651e+00
2.425844198978877486e+00 5.883955141234109565e-01 -1.227945199892485295e+00
2.439547541883912096e+00 5.902856499889541642e-01 -1.242287559707434985e+00
2.452432300795237108e+00 5.919602318411310016e-01 -1.255663739078267449e+00
2.464427587520036322e+00 5.933689904825424355e-01 -1.268135529295293162e+00
2.475489290869785197e+00 5.944726511654765400e-01 -1.279789288434527883e+00
2.485615750201539687e+00 5.952551881008647516e-01 -1.290717040568273744e+00
2.494849180285333201e+00 5.957249385045517709e-01 -1.301014757511543163e+00
2.503275671304170835e+00 5.959146025972952287e-01 -1.310782358822049964e+00
2.511025188854033807e+00 5.958812436047651317e-01 -1.320123711800217148e+00
2.518271573943875907e+00 5.957062877575454163e-01 -1.329146631489172448e+00
2.525232542995625717e+00 5.954955242911321722e-01 -1.337962880674750332e+00
2.532169687844185724e+00 5.953791054459345311e-01 -1.346688169885489561e+00
2.539388475737436313e+00 5.955115464672745551e-01 -1.355442157392637403e+00
2.547232630771249173e+00 5.960677909883738135e-01 -1.364348275510840258e+00
2.556022329246100178e+00 5.971999299430169605e-01 -1.373531819892545025e+00
2.565992394702167001e+00 5.989939202530718543e-01 -1.383118038812457984e+00
2.577286679247181578e+00 6.014656501364293861e-01 -1.393231959464925396e+00
2.589958063556435874e+00 6.045609391070024818e-01 -1.403998387963934613e+00
2.603968456872780113e+00 6.081555379747271006e-01 -1.415541909343114302e+00
2.619188797006619218e+00 6.120551288455611250e-01 -1.427986887555733109e+00
2.635399050335921700e+00 6.159953251214859149e-01 -1.441457465474702104e+00
2.652288211806210327e+00 6.196416715005050868e-01 -1.456077564892572340e+00
2.669454304930567456e+00 6.225896439766441803e-01 -1.471970886521536626e+00
2.686411427720599487e+00 6.243720795487911479e-01 -1.489258682381900512e+00
2.702667259002239586e+00 6.245409041516181148e-01 -1.508035251735392324e+00
2.717800565537896507e+00 6.227488614367844288e-01 -1.528343436763527352e+00
2.731468248226211148e+00 6.187569427652009901e-01 -1.550172394871107917e+00
2.743405342102051225e+00 6.124343872070313610e-01 -1.573457598686218928e+00
2.753425016336524145e+00 6.037586815416907671e-01 -1.598080836060232990e+00
2.761418574236962353e+00 5.928155602578458749e-01 -1.623870210067807518e+00
2.767355453246934438e+00 5.797990055534172349e-01 -1.650600139006883182e+00
2.771283224946239798e+00 5.650112473355752840e-01 -1.677991356398689016e+00
2.773327595050905980e+00 5.488627632207446760e-01 -1.705710910987734641e+00
2.773688228796318267e+00 5.318636247692130059e-01 -1.733377164584227970e+00
2.772592830788524143e+00 5.145283073863292644e-01 -1.760614767567948213e+00
2.770251225333291156e+00 4.972805012140189551e-01 -1.787109633820193055e+00
2.766851181978469576e+00 4.804444576955095858e-01 -1.812613938375525091e+00
2.762558415513992838e+00 4.642449895753266720e-01 -1.836946117421783375e+00
2.757516585971880207e+00 4.488074708992995099e-01 -1.859990868300075206e+00
2.751847298626235894e+00 4.341578370145544041e-01 -1.881699149504784563e+00
2.745650103993247271e+00 4.202225845695208850e-01 -1.902088180683561003e+00
2.739002497831184435e+00 4.068287715139262128e-01 -1.921241442637330099e+00
2.731959921140402869e+00 3.937040170988005960e-01 -1.939308677320285668e+00
2.724556107769346092e+00 3.804840942214418043e-01 -1.956501306936952789e+00
2.716806908054068881e+00 3.667964446408386037e-01 -1.973042044359296865e+00
2.708714112437867971e+00 3.523436937586515993e-01 -1.989114503805959000e+00
2.700265799070657557e+00 3.369112428193759001e-01 -2.004858620026682914e+00
2.691436333808971071e+00 3.203672689103372329e-01 -2.020370648302321825e+00
2.682186370215955851e+00 3.026627249616958282e-01 -2.035703164444827351e+00
2.672462849561378029e+00 2.838313397464419241e-01 -2.050865064797259496e+00
2.662199000821621642e+00 2.639896178804015947e-01 -2.065821566233781326e+00
2.651314340679686854e+00 2.433368398222296725e-01 -2.080494206159662074e+00
2.639714673525191291e+00 2.221550618734171589e-01 -2.094760842511272703e+00
2.627292879862088704e+00 2.008027965365003220e-01 -2.108459218507108268e+00
2.613937588793579181e+00 1.796454964554327349e-01 -2.121426174908978890e+00
2.599541850507026020e+00 1.589860383559573709e-01 -2.133536862283202939e+00
2.584003924681664621e+00 1.390584034038155614e-01 -2.144708305751626298e+00
2.567227280488611818e+00 1.200276772047544210e-01 -2.154899404991617917e+00
2.549120596590859211e+00 1.019900498045195614e-01 -2.164110934236075146e+00
2.529597761143280721e+00 8.497281568886209946e-02 -2.172385542273422399e+00
2.508577871792621927e+00 6.893437378353191314e-02 -2.179807752447607161e+00
2.485985235677512506e+00 5.376422745428406647e-02 -2.186503962658105760e+00
2.461749369428455125e+00 3.928298450687287002e-02 -2.192642445359920700e+00
2.435805797834869058e+00 2.524690710417857795e-02 -2.198430156100913635e+00
2.408104839243405682e+00 1.139796120166887070e-02 -2.204077627189012567e+00
2.378620391001983858e+00 -2.486133756778789120e-03 -2.209763861176790911e+00
2.347350728142045817e+00 -1.658735483497721097e-02 -2.215633139337934043e+00
2.314318503378569147e+00 -3.104737560442453678e-02 -2.221795021667234415e+00
2.279570747110053919e+00 -4.596756614430919791e-02 -2.228324346880595996e+00
2.243178867418538225e+00 -6.140899304150487792e-02 -2.235261232415031163e+00
2.205238650069581752e+00 -7.739241939057570074e-02 -2.242611074428662921e+00
2.165870258512283542e+00 -9.389830479377089811e-02 -2.250344547800725348e+00
2.125218233879261565e+00 -1.108668053610302739e-01 -2.258397606131560043e+00
2.083450959056091012e+00 -1.281996269196486182e-01 -2.266673360731009446e+00
2.040754763363099578e+00 -1.457804106034328862e-01 -2.275062749777425175e+00
1.997328027175872434e+00 -1.634951186539338186e-01 -2.283465207691716348e+00
1.953380645974200691e+00 -1.812338877008186078e-01 -2.291790544197415347e+00
1.909134030342102495e+00 -1.988910287618637363e-01 -2.299958944320678711e+00
1.864821105967809478e+00 -2.163650272429615828e-01 -2.307900968390291574e+00
1.820686313643769427e+00 -2.335585429381168976e-01 -2.315557552037661448e+00
1.776985609266655386e+00 -2.503784100294454418e-01 -2.322880006196822666e+00
1.733986463837351000e+00 -2.667356370871789562e-01 -2.329830017104434603e+00
1.691967863460963839e+00 -2.825454070696588604e-01 -2.336379646299779900e+00
1.651217346917231987e+00 -2.977276786122592389e-01 -2.342511131881278796e+00
1.611998419387165482e+00 -3.122138001137143570e-01 -2.348214702358423445e+00
1.574517966518681034e+00 -3.259531237536476000e-01 -2.353486390526464245e+00
1.538923292110035312e+00 -3.389136067585448719e-01 -2.358327834730492789e+00
1.505302118109814957e+00 -3.510818114017604796e-01 -2.362746278865451188e+00
1.473682584616949454e+00 -3.624629050035123035e-01 -2.366754572376128074e+00
1.444033249880697367e+00 -3.730806599308857940e-01 -2.370371170257157711e+00
1.416263090300659222e+00 -3.829774535978302530e-01 -2.373620133053020442e+00
1.390221500426765067e+00 -3.922142684651624411e-01 -2.376531126858044463e+00
1.365698292959285576e+00 -4.008706920405630258e-01 -2.379139423316404489e+00
1.342428975887899334e+00 -4.090431874460466188e-01 -2.381485418356659611e+00
1.320152800618928479e+00 -4.168260697920376234e-01 -2.383609338308415371e+00
1.298670809800599679e+00 -4.242924826504083091e-01 -2.385545946046507826e+00
1.277851114361474805e+00 -4.314926686549297452e-01 -2.387324059734729609e+00
1.257628893510446488e+00 -4.384539695012744653e-01 -2.388966552825829037e+00
1.238006394736741900e+00 -4.451808259470129148e-01 -2.390490354061507006e+00
1.219052933809917416e+00 -4.516547778116173362e-01 -2.391906447472419206e+00
1.200904894779865950e+00 -4.578344639764581059e-01 -2.393219872378177460e+00
1.183765729976809178e+00 -4.636556223848070091e-01 -2.394429723387346165e+00
1.167905960011304201e+00 -4.690310900418342421e-01 -2.395529150397445850e+00
1.153655579571053469e+00 -4.738533517926312166e-01 -2.396505847297860203e+00
1.141320521185866799e+00 -4.780225768804346465e-01 -2.397347427701871592e+00
1.131099118992625385e+00 -4.814746555048510790e-01 -2.398046800678681034e+00
1.123074514532090618e+00 -4.841837475998786444e-01 -2.398602659456325004e+00
1.117214656748909629e+00 -4.861622828339055569e-01 -2.399019481421672761e+00
1.113372301991610192e+00 -4.874609606097111691e-01 -2.399307528120428579e+00
1.111285014012606265e+00 -4.881687500644658062e-01 -2.399482845257129959e+00
1.110575163968192669e+00 -4.884128900697303211e-01 -2.399567262695147640e+00
1.110749930418548859e+00 -4.883588892314565388e-01 -2.399588394456686924e+00
1.111201299327737146e+00 -4.882105258899872013e-01 -2.399579638722786790e+00
1.111216832726466430e+00 -4.882062535086630906e-01 -2.399579600817548730e+00
1.110098124824085319e+00 -4.885796596742605358e-01 -2.399625745990633163e+00
1.107279258736766137e+00 -4.895199248917390666e-01 -2.399748052166735590e+00
1.102337575355665678e+00 -4.911682279042872690e-01 -2.399968432918811789e+00
1.094993673346927876e+00 -4.936177456933231733e-01 -2.400300737468076928e+00
1.085111409151680917e+00 -4.969136534784935333e-01 -2.400750750684005563e+00
1.072697896986039900e+00 -5.010531247176739367e-01 -2.401316193084329864e+00
1.057903508841104179e+00 -5.059853311069696380e-01 -2.401986720835043609e+00
1.041021874482960685e+00 -5.116114425807142263e-01 -2.402743925750399523e+00
1.022489881452679716e+00 -5.177846273114713460e-01 -2.403561335292909273e+00
1.002878343683168749e+00 -5.243132083471868654e-01 -2.404404998463137488e+00
9.827893548606435603e-01 -5.309953871015635762e-01 -2.405239930676842608e+00
9.627536407181975786e-01 -5.376539672056847019e-01 -2.406036558709165885e+00
9.432212272966740141e-01 -5.441395112655904587e-01 -2.406771306606775518e+00
9.245614409446712978e-01 -5.503303408622742809e-01 -2.407426595687865767e+00
9.070629083185390851e-01 -5.561325365516860408e-01 -2.407990844542159614e+00
8.909335563823799209e-01 -5.614799378647301609e-01 -2.408458469030906546e+00
8.763006124080492398e-01 -5.663341433072675013e-01 -2.408829882286884327e+00
8.632106039751576976e-01 -5.706845103601118074e-01 -2.409111494714396784e+00
8.516293589710659528e-01 -5.745481554790338174e-01 -2.409315713989276020e+00
8.414454400105372267e-01 -5.779686610126681945e-01 -2.409460557316695173e+00
8.325079225278271267e-01 -5.810018514968212644e-01 -2.409565386326282699e+00
8.246641724757468594e-01 -5.837015700967560505e-01 -2.409646642011617157e+00
8.177632806142963728e-01 -5.861183855744288573e-01 -2.409717457002822361e+00
8.116560625106693516e-01 -5.882995922884884932e-01 -2.409787655566577591e+00
8.061950585392502200e-01 -5.902892101942767145e-01 -2.409863753606109160e+00
8.012345338816168061e-01 -5.921279848438275595e-01 -2.409948958661197072e+00
7.966304785265382327e-01 -5.938533873858685697e-01 -2.410043169908170135e+00
7.922406072699744728e-01 -5.954996145658192352e-01 -2.410142978159907745e+00
7.879243597150782374e-01 -5.970975887257923276e-01 -2.410241665865840766e+00
7.835450208654818338e-01 -5.986744598242788040e-01 -2.410329435654443575e+00
7.789930466807446496e-01 -6.002481278806458542e-01 -2.410395924196047535e+00
7.742093889037998666e-01 -6.018217655905921948e-01 -2.410432715987193664e+00
7.691876154115698805e-01 -6.033833204028205000e-01 -2.410433571866973157e+00
7.639739102149692984e-01 -6.049055145190358473e-01 -2.410394429017028717e+00
7.586670734589014975e-01 -6.063458448939479384e-01 -2.410313400961550556e+00
7.534185214222615112e-01 -6.076465832352694330e-01 -2.410190777567281728e+00
7.484322865179340312e-01 -6.087347760037169486e-01 -2.410029025043513684e+00
7.439650172927951832e-01 -6.095222444130097283e-01 -2.409832785942088496e+00
7.403259784277113065e-01 -6.099055844298716389e-01 -2.409608879157398409e+00
7.378708367272034385e-01 -6.097682748136898923e-01 -2.409366157343972414e+00
7.369333070057605406e-01 -6.090038655527842959e-01 -2.409113938509914732e+00
7.377567979741510573e-01 -6.075391663006730614e-01 -2.408860437610345961e+00
7.404881982290884013e-01 -6.053363544157359666e-01 -2.408612623964990540e+00
7.451778762532290656e-01 -6.023929749612122464e-01 -2.408376221258174965e+00
7.517796804151746226e-01 -5.987419407052008147e-01 -2.408155707538826462e+00
7.601509389694717234e-01 -5.944515321206611524e-01 -2.407954315220476538e+00
7.700524600566094335e-01 -5.896253973854137520e-01 -2.407774031081259647e+00
7.811485317030226749e-01 -5.844025523821383405e-01 -2.407615596263910529e+00
7.930069218210903381e-01 -5.789573806983748794e-01 -2.407478506275767316e+00
8.051071944584496931e-01 -5.734963933318479867e-01 -2.407361065207775930e+00
8.169321923474058833e-01 -5.682225839657166766e-01 -2.407260982168351937e+00
8.280595223096749447e-01 -5.632997831312891446e-01 -2.407175967735871502e+00
8.381698724574641046e-01 -5.588494175425049448e-01 -2.407103788183871274e+00
8.470470121934748908e-01 -5.549505100959349901e-01 -2.407042265481055043e+00
8.545777922108996894e-01 -5.516396798707832172e-01 -2.406989277291289753e+00
8.607521444934270738e-01 -5.489111421288837001e-01 -2.406942756973609487e+00
8.656630823152371423e-01 -5.467167083147020934e-01 -2.406900693582208373e+00
8.695067002410044044e-01 -5.449657860553362987e-01 -2.406861131866451675e+00
8.725821741258955599e-01 -5.435253791605159090e-01 -2.406822172270865590e+00
8.752844941988506822e-01 -5.422231668577884856e-01 -2.406781979250732117e+00
8.780245278698068923e-01 -5.408813758494410706e-01 -2.406738872744860203e+00
8.811490817052726188e-01 -5.393506527218148161e-01 -2.406691419649306773e+00
8.849336342343916417e-01 -5.375131432979598500e-01 -2.406638442133283373e+00
8.895823359489440918e-01 -5.352824926376342773e-01 -2.406579017639159712e+00
8.952280093033443409e-01 -5.326038450373042910e-01 -2.406512478882458783e+00
9.019321487146431116e-01 -5.294538440301446158e-01 -2.406438413851862634e+00
9.096849205625266999e-01 -5.258406323860373988e-01 -2.406356665809205264e+00
9.184051631893147549e-01 -5.218038521115739847e-01 -2.406267333289480170e+00
9.279403868999644978e-01 -5.174146444500536957e-01 -2.406170770100835909e+00
9.380717244177467773e-01 -5.127734028931486554e-01 -2.406067574037750401e+00
9.485683851413395651e-01 -5.079850566520774935e-01 -2.405958462727685543e+00
9.592421088353926262e-01 -5.031343543859241318e-01 -2.405844149479021699e+00
9.699521158973692936e-01 -4.982836172990128820e-01 -2.405725331994667648e+00
9.806051073575461352e-01 -4.934727391409119424e-01 -2.405602692372062368e+00
9.911552648790107334e-01 -4.887191862064308445e-01 -2.405476897103167921e+00
1.001604250757660575e+00 -4.840179973356231735e-01 -2.405348597074476125e+00
1.012001207922208712e+00 -4.793417839137838476e-01 -2.405218427567007211e+00
1.022442759934177214e+00 -4.746407298714506173e-01 -2.405087008256307612e+00
1.033073010987902052e+00 -4.698425916844028993e-01 -2.404954943212450402e+00
1.044080686484295084e+00 -4.648542144693151301e-01 -2.404822773971232674e+00
1.055667680651181328e+00 -4.595782083419140962e-01 -2.404690463338792661e+00
1.068017605145280768e+00 -4.539296242546616567e-01 -2.404556879212347287e+00
1.081292929953192372e+00 -4.478374699189107688e-01 -2.404419747656752815e+00
1.095634983391389206e+00 -4.412447098049075422e-01 -2.404275652904504845e+00
1.111163952106225539e+00 -4.341082651417882965e-01 -2.404120037355740980e+00
1.127978881073932627e+00 -4.263990139175812821e-01 -2.403947201578239934e+00
1.146157673600622040e+00 -4.181017908792062365e-01 -2.403750304307420205e+00
1.165757091322276118e+00 -4.092153875324761048e-01 -2.403521362446340515e+00
1.186812754204762177e+00 -3.997525521420936534e-01 -2.403251251065701588e+00
1.209337913422392496e+00 -3.897400078697923487e-01 -2.402929825975360867e+00
1.233309953022212024e+00 -3.792186522938555959e-01 -2.402547272011031687e+00
1.258656891588275872e+00 -3.682437569286363122e-01 -2.402095451320976682e+00
1.285256155120216182e+00 -3.568849853626992474e-01 -2.401568025937527384e+00
1.312934577033253003e+00 -3.452263932588146567e-01 -2.400960457777081558e+00
1.341468398158186082e+00 -3.333664283539625184e-01 -2.400270008640105424e+00
1.370583266741399076e+00 -3.214179304593304809e-01 -2.399495740211134098e+00
1.399954238444850452e+00 -3.095081314603179701e-01 -2.398638514058771154e+00
1.429205776346088141e+00 -2.977786553165299721e-01 -2.397700991635685064e+00
1.457911750938238438e+00 -2.863855180617812524e-01 -2.396687634278615420e+00
1.485601416054512125e+00 -2.754971115881070243e-01 -2.395604660070209224e+00
1.511825146773312589e+00 -2.652720243469352535e-01 -2.394459569299514534e+00
1.536220179375160644e+00 -2.558368613579968254e-01 -2.393260669907669502e+00
1.558516587951111587e+00 -2.472842277625909302e-01 -2.392017034344802173e+00
1.578537284402760088e+00 -2.396727288235840081e-01 -2.390738499570029152e+00
1.596198018442232192e+00 -2.330269699254119142e-01 -2.389435667051459156e+00
1.611507377592199530e+00 -2.273375565740765325e-01 -2.388119902766190794e+00
1.624566787185866001e+00 -2.225610943971476074e-01 -2.386803337200311681e+00
1.635570510366976649e+00 -2.186201891437627165e-01 -2.385498865348902431e+00
1.644805648089810335e+00 -2.154034466846278528e-01 -2.384220146716031774e+00
1.652647573983319518e+00 -2.127670411651217119e-01 -2.382980952110449024e+00
1.659509717160011277e+00 -2.105519649287471429e-01 -2.381787978298482766e+00
1.665793344502378925e+00 -2.086012786200446556e-01 -2.380633662582192667e+00
1.671882995352887535e+00 -2.067616793975207978e-01 -2.379495529570135215e+00
1.678146481513977273e+00 -2.048835009336471835e-01 -2.378336191177368608e+00
1.684934887248056956e+00 -2.028207134148607704e-01 -2.377103346625448754e+00
1.692582569277511162e+00 -2.004309235415642765e-01 -2.375729782442430160e+00
1.701407156784694674e+00 -1.975753745281252916e-01 -2.374133372462867708e+00
1.711709551411933372e+00 -1.941189461028778040e-01 -2.372217077827813991e+00
1.723773927261528227e+00 -1.899301545081206466e-01 -2.369868946984822866e+00
1.737864976956726260e+00 -1.848825040544991027e-01 -2.366964059894547390e+00
1.754197618732667552e+00 -1.788693540129651371e-01 -2.363385914006696620e+00
1.772906703842480169e+00 -1.718187853520708741e-01 -2.359047810013500612e+00
1.794044262723313965e+00 -1.636949522407888380e-01 -2.353894795982145016e+00
1.817579504996340578e+00 -1.544980820485148953e-01 -2.347903667354775070e+00
1.843398819466750993e+00 -1.442644753450658679e-01 -2.341082966948488941e+00
1.871305774123750876e+00 -1.330665059006840567e-01 -2.333472984955346607e+00
1.901021116140571010e+00 -1.210126206860313719e-01 -2.325145758942362306e+00
1.932182771874460858e+00 -1.082473398721929686e-01 -2.316205073851507645e+00
1.964345846866691447e+00 -9.495125683067502653e-02 -2.306786461999709825e+00
1.996989262717703273e+00 -8.133828988354377398e-02 -2.297054923091828016e+00
2.029588759675810650e+00 -6.762545281290816002e-02 -2.287179845407007139e+00
2.061689896947421108e+00 -5.400262631389723261e-02 -2.277309927767761089e+00
2.092914688812708146e+00 -4.062981005928623102e-02 -2.267570899813859953e+00
2.122961604625603460e+00 -2.763712269950103009e-02 -2.258065522002324688e+00
2.151605568813812486e+00 -1.512480186261112858e-02 -2.248873585607427561e+00
2.178697960878803741e+00 -3.163204154334454260e-03 -2.240051912720693927e+00
2.204166615395813267e+00 8.207194841964884219e-03 -2.231634356250902229e+00
2.228015822013834857e+00 1.897580056527258668e-02 -2.223631799924082220e+00
2.250326325455635601e+00 2.916189947693021561e-02 -2.216032158283515852e+00
2.271250974073836915e+00 3.881302787234225393e-02 -2.208801615209436520e+00
2.290966853967929762e+00 4.798702880980012381e-02 -2.201898247635723838e+00
2.309627423101286769e+00 5.673410903930576482e-02 -2.195285649266593087e+00
2.327358159857248587e+00 6.509520781427978464e-02 -2.188934169096301563e+00
2.344256563039134100e+00 7.310199689156614278e-02 -2.182820911409138809e+00
2.360392151870229771e+00 8.077688053142895175e-02 -2.176929735779432384e+00
2.375806465993798966e+00 8.813299549755386486e-02 -2.171251257071549645e+00
2.390513065473073517e+00 9.517421105704573780e-02 -2.165782845439894633e+00
2.404497530791259496e+00 1.018951289804321814e-01 -2.160528626328908519e+00
2.417717462851535437e+00 1.082810835416612438e-01 -2.155499480473067830e+00
2.430104872739343502e+00 1.143089259110748185e-01 -2.150712525059561564e+00
2.441592470201527920e+00 1.199556528371787112e-01 -2.146185406280174401e+00
2.452139952946008616e+00 1.252070355977336069e-01 -2.141930591705038633e+00
2.461736396677554950e+00 1.300584044824968089e-01 -2.137954851385922339e+00
2.470400255097796816e+00 1.345146487932233070e-01 -2.134259257856232495e+00
2.478179359905216650e+00 1.385902168436641824e-01 -2.130839186131014973e+00
2.485150920795156981e+00 1.423091159595691602e-01 -2.127684313706954988e+00
2.491421525459814212e+00 1.457049124786846395e-01 -2.124778620562373099e+00
2.497127139588243505e+00 1.488207317507547756e-01 -2.122100389157231870e+00
2.502433106866355228e+00 1.517092581375200921e-01 -2.119622204433129653e+00
2.507531722576789246e+00 1.544323899246609066e-01 -2.117310790893064620e+00
2.512615542827288717e+00 1.570574433004981452e-01 -2.115125220453927035e+00
2.517850693501380910e+00 1.596533562952023033e-01 -2.113015120280351766e+00
2.523374443765690867e+00 1.622903436795703203e-01 -2.110920509858262850e+00
2.529295206069946289e+00 1.650398969650268000e-01 -2.108771800994873047e+00
2.535692536146969989e+00 1.679747844036230120e-01 -2.106489797818683396e+00
2.542617133012684771e+00 1.711690509880371136e-01 -2.103985696779484549e+00
2.550090838966112106e+00 1.746980184515746770e-01 -2.101161086648354548e+00
2.558106639589370346e+00 1.786382852681670519e-01 -2.097907948517660603e+00
2.566628663747679173e+00 1.830677266523736968e-01 -2.094108655801060426e+00
2.575593076305419782e+00 1.880642090586768234e-01 -2.089638039488827648e+00
2.584917897866632952e+00 1.936914498698914522e-01 -2.084386105641347964e+00
2.594512824413349517e+00 1.999848772326831836e-01 -2.078280752646266105e+00
2.604280119987602671e+00 2.069503446059043628e-01 -2.071289836395032058e+00
2.614114616691431525e+00 2.145641307605926917e-01 -2.063421170282905059e+00
2.623903714686875333e+00 2.227729397799717015e-01 -2.054722525208947381e+00
2.633527382195973932e+00 2.314939010594485036e-01 -2.045281629576030991e+00
2.642858155500773965e+00 2.406145693066175650e-01 -2.035226169290833109e+00
2.651761138943323104e+00 2.499929245412582379e-01 -2.024723787763837546e+00
2.660094004925670053e+00 2.594573720953360363e-01 -2.013982085909331587e+00
2.667708829232375844e+00 2.688104349076912980e-01 -2.003244161874755846e+00
2.674472278737986652e+00 2.778693670754978085e-01 -1.992739550105129487e+00
2.680285798484431936e+00 2.865067661381364705e-01 -1.982635161938723023e+00
2.685087446793512189e+00 2.946542649493636978e-01 -1.973030825846801228e+00
2.688851895266894498e+00 3.023025316773080839e-01 -1.963959287433626688e+00
2.691590428786116984e+00 3.095012698044750654e-01 -1.955386209436456912e+00
2.693350945512587913e+00 3.163592181277439797e-01 -1.947210171725546113e+00
2.694217956887584808e+00 3.230441507583693417e-01 -1.939262671304144536e+00
2.694312587632251343e+00 3.297828771219781796e-01 -1.931308122308498909e+00
2.693792575747605333e+00 3.368612419585740314e-01 -1.923043856007851771e+00
2.692848860947843814e+00 3.446176358691174224e-01 -1.914105992282821411e+00
2.691668057426782390e+00 3.533716113279376514e-01 -1.904134025887584736e+00
2.690394926624293248e+00 3.633524986951455760e-01 -1.892835412712052801e+00
2.689128965659618675e+00 3.746929167632130908e-01 -1.879991441260259855e+00
2.687924407331367505e+00 3.874287727569779016e-01 -1.865457232650354014e+00
2.686790220117516448e+00 4.014992623336401945e-01 -1.849161740614601035e+00
2.685690108175411872e+00 4.167468695827653002e-01 -1.831107751499384539e+00
2.684542511341769355e+00 4.329173670262780327e-01 -1.811371884265209786e+00
2.683220605132671910e+00 4.496598156184702932e-01 -1.790104590486695901e+00
2.681552300743569983e+00 4.665265647459964082e-01 -1.767530154352579652e+00
2.679324957315146971e+00 4.829815584435569464e-01 -1.743943211641086455e+00
2.676337219014950364e+00 4.984917075687672061e-01 -1.719670456855495466e+00
2.672450853736961562e+00 5.126182648289168142e-01 -1.695032349164506735e+00
2.667595465906754892e+00 5.250251319472700740e-01 -1.670339630979223777e+00
2.661768496481499380e+00 5.354788596630684072e-01 -1.645893327953148688e+00
2.655035222949963192e+00 5.438486477315271905e-01 -1.621984748982193913e+00
2.647528759332510528e+00 5.501063449238408065e-01 -1.598895486204667593e+00
2.639450056181098958e+00 5.543264490271789802e-01 -1.576897415001280001e+00
2.631067900579287411e+00 5.566861068446881111e-01 -1.556252693995144876e+00
2.622718916142228185e+00 5.574651141954902744e-01 -1.537213765051781422e+00
2.614800228247519343e+00 5.570392459092919912e-01 -1.520020383185674673e+00
2.607688780455344801e+00 5.558068847492944053e-01 -1.504866945079329499e+00
2.601660650089196558e+00 5.541156495717679542e-01 -1.491869817262408970e+00
2.596883713186924236e+00 5.522557250662154527e-01 -1.481064365905003566e+00
2.593417644500732422e+00 5.504598617553710938e-01 -1.472404956817627175e+00
2.591213917497176666e+00 5.489033759952005598e-01 -1.465764955451218210e+00
2.590115804357172813e+00 5.477041499749014664e-01 -1.460936726897141602e+00
2.589858375975986782e+00 5.469226317169029183e-01 -1.457631635887185695e+00
2.590068501963242120e+00 5.465618350768662870e-01 -1.455480046793565796e+00
2.590264850642918670e+00 5.465673397436839887e-01 -1.454031323628921735e+00
2.589868252732842713e+00 5.468305650552518493e-01 -1.452761772283327923e+00
2.588315700237774575e+00 5.472247814724127135e-01 -1.451162003919528987e+00
2.585174344156488946e+00 5.476411216782488545e-01 -1.448824297459273991e+00
2.580151857765923484e+00 5.479918542689696803e-01 -1.445450541517358412e+00
2.573096436621193028e+00 5.482103837539127333e-01 -1.440852234401627463e+00
2.563996798555575385e+00 5.482512505555413584e-01 -1.434950484112972324e+00
2.552982183680524653e+00 5.480901310094472567e-01 -1.427776008345334136e+00
2.540322354385661452e+00 5.477238373643487090e-01 -1.419469134485700668e+00
2.526427595338775589e+00 5.471703177820915753e-01 -1.410279799614107654e+00
2.511848713485826501e+00 5.464686563376482953e-01 -1.400567550503636793e+00
2.497265432261515095e+00 5.456777423436967034e-01 -1.390793172946253264e+00
2.483358733218088421e+00 5.448616335300878744e-01 -1.381426618168632325e+00
2.470683201638468773e+00 5.440749196801414334e-01 -1.372854932121677862e+00
2.459655422074915609e+00 5.433613921074977871e-01 -1.365373885764243900e+00
2.450553978349027773e+00 5.427540436561182347e-01 -1.359187975063137488e+00
2.443519453551744380e+00 5.422750687002839687e-01 -1.354410420993115372e+00
2.438554430043342602e+00 5.419358631445977403e-01 -1.351063169536885988e+00
2.435523489453439439e+00 5.417370244239824162e-01 -1.349076891685109247e+00
2.434153212680991274e+00 5.416683515036816443e-01 -1.348290983436395418e+00
2.434032179894292991e+00 5.417088448792597433e-01 -1.348453565797307130e+00
2.434620224509896680e+00 5.418273706176197635e-01 -1.349227498580604978e+00
2.435350226960717901e+00 5.419899648082004973e-01 -1.350256532185985403e+00
2.435729908464133064e+00 5.421671380141729335e-01 -1.351231459380809907e+00
2.435351085000902582e+00 5.423345393134600956e-01 -1.351896129098358434e+00
2.433889667315169092e+00 5.424729562987345988e-01 -1.352047446437826039e+00
2.431105660914455235e+00 5.425683150774205377e-01 -1.351535372664323331e+00
2.426843166069667213e+00 5.426116802716925980e-01 -1.350262925208877141e+00
2.421030377815096557e+00 5.425992550184763896e-01 -1.348186177668432073e+00
2.413679585948413031e+00 5.425323809694482247e-01 -1.345314259805846513e+00
2.404887175030669066e+00 5.424175382910350063e-01 -1.341709357549895953e+00
2.394828179180435779e+00 5.422660672386272473e-01 -1.337483556356765524e+00
2.383696382316625062e+00 5.420911053454581241e-01 -1.332764116741437910e+00
2.371644416531732968e+00 5.419045245158894408e-01 -1.327658748725279336e+00
2.358778316262788444e+00 5.417166525677578059e-01 -1.322252454836260416e+00
2.345157518291353771e+00 5.415362732323747430e-01 -1.316607530108956370e+00
2.330794861743526347e+00 5.413706261545272458e-01 -1.310763562084549694e+00
2.315656588089935575e+00 5.412254068924777783e-01 -1.304737430810826826e+00
2.299662341145742417e+00 5.411047669179632758e-01 -1.298523308842178592e+00
2.282685167070641619e+00 5.410113136161962544e-01 -1.292092661239602425e+00
2.264551514368865259e+00 5.409461102858643677e-01 -1.285394245570701921e+00
2.245047283041281982e+00 5.409087373248421260e-01 -1.278356388720289338e+00
2.223984366181645189e+00 5.408979652823535655e-01 -1.270912032154465132e+00
2.201267192265102146e+00 5.409124279181378725e-01 -1.263023777445255291e+00
2.176898774531080605e+00 5.409506833904952350e-01 -1.254686163168076796e+00
2.150980710983275923e+00 5.410112142562865101e-01 -1.245925664901733398e+00
2.123713184389652842e+00 5.410924274709333348e-01 -1.236800695228416735e+00
2.095394962282449480e+00 5.411926543884181262e-01 -1.227401603733707436e+00
2.066423396958172454e+00 5.413101507612839702e-01 -1.217850677006572457e+00
2.037294425477607529e+00 5.414430967406346218e-01 -1.208302138639369749e+00
2.008602569665805415e+00 5.415895968761353929e-01 -1.198942149227844256e+00
1.981030470191855075e+00 5.417476708501012261e-01 -1.189985466143931081e+00
1.955233763043274564e+00 5.419151515539045727e-01 -1.181638701546267933e+00
1.931725957198110466e+00 5.420895831654392039e-01 -1.174063580772956028e+00
1.910867969103931863e+00 5.422682118835644438e-01 -1.167373602241777331e+00
1.892868122677838327e+00 5.424479859281059468e-01 -1.161634037450198331e+00
1.877782149306453041e+00 5.426255555398541430e-01 -1.156861930975366937e+00
1.865513187845932341e+00 5.427972729805657925e-01 -1.153026100474116467e+00
1.855811784621954841e+00 5.429591925329627644e-01 -1.150047136682960769e+00
1.848275893429728090e+00 5.431070705007328137e-01 -1.147797403418097995e+00
1.842350875533986798e+00 5.432363652085292482e-01 -1.146101037575408377e+00
1.837340424173349085e+00 5.433424093010140732e-01 -1.144737469289792919e+00
1.832526729107508467e+00 5.434223049534619987e-01 -1.143480142076519490e+00
1.827290637414013430e+00 5.434768190232135421e-01 -1.142135231764089154e+00
1.821122576742481680e+00 5.435105553290010549e-01 -1.140545166250745313e+00
1.813622555314603924e+00 5.435319546509489452e-01 -1.138588625504474594e+00
1.804500161924138091e+00 5.435532947305735663e-01 -1.136180541563005075e+00
1.793574565936915777e+00 5.435906902707832167e-01 -1.133272098533809391e+00
1.780774517290835579e+00 5.436640929358780294e-01 -1.129850732594101848e+00
1.766138346495871314e+00 5.437972913515501938e-01 -1.125940131990839310e+00
1.749813964634064467e+00 5.440179111048840666e-01 -1.121600237040722092e+00
1.732053481840949205e+00 5.443567013469680083e-01 -1.116925433169577264e+00
1.713154010601187993e+00 5.448396874216301367e-01 -1.112024674345580388e+00
1.693398469044211208e+00 5.454803234941759671e-01 -1.107001606512482805e+00
1.673050199425641260e+00 5.462787791539985838e-01 -1.101952760628994721e+00
1.652352968127285937e+00 5.472219394145795279e-01 -1.096967552668782098e+00
1.631530965657141063e+00 5.482834047134889088e-01 -1.092128283620469098e+00
1.610788806649391391e+00 5.494234909123856259e-01 -1.087510139487638527e+00
1.590311529864414375e+00 5.505892292970165913e-01 -1.083181191288831613e+00
1.570264598188771954e+00 5.517143665772175076e-01 -1.079202395057546227e+00
1.550793898635216994e+00 5.527193648869126452e-01 -1.075627591842239328e+00
1.532025742342687957e+00 5.535114017841146206e-01 -1.072503507706324966e+00
1.514066864576317561e+00 5.539843702509239520e-01 -1.069869753728176276e+00
1.497004424727423011e+00 5.540188786935307252e-01 -1.067758826001122596e+00
1.480906006313510659e+00 5.534822509422123726e-01 -1.066196105633452129e+00
1.465819616978275342e+00 5.522285262513357829e-01 -1.065199858748411499e+00
1.451773688491604153e+00 5.500984592993557465e-01 -1.064781236484204419e+00
1.438777076749568895e+00 5.469195201888157332e-01 -1.064944274993993467e+00
1.426819061774431852e+00 5.425058944463476696e-01 -1.065685895445897868e+00
1.415869347714642901e+00 5.366584830226711622e-01 -1.066995904022995934e+00
1.405878062844843068e+00 5.291649022925962731e-01 -1.068856991923323285e+00
1.396775759565859421e+00 5.197994840550197448e-01 -1.071244735359873523e+00
1.388473414404709061e+00 5.083232755329273322e-01 -1.074127595560598669e+00
1.380862428014598020e+00 4.944840393733921924e-01 -1.077466918768408721e+00
1.373814625174920590e+00 4.780162536475791590e-01 -1.081216936241170101e+00
