2.281029254320348532e+00 -4.438861259732035158e+00 2.616130427719089990e+00
2.388209484735765109e+00 -4.608487195537918524e+00 2.321265737627624670e+00
2.459569579360576519e+00 -4.733839880178855708e+00 2.047597331550440103e+00
2.499891961088255066e+00 -4.816455107567937155e+00 1.795216492383540086e+00
2.513974398584121861e+00 -4.858158175743901630e+00 1.564382780011708274e+00
2.506507661579333579e+00 -4.861096660648836831e+00 1.355421941945332609e+00
2.481971805957375210e+00 -4.827748828328932262e+00 1.168630569033373590e+00
2.444553138414610860e+00 -4.760909223568820181e+00 1.004190127852741199e+00
2.398083460939024913e+00 -4.663654588124447109e+00 8.620933087196822608e-01
2.346002587710648957e+00 -4.539294356897940474e+00 7.420855585372427843e-01
2.291344447689389607e+00 -4.391310501795720356e+00 6.436242754986306602e-01
2.236266496378831903e+00 -4.223596912105997525e+00 5.654740092287937614e-01
2.180819233634491816e+00 -4.041207893994334555e+00 5.047029620854853738e-01
2.124763968514304491e+00 -3.849254030092700507e+00 4.581479978537972286e-01
2.068175895077432713e+00 -3.652611286231469911e+00 4.229229005906439687e-01
2.011501087842963997e+00 -3.455951384909144775e+00 3.964795875749532739e-01
1.955589965394959995e+00 -3.263759408147846042e+00 3.766385386949533398e-01
1.901708042121930120e+00 -3.080343400125123754e+00 3.615902807654279849e-01
1.851524446379610556e+00 -2.909841662374842208e+00 3.498700033945476573e-01
1.807078518481434193e+00 -2.756233683495975750e+00 3.403076258598757287e-01
1.770724722294638287e+00 -2.623360260559442825e+00 3.319557913133210914e-01
1.745160056038909113e+00 -2.514864165135430429e+00 3.241614513927302266e-01
1.733616192518983024e+00 -2.433965330898088197e+00 3.169072722386054863e-01
1.739424827786924199e+00 -2.383797356280259017e+00 3.101818304978208873e-01
1.765852334376381005e+00 -2.367539870391320189e+00 3.037932820294125813e-01
1.816046025090086058e+00 -2.388457100028456459e+00 2.973724864291842906e-01
1.891732161778319155e+00 -2.448162595904102901e+00 2.903289926328871950e-01
1.989377432488668163e+00 -2.541362508611978210e+00 2.817206317787661618e-01
2.103864865768029002e+00 -2.661227123815175233e+00 2.705161439329056283e-01
2.229807989058806506e+00 -2.801117031053793394e+00 2.557301227266972621e-01
2.361643258390784261e+00 -2.954514460103456308e+00 2.364769999610728812e-01
2.493955878106997925e+00 -3.114769031019973600e+00 2.119931488501069772e-01
2.622331125966614884e+00 -3.274426172266643231e+00 1.816107808127996881e-01
2.742890025376609309e+00 -3.425613751835907106e+00 1.447844682914811720e-01
2.852116402627784542e+00 -3.560202788217420977e+00 1.010964166870388509e-01
2.946833488396224165e+00 -3.669841655327040986e+00 5.022939207113694127e-02
3.025011666695403889e+00 -3.747653560501953418e+00 -7.633400853506638883e-03
3.088244151388994663e+00 -3.793255026316295186e+00 -7.054091639376083855e-02
3.138840772454048800e+00 -3.808005316340061785e+00 -1.362416088343386678e-01
3.178825334162568517e+00 -3.793423865642955306e+00 -2.026915464269889999e-01
3.209865124215617982e+00 -3.751207022131759494e+00 -2.680933714843569127e-01
3.232711978702620836e+00 -3.683662651034488089e+00 -3.311343318468999430e-01
3.245809345305598281e+00 -3.594937114089471031e+00 -3.915015193119195658e-01
3.247207289784980411e+00 -3.489569135941502864e+00 -4.489641073739352173e-01
3.235253118258348159e+00 -3.371976889589848092e+00 -5.030292008274179771e-01
3.208686813896271417e+00 -3.246390923399536721e+00 -5.528837412394690398e-01
3.166486273436380117e+00 -3.116364020470223650e+00 -5.975839260244273365e-01
3.107242467087977911e+00 -2.983454221242295201e+00 -6.367030728283870067e-01
3.029713411679421764e+00 -2.848498976208086564e+00 -6.698140230850769816e-01
2.933005361523945975e+00 -2.711999316601795051e+00 -6.963457190211146397e-01
2.816553226902441587e+00 -2.574074955542411391e+00 -7.156360514963772124e-01
2.680623999786937439e+00 -2.433892937805143930e+00 -7.268398260438559966e-01
2.527569740117103780e+00 -2.288366187884524727e+00 -7.286060543790400246e-01
2.359718139583435459e+00 -2.134385426943884667e+00 -7.195825281827992193e-01
2.178752841445301680e+00 -1.969538013242809082e+00 -6.985209051737122365e-01
1.985668372841174811e+00 -1.792180395844477525e+00 -6.642671297161564237e-01
1.782002469643543474e+00 -1.602384902606157180e+00 -6.164971625350630369e-01
1.573675347861664076e+00 -1.404651548469829869e+00 -5.578788314340348276e-01
1.367178300661502366e+00 -1.205104470729552624e+00 -4.919662438734911936e-01
1.168455621743790029e+00 -1.010376212916790584e+00 -4.225065259895878778e-01
9.831761007246770934e-01 -8.273234555266557599e-01 -3.534157400299776652e-01
8.168522993570906943e-01 -6.629512100767438465e-01 -2.887537624654493151e-01
6.749517671048349543e-01 -5.244273423340168883e-01 -2.326662593285335756e-01
5.644941435454103873e-01 -4.173251659813951853e-01 -1.890058254544010607e-01
4.941216778621296823e-01 -3.453058567417919278e-01 -1.612842718862187441e-01
4.736431752775492887e-01 -3.103579895691183643e-01 -1.527638616526478255e-01
5.102991372810494752e-01 -3.115194512360683898e-01 -1.653416778903229190e-01
5.983034171583233585e-01 -3.409446463208588018e-01 -1.960034365539203294e-01
7.275014643425110616e-01 -3.908258255912386847e-01 -2.406813485530729380e-01
8.864655996039726427e-01 -4.556393085353825367e-01 -2.954813023263406779e-01
1.062618007541493492e+00 -5.321776046770494428e-01 -3.566352513111846201e-01
1.242648287464519274e+00 -6.187321867219899296e-01 -4.204467166259958644e-01
1.413741454011030685e+00 -7.123729177558657533e-01 -4.832085790149935889e-01
1.563603625311045464e+00 -8.086692515594187114e-01 -5.412167499390150294e-01
1.680606999113698263e+00 -9.014957927690739892e-01 -5.907497110863203504e-01
1.754078002442666984e+00 -9.827789288002053425e-01 -6.280138287534233754e-01
1.777515605286577038e+00 -1.044263028329586174e+00 -6.501801302008297645e-01
1.757368260704125662e+00 -1.083516220645974748e+00 -6.586913328973500459e-01
1.703319923142970760e+00 -1.100127503054544098e+00 -6.559869510585984997e-01
1.624927662400746708e+00 -1.094541244755851794e+00 -6.444177968149942259e-01
1.531353235997550133e+00 -1.068302045564154978e+00 -6.262771661048093241e-01
1.430909104159612255e+00 -1.024481348431240280e+00 -6.037821169894287410e-01
1.330308149664207296e+00 -9.684804586310521435e-01 -5.789895810677039290e-01
1.235591975273475640e+00 -9.063513922901935693e-01 -5.541310590310064566e-01
1.152552378347666773e+00 -8.441775209451480855e-01 -5.317083026370669208e-01
1.086882360002095371e+00 -7.879452774160980999e-01 -5.144506230178835793e-01
1.042297917906545468e+00 -7.420922621588673662e-01 -5.042043545090622025e-01
1.014624454925295627e+00 -7.053002942272561526e-01 -4.987962976094578726e-01
9.978111064304175937e-01 -6.746912459506139159e-01 -4.950474946059373327e-01
9.858713303230852709e-01 -6.472629098605524600e-01 -4.898427384027040365e-01
9.728350204000895118e-01 -6.198756160578409169e-01 -4.802246045207593239e-01
9.527486620052549871e-01 -5.890478259888243251e-01 -4.636374568579912925e-01
9.197422183090526726e-01 -5.504916560362839162e-01 -4.383662851926628523e-01
8.679387637457136595e-01 -4.995416655555911523e-01 -4.032020877534516212e-01
7.914143994044353647e-01 -4.313392273654046427e-01 -3.573841582628098923e-01
6.841976865080015013e-01 -3.409017738252547169e-01 -3.006059399297821844e-01
5.424775140413945484e-01 -2.248693006229237346e-01 -2.338565921759002686e-01
3.712660731357839139e-01 -8.672356025143540537e-02 -1.616029046533842273e-01
1.779671091846716791e-01 6.796865248774974777e-02 -8.814233452707911920e-02
-2.978627553119279903e-02 2.332665336606030149e-01 -1.646203424903260049e-02
-2.441509812714964256e-01 4.029477629749756984e-01 5.177288538307786570e-02
-4.571768352750639752e-01 5.705702289755766321e-01 1.159506489188465161e-01
-6.610861572836146394e-01 7.295022025991003689e-01 1.755479227116295560e-01
-8.483147982555645505e-01 8.729582221428423550e-01 2.299033534258607681e-01
-1.011513835109676185e+00 9.940035962760621624e-01 2.781330518718773126e-01
-1.143543317673900717e+00 1.085580338922361276e+00 3.190060922800238008e-01
-1.239518723977175441e+00 1.142827823990569147e+00 3.513290907027692977e-01
-1.302926174643706414e+00 1.170018502978237063e+00 3.753355743661654365e-01
-1.339157700799336492e+00 1.173916141182117734e+00 3.915293835325658334e-01
-1.353383990300487838e+00 1.161511874665358324e+00 4.004361858113348882e-01
-1.350582118131526066e+00 1.139980454651101649e+00 4.027143970283414420e-01
-1.335564151292473412e+00 1.116647377760608961e+00 3.992200216804754342e-01
-1.312964173323903916e+00 1.099000459186733281e+00 3.910759313119016589e-01
-1.287462091872356496e+00 1.094541135226985373e+00 3.793696989716899282e-01
-1.263874120276586188e+00 1.110719443970858311e+00 3.650197851995546916e-01
-1.247176896791274192e+00 1.154910017127187105e+00 3.487150643779078907e-01
-1.241399623735260915e+00 1.232091849508806458e+00 3.307347401451913305e-01
-1.246225751860261965e+00 1.337945717070688767e+00 3.105742455753373044e-01
-1.260188217674339972e+00 1.465818317440393148e+00 2.874798315014299721e-01
-1.281697936376887448e+00 1.609053965381647577e+00 2.607196759987018275e-01
-1.308991764423392601e+00 1.761014509397207162e+00 2.296996293823960200e-01
-1.340160577913106499e+00 1.915045934020086937e+00 1.941673465071608318e-01
-1.373348902435910013e+00 2.064351469528415084e+00 1.546891072343836715e-01
-1.406637806005862412e+00 2.202191315737987765e+00 1.124895343698741890e-01
-1.437997815552649827e+00 2.321960556935048103e+00 6.933753678933729514e-02
-1.465297864031564812e+00 2.417200493287760210e+00 2.745911437677406308e-02
-1.487075392708324006e+00 2.483722755263149118e+00 -1.085252682783732769e-02
-1.504855396020229996e+00 2.525951027808873484e+00 -4.425610630026710623e-02
-1.520971157689556152e+00 2.550452820810533705e+00 -7.193368650944109710e-02
-1.537818331482780465e+00 2.563783104013116265e+00 -9.336855811320365905e-02
-1.557846925975195695e+00 2.572474044474749366e+00 -1.082740840160705265e-01
-1.583585364391199679e+00 2.582992102313709903e+00 -1.168789618062133773e-01
-1.617739980772751496e+00 2.601609647420268345e+00 -1.209905331516762939e-01
-1.663070056936625241e+00 2.634540923886043995e+00 -1.225767782523892180e-01
-1.722329379073596511e+00 2.688016078249585661e+00 -1.232418637082118851e-01
-1.798261125298536323e+00 2.768288041718835579e+00 -1.241930447944012972e-01
-1.892406066921623387e+00 2.879260293731166875e+00 -1.261754791923855867e-01
-2.001523251956091709e+00 3.015377257322685800e+00 -1.295134473105784556e-01
-2.121232038368548789e+00 3.168644672386408789e+00 -1.350277932901206013e-01
-2.247223464001077087e+00 3.330980998788864778e+00 -1.442892045665953304e-01
-2.375263117730381790e+00 3.494211169305466047e+00 -1.596061157122680152e-01
-2.501158963170015070e+00 3.650085019203670011e+00 -1.835032688693822855e-01
-2.620623726547962384e+00 3.790415031105020205e+00 -2.171601363902455617e-01
-2.729321890285049346e+00 3.906998023866695924e+00 -2.612380640927964848e-01
-2.822864948277753250e+00 3.991597418598745506e+00 -3.161101035665823122e-01
-2.896767535100222446e+00 4.035972574725188444e+00 -3.817374725221719389e-01
-2.947802145424374132e+00 4.034386742358975653e+00 -4.573971863267755067e-01
-2.978210463906125760e+00 3.991039828560440927e+00 -5.411955848382159484e-01
-2.991541289719526819e+00 3.912678071592039064e+00 -6.308513160106122841e-01
-2.991261292060571453e+00 3.806152268437273722e+00 -7.240576466991353044e-01
-2.980773019808793389e+00 3.678433937626460537e+00 -8.186276226368616182e-01
-2.963305582759443446e+00 3.536798698526690377e+00 -9.123573473271315848e-01
-2.941612127830910417e+00 3.389387862006945529e+00 -1.002415155579353678e+00
-2.918555537025163904e+00 3.244676463251503051e+00 -1.086294465860442315e+00
-2.897283880530450606e+00 3.111247504927754814e+00 -1.162089380659537152e+00
-2.881206804144485822e+00 2.997746734395667634e+00 -1.228411584025917103e+00
-2.872596513340697211e+00 2.910811102343936252e+00 -1.284074009735733046e+00
-2.868441306270373303e+00 2.848964973707503123e+00 -1.327341999753007151e+00
-2.864284425208663443e+00 2.808755634918551181e+00 -1.356111981307021264e+00
-2.855536046279917084e+00 2.786674672042998679e+00 -1.368045153477418285e+00
-2.837494014835576728e+00 2.778976500290171181e+00 -1.360630160537576794e+00
-2.805631533331258698e+00 2.780910605303589911e+00 -1.331921522809704550e+00
-2.756412872257579139e+00 2.784954453416387921e+00 -1.282586663355200773e+00
-2.686720142360472519e+00 2.782528929546700169e+00 -1.214286467263868019e+00
-2.593739014275685761e+00 2.764674663270360266e+00 -1.129255735077948408e+00
-2.475044427559494942e+00 2.722214096824708385e+00 -1.030407899283366069e+00
-2.330345472839179255e+00 2.648222678169705357e+00 -9.218324688289446511e-01
-2.166375906983577071e+00 2.545324943850639787e+00 -8.097311157453455088e-01
-1.991318634478461913e+00 2.419416832803418238e+00 -6.999209932734594686e-01
-1.812918639133439980e+00 2.277468042952581762e+00 -5.970316453183965866e-01
-1.638387282885006568e+00 2.127443174725679231e+00 -5.044212271055392716e-01
-1.474299296536193848e+00 1.978249876827435694e+00 -4.239496615292971948e-01
-1.326460676911994208e+00 1.839736614640317569e+00 -3.555126678531673745e-01
-1.200193172178957601e+00 1.722044308106578603e+00 -2.983946769446155223e-01
-1.100489636772468582e+00 1.635389249468437001e+00 -2.518124913932224818e-01
-1.032123847086845680e+00 1.589985974695786952e+00 -2.151373035027581149e-01
-9.977437615212289002e-01 1.592595010204347350e+00 -1.877995640002906308e-01
-9.920587932504169038e-01 1.636221728437669665e+00 -1.686244878035715600e-01
-1.008241948694929002e+00 1.710074422729461308e+00 -1.568513606982340214e-01
-1.039916039928748592e+00 1.802997305884076473e+00 -1.522027461661148162e-01
-1.081036197290934808e+00 1.903555822232616768e+00 -1.546093413422540142e-01
-1.125646075200902985e+00 2.000201095204398705e+00 -1.637240958629262444e-01
-1.167371253934409214e+00 2.081628090150634769e+00 -1.779390793743067523e-01
-1.199534942862318321e+00 2.136713314013594101e+00 -1.947428899718700590e-01
-1.215169488196660597e+00 2.154549835148197090e+00 -2.109306314825181161e-01
-1.206981374723989919e+00 2.124503242201888575e+00 -2.227793055879085382e-01
-1.169630191733044056e+00 2.040286356142372970e+00 -2.267387367447269986e-01
-1.106732172593840824e+00 1.912029657690603957e+00 -2.211548369631647915e-01
-1.024410450949862383e+00 1.753737401919282624e+00 -2.058162295798300623e-01
-9.291440584165899796e-01 1.579076386448307279e+00 -1.816007810317411264e-01
-8.277933704267351755e-01 1.401329017305179336e+00 -1.502293074041714527e-01
-7.276424489613891877e-01 1.233330963910047151e+00 -1.142530472500082328e-01
-6.364708513206364104e-01 1.087445324633056432e+00 -7.730162065793796944e-02
-5.621485395425122045e-01 9.761340711785116975e-01 -4.167237825195416884e-02
-5.125169953760302377e-01 9.120788846120049254e-01 -7.775762907927788806e-03
-4.953948759167943749e-01 9.081172481283940057e-01 2.555332136439036547e-02
-5.159865944261027293e-01 9.723041091032125216e-01 6.016822359496996897e-02
-5.690007700457162532e-01 1.093341993276961022e+00 9.643971727306777098e-02
-6.465674786619395320e-01 1.255265224905776744e+00 1.323569322392234293e-01
-7.408914735953027186e-01 1.442316134935014205e+00 1.635326340271367196e-01
-8.442000452745833661e-01 1.638857884421725863e+00 1.835328481363142361e-01
-9.485068046351958770e-01 1.829127954031752656e+00 1.854207080930649620e-01
-1.045064879344921982e+00 1.996909636275700395e+00 1.659384068351894559e-01
-1.124491075129902873e+00 2.125660378740652057e+00 1.252790959289358519e-01
-1.176909203325887221e+00 2.198804754400375927e+00 6.704251343468448088e-02
-1.192080366356429444e+00 2.200100880608659271e+00 -1.623705119935328622e-03
-1.162463551630074088e+00 2.119167025215321409e+00 -7.059330824486154121e-02
-1.092242617006150773e+00 1.967017970757581669e+00 -1.296199975715345842e-01
-9.890199812563966741e-01 1.760257048528212076e+00 -1.709672371450172701e-01
-8.608987535767254062e-01 1.515555292158081935e+00 -1.902542331090820993e-01
-7.163601780460817636e-01 1.249255680079709885e+00 -1.867672821495071633e-01
-5.641510927633103245e-01 9.769586693560445845e-01 -1.637037736486872674e-01
-4.131966261857053513e-01 7.132521596618803805e-01 -1.279354453252153634e-01
-2.724666359403260518e-01 4.722507748171558273e-01 -8.673830114060289420e-02
-1.509895379120952397e-01 2.679152881762483229e-01 -4.672032408344663212e-02
-5.788800795338214233e-02 1.141949347922507907e-01 -1.361005271660956258e-02
-9.684453613792790017e-05 2.126342680633785606e-02 8.492593239117968151e-03
2.462246435788595714e-02 -1.587941512436724309e-02 1.936295288413151724e-02
2.087523237481315672e-02 -5.932912947433350778e-03 1.997738231039490608e-02
-6.674229371769621437e-03 4.243291087472476908e-02 1.130246316944849387e-02
-5.331752186202053101e-02 1.204932130294455173e-01 -5.986360489266595586e-03
-1.142969216425632345e-01 2.194198417326508610e-01 -3.156140253503033483e-02
-1.847155483473456039e-01 3.303926615108619957e-01 -6.494960906748543927e-02
-2.594594235432453599e-01 4.447932665705007227e-01 -1.050409100878629265e-01
-3.331710342245177703e-01 5.543443059469993495e-01 -1.498370839514174269e-01
-4.002626843312810379e-01 6.512123123884593356e-01 -1.963337845970846984e-01
-4.562895848758380390e-01 7.301307679534755346e-01 -2.411889130314941732e-01
-5.020035104515937485e-01 7.944887839430193610e-01 -2.831346646554337432e-01
-5.394894278493176376e-01 8.498373433971280200e-01 -3.217167343201470242e-01
-5.708364903638052379e-01 9.017472202323463248e-01 -3.567335884085826025e-01
-5.980887989302735575e-01 9.557992168307463121e-01 -3.881557376186067776e-01
-6.233481654613735046e-01 1.017388361678367215e+00 -4.162193327303376766e-01
-6.493041367018683729e-01 1.091038767503328843e+00 -4.421123705470257903e-01
-6.788079530165593845e-01 1.180965863133110805e+00 -4.672832838173359704e-01
-7.147459061938077340e-01 1.291321905551138904e+00 -4.931769391277972536e-01
-7.601347193705613181e-01 1.426192917953971850e+00 -5.212656494298867349e-01
-8.172155560657233808e-01 1.587300293662732731e+00 -5.525996922108840081e-01
-8.845575894755842716e-01 1.767109124535829023e+00 -5.864254075063228822e-01
-9.605012848369299805e-01 1.955354678276884917e+00 -6.221779698863043606e-01
-1.044119013177865263e+00 2.141279212491813411e+00 -6.601198434773924983e-01
-1.134951187479598556e+00 2.313681197988429084e+00 -7.012291160843415749e-01
-1.231941121899912561e+00 2.461510039507641245e+00 -7.462757842948724019e-01
-1.330635922201104826e+00 2.575864675999148368e+00 -7.932555375724970048e-01
-1.424425858473184814e+00 2.649150774749986503e+00 -8.385930507400036760e-01
-1.505149506540911286e+00 2.674842995744985963e+00 -8.778354876936360629e-01
-1.563269345640677654e+00 2.647593872773388757e+00 -9.059476201960219299e-01
-1.589935053701583278e+00 2.565959884638520094e+00 -9.188506888376710702e-01
-1.583146800385467401e+00 2.440116196867937237e+00 -9.174156968777136267e-01
-1.543867345719254436e+00 2.282480697346440213e+00 -9.045914358705722247e-01
-1.474653497572737004e+00 2.104511408459178057e+00 -8.843654235665372454e-01
-1.379700380730072062e+00 1.916533859612826962e+00 -8.616677901163803943e-01
-1.265128479378186954e+00 1.727287932706279339e+00 -8.425383192621448414e-01
-1.139624481497376385e+00 1.542976455645721279e+00 -8.346502709353865734e-01
-1.012279253206779694e+00 1.369602385972032543e+00 -8.453358159863615384e-01
-8.918050366338439172e-01 1.213902494726075698e+00 -8.809395131664767842e-01
-7.863084163238855950e-01 1.083562195585379362e+00 -9.467002313171689609e-01
-7.016400181970764427e-01 9.853541956185027928e-01 -1.044859253819758749e+00
-6.369471067333193348e-01 9.189554166575912841e-01 -1.169457622052930024e+00
-5.893628242343813550e-01 8.817783886785235392e-01 -1.312526830361598229e+00
-5.557337603185865671e-01 8.704916317997519748e-01 -1.466199350533036183e+00
-5.328409650726677604e-01 8.808373815830620179e-01 -1.622880458721098762e+00
-5.176091839875682776e-01 9.078698494456789447e-01 -1.775225289150155650e+00
-5.073487005413304107e-01 9.470548571216116374e-01 -1.915708263386699972e+00
-4.998612944965627469e-01 9.937697252572220696e-01 -2.036990632440467852e+00
-4.934291275937405241e-01 1.043117710952852661e+00 -2.131994121886584548e+00
-4.867687034435044802e-01 1.089954575273547777e+00 -2.193854177124333837e+00
-4.791534199271556549e-01 1.129715316085322385e+00 -2.217733029817049673e+00
-4.707931153970212890e-01 1.161094580283228872e+00 -2.206235290222189782e+00
-4.619318840879518273e-01 1.183825754670952080e+00 -2.163790241790565894e+00
-4.525588877628700102e-01 1.197821114158095668e+00 -2.094817185760037503e+00
-4.423749680568163645e-01 1.203117677159205812e+00 -2.003745010437534724e+00
-4.306624290986697523e-01 1.199554895985880387e+00 -1.895247413295450212e+00
-4.160085545629577108e-01 1.186039597198349727e+00 -1.774882461135548262e+00
-3.968425478420688490e-01 1.161714688887495184e+00 -1.648407413914449338e+00
-3.716358865738881301e-01 1.126343726131818990e+00 -1.521494570424844817e+00
-3.389456478849806609e-01 1.080311760769510299e+00 -1.399655438859469081e+00
-2.982558764645543148e-01 1.024842432361455780e+00 -1.287670801134274345e+00
-2.524135128606037060e-01 9.626955777673221748e-01 -1.187988690421594606e+00
-2.051333164030658684e-01 8.971513251900521402e-01 -1.102134855590927165e+00
-1.601719822892112566e-01 8.315756557553440897e-01 -1.031265567521249427e+00
-1.213290756970892281e-01 7.692561781183642200e-01 -9.762942058925120348e-01
-9.245238077846207325e-02 7.134809422550325575e-01 -9.378755151750595154e-01
-7.745568249732168176e-02 6.680593943616569552e-01 -9.161464097946682150e-01
-8.034464251566250659e-02 6.363698379481607104e-01 -9.116495513849598442e-01
-1.052208748166601759e-01 6.211689269634553812e-01 -9.255465692320659077e-01
-1.562676853484487594e-01 6.247148024422394252e-01 -9.595260245497397866e-01
-2.353606241972145685e-01 6.477223914839280727e-01 -1.014952886562341394e+00
-3.348971433449303703e-01 6.861576738765154948e-01 -1.090390363383673122e+00
-4.447699118092104942e-01 7.354737707069274322e-01 -1.183205308933598765e+00
-5.547126267853618176e-01 7.920712350020520098e-01 -1.290136205126428015e+00
-6.543136879573723252e-01 8.533944171437370940e-01 -1.407296482223904022e+00
-7.330856636033278306e-01 9.174689837794385294e-01 -1.530483876451079972e+00
-7.806550676595138683e-01 9.811530936787042911e-01 -1.656149276613074317e+00
-7.867054760421128279e-01 1.040739531921297756e+00 -1.781041048147102845e+00
-7.409644332625588969e-01 1.092168577785285200e+00 -1.902099320980526143e+00
-6.332186204330578772e-01 1.130944617937094332e+00 -2.016517881468859130e+00
-4.573857936214414943e-01 1.153116725850774182e+00 -2.121953606110328572e+00
-2.237027445660949576e-01 1.158353128924953790e+00 -2.217030568582082584e+00
5.350728964528816967e-02 1.147122398867879589e+00 -2.300644717289415109e+00
3.599266954560524923e-01 1.119827434539323541e+00 -2.371676961277657814e+00
6.812640815026718144e-01 1.076905070417772725e+00 -2.428911746975988883e+00
1.003270601153438246e+00 1.019124786687461981e+00 -2.470875966702462900e+00
1.311722156662261440e+00 9.482331481299191012e-01 -2.495612121892077706e+00
1.592378768540632761e+00 8.661573227685624987e-01 -2.501117671241332552e+00
1.830982186802925238e+00 7.747503452111870192e-01 -2.485461517452082436e+00
2.013266408732322432e+00 6.758001032892984039e-01 -2.446755024836000381e+00
2.129174436593596731e+00 5.711905982866360976e-01 -2.384149903876195076e+00
2.185470111492913148e+00 4.633452331265247026e-01 -2.300960053028190622e+00
2.193142128437409966e+00 3.548903441596217290e-01 -2.201496918481134379e+00
2.163204018632297831e+00 2.485204407563919027e-01 -2.090037955960056593e+00
2.106690439577159069e+00 1.469704209316994858e-01 -1.970868396251148624e+00
2.034669820046982380e+00 5.306371738718235198e-02 -1.848315818053271942e+00
1.958325210159408192e+00 -3.008398365229456028e-02 -1.726743777048500128e+00
1.888910605317307034e+00 -9.942706430477052382e-02 -1.610712540122427372e+00
1.837657052561993964e+00 -1.521158951016929883e-01 -1.505124976847657337e+00
1.815664759914660920e+00 -1.854689226703453708e-01 -1.415358497450808883e+00
1.830757867043770304e+00 -1.980568619947142839e-01 -1.345936911623078824e+00
1.878426493805959163e+00 -1.930352953369532387e-01 -1.295963992436943490e+00
1.951028992788391481e+00 -1.744636005204522333e-01 -1.263021535835123332e+00
2.040881667925201093e+00 -1.461205803484061372e-01 -1.244476979213113399e+00
2.140342127297335306e+00 -1.115456508676476166e-01 -1.237382792236690898e+00
2.242007873203117452e+00 -7.440849552242156939e-02 -1.238202573644843874e+00
2.339176176469555113e+00 -3.964309974945862125e-02 -1.242100987531257861e+00
2.425862658882544487e+00 -1.289538696383701888e-02 -1.243196495752185493e+00
2.496817539230516747e+00 -2.538143753879062992e-04 -1.234723178291411205e+00
2.547484754171660537e+00 -8.187604080813370988e-03 -1.209153724610023906e+00
2.575766047556069527e+00 -4.205828925387899986e-02 -1.160075789413593350e+00
2.587234446469802052e+00 -1.017722654781528235e-01 -1.087765679534508978e+00
2.588431247922039713e+00 -1.859014959507617748e-01 -9.949487725268663096e-01
2.584653273030755649e+00 -2.931539187570474936e-01 -8.852322378206209930e-01
2.579856937115179605e+00 -4.224696618357999811e-01 -7.630491190448619454e-01
2.576702064693995986e+00 -5.725348905853085979e-01 -6.338593431907432185e-01
2.577296700286431541e+00 -7.399500388069319978e-01 -5.047113425593537928e-01
2.584182025257749871e+00 -9.206260888286461608e-01 -3.828066260198559889e-01
2.600744055913627673e+00 -1.110295617194585915e+00 -2.749402726244639661e-01
2.631450194448365032e+00 -1.304528199324886506e+00 -1.873414128116152044e-01
2.680224212941920481e+00 -1.499246324066618286e+00 -1.242452232099054976e-01
2.745084522862800025e+00 -1.692073604081813176e+00 -8.400774443162645211e-02
2.823040435518326063e+00 -1.880671786293875103e+00 -6.340228667095759718e-02
2.911686594886722101e+00 -2.062223204133193377e+00 -5.906948289740676650e-02
3.009093930036873310e+00 -2.233441304750426237e+00 -6.758601720069967733e-02
3.113343785389597773e+00 -2.391060015439162356e+00 -8.539181141950757947e-02
3.221184510877539431e+00 -2.533391950245622581e+00 -1.084432705716872336e-01
3.328761739927676544e+00 -2.659200283315767965e+00 -1.326205791515068233e-01
3.431959477336523179e+00 -2.767317448619067477e+00 -1.538393808562877885e-01
3.526431039788686661e+00 -2.856688227689109461e+00 -1.680341601748249758e-01
3.608421263418418956e+00 -2.926344914076449033e+00 -1.718745759425274189e-01
3.677156087362520420e+00 -2.975252656468352352e+00 -1.649603878805866453e-01
3.732433147495277215e+00 -3.002465414757429230e+00 -1.477028080401141530e-01
3.773809865349537329e+00 -3.007176936840584514e+00 -1.206513302108463970e-01
3.800593044995111747e+00 -2.988725211493779010e+00 -8.454183088423805614e-02
3.811580778087668708e+00 -2.946926517454219852e+00 -4.077721221212105007e-02
3.804338742713431198e+00 -2.883128168515833423e+00 7.298053624088196578e-03
3.776074630159555579e+00 -2.799366505009564410e+00 5.587936625034628513e-02
3.724015775381266380e+00 -2.697998641784514984e+00 1.012984678061814581e-01
3.645527674696497300e+00 -2.581569109185103184e+00 1.401595767049003127e-01
3.539102757845398184e+00 -2.453379911159247584e+00 1.697739839322993660e-01
3.407170626075559206e+00 -2.319441101389090321e+00 1.892424908257573923e-01
3.253626500523376652e+00 -2.185765610597403708e+00 1.985442937276323816e-01
3.082911516878399372e+00 -2.057469567551427847e+00 1.981235248609837241e-01
2.899903513530646570e+00 -1.938760380157091623e+00 1.887428043332139982e-01
2.710189665786755686e+00 -1.832362312270675808e+00 1.717338370585019258e-01
2.520983262456198748e+00 -1.738100534227524641e+00 1.499035983688619122e-01
2.339470214638223577e+00 -1.655795666482449358e+00 1.258483992926077710e-01
2.172309613613238266e+00 -1.586233797631623643e+00 1.014882344140014547e-01
2.025606605662253479e+00 -1.531252908648837119e+00 7.808342343000784780e-02
1.903178557657702941e+00 -1.492299363756097952e+00 5.619350066168626867e-02
1.801598769046874438e+00 -1.465823867523696755e+00 3.575906568026940291e-02
1.715808125002643569e+00 -1.446904324428842425e+00 1.683522651178770424e-02
1.640976621398977597e+00 -1.430484318976516622e+00 -2.025566427937830483e-04
1.572525662993204731e+00 -1.411344443513641300e+00 -1.465101349772479633e-02
1.505830434241242521e+00 -1.384400583737933843e+00 -2.582199954251312990e-02
1.435408917812074137e+00 -1.345467911218413803e+00 -3.395350600836906374e-02
1.355633699386108892e+00 -1.290396992788910069e+00 -3.941130999185071815e-02
1.260938421729529191e+00 -1.214877617563524748e+00 -4.245969662853019133e-02
1.145797325780006481e+00 -1.114491480321321726e+00 -4.328056219955460360e-02
1.007021922136275061e+00 -9.869772585369268603e-01 -4.203546720224557443e-02
8.506096531648084103e-01 -8.390130645791145092e-01 -3.912982671258900813e-02
6.848695099752794002e-01 -6.794869326866433967e-01 -3.499714648020650631e-02
5.182005934965921989e-01 -5.171903542912688057e-01 -2.995613830157683316e-02
3.591175191793880561e-01 -3.608010504969395571e-01 -2.420282723525076646e-02
2.162414163514250198e-01 -2.188999803403157696e-01 -1.784682537404928826e-02
9.817759721484464741e-02 -1.000941406159165520e-01 -1.109896682974364189e-02
1.320627148142102317e-02 -1.328931848241110200e-02 -4.706071031861650510e-03
-3.072346153218537615e-02 3.232978961967405279e-02 2.769876372626958830e-05
-2.588974017062766614e-02 2.741368093673277745e-02 1.373195019767734556e-03
3.224985705357646948e-02 -3.410093065833250114e-02 -2.323731167813702925e-03
1.360102750905110014e-01 -1.448524652837300253e-01 -1.132833725418748785e-02
2.751032454653568049e-01 -2.937550761925519782e-01 -2.487663836152011892e-02
4.397883300234733950e-01 -4.692911126323224824e-01 -4.138353768481609074e-02
6.208122820162991218e-01 -6.595594782545313173e-01 -5.851712161735874579e-02
8.091729036918894336e-01 -8.524383931035972584e-01 -7.350692658853888450e-02
9.954302757894413212e-01 -1.036113660742431941e+00 -8.403746879392920421e-02
1.169479121736437754e+00 -1.199265216289857605e+00 -8.853403115228736242e-02
1.320470890637577721e+00 -1.331172546436971027e+00 -8.625296335744347953e-02
1.436774831892684734e+00 -1.421817985419664643e+00 -7.732461530927746407e-02
1.508866542748878548e+00 -1.464663016617399505e+00 -6.288156499896577212e-02
1.538189450521918022e+00 -1.464605931684515250e+00 -4.525852316895644101e-02
1.529197732092704154e+00 -1.429265896540288239e+00 -2.680950825761294065e-02
1.486709922985257393e+00 -1.366036434975532732e+00 -9.496797422941863354e-03
1.415990163759750953e+00 -1.281952834451155487e+00 5.200185970621717946e-03
1.322883343153230307e+00 -1.183477174805782628e+00 1.644116398841732191e-02
1.214038721217412187e+00 -1.076163434231662386e+00 2.428922271524405763e-02
1.096388309982740727e+00 -9.651911527516192635e-01 2.908628995154414337e-02
9.769289553571517404e-01 -8.556159691142679602e-01 3.120707153011859081e-02
8.626424473561432604e-01 -7.524743761298139377e-01 3.098089575606435830e-02
7.593002952915872683e-01 -6.599269459063236143e-01 2.873248564747604705e-02
6.680361175699283116e-01 -5.784793085973777282e-01 2.505819601376254452e-02
5.887440683237078476e-01 -5.078132687914186372e-01 2.053906858088254406e-02
5.212240794231455254e-01 -4.477175989852398841e-01 1.565908367745352109e-02
4.651957193009399472e-01 -3.980733514250193172e-01 1.082261597767664174e-02
4.203088248068664323e-01 -3.588413402333039404e-01 6.366583810824021084e-03
3.861503291348211131e-01 -3.300530065137040059e-01 2.566179965538114768e-03
3.622692307469131956e-01 -3.117789782101139662e-01 -3.299641813521332623e-04
3.481888992183261311e-01 -3.041135808540326169e-01 -2.085102041557420835e-03
3.434153804033645008e-01 -3.071647396801978624e-01 -2.466096817193794491e-03
3.468667793389917375e-01 -3.203967098093964405e-01 -1.347985904226198586e-03
3.551735388564383755e-01 -3.406491134502057094e-01 9.756960572964989975e-04
3.644720510223996013e-01 -3.640249885679411879e-01 4.169690895954356047e-03
3.709918280657374945e-01 -3.865348017926740765e-01 7.967962327647206550e-03
3.710503074408657564e-01 -4.041061847767438153e-01 1.215977499557266764e-02
3.610414869635161783e-01 -4.125994557290322273e-01 1.655782459731444667e-02
3.374187717555210964e-01 -4.078297290581415213e-01 2.093915131416514142e-02
2.966693363700360631e-01 -3.855938023850916663e-01 2.506237565177268575e-02
2.352813959622502560e-01 -3.417015703583826669e-01 2.867431359681658562e-02
1.497045830055016014e-01 -2.720126227056826052e-01 3.151282376279332387e-02
3.814475696304617247e-02 -1.743485124284959165e-01 3.337921939587395331e-02
-9.397210366921497637e-02 -5.415844210207763215e-02 3.433709060228439663e-02
-2.395478685406269848e-01 8.107207369378757744e-02 3.453730988127148849e-02
-3.916099174998560750e-01 2.237369855594709134e-01 3.416939333444224403e-02
-5.432482030513987592e-01 3.661722394570666728e-01 3.346390873569402014e-02
-6.874865321379305394e-01 5.008040931691074560e-01 3.266319471132942548e-02
-8.169304709895081062e-01 6.205725356476540222e-01 3.191897446291643015e-02
-9.237124747796199298e-01 7.189404585898585553e-01 3.128449287158217851e-02
-9.995980879119610307e-01 7.897684899849454210e-01 3.071896989733514938e-02
-1.036145079211326925e+00 8.271415885159190129e-01 3.009104406709081983e-02
-1.027602971854956859e+00 8.274740211794657796e-01 2.920804971937170438e-02
-9.791964781813100593e-01 7.962941256628521813e-01 2.792302674937674478e-02
-8.992751261428010290e-01 7.409350560430961741e-01 2.618075567948067311e-02
-7.966358285697234809e-01 6.681700978748779107e-01 2.401950735010462828e-02
-6.804345612870905669e-01 5.843354268503552218e-01 2.155991230361588296e-02
-5.601544530057359639e-01 4.954144683005506367e-01 1.895212578057919178e-02
-4.455663711722088749e-01 4.071731523843906686e-01 1.628851846852036669e-02
-3.457369449726925836e-01 3.263226791634455948e-01 1.371993705134859701e-02
-2.686339705906280462e-01 2.608471453377368965e-01 1.148785528274904981e-02
-2.210274115971361808e-01 2.199360574210958985e-01 9.887312429178857914e-03
-2.064607506120528790e-01 2.113877964397864739e-01 9.089891858427017954e-03
-2.196683926235449835e-01 2.337772066340410293e-01 8.783238253738841206e-03
-2.538880452993225734e-01 2.826363249874213612e-01 8.284916688851038519e-03
-3.032739185051742670e-01 3.526328627668873783e-01 6.564205205079684177e-03
-3.630053500398419675e-01 4.375684094923423251e-01 2.252578622565189377e-03
-4.291334720621350907e-01 5.305452058306040497e-01 -6.147536624659471170e-03
-4.978307655967371126e-01 6.245536086369773976e-01 -1.956105214873796530e-02
-5.651999335127633195e-01 7.125955759485240737e-01 -3.813934304012709525e-02
-6.271083679354044760e-01 7.878382601374345207e-01 -6.113683311080599092e-02
-6.790012714627402524e-01 8.438265443121106824e-01 -8.683044116178750826e-02
-7.171488323704048318e-01 8.763438511204544312e-01 -1.127931986948859377e-01
-7.428291961220689910e-01 8.884121225642996889e-01 -1.370770152890361526e-01
-7.585527965637681724e-01 8.849501674122919326e-01 -1.582838711567938483e-01
-7.668739628105606387e-01 8.709156050253802350e-01 -1.755211686298775164e-01
-7.704947704182601997e-01 8.511752733415336447e-01 -1.884216817862968130e-01
-7.723907767297453208e-01 8.303074387913802479e-01 -1.972573406170334831e-01
-7.760200763067744978e-01 8.122306470415928681e-01 -2.032988317768885111e-01
-7.850894534277879089e-01 8.005076068106381504e-01 -2.081006553629120015e-01
-8.034672835053904283e-01 7.984923515895201440e-01 -2.132059482430981590e-01
-8.351614990676093919e-01 8.093790814981868253e-01 -2.200699318810767913e-01
-8.833161202302307613e-01 8.354387959710023459e-01 -2.297577898294041188e-01
-9.471857792255984343e-01 8.757049179166125352e-01 -2.421771290961814704e-01
-1.024928392438192448e+00 9.285386058777566065e-01 -2.569691467477631108e-01
-1.114569796816631264e+00 9.924333847756142690e-01 -2.738633239426793708e-01
-1.214014763605175462e+00 1.065988767913292667e+00 -2.927475112503142851e-01
-1.321069257213097092e+00 1.147905658246126448e+00 -3.136016410343087646e-01
-1.433484354066697719e+00 1.237041212927336931e+00 -3.361013301987699764e-01
-1.548946348999765465e+00 1.332351527800076596e+00 -3.598400743417410341e-01
-1.665082536817623193e+00 1.432857752169896193e+00 -3.844021729835020995e-01
-1.779475656198417077e+00 1.537629183479012340e+00 -4.093318189648874061e-01
-1.889470731177327556e+00 1.645323521848355730e+00 -4.340276755591331859e-01
-1.991567301987074545e+00 1.752841852533463474e+00 -4.574924677433583886e-01
-2.082071853900673286e+00 1.856622484469703016e+00 -4.785294905636012786e-01
-2.157347530513514577e+00 1.953039612150928361e+00 -4.958168596000436246e-01
-2.213859720840407164e+00 2.038354114712268128e+00 -5.079245542239578803e-01
-2.248317329832076883e+00 2.108539441686861693e+00 -5.134319913852709583e-01
-2.258002437282478958e+00 2.158869473248364201e+00 -5.112935444372566085e-01
-2.240501362416359221e+00 2.184279251884423623e+00 -5.007527864006611207e-01
-2.193561903383668188e+00 2.179550405612887598e+00 -4.813101083473632635e-01
-2.115016958202849739e+00 2.139401628010902279e+00 -4.527235350624815302e-01
-2.004334314714516729e+00 2.060455258835892423e+00 -4.154104371589932843e-01
-1.867376192573337423e+00 1.947007885473472921e+00 -3.716296843459472865e-01
-1.711267530422259320e+00 1.805653035739889001e+00 -3.239412953203598122e-01
-1.542721678995358170e+00 1.643441215779627651e+00 -2.746643697850121302e-01
-1.368073543956542570e+00 1.467834455848701314e+00 -2.258290682368006841e-01
-1.193267268622258515e+00 1.286711393151828586e+00 -1.790964498812814554e-01
-1.023828793322229647e+00 1.108385351689192611e+00 -1.356528126114816546e-01
-8.654273205586541229e-01 9.410005097121444395e-01 -9.668444305259407678e-02
-7.240501779688914841e-01 7.923479009038455478e-01 -6.356943242346108081e-02
-6.060305256541521635e-01 6.698331342820647016e-01 -3.792976685749926968e-02
-5.168105950187561470e-01 5.790942328973620601e-01 -2.103238043557154047e-02
-4.571443585735855408e-01 5.199709667052141437e-01 -1.188772972588522658e-02
-4.266196169847888409e-01 4.908478241014789800e-01 -8.954942337677379571e-03
-4.248004693743360205e-01 4.901378045533005823e-01 -1.068973679655046971e-02
-4.511669100228224982e-01 5.163533662174986105e-01 -1.550416310878538484e-02
-5.050903458193974904e-01 5.681411945399316155e-01 -2.175962110578893993e-02
-5.858874196738251827e-01 6.442355332524203337e-01 -2.782818179007806592e-02
-6.928038756112445684e-01 7.434658401049595300e-01 -3.205246159624472457e-02
-8.250263620853234281e-01 8.647396444656106906e-01 -3.274028888498975443e-02
-9.817063820651684702e-01 1.007015023278492460e+00 -2.817619594143433437e-02
-1.160943203101606480e+00 1.168399188128727229e+00 -1.714422274318849748e-02
-1.356689966504366351e+00 1.343487198888964951e+00 -4.646188150881358503e-04
-1.561878217701164084e+00 1.525971014109123391e+00 2.055857568656521694e-02
-1.769464906694614648e+00 1.709506821154992640e+00 4.464636855510861757e-02
-1.972438005194139032e+00 1.887710098159741223e+00 7.054050138626322131e-02
-2.163798970225294216e+00 2.054172520669052648e+00 9.704769034934768168e-02
-2.336498081018622219e+00 2.202520653417243235e+00 1.231990382958385588e-01
-2.483477250199026098e+00 2.326372345314438927e+00 1.481440274604700624e-01
-2.597687523729331538e+00 2.419322094933934686e+00 1.710812566988323402e-01
-2.672089013473946562e+00 2.474945380838618814e+00 1.912156814549090811e-01
-2.701845371312452393e+00 2.488852438849281867e+00 2.079841785093361484e-01
-2.690908366927363460e+00 2.464836265330703213e+00 2.218389046883181281e-01
-2.645430709735676622e+00 2.408736800092035502e+00 2.333802734151966263e-01
-2.571570029036099214e+00 2.326395269234709406e+00 2.430798598774909225e-01
-2.475487689624415122e+00 2.223654921733251300e+00 2.512967293277148517e-01
-2.363315641596759775e+00 2.106410931427571853e+00 2.581935729445884453e-01
-2.241067225603149193e+00 1.980753715304190532e+00 2.635024121497915317e-01
-2.114743918043058724e+00 1.852809452867067330e+00 2.670241367348176187e-01
-1.990367117923891538e+00 1.728682685596147461e+00 2.688044429253525491e-01
-1.873970067450977162e+00 1.614455273149136394e+00 2.691545390536745908e-01
-1.770220335484754104e+00 1.514842630639495313e+00 2.685047340016420980e-01
-1.678327236747180873e+00 1.429146782143259964e+00 2.668961414677841204e-01
-1.596138912240433694e+00 1.355307873539796093e+00 2.642553772301516890e-01
-1.521509115640113041e+00 1.291250686608175435e+00 2.604957707893935659e-01
-1.452303193919183943e+00 1.234876879648551196e+00 2.555058014285782608e-01
-1.386473620679622432e+00 1.183960018118244584e+00 2.492243845397907331e-01
-1.322253457908006524e+00 1.135879568924873295e+00 2.418502120591035642e-01
-1.257943545083915593e+00 1.087938602457414694e+00 2.335838175422523255e-01
-1.191854441157635947e+00 1.037456543603245240e+00 2.245728736421471194e-01
-1.122308474637333076e+00 9.817688222160819711e-01 2.149336461000470599e-01
-1.048292944217281253e+00 9.190191614225811101e-01 2.047957719418592726e-01
-9.713962815856385102e-01 8.505552677842257436e-01 1.943915428676950274e-01
-8.937519296388952705e-01 7.786301057911306778e-01 1.839339554903820784e-01
-8.173718727582561794e-01 7.056157660095149220e-01 1.735734377990057198e-01
-7.441634530246737933e-01 6.339851870582127180e-01 1.633958463919038540e-01
-6.759089843978083323e-01 5.663521367177414279e-01 1.534005204754256280e-01
-6.141999875956053456e-01 5.055906252865699502e-01 1.434570696779152166e-01
-5.606942879657277334e-01 4.545278900125167554e-01 1.334380057823232324e-01
-5.171867615806462481e-01 4.158606292654915548e-01 1.232397919027510835e-01
-4.856043354691718106e-01 3.921592822865413441e-01 1.127604903325569591e-01
-4.675443470997724393e-01 3.850299949700452529e-01 1.020809465449568215e-01
-4.628831349718177668e-01 3.926060851026226262e-01 9.208659636740655630e-02
-4.710070607543076493e-01 4.121813716362151547e-01 8.386250670209025038e-02
-4.912005381323185094e-01 4.411252620471031172e-01 7.850637852478856149e-02
-5.226074862911483931e-01 4.769470620878885070e-01 7.715832391697194370e-02
-5.642408289968805502e-01 5.173173565983860689e-01 8.106856581433213860e-02
-6.151050693227617661e-01 5.599610355789927940e-01 9.175308420019384625e-02
-6.741270947281988724e-01 6.027670278103285373e-01 1.109610461175298546e-01
-7.401504258775687406e-01 6.437994357236168641e-01 1.406394375992928436e-01
-8.119710775972749373e-01 6.812464475757041837e-01 1.829005032517139751e-01
-8.879342231753157844e-01 7.137091966934662191e-01 2.391112755320173866e-01
-9.647269607958401938e-01 7.410473841118121463e-01 3.071480327928690635e-01
-1.038920424719193214e+00 7.629478228479280588e-01 3.837696968076209636e-01
-1.107454595084403248e+00 7.784892180905800263e-01 4.654720076910344728e-01
-1.167618986037047613e+00 7.861666265943081378e-01 5.485199080288019058e-01
-1.216905723036381337e+00 7.841298554025446510e-01 6.289637387679747338e-01
-1.252574228875072082e+00 7.709107214483069681e-01 7.026746185994147131e-01
-1.271709305296114811e+00 7.453301203689888244e-01 7.655112258311081996e-01
-1.271235236908433208e+00 7.064582610065379686e-01 8.133917288565507553e-01
-1.247880503552902587e+00 6.536503036827807644e-01 8.423378063522650727e-01
-1.199940341299631008e+00 5.871270009846836224e-01 8.500668467868660594e-01
-1.132646852897348122e+00 5.096627033234968351e-01 8.406500643208640877e-01
-1.052962787167382785e+00 4.246794223417160175e-01 8.198024847899002543e-01
-9.678929568297562902e-01 3.355498599438813678e-01 7.932937546180406363e-01
-8.845340467125127892e-01 2.455486848616636741e-01 7.669214203725172041e-01
-8.101071050145458585e-01 1.577639491756598067e-01 7.464968562891844961e-01
-7.519678039591264351e-01 7.488867229613535570e-02 7.377894982088175624e-01
-7.174888068065448099e-01 -3.792499739780352819e-04 7.464240141742825019e-01
-7.139945208065792137e-01 -6.523284305809515238e-02 7.779175589682714165e-01
-7.487058640455942493e-01 -1.167972069472217322e-01 8.377714976530257207e-01
-8.255411663036009706e-01 -1.530986796929773019e-01 9.297252040517126614e-01
-9.356513378527071545e-01 -1.758534373395228556e-01 1.050278997805935255e+00
-1.066802117646092229e+00 -1.878594158803094105e-01 1.194338489747989840e+00
-1.206530499670207313e+00 -1.920855146360555543e-01 1.356993772226808836e+00
-1.342180703483822235e+00 -1.915991097888738448e-01 1.533367302350558514e+00
-1.461130341038427538e+00 -1.893214438944212930e-01 1.718271277135411612e+00
-1.551537809606513107e+00 -1.874165887565057975e-01 1.905465593132546598e+00
-1.602174665874552151e+00 -1.873900964702016614e-01 2.087731622017633182e+00
-1.602391290517992228e+00 -1.901304364574575301e-01 2.256929719891387354e+00
-1.542192560223450304e+00 -1.959005727495325422e-01 2.404039610151219364e+00
-1.416126622393329315e+00 -2.037677637678977360e-01 2.520421661696933047e+00
-1.234757901376499989e+00 -2.102008799198988864e-01 2.601841629081314888e+00
-1.012858787069380373e+00 -2.116464213752438095e-01 2.646036838627172205e+00
-7.653585161708731377e-01 -2.053783909058923829e-01 2.651837169570412822e+00
-5.071441507637876045e-01 -1.896048684265818629e-01 2.619205051548448626e+00
-2.527081353790927576e-01 -1.637600654705078096e-01 2.549167026475331888e+00
-1.554075939972192691e-02 -1.291996029953597080e-01 2.443552277721617649e+00
1.914849845489804692e-01 -8.830844165921103439e-02 2.304632609661210196e+00
3.559893470374841384e-01 -4.394291262689187239e-02 2.134909277582780263e+00
4.660827198181684006e-01 9.631470776648720644e-04 1.936905614659358621e+00
5.142013545703548738e-01 4.341252865511957548e-02 1.714346948706915841e+00
5.086778685401882605e-01 7.975889186339391035e-02 1.476153484785476255e+00
4.620155234765401797e-01 1.076414858274503672e-01 1.232143580017722950e+00
3.867668638121559699e-01 1.262025207883938072e-01 9.917182930756658354e-01
2.952838579954812914e-01 1.355845394734039311e-01 7.639832611607102475e-01
1.995062419816953092e-01 1.364538392669743527e-01 5.578142934805527808e-01
1.106667308820776657e-01 1.292002831383163575e-01 3.818645131938286363e-01
3.889805317259713985e-02 1.117311119135390857e-01 2.449373872863428170e-01
-6.703311011154644908e-03 7.913486624603335851e-02 1.560191789469018153e-01
-1.780014475330186571e-02 2.414424331773711019e-02 1.241614137283191810e-01
1.054272455153263885e-02 -5.996286040653184962e-02 1.545076663057765309e-01
7.149853815855418404e-02 -1.712967514708630123e-01 2.368187259990591764e-01
1.569505646522568187e-01 -3.032041568357601302e-01 3.575897782384042656e-01
2.607574063602448033e-01 -4.459187944475648258e-01 5.041718352516871837e-01
3.784146758782529485e-01 -5.868105227288419323e-01 6.647554858035755743e-01
5.058497981867989823e-01 -7.115469229916659977e-01 8.278541692327407997e-01
6.363468166090779921e-01 -8.076773754489077195e-01 9.809661679331893591e-01
7.600065691608047791e-01 -8.658283570746415636e-01 1.110537351050979948e+00
8.639203438352698328e-01 -8.802826527849016980e-01 1.202295329156013448e+00
9.325914386407881951e-01 -8.493306147458110633e-01 1.241688215750635260e+00
9.520630276136421433e-01 -7.772329689211425752e-01 1.218528517130694544e+00
9.217134444741927890e-01 -6.787682564558679132e-01 1.139771703640902967e+00
8.466762701585881512e-01 -5.687575329189553663e-01 1.017199568562739520e+00
7.348981550658268969e-01 -4.584021616100409924e-01 8.630250575411504421e-01
5.968425306477045389e-01 -3.548293462629245054e-01 6.895187909996458586e-01
4.451435341537149371e-01 -2.609763739686241646e-01 5.087009132082150886e-01
2.939786434934302806e-01 -1.764479658250004690e-01 3.322441161808359356e-01
1.568703712156855890e-01 -1.015728533429526570e-01 1.716557608899041409e-01
4.598081437934019994e-02 -3.911796099318275849e-02 3.838439999353459448e-02
-2.811867808288976908e-02 5.012087486962723756e-03 -5.628974496270592459e-02
-5.915432692916247626e-02 2.349019429234874834e-02 -1.045225083123544618e-01
-5.246109083237954218e-02 1.459546890044198866e-02 -1.109609175358373390e-01
-1.601700610209925990e-02 -2.149245813430006313e-02 -8.361570456970794651e-02
4.276664420384856252e-02 -8.369171416919449213e-02 -3.075273659002889654e-02
1.174434852433537541e-01 -1.694926838953804693e-01 3.930745407105371708e-02
2.027130372854495932e-01 -2.747236892669785990e-01 1.184756728553629512e-01
2.939803280473221592e-01 -3.938024721843702003e-01 1.993044090988457806e-01
3.869144593298817214e-01 -5.200384501077486288e-01 2.752883430055503289e-01
4.771927000934330643e-01 -6.458763460180768634e-01 3.410078953377413957e-01
5.602860137473976154e-01 -7.631736096062725627e-01 3.921596710047299261e-01
6.326610794949809602e-01 -8.652294224655830979e-01 4.266849525713492519e-01
6.958310251274117952e-01 -9.524410411626024198e-01 4.479122756999547317e-01
7.524377235628428862e-01 -1.027447881833266852e+00 4.602034228763586809e-01
8.050146721540205608e-01 -1.093322278612683718e+00 4.676424041155347044e-01
8.560671693403768545e-01 -1.153435390318209297e+00 4.740916407469343841e-01
9.082302209697344919e-01 -1.211352944226782746e+00 4.830126775660545935e-01
9.646493880881539251e-01 -1.270791490679790803e+00 4.966256177155350393e-01
1.028718228370003818e+00 -1.335378450577090481e+00 5.167589227222669779e-01
1.103997379495711861e+00 -1.408527128408138207e+00 5.452367474678586623e-01
1.194247820020411410e+00 -1.493366300716425732e+00 5.839351878139612539e-01
1.301902919585950835e+00 -1.590796312784105604e+00 6.339681280175815115e-01
1.423232601393367158e+00 -1.694020043585776403e+00 6.929968560799653066e-01
1.552763234735255571e+00 -1.794675106989590541e+00 7.571616468048140147e-01
1.684735091292560272e+00 -1.884925681351638405e+00 8.217659180457248524e-01
1.812999379596136551e+00 -1.957593442146087437e+00 8.813367020261072549e-01
1.930648826715228861e+00 -2.006308311047223292e+00 9.301935927376914215e-01
2.029114592193030475e+00 -2.025743898849024394e+00 9.640053784605475684e-01
2.098791988565529287e+00 -2.011465894914022723e+00 9.791295656574516837e-01
2.129396811650638099e+00 -1.959794924953857542e+00 9.723990792875075728e-01
2.110165311082122130e+00 -1.867647252337488739e+00 9.411847939583658507e-01
2.033304538783544668e+00 -1.734990867910971124e+00 8.847430478263013098e-01
1.904264653722955503e+00 -1.572182668020139618e+00 8.081168322113675417e-01
1.732998646445646829e+00 -1.390926699772885966e+00 7.176972223580818655e-01
1.530807668890131090e+00 -1.201477073903624460e+00 6.195759420261605088e-01
1.310171645119039496e+00 -1.012766254072168692e+00 5.193603163029166803e-01
1.084631209175527022e+00 -8.325240563773825819e-01 4.219952694900951928e-01
8.686486451674564346e-01 -6.674643501428823011e-01 3.316562527233858915e-01
6.765238302391134440e-01 -5.244118328592864975e-01 2.524168037950429433e-01
5.220186460972560116e-01 -4.107963743688053393e-01 1.884358733830965027e-01
4.182365647805584841e-01 -3.348839547219874535e-01 1.439359725278996360e-01
3.740207260274550638e-01 -3.033114355431835718e-01 1.217898926276934080e-01
3.834742570141544959e-01 -3.130847729851517491e-01 1.194854838679311471e-01
4.369498614674394155e-01 -3.588750937849877753e-01 1.330814515941376730e-01
5.248285857700148993e-01 -4.353103590778933940e-01 1.584805234312734457e-01
6.376882635708345237e-01 -5.367551157702707965e-01 1.914153886919121861e-01
7.664004600165548187e-01 -6.571453617346270093e-01 2.275673754214533606e-01
9.020973492492416757e-01 -7.898755608278341667e-01 2.630273590459531463e-01
1.036199207428788682e+00 -9.277658242965951541e-01 2.944002314866163705e-01
1.160411320720371675e+00 -1.063094570619402379e+00 3.188788074138053097e-01
1.266680887178366355e+00 -1.187690469449831365e+00 3.343024747544057762e-01
1.348961047784687839e+00 -1.294348945807164197e+00 3.396425346833388259e-01
1.408596975803978246e+00 -1.380910221390085235e+00 3.362905371596069948e-01
1.448705453239989005e+00 -1.446707538160656670e+00 3.262040019937584301e-01
1.472294087395272122e+00 -1.491341962227062723e+00 3.112677677268637089e-01
1.482225100542395868e+00 -1.514680716631183532e+00 2.931997940363059163e-01
1.480971292157230224e+00 -1.517097393603852318e+00 2.731665990812331413e-01
1.469971348973590386e+00 -1.500176852768875246e+00 2.508344568590359369e-01
1.450326810133364397e+00 -1.465798535261541913e+00 2.253416075254769946e-01
1.423130723490330540e+00 -1.415765183483859380e+00 1.957356657078111462e-01
1.389575536815957246e+00 -1.351712420354717281e+00 1.610986290693969814e-01
1.351045639498610340e+00 -1.275034344930561003e+00 1.206546174132579474e-01
1.309197385502724131e+00 -1.186827650475530849e+00 7.386289393506395573e-02
1.266030647867843584e+00 -1.087860161210717713e+00 2.049972166889144076e-02
1.223956430412276530e+00 -9.785725795316485565e-01 -3.926709708527306719e-02
1.185864554620557065e+00 -8.591248661991608415e-01 -1.048077906989381275e-01
1.155354019478603389e+00 -7.292872751261137987e-01 -1.747956601153129175e-01
1.137050180099608010e+00 -5.881310065620677374e-01 -2.468764737240322638e-01
1.135713443266547218e+00 -4.351139099222337547e-01 -3.185851723875093300e-01
1.155933805185920704e+00 -2.704097825962410995e-01 -3.876550610650408846e-01
1.202022381775929016e+00 -9.490306118918014067e-02 -4.521177785333589938e-01
1.277898343652731139e+00 8.989450407264364118e-02 -5.104035172393879272e-01
1.386983429718088523e+00 2.820011639012553473e-01 -5.614302944487227220e-01
1.532115573941703390e+00 4.791879336664293110e-01 -6.046719114773893011e-01
1.715490613949203880e+00 6.792541997738676951e-01 -6.401968138677631703e-01
