-4.989738521559916151e+00 -9.535842215648254738e-02 2.616130427719089990e+00
-5.186705089316777872e+00 -1.450986501077028146e-01 2.325297851307461805e+00
-5.327170868760370048e+00 -1.873293497736683300e-01 2.058527534138050008e+00
-5.415498417456355185e+00 -2.225800164601302866e-01 1.814755328317599448e+00
-5.456050292970400228e+00 -2.513801454728398221e-01 1.592917085952857636e+00
-5.453189052868170350e+00 -2.742592321175480463e-01 1.391948659150570977e+00
-5.411277254715325391e+00 -2.917467717000059579e-01 1.210785900017484984e+00
-5.334677456077534075e+00 -3.043722595259649166e-01 1.048364660660346059e+00
-5.227752214520458018e+00 -3.126651909011759489e-01 9.036207931859012721e-01
-5.094864087609766834e+00 -3.171550611313902479e-01 7.754901497008969136e-01
-4.940375632911118586e+00 -3.183713655223588956e-01 6.629085823120786092e-01
-4.768649407990181111e+00 -3.168435993798329742e-01 5.648119431261934276e-01
-4.584047970412617801e+00 -3.131012580095636766e-01 4.801360842499871051e-01
-4.390933877744092051e+00 -3.076738367173021405e-01 4.078168577902062109e-01
-4.193669687550269920e+00 -3.010908308087993923e-01 3.467901158535971473e-01
-3.996617957396817022e+00 -2.938817355898067918e-01 2.959917105469063725e-01
-3.804141244849393644e+00 -2.865760463660752544e-01 2.543574939768797893e-01
-3.620602107473668063e+00 -2.797032584433559732e-01 2.208233182502641334e-01
-3.450363102835305007e+00 -2.737928671274003078e-01 1.943250354738057517e-01
-3.297786788499965205e+00 -2.693743677239589518e-01 1.737984977542506859e-01
-3.167235722033316048e+00 -2.669772555387834867e-01 1.581795571983455051e-01
-3.063072461001021374e+00 -2.671310258776246616e-01 1.464040659128364730e-01
-2.989659562968744577e+00 -2.703651740462338915e-01 1.374078760044699365e-01
-2.951359585502150829e+00 -2.772091953503621475e-01 1.301268395799921873e-01
-2.952535086166903966e+00 -2.881925850957605673e-01 1.234968087461496000e-01
-2.997548622528670492e+00 -3.038448385881804548e-01 1.164536356096885633e-01
-3.088598883602069023e+00 -3.245482502383537637e-01 1.080137090044151760e-01
-3.219229064851033328e+00 -3.500963095608569109e-01 9.751556539243036448e-02
-3.380818483515184880e+00 -3.801353045172061185e-01 8.437827832292287000e-02
-3.564746456834144261e+00 -4.143115230689178308e-01 6.802092134508154475e-02
-3.762392302047536496e+00 -4.522712531775089362e-01 4.786256800809499112e-02
-3.965135336394979504e+00 -4.936607828044956015e-01 2.332229186115202663e-02
-4.164354877116097420e+00 -5.381263999113944374e-01 -6.180833546558607561e-03
-4.351430241450510827e+00 -5.853143924597218328e-01 -4.122773466584814944e-02
-4.517740746637842086e+00 -6.348710484109942875e-01 -8.239933794752780927e-02
-4.654665709917710004e+00 -6.864426557267280238e-01 -1.302765698424085961e-01
-4.755462390122962013e+00 -7.395799604183342923e-01 -1.850945711480321831e-01
-4.820899832607489444e+00 -7.934515396717450875e-01 -2.457053363389768708e-01
-4.853625034392494264e+00 -8.471304282102585237e-01 -3.106150723816071269e-01
-4.856284992499185549e+00 -8.996896607571727156e-01 -3.783299862422876414e-01
-4.831526703948764379e+00 -9.502022720357867769e-01 -4.473562848873832709e-01
-4.781997165762438051e+00 -9.977412967693971568e-01 -5.162001752832580115e-01
-4.710343374961412088e+00 -1.041379769681304079e+00 -5.833678643962775245e-01
-4.619212328566886683e+00 -1.080190725494804216e+00 -6.473655591928055841e-01
-4.511251023600072685e+00 -1.113247198933196902e+00 -7.066994666392075741e-01
-4.389106457082169399e+00 -1.139622224719778920e+00 -7.598757937018471020e-01
-4.254939485511108010e+00 -1.158466626225704399e+00 -8.055505118518773156e-01
-4.108966401553120207e+00 -1.169242381691737664e+00 -8.429786511151983186e-01
-3.950917356481879583e+00 -1.171489258145596235e+00 -8.715650062902998707e-01
-3.780522501571052629e+00 -1.164747022614996519e+00 -8.907143721756698440e-01
-3.597511988094311608e+00 -1.148555442127655368e+00 -8.998315435697975539e-01
-3.401615967325323009e+00 -1.122454283711289635e+00 -8.983213152711705396e-01
-3.192564590537758207e+00 -1.085983314393615951e+00 -8.855884820782785605e-01
-2.970088009005287688e+00 -1.038682301202351610e+00 -8.610378387896095997e-01
-2.733916374001579275e+00 -9.800910111652126888e-01 -8.240741802036524177e-01
-2.483779836800303009e+00 -9.097492113099167055e-01 -7.741023011188958858e-01
-2.220772931292897212e+00 -8.279420849886350853e-01 -7.112794253112056930e-01
-1.951447741359558119e+00 -7.379364915146453541e-01 -6.387725032295594740e-01
-1.683720743257099972e+00 -6.437447118573286220e-01 -5.605009196821210127e-01
-1.425508413242348560e+00 -5.493790269860694409e-01 -4.803840594770556471e-01
-1.184727227572125008e+00 -4.588517178702515853e-01 -4.023413074225284380e-01
-9.692936625032499975e-01 -3.761750654792578863e-01 -3.302920483267043350e-01
-7.871241942925454316e-01 -3.053613507824720630e-01 -2.681556669977481211e-01
-6.461352991968325465e-01 -2.504228547492773904e-01 -2.198515482438248014e-01
-5.542434534729328011e-01 -2.153718583490574212e-01 -1.892990768730993811e-01
-5.193651333776672097e-01 -2.042206425511954859e-01 -1.804176376937366988e-01
-5.461800096748798961e-01 -2.194810054383484754e-01 -1.957113531175740384e-01
-6.264205080050448959e-01 -2.576628028139676396e-01 -2.320232858483834149e-01
-7.485822369399205423e-01 -3.137754022286231015e-01 -2.847812311322274192e-01
-9.011608050512621704e-01 -3.828281712328842623e-01 -3.494129842151679766e-01
-1.072651820910831999e+00 -4.598304773773229104e-01 -4.213463403432691767e-01
-1.251550893090385586e+00 -5.397916882125085580e-01 -4.960090947625926949e-01
-1.426353630161681041e+00 -6.177211712890116058e-01 -5.688290427192015386e-01
-1.585555640696476143e+00 -6.886282941574018990e-01 -6.352339794591580491e-01
-1.717652533266528669e+00 -7.475224243682498937e-01 -6.906517002285251783e-01
-1.811139916443595954e+00 -7.894129294721253798e-01 -7.305100002733647679e-01
-1.857624377791247783e+00 -8.107002635897939680e-01 -7.515171020891481257e-01
-1.861156420840297310e+00 -8.133492271227994452e-01 -7.555029371689758744e-01
-1.828897528113369697e+00 -8.007157070428817525e-01 -7.455778642553584357e-01
-1.768009182133090329e+00 -7.761555903217794983e-01 -7.248522420908044550e-01
-1.685652865422084590e+00 -7.430247639312326235e-01 -6.964364294178236880e-01
-1.588990060502976975e+00 -7.046791148429799589e-01 -6.634407849789253353e-01
-1.485182249898394202e+00 -6.644745300287614453e-01 -6.289756675166192634e-01
-1.381390916130958324e+00 -6.257668964603152473e-01 -5.961514357734140068e-01
-1.284777541723296057e+00 -5.919121011093811946e-01 -5.680784484918192101e-01
-1.202503609198031898e+00 -5.662660309476983400e-01 -5.478670644143441848e-01
-1.139567592302295651e+00 -5.511151071406895641e-01 -5.375553437460556250e-01
-1.092315945152260159e+00 -5.444678952779175019e-01 -5.348921602119162122e-01
-1.054932120824112918e+00 -5.432634989673298387e-01 -5.365540928342777960e-01
-1.021599572394039201e+00 -5.444410218168739268e-01 -5.392177206354915597e-01
-9.865017529382253958e-01 -5.449395674344967855e-01 -5.395596226379092419e-01
-9.438221155328583301e-01 -5.416982394281461000e-01 -5.342563778638824701e-01
-8.877441132541233904e-01 -5.316561414057686674e-01 -5.199845653357625386e-01
-8.124511991782069620e-01 -5.117523769753120622e-01 -4.934207640759010194e-01
-7.121268263812965404e-01 -4.789260497447239695e-01 -4.512415531066499286e-01
-5.809544479395761796e-01 -4.301162633219508535e-01 -3.901235114503599499e-01
-4.154652242977336929e-01 -3.633697122709933502e-01 -3.080390574434168083e-01
-2.215811117902951044e-01 -2.811634391358748819e-01 -2.081439481412427628e-01
-7.571757328235984540e-03 -1.870820694945925233e-01 -9.488977064476235290e-02
2.182931921774690642e-01 -8.471022892514308567e-02 2.727188794510029823e-02
4.477440898158441818e-01 2.236745699447647076e-02 1.538894405274205679e-01
6.725112886759145869e-01 1.305663626862691162e-01 2.805113000012743329e-01
8.843251418467047431e-01 2.363018625722381472e-01 4.026858792657372343e-01
1.074916002417239280e+00 3.359893310743863326e-01 5.159615912198847187e-01
1.236014223476543217e+00 4.260441426147170141e-01 6.158868487627925381e-01
1.359350158113641793e+00 5.028816716152331168e-01 6.980100647935365554e-01
1.439411752156146029e+00 5.637346757145491605e-01 7.590726286086504349e-01
1.481717361833768232e+00 6.091054571105056770e-01 8.005878521601953457e-01
1.494542955838717768e+00 6.403137070639562944e-01 8.252620323305530636e-01
1.486164502863204895e+00 6.586791168357546411e-01 8.358014660021060305e-01
1.464857971599438979e+00 6.655213776867534570e-01 8.349124500572354668e-01
1.438899330739629612e+00 6.621601808778068143e-01 8.253012813783239254e-01
1.416564548975986826e+00 6.499152176697677863e-01 8.096742568477528490e-01
1.406129595000719767e+00 6.301061793234903341e-01 7.907376733479050124e-01
1.415870437506038471e+00 6.040527570998269757e-01 7.711978277611613031e-01
1.454063045184152525e+00 5.730746422596312284e-01 7.537610169699039409e-01
1.526488765971296013e+00 5.384526915173224459e-01 7.405468021240564358e-01
1.628950357721717701e+00 5.013124217349742562e-01 7.313277762636046786e-01
1.754755904004361877e+00 4.627405143949183119e-01 7.252897841059585682e-01
1.897213488388173497e+00 4.238236509794862106e-01 7.216186703685276704e-01
2.049631194442098181e+00 3.856485129710097159e-01 7.195002797687221063e-01
2.205317105735078442e+00 3.493017818518201478e-01 7.181204570239506646e-01
2.357579305836059902e+00 3.158701391042491591e-01 7.166650468516233552e-01
2.499725878313987515e+00 2.864402662106284581e-01 7.143198939691497440e-01
2.625064906737804904e+00 2.620988446532894200e-01 7.102708430939392859e-01
2.726904474676456580e+00 2.439325559145637257e-01 7.037037389434017687e-01
2.800799196887103104e+00 2.327934834351358118e-01 6.940610770932407192e-01
2.851289812879762131e+00 2.285953184891013346e-01 6.818119565523356185e-01
2.885163593352665590e+00 2.310171543089086510e-01 6.676821271878592423e-01
2.909207809004048961e+00 2.397380841270063956e-01 6.523973388669854767e-01
2.930209730532143286e+00 2.544372011758429530e-01 6.366833414568873195e-01
2.954956628635183158e+00 2.747935986878667913e-01 6.212658848247382126e-01
2.990235774011401837e+00 3.004863698955265727e-01 6.068707188377114869e-01
3.042834437359031252e+00 3.311946080312705987e-01 5.942235933629804734e-01
3.119539889376305553e+00 3.665974063275473926e-01 5.840502582677183918e-01
3.227139400761456667e+00 4.063738580168053671e-01 5.770764634190984621e-01
3.369801708253281181e+00 4.501374422764290451e-01 5.736493204407935309e-01
3.541221525127499881e+00 4.972391848793805136e-01 5.726014042317776331e-01
3.732475086887437232e+00 5.469644989514669264e-01 5.723866595721320838e-01
3.934638629036426138e+00 5.985987976184983239e-01 5.714590312419384199e-01
4.138788387077788400e+00 6.514274940062816377e-01 5.682724640212778455e-01
4.336000596514847594e+00 7.047360012406249652e-01 5.612809026902322307e-01
4.517351492850930406e+00 7.578097324473359597e-01 5.489382920288825574e-01
4.673917311589365298e+00 8.099341007522232738e-01 5.296985768173106957e-01
4.796774288233475403e+00 8.603945192810944498e-01 5.020157018355980716e-01
4.876998658286586519e+00 9.084764011597572519e-01 4.643436118638257226e-01
4.908445829164083563e+00 9.536001337270723077e-01 4.157311495034579085e-01
4.896087856173292785e+00 9.957259992432910822e-01 3.576067401314219629e-01
4.847675946655479073e+00 1.034949253216309373e+00 2.919937026910019440e-01
4.770961307951913533e+00 1.071365151154023643e+00 2.209153561254820208e-01
4.673695147403862826e+00 1.105068948564329911e+00 1.463950193781464737e-01
4.563628672352596283e+00 1.136155900955124753e+00 7.045601139227936072e-02
4.448513090139382342e+00 1.164721263834304077e+00 -4.878348888834989350e-03
4.336099608105489445e+00 1.190860292709764234e+00 -7.758474252191241427e-02
4.234139433592183366e+00 1.214668243089400912e+00 -1.456398505636687379e-01
4.150383773940736098e+00 1.236240370481111350e+00 -2.070203540708198120e-01
4.090180454957344836e+00 1.255488566482379831e+00 -2.600968469274493877e-01
4.049263741927222604e+00 1.271591264425999679e+00 -3.048155799620905215e-01
4.020964501410127845e+00 1.283543532422827926e+00 -3.415167196481387335e-01
3.998613599965820331e+00 1.290340438583721605e+00 -3.705404324589895992e-01
3.975541904154054507e+00 1.290977051019536637e+00 -3.922268848680381392e-01
3.945080280534591033e+00 1.284448437841130275e+00 -4.069162433486798180e-01
3.900559595667187462e+00 1.269749667159358886e+00 -4.149486743743102113e-01
3.835310716111603124e+00 1.245875807085079945e+00 -4.166643444183243949e-01
3.742664508427594239e+00 1.211821925729149152e+00 -4.124034199541181667e-01
3.615951839174918359e+00 1.166583091202423317e+00 -4.025060674550864359e-01
3.451324844107246381e+00 1.109789921323981909e+00 -3.874166071781812160e-01
3.256220856830270183e+00 1.043615260020773761e+00 -3.679959789843997298e-01
3.040898540682115403e+00 9.708675145655334404e-01 -3.452092787532169416e-01
2.815616559000904129e+00 8.943550922309962958e-01 -3.200216023641086482e-01
2.590633575124762888e+00 8.168864002898978960e-01 -2.933980456965499251e-01
2.376208252391812881e+00 7.412698460149724777e-01 -2.663037046300161248e-01
2.182599254140179301e+00 6.703138366789552771e-01 -2.397036750439826003e-01
2.020065243707986014e+00 6.068267795545813081e-01 -2.145630528179247043e-01
1.898864884433355327e+00 5.536170819145853628e-01 -1.918469338313176786e-01
1.829256839654412214e+00 5.134931510317026770e-01 -1.725204139636368761e-01
1.817669412146794672e+00 4.883236307296190959e-01 -1.572834900362539701e-01
1.855209462436193446e+00 4.762181110358238434e-01 -1.457757626381253890e-01
1.929153490485814526e+00 4.743464185287569190e-01 -1.373717333001038821e-01
2.026777996258864789e+00 4.798783797868587664e-01 -1.314459035530422537e-01
2.135359479718549114e+00 4.899838213885692739e-01 -1.273727749277931698e-01
2.242174440828073045e+00 5.018325699123287187e-01 -1.245268489552094626e-01
2.334499379550643017e+00 5.125944519365772667e-01 -1.222826271661438674e-01
2.399610795849465461e+00 5.194392940397549729e-01 -1.200146110914491332e-01
2.424785189687744147e+00 5.195369228003019479e-01 -1.170973022619779813e-01
2.397299061028685507e+00 5.100571647966585243e-01 -1.129052022085832024e-01
2.309025311372771672e+00 4.890576461780405393e-01 -1.069503874208265898e-01
2.170222251114482415e+00 4.581471532767472654e-01 -9.929522831906123503e-02
1.995744493558561539e+00 4.198222529459472163e-01 -9.013966733034271817e-02
1.800446652009739301e+00 3.765795120388063522e-01 -7.968364688172613342e-02
1.599183339772755730e+00 3.309154974084924650e-01 -6.812710940026706075e-02
1.406809170152349298e+00 2.853267759081732358e-01 -5.566999731302092747e-02
1.238178756453257812e+00 2.423099143910160957e-01 -4.251225304704317476e-02
1.108146711980219079e+00 2.043614797101884484e-01 -2.885381902938922993e-02
1.031567650037971351e+00 1.739780387188578636e-01 -1.489463768711450295e-02
1.023296183931251990e+00 1.536561582701917172e-01 -8.346514472744523405e-04
1.092709208433969348e+00 1.450943661161145926e-01 1.310999855013815843e-02
1.227272822555962373e+00 1.467990450195999219e-01 2.665837654510516685e-02
1.408975445955797046e+00 1.564785443503783069e-01 3.951334818053288400e-02
1.619805498292038237e+00 1.718412134781803213e-01 5.137777909932760706e-02
1.841751399223251040e+00 1.905954017727365390e-01 6.195453494439564363e-02
2.056801568407996772e+00 2.104494586037771453e-01 7.094648135864310701e-02
2.246944425504854070e+00 2.291117333410339629e-01 7.805648398497685991e-02
2.394168390172372707e+00 2.442905753542360670e-01 8.298740846630257850e-02
2.480461882069128876e+00 2.536943340131151969e-01 8.544212044552695895e-02
2.487813320853681454e+00 2.550313586874012328e-01 8.512348556555612844e-02
2.404082433586360867e+00 2.466916911819844183e-01 8.188202990014607774e-02
2.240613840978056270e+00 2.297921040359189038e-01 7.615891279731477892e-02
2.014623303164351675e+00 2.061310427203181805e-01 6.854294981139079368e-02
1.743326580280863736e+00 1.775069527062992925e-01 5.962295649670380782e-02
1.443939432463167138e+00 1.457182794649748425e-01 4.998774840758212629e-02
1.133677619846886087e+00 1.125634684674624436e-01 4.022614109835562224e-02
8.297569025675910481e-01 7.984096518487435179e-02 3.092695012335247920e-02
5.493930407609057820e-01 4.934921508832831177e-02 2.267899103690257379e-02
3.098017945624043090e-01 2.288666364893675309e-02 1.607107939333423524e-02
1.281989241077044761e-01 2.251756337816917392e-03 1.169203074697707651e-02
1.729716255039969938e-02 -1.121876717090210078e-02 9.960635984108581753e-03
-2.820273605167236686e-02 -1.803497718156313670e-02 1.061559218322941610e-02
-1.810298020682047163e-02 -1.916864319078780826e-02 1.322557418699391377e-02
3.779422157665025817e-02 -1.559153469519700130e-02 1.735925683805615571e-02
1.296866607904403335e-01 -8.275421191411412580e-03 2.258531497907080576e-02
2.477721289262374282e-01 1.807927823947342617e-03 2.847242345269171415e-02
3.822484174757476150e-01 1.368674285425913392e-02 3.458925710157367828e-02
5.233133179306543870e-01 2.638925440290190716e-02 4.050449076837048246e-02
6.611646217826662175e-01 3.894369297325583207e-02 4.578679929573692409e-02
7.860001205234663502e-01 5.037828906869876860e-02 5.000485752632685688e-02
8.905475567692373584e-01 5.990257585804529411e-02 5.291451488697081901e-02
9.776544776340775345e-01 6.745129717184936147e-02 5.502031914120299877e-02
1.052698381356554025e+00 7.314049950609892436e-02 5.701399263673326973e-02
1.121056766175248853e+00 7.708622935678308141e-02 5.958725772127199116e-02
1.188107130328730499e+00 7.940453321989004998e-02 6.343183674252894644e-02
1.259226972055579985e+00 8.021145759140868581e-02 6.923945204821464749e-02
1.339793789594366569e+00 7.962304896732751158e-02 7.770182598603866952e-02
1.435185081183671718e+00 7.775535384363503610e-02 8.951068090371186448e-02
1.550778345062061803e+00 7.472441871632007349e-02 1.053577391489432802e-01
1.691951079468123176e+00 7.064629008137092436e-02 1.259347230694444209e-01
1.861574731578845343e+00 6.564324212500605160e-02 1.515268645476402776e-01
2.052496472626007318e+00 5.986245997253739765e-02 1.807934219749995075e-01
2.255057386930178875e+00 5.345735652859583131e-02 2.119871574627683608e-01
2.459598558811967539e+00 4.658134469781110426e-02 2.433608331221983612e-01
2.656461072591940198e+00 3.938783738481417551e-02 2.731672110645355644e-01
2.835986012590702376e+00 3.203024749423472733e-02 2.996590534010312723e-01
2.988514463128826737e+00 2.466198793070377773e-02 3.210891222429320679e-01
3.104387508526911699e+00 1.743647159885099510e-02 3.357101797014884204e-01
3.173946233105537473e+00 1.050711140330736967e-02 3.417749878879481340e-01
3.187531721185294931e+00 4.027320248702617560e-03 3.375363089135602346e-01
3.138946378974738494e+00 -1.832391989315484840e-03 3.214692290120775842e-01
3.035838098294133758e+00 -6.833126572729272125e-03 2.929381436288441276e-01
2.889316191882353557e+00 -1.071888730334800977e-02 2.515297786925464463e-01
2.710489972478251186e+00 -1.323367798298173345e-02 1.968308601318650430e-01
2.510468752820708360e+00 -1.412150241343991877e-02 1.284281138754887475e-01
2.300361845648582815e+00 -1.312636439653243857e-02 4.590826585209972777e-02
2.091278563700729620e+00 -9.992267734068811802e-03 -5.114195800962266503e-02
1.894328219716033379e+00 -4.463216227859018864e-03 -1.631358317809856184e-01
1.720620126433343167e+00 3.716786320287723128e-03 -2.904866295333151660e-01
1.581263596591538700e+00 1.480373610856099836e-02 -4.336076253379156364e-01
1.484484903187779592e+00 2.891019684508119858e-02 -5.919638831696660830e-01
1.426978325220141786e+00 4.557501048489709383e-02 -7.612276808742481915e-01
1.402555184428242674e+00 6.419359059656706834e-02 -9.361231133290436324e-01
1.405026802551706089e+00 8.416135074864636301e-02 -1.111374275411403323e+00
1.428204501330154308e+00 1.048737045096936049e-01 -1.281705261998708822e+00
1.465899602503206722e+00 1.257260654482638684e-01 -1.441840167968312159e+00
1.511923427810488940e+00 1.461138471329158917e-01 -1.586503088197593669e+00
1.560087298991619020e+00 1.654324631322047767e-01 -1.710418117563906826e+00
1.604202537786222571e+00 1.830773270146890397e-01 -1.808309350944629745e+00
1.638080465933918095e+00 1.984438523489241435e-01 -1.874900883217119452e+00
1.656725170009077264e+00 2.109886491207592918e-01 -1.906549235600212278e+00
1.659911761799907737e+00 2.204131112343690746e-01 -1.906140587974670453e+00
1.648608100866847170e+00 2.264798281358050835e-01 -1.878193523210841986e+00
1.623782046770337884e+00 2.289513892711179943e-01 -1.827226624179077996e+00
1.586401459070816200e+00 2.275903840863591210e-01 -1.757758473749723160e+00
1.537434197328725771e+00 2.221594020275795833e-01 -1.674307654793132816e+00
1.477848121104501145e+00 2.124210325408299183e-01 -1.581392750179647644e+00
1.408611089958587526e+00 1.981378650721621337e-01 -1.483532342779625868e+00
1.330690963451418574e+00 1.790724890676260728e-01 -1.385245015463406837e+00
1.245055601143440160e+00 1.549874939732743262e-01 -1.291049351101348774e+00
1.153242809551253023e+00 1.260910877426973387e-01 -1.204776631130503262e+00
1.059070183016110889e+00 9.437395235964474161e-02 -1.127508931254757707e+00
9.669252628354472190e-01 6.227238831541076491e-02 -1.059641025744716858e+00
8.811955903066760465e-01 3.222269610128375428e-02 -1.001567688870973694e+00
8.062687067272283903e-01 6.661176208557682832e-03 -9.536836949041307410e-01
7.465321533945213917e-01 -1.197587087147829882e-02 -9.163838181147822004e-01
7.063734716059835161e-01 -2.125214464753130694e-02 -8.900628327735301548e-01
6.901802026590345696e-01 -1.873134462831083091e-02 -8.751155131509701368e-01
7.023398878510991317e-01 -1.977170322525811930e-03 -8.719366335177015648e-01
7.472400684796021153e-01 3.144667876111661986e-02 -8.809209681443227469e-01
8.270208544933168593e-01 8.240265255617568174e-02 -9.023938114139751221e-01
9.348325661466903025e-01 1.454577537369152462e-01 -9.364025361721363128e-01
1.061578060195513817e+00 2.136051119055865088e-01 -9.829250343828992431e-01
1.198160193395599427e+00 2.798378566644518228e-01 -1.041939198010362944e+00
1.335481822502735394e+00 3.371491176157619951e-01 -1.113422919018617341e+00
1.464445804272735296e+00 3.785320243617783520e-01 -1.197354089371764463e+00
1.575954995461388730e+00 3.969797065047542262e-01 -1.293710601033891905e+00
1.660912252824505053e+00 3.854852936469473357e-01 -1.402470345969103027e+00
1.710220433117879191e+00 3.370419153906155652e-01 -1.523611216141484315e+00
1.714782393097315616e+00 2.446427013380109705e-01 -1.657111103515140904e+00
1.668319375345460376e+00 1.042526787981470499e-01 -1.802056851194905329e+00
1.575826327022822548e+00 -7.627536403842134771e-02 -1.953971055862034456e+00
1.445116661752588127e+00 -2.861166562464707575e-01 -2.107485239845031888e+00
1.284003793157922679e+00 -5.144464269008121038e-01 -2.257230925472427874e+00
1.100301134862017971e+00 -7.504399050762177170e-01 -2.397839635072724018e+00
9.018221004880446756e-01 -9.832723198474907500e-01 -2.523942890974445241e+00
6.963801036591702465e-01 -1.202118900289433245e+00 -2.630172215506110689e+00
4.917885579985903921e-01 -1.396154875476819157e+00 -2.711159130996228406e+00
2.958608771294646833e-01 -1.554555474484457633e+00 -2.761535159773322423e+00
1.164104746749876629e-01 -1.666495926387127069e+00 -2.775931824165903450e+00
-4.041907453114715332e-02 -1.724612949908692849e+00 -2.750979773933071026e+00
-1.751634552648318743e-01 -1.735389024302644634e+00 -2.691306054166083594e+00
-2.900281433176654655e-01 -1.708768019438947183e+00 -2.603536780192098998e+00
-3.872186144812243547e-01 -1.654693805187563482e+00 -2.494298067338284408e+00
-4.689403445471042042e-01 -1.583110251418451853e+00 -2.370216030931794116e+00
-5.373988093068842176e-01 -1.503961228001580164e+00 -2.237916786299800176e+00
-5.947994845521578089e-01 -1.427190604806904295e+00 -2.104026448769452440e+00
-6.433478460745064575e-01 -1.362742251704392338e+00 -1.975171133667925405e+00
-6.852493696655213018e-01 -1.320560038564001504e+00 -1.857976956322369144e+00
-7.227095311167857083e-01 -1.310587835255697442e+00 -1.759070032059955491e+00
-7.577947641498369302e-01 -1.339732580902187165e+00 -1.683244119399077920e+00
-7.920153381840084883e-01 -1.402753578524139400e+00 -1.627963602047068248e+00
-8.267424825575850900e-01 -1.491373243838306495e+00 -1.588860533114372142e+00
-8.633474266088461135e-01 -1.597313992561429252e+00 -1.561566965711445043e+00
-9.032013996760770436e-01 -1.712298240410265571e+00 -1.541714952948736617e+00
-9.476756310975564812e-01 -1.828048403101553809e+00 -1.524936547936699638e+00
-9.981413502115705771e-01 -1.936286896352051423e+00 -1.506863803785784217e+00
-1.055969786356396600e+00 -2.028736135878497659e+00 -1.483128773606444017e+00
-1.122532168870322700e+00 -2.097118537397649085e+00 -1.449363510509128039e+00
-1.199199727091624368e+00 -2.133156516626247612e+00 -1.401200067604290833e+00
-1.287028327270910211e+00 -2.131100345994886958e+00 -1.335696398409409902e+00
-1.385812383308083762e+00 -2.095311724789514773e+00 -1.255614058070069872e+00
-1.495030946015359241e+00 -2.032680209009928518e+00 -1.165140502138892309e+00
-1.614163066204969521e+00 -1.950095354655914548e+00 -1.068463186168484569e+00
-1.742687794689125269e+00 -1.854446717727272542e+00 -9.697695657114695500e-01
-1.880084182280061356e+00 -1.752623854223787303e+00 -8.732470963204540526e-01
-2.025831279789988670e+00 -1.651516320145260064e+00 -7.830832335480617523e-01
-2.179408138031142084e+00 -1.558013671491474295e+00 -7.034654329468993383e-01
-2.340293807815730709e+00 -1.479005464262230785e+00 -6.385811500695885989e-01
-2.507967339955991637e+00 -1.421381254457315668e+00 -5.926178404687395540e-01
-2.681588317688287315e+00 -1.390210626888867651e+00 -5.684863715876107282e-01
-2.859038444805558576e+00 -1.383283229548405879e+00 -5.639912219084063372e-01
-3.037879952954817941e+00 -1.396568713204711321e+00 -5.756602635421026459e-01
-3.215675073783107241e+00 -1.426036728626565164e+00 -6.000213685996770296e-01
-3.389986038937438995e+00 -1.467656926582745269e+00 -6.336024091921033108e-01
-3.558375080064855922e+00 -1.517398957842035490e+00 -6.729312574303605299e-01
-3.718404428812370099e+00 -1.571232473173211908e+00 -7.145357854254215102e-01
-3.867636316827022025e+00 -1.625127123345058822e+00 -7.549438652882654033e-01
-4.003632975755828660e+00 -1.675052559126352980e+00 -7.906833691298658096e-01
-4.123956637245826506e+00 -1.716978431285878459e+00 -8.182821690612009924e-01
-4.226383906199232321e+00 -1.747615677995195016e+00 -8.350197361333575596e-01
-4.309548892805694642e+00 -1.766640429454110262e+00 -8.411819801650196604e-01
-4.372300086643403638e+00 -1.774470124473918275e+00 -8.378064314187076977e-01
-4.413485977290557472e+00 -1.771522201865913582e+00 -8.259306201569424077e-01
-4.431955054325350751e+00 -1.758214100441390482e+00 -8.065920766422453037e-01
-4.426555807325977199e+00 -1.734963259011644165e+00 -7.808283311371374547e-01
-4.396136725870631423e+00 -1.702187116387967381e+00 -7.496769139041375984e-01
-4.339546299537513363e+00 -1.660303111381657759e+00 -7.141753552057700238e-01
-4.255633017904810522e+00 -1.609728682804006272e+00 -6.753611853045524693e-01
-4.143245370550727280e+00 -1.550881269466311441e+00 -6.342719344630088907e-01
-4.002416813235735837e+00 -1.484418824599628595e+00 -5.918656359268108513e-01
-3.837920598645657932e+00 -1.411961345351841146e+00 -5.487823394230757490e-01
-3.655714911746913653e+00 -1.335369336409511387e+00 -5.055825999364635948e-01
-3.461757937505943961e+00 -1.256503302459214044e+00 -4.628269724516409500e-01
-3.262007860889164057e+00 -1.177223748187511188e+00 -4.210760119532674373e-01
-3.062422866863019788e+00 -1.099391178280978432e+00 -3.808902734260100065e-01
-2.868961140393924136e+00 -1.024866097426177181e+00 -3.428303118545283357e-01
-2.687580866448323835e+00 -9.555090103096832710e-01 -3.074566822234890973e-01
-2.524240229992632312e+00 -8.931804216180587730e-01 -2.753299395175524689e-01
-2.384897415993293635e+00 -8.397408360378780801e-01 -2.470106387213844845e-01
-2.273399758818870353e+00 -7.963589868916968184e-01 -2.228668290945421127e-01
-2.185151250838234915e+00 -7.614365418377144756e-01 -2.024965425037856814e-01
-2.113445064018129482e+00 -7.326834070659130616e-01 -1.853053078445645041e-01
-2.051574370325312202e+00 -7.078094887662805812e-01 -1.706986540123313079e-01
-1.992832341726529233e+00 -6.845246931288002656e-01 -1.580821099025359888e-01
-1.930512150188536280e+00 -6.605389263434595648e-01 -1.468612044106308023e-01
-1.857906967678078392e+00 -6.335620946002412657e-01 -1.364414664320658943e-01
-1.768309966161914604e+00 -6.013041040891335953e-01 -1.262284248622934646e-01
-1.655014317606787300e+00 -5.614748610001188966e-01 -1.156276085967637285e-01
-1.511313193979457514e+00 -5.117842715231858408e-01 -1.040445465309287748e-01
-1.333537448520826452e+00 -4.509617530565012689e-01 -9.108024872489452195e-02
-1.130168659568403955e+00 -3.818147678309609105e-01 -7.711764989738713327e-02
-9.127260867338825578e-01 -3.081702892856530984e-01 -6.273516593178990464e-02
-6.927289896289169358e-01 -2.338552908596533697e-01 -4.851121271148351594e-02
-4.816966278652002331e-01 -1.626967459920500569e-01 -3.502420611985119364e-02
-2.911482610543887350e-01 -9.852162812191916919e-02 -2.285256204027380500e-02
-1.326031488081728660e-01 -4.515691068834842142e-02 -1.257469635613440127e-02
-1.758055073821274128e-02 -6.429567130415175802e-03 -4.769024950814057875e-03
4.240027354380754288e-02 1.383342911279528131e-02 -1.396370769546004253e-05
3.582006442621865627e-02 1.180510460220252078e-02 1.112071489839796395e-03
-4.453296232722447900e-02 -1.490366611625146796e-02 -1.738528382883359168e-03
-1.886405662127626504e-01 -6.293057541922450482e-02 -7.990138312251274244e-03
-3.821769697318195824e-01 -1.274754471296163094e-01 -1.683632312420031696e-02
-6.108163953858478656e-01 -2.037381050703366558e-01 -2.747064764466811138e-02
-8.602330656762630090e-01 -2.869183730642830277e-01 -3.908667669959064311e-02
-1.116101203104521877e+00 -3.722160749343665365e-01 -5.087797511490576435e-02
-1.364095030172039591e+00 -4.548310345034841107e-01 -6.203810771654939826e-02
-1.589888769380272127e+00 -5.299630755945468064e-01 -7.176063933045932763e-02
-1.779156643230636270e+00 -5.928120220304521348e-01 -7.923913478257166298e-02
-1.917572874224583446e+00 -6.385776976341097644e-01 -8.366715889882388180e-02
-1.994544255922051201e+00 -6.637225871111743780e-01 -8.447263354041499583e-02
-2.014408079698004617e+00 -6.697598909488774455e-01 -8.202092211970760105e-02
-1.985234314777154507e+00 -6.594655066427367318e-01 -7.691175178943136792e-02
-1.915092930384213687e+00 -6.356153316882701132e-01 -6.974484970231528691e-02
-1.812053895743900744e+00 -6.009852635809973531e-01 -6.111994301108948646e-02
-1.684187180080926494e+00 -5.583511998164364387e-01 -5.163675886848308888e-02
-1.539562752620004193e+00 -5.104890378901046910e-01 -4.189502442722552872e-02
-1.386250582585832891e+00 -4.601746752975166554e-01 -3.249446684004544950e-02
-1.232320639203153823e+00 -4.101840095341990344e-01 -2.403481325967394763e-02
-1.085842891696666035e+00 -3.632929380956657073e-01 -1.711579083883963542e-02
-9.535135479821402749e-01 -3.217601281074247699e-01 -1.218203059534777970e-02
-8.365338493462560754e-01 -2.857753548108881159e-01 -9.057787881915456765e-03
-7.347313150698449036e-01 -2.550111778753350045e-01 -7.412226353608855796e-03
-6.479334644337061411e-01 -2.291401569700344254e-01 -6.914509665493288187e-03
-5.759678167186504938e-01 -2.078348517642592541e-01 -7.233801472634410548e-03
-5.186618912054836716e-01 -1.907678219272807008e-01 -8.039265430097971427e-03
-4.758432071750265946e-01 -1.776116271283745551e-01 -9.000065192949465234e-03
-4.473392839080841399e-01 -1.680388270368117776e-01 -9.785364416254611897e-03
-4.329776406854666249e-01 -1.617219813218649660e-01 -1.006432675507906715e-02
-4.325857967879854771e-01 -1.583336496528067738e-01 -9.506115864488400014e-03
-4.451430463156397233e-01 -1.573472024227251520e-01 -7.871311089230713723e-03
-4.662359282495615043e-01 -1.574392871123379833e-01 -5.286138840577039519e-03
-4.906028291906993632e-01 -1.570873790219974864e-01 -1.968233373545897995e-03
-5.129821357400035087e-01 -1.547689534520554910e-01 1.864771056844545223e-03
-5.281122344984182648e-01 -1.489614857028645489e-01 5.995240195575078472e-03
-5.307315120668942843e-01 -1.381424510747766843e-01 1.020553978762749926e-02
-5.155783550463798326e-01 -1.207893248681440324e-01 1.427803557798328071e-02
-4.773911500378189565e-01 -9.537958238331618877e-02 1.799509331162421968e-02
-4.109082836421669715e-01 -6.039069892064975742e-02 2.113907873353110950e-02
-3.108681424603697563e-01 -1.430014978049498620e-02 2.349235758868578952e-02
-1.744947172274785852e-01 4.357137387251844296e-02 2.489432858786594024e-02
-8.954415214956394989e-03 1.105303174166507724e-01 2.541252230503409162e-02
1.761007521716484725e-01 1.830399103658914561e-01 2.517150227994892006e-02
3.710187735267368447e-01 2.575633822342100476e-01 2.429583205236923032e-02
5.661476374447590443e-01 3.305639625355957234e-01 2.291007516205375086e-02
7.518353325201495574e-01 3.985048807840311791e-01 2.113879514876121704e-02
9.184298473473565538e-01 4.578493664935039398e-01 1.910655555225017690e-02
1.056279170520783905e+00 5.050606491779862095e-01 1.693791991227974400e-02
1.155731290634882447e+00 5.366019583514662905e-01 1.475745176860847156e-02
1.207134196284086691e+00 5.489365235279269895e-01 1.268971466099510191e-02
1.204162423374635305e+00 5.398237106327611334e-01 1.083758421726259066e-02
1.153797268111948826e+00 5.122076537383474237e-01 9.217180694435170990e-03
1.066346859545354908e+00 4.703287345815300724e-01 7.822934576032655740e-03
9.521193267241813141e-01 4.184273348991524588e-01 6.649276345575020827e-03
8.214227986977412632e-01 3.607438364280534104e-01 5.690636486582169307e-03
6.845654045153850564e-01 3.015186209050869648e-01 4.941445482574249697e-03
5.518552732264281335e-01 2.449920700670921714e-01 4.396133817071149440e-03
4.336005338801963704e-01 1.954045656509126316e-01 4.049131973592847052e-03
3.401093155260099810e-01 1.569964893933894490e-01 3.894870435659317578e-03
2.816897472132121050e-01 1.340082230313734690e-01 3.927779686790567291e-03
2.657431774423810733e-01 1.294484483535373043e-01 4.138963958236666074e-03
2.880436661906451423e-01 1.413989768769485789e-01 4.506222281837115110e-03
3.414584097215519476e-01 1.667098849307883379e-01 5.004027341995371560e-03
4.188546042986332485e-01 2.022312488442302159e-01 5.606851823114758146e-03
5.130994461854343491e-01 2.448131449464541753e-01 6.289168409598723357e-03
6.170601316454970009e-01 2.913056495666385692e-01 7.025449785850676650e-03
7.236038569423630662e-01 3.385588390339616671e-01 7.790168636274031819e-03
8.255978183395826786e-01 3.834227896776055688e-01 8.557797645272263373e-03
9.159092121006792153e-01 4.227475778267403839e-01 9.302809497248643728e-03
9.874052344892036981e-01 4.533832798105484896e-01 9.999676876606656065e-03
1.034933254597969476e+00 4.730787630064900440e-01 1.062738717614057637e-02
1.061261219531288935e+00 4.831780075562843724e-01 1.118298636387638455e-02
1.071137192570352559e+00 4.859237589356801279e-01 1.166803498706579095e-02
1.069309236996357049e+00 4.835587626204289058e-01 1.208409359296064994e-02
1.060525416090497330e+00 4.783257640862812465e-01 1.243272272881277424e-02
1.049533793133966109e+00 4.724675088089867470e-01 1.271548294187398523e-02
1.041082431407960307e+00 4.682267422642971133e-01 1.293393477939604533e-02
1.039919394193673075e+00 4.678462099279621089e-01 1.308963878863079501e-02
1.050792744772298448e+00 4.735686572757320523e-01 1.318415551683003138e-02
1.078450546425033796e+00 4.876368297833589271e-01 1.321904551124556369e-02
1.126497108300969385e+00 5.116870433413815977e-01 1.321464057279501426e-02
1.193961919354997736e+00 5.449299995978080791e-01 1.326635429482916732e-02
1.278730812574902842e+00 5.859700226634723119e-01 1.348836991328413761e-02
1.378689620948477801e+00 6.334114366492120674e-01 1.399487066409609189e-02
1.491724177463488177e+00 6.858585656658523488e-01 1.490003978320106164e-02
1.615720315107725513e+00 7.419157338242307054e-01 1.631806050653519108e-02
1.748563866868973360e+00 8.001872652351804671e-01 1.836311607003458801e-02
1.888140665735028367e+00 8.592774840095405153e-01 2.114938970963565340e-02
2.032336544693649216e+00 9.177907142581336331e-01 2.479106466127399544e-02
2.179037336732631225e+00 9.743312800917988126e-01 2.940232416088595785e-02
2.325638026268157965e+00 1.027496250366085606e+00 3.504832283728598341e-02
2.467570203430011322e+00 1.075853672915410231e+00 4.159810089080182710e-02
2.599774609776386303e+00 1.117964340318908123e+00 4.887166991464027971e-02
2.717191986865441500e+00 1.152389045155704395e+00 5.668904150200616138e-02
2.814763076255371921e+00 1.177688580004935259e+00 6.487022724610619351e-02
2.887428619504358807e+00 1.192423737445732712e+00 7.323523874014646606e-02
2.930129358170588283e+00 1.195155310057228748e+00 8.160408757733383922e-02
2.937806033812234485e+00 1.184444090418555806e+00 8.979678535087293190e-02
2.905399387987485316e+00 1.158850871108846325e+00 9.763334365397056958e-02
2.827850162254523347e+00 1.116936444707232523e+00 1.049337740798328977e-01
2.702489502166167679e+00 1.058068101724731092e+00 1.115353437324120567e-01
2.536210579602722337e+00 9.848392628474518240e-01 1.173443447208087631e-01
2.338297175617933821e+00 9.006499159186226455e-01 1.222843261459869019e-01
2.118033071265560174e+00 8.089000487814770324e-01 1.262788371089098860e-01
1.884702047599335240e+00 7.129896492792390239e-01 1.292514267105411840e-01
1.647587885673058361e+00 6.163187052551579725e-01 1.311256440518435984e-01
1.415974366540465823e+00 5.222872045524590279e-01 1.318250382337807780e-01
1.199145271255313228e+00 4.342951350143743894e-01 1.312731583573159833e-01
1.006384380871342854e+00 3.557424844841309275e-01 1.293935535234124190e-01
8.469754764423451654e-01 2.900292408049753301e-01 1.261097728330336509e-01
7.283762759682606003e-01 2.399281275866755603e-01 1.216066483576112023e-01
6.507401407449440178e-01 2.057027756125739959e-01 1.171141590012885481e-01
6.123943167696198620e-01 1.869895334861239045e-01 1.141235741141499727e-01
6.116660500395215694e-01 1.834247498107831886e-01 1.141261630462805099e-01
6.468825865518705864e-01 1.946447731900039779e-01 1.186131951477643054e-01
7.163711723038936885e-01 2.202859522272406778e-01 1.290759397686856991e-01
8.184590532928170958e-01 2.599846355259479158e-01 1.470056662591291974e-01
9.514734755158804624e-01 3.133771716895853432e-01 1.738936439691820268e-01
1.113741684970286805e+00 3.800999093215980396e-01 2.112311422489239199e-01
1.303590927653273113e+00 4.597891970254446292e-01 2.605094304484413814e-01
1.518246879204916855e+00 5.515407642300852453e-01 3.224420989855070752e-01
1.750528996868634835e+00 6.522878946007680812e-01 3.946320670474816050e-01
1.992155199046360847e+00 7.584232680952376349e-01 4.739045971386485201e-01
2.234843404140089973e+00 8.663395646712640508e-01 5.570849517633098547e-01
2.470311530551798640e+00 9.724294642866095906e-01 6.409983934257624805e-01
2.690277496683481928e+00 1.073085646899045065e+00 7.224701846303095421e-01
2.886459220937074743e+00 1.164700792466314638e+00 7.983255878812329787e-01
3.050574621714575052e+00 1.243667580946189233e+00 8.653898656828370450e-01
3.174341617417956840e+00 1.306378692296431776e+00 9.204882805394174472e-01
3.249478126449201643e+00 1.349226806474806306e+00 9.604460949552738880e-01
3.270356779297322714e+00 1.369703887660131514e+00 9.830005531999993496e-01
3.241968599097808656e+00 1.369698848214901732e+00 9.895366700557272077e-01
3.171959093227203041e+00 1.352199790374398081e+00 9.823513637972265400e-01
3.067973769062038336e+00 1.320194816373897462e+00 9.637415526992650916e-01
2.937658133978876762e+00 1.276672028448687435e+00 9.360041550366153817e-01
2.788657695354253896e+00 1.224619528834046234e+00 9.014360890840452667e-01
2.628617960564712419e+00 1.167025419765254313e+00 8.623342731163243791e-01
2.465184436986782579e+00 1.106877803477588573e+00 8.209956254082183547e-01
2.306002631997035479e+00 1.047164782206339684e+00 7.797170642345033764e-01
2.158718052972000034e+00 9.908744581867835466e-01 7.407955078699457463e-01
2.029235629725003598e+00 9.403424583386704727e-01 7.060324667095639883e-01
1.916497981816508656e+00 8.952945083196285347e-01 6.752478196293735246e-01
1.817707151243752817e+00 8.548038584717509991e-01 6.477660376256368924e-01
1.730065180003999226e+00 8.179437591371429006e-01 6.229115916946241782e-01
1.650774110094484826e+00 7.837874606578972836e-01 6.000089528325973642e-01
1.577035983512455664e+00 7.514082133761113003e-01 5.783825920358216521e-01
1.506052842255151569e+00 7.198792676338795493e-01 5.573569803005600232e-01
1.435026728319830802e+00 6.882738737733046230e-01 5.362565886230811207e-01
1.361159683703732970e+00 6.556652821364812311e-01 5.144058879996479261e-01
1.281653750404104120e+00 6.211267430655059707e-01 4.911293494265254189e-01
1.194666889008167310e+00 5.840452685798364074e-01 4.659589817998104344e-01
1.102180898560928712e+00 5.450629712703086716e-01 4.392569812419506170e-01
1.007133578748029556e+00 5.051357523366488689e-01 4.115930995891062261e-01
9.124627292551180657e-01 4.652195129785868244e-01 3.835370886774399635e-01
8.211061497678345811e-01 4.262701543958485884e-01 3.556587003431120886e-01
7.360016399718426472e-01 3.892435777881702030e-01 3.285276864222900772e-01
6.600869995527828271e-01 3.550956843552779407e-01 3.027137987511340778e-01
5.963000281963027893e-01 3.247823752969011268e-01 2.787867891658066810e-01
5.475785255880473157e-01 2.992595518127672549e-01 2.573164095024687570e-01
5.168602914136730675e-01 2.794831151026104243e-01 2.388724115972867823e-01
5.061125606803638100e-01 2.662709304846230252e-01 2.240897156933311929e-01
5.134202541449184309e-01 2.598887118523293127e-01 2.138639193903071056e-01
5.358977001172033905e-01 2.604641332684246580e-01 2.091557905593388611e-01
5.706592269070783763e-01 2.681248687956039878e-01 2.109260970715520767e-01
6.148191628244092932e-01 2.829985924965620070e-01 2.201356067980707043e-01
6.654918361790597148e-01 3.052129784339938090e-01 2.377450876100194177e-01
7.197915752808943246e-01 3.348957006705944872e-01 2.647153073785228350e-01
7.748327084397813591e-01 3.721744332690624102e-01 3.020070339747093491e-01
8.277295639655750659e-01 4.171768502920861765e-01 3.505810352696970833e-01
8.755964701681449025e-01 4.700306258023638772e-01 4.113980791346135701e-01
9.159048400805099854e-01 5.303492360329766786e-01 4.845928352479703105e-01
9.475544051959090552e-01 5.956893953209818626e-01 5.669956277872142403e-01
9.698019715145985709e-01 6.630936348849135742e-01 6.546107063716773977e-01
9.819043450368438730e-01 7.296044859433221674e-01 7.434423206207132484e-01
9.831183317629068608e-01 7.922644797147532225e-01 8.294947201536689851e-01
9.727007376930481009e-01 8.481161474177564275e-01 9.087721545898980180e-01
9.499083688275314907e-01 8.942020202708672594e-01 9.772788735487327738e-01
9.139980311666192625e-01 9.275646294926364055e-01 1.031019126649527884e+00
8.642265307105727601e-01 9.452465063016086688e-01 1.065997163511629653e+00
7.998506734596477763e-01 9.442901819163287414e-01 1.078217233754385385e+00
7.208613839159442316e-01 9.232150843048796407e-01 1.065467669739647016e+00
6.301859345717616412e-01 8.864479749128051367e-01 1.032672828547771315e+00
5.314856534140385280e-01 8.398923851775614846e-01 9.865409968791414297e-01
4.284218684297035895e-01 7.894518465366001658e-01 9.337804614341363996e-01
3.246559076057138893e-01 7.410298904273860954e-01 8.810995089131490321e-01
2.238490989289987632e-01 7.005300482873709766e-01 8.352064260165580345e-01
1.296627703864966785e-01 6.738558515540107319e-01 8.028094994447472210e-01
4.575824996513890713e-02 6.669108316647617274e-01 7.906170158980996288e-01
-2.420313434812094988e-02 6.855985200570812177e-01 8.053372620770009593e-01
-7.656005456635256445e-02 7.358224481684237928e-01 8.536785246818328066e-01
-1.090158093776330689e-01 8.208903660693936954e-01 9.400004990609520661e-01
-1.247322041701011269e-01 9.337268983631895614e-01 1.059268515154609736e+00
-1.282356710069106343e-01 1.064660888286169893e+00 1.204099311551044105e+00
-1.240526419512156669e-01 1.204021179074657999e+00 1.367109626838453940e+00
-1.167095490661708701e-01 1.342136613965011716e+00 1.540916199605075976e+00
-1.107328244149305418e-01 1.469336036193577888e+00 1.718135768439134292e+00
-1.106489000606491607e-01 1.575948288996711355e+00 1.891385071928869177e+00
-1.209842080664810665e-01 1.652302215610739644e+00 2.053280848662474067e+00
-1.462651804955801549e-01 1.688726659272020481e+00 2.196439837228188807e+00
-1.910182494111005158e-01 1.675550463216899821e+00 2.313478776214238586e+00
-2.578849135672809934e-01 1.606425004483503560e+00 2.398406833979133790e+00
-3.419666149054619297e-01 1.488292365680090601e+00 2.450803136994027298e+00
-4.364797002660114611e-01 1.331417448404293102e+00 2.471639361018710179e+00
-5.346405164892932271e-01 1.146065154253748331e+00 2.461887181812965064e+00
-6.296654104156781395e-01 9.425003848260730122e-01 2.422518275136569255e+00
-7.147707288855125185e-01 7.309880417189399404e-01 2.354504316749312931e+00
-7.831728187391684415e-01 5.217930265299685066e-01 2.258816982410975172e+00
-8.280880268170091041e-01 3.251802408567939229e-01 2.136427947881339939e+00
-8.427326999593971468e-01 1.514145862970394385e-01 1.988308888920174988e+00
-8.203231850066935449e-01 1.076096444837178201e-02 1.815431481287288484e+00
-7.570097504494680551e-01 -8.918373797071051101e-02 1.619955443780148441e+00
-6.606785192606488000e-01 -1.514948464243052184e-01 1.408792735327877521e+00
-5.421496200047288827e-01 -1.819157775892425444e-01 1.190043391887944280e+00
-4.122431812462342693e-01 -1.861899481423462677e-01 9.718074494178788880e-01
-2.817793315496602835e-01 -1.700607747604493958e-01 7.621849438751508998e-01
-1.615781994795104648e-01 -1.392716741203803843e-01 5.692759112172499636e-01
-6.245991360028965711e-02 -9.956606289896813289e-02 4.011803874016650617e-01
4.755397523502069568e-03 -5.668735777303758605e-02 2.659984083858755177e-01
2.924760532734799190e-02 -1.637897541942563706e-02 1.718300101273952940e-01
1.965812467507599686e-04 1.561566748504282509e-02 1.267752285837001613e-01
-8.907235125194404302e-02 3.486267432778659969e-02 1.357572200567060683e-01
-2.286522977819784863e-01 4.216615382241257343e-02 1.909918040072516587e-01
-4.044910305263417771e-01 3.963969728164039308e-02 2.815180111305412569e-01
-6.025363216680589273e-01 2.939689601819210629e-02 3.963748721217916771e-01
-8.087359433901448735e-01 1.355134134478848396e-02 5.246014176762173742e-01
-1.009037667875631872e+00 -5.783375425851417818e-03 6.552366784890439888e-01
-1.189389267307498166e+00 -2.649366298100323466e-02 7.773196852554620229e-01
-1.335738513868777622e+00 -4.646593000794771444e-02 8.798894686706976165e-01
-1.434033179742484565e+00 -6.358658519396398479e-02 9.519850594299648083e-01
-1.470221037111633988e+00 -7.574203722633202074e-02 9.826454882284784142e-01
-1.434892107524440741e+00 -8.135095734734844319e-02 9.642580075323707867e-01
-1.337204613112141116e+00 -8.096097565242935112e-02 9.026021821434520032e-01
-1.190958626940811005e+00 -7.565193910950822331e-02 8.068055112666048245e-01
-1.009954222076509422e+00 -6.650369468651752547e-02 6.859954941067000211e-01
-8.079914715853457885e-01 -5.459608935139238783e-02 5.492996298686411150e-01
-5.988704485333811167e-01 -4.100897007206551204e-02 4.058454177573007637e-01
-3.963912259866917420e-01 -2.682218381647036992e-02 2.647603569775614507e-01
-2.143538770113391223e-01 -1.311557755253920862e-02 1.351719467342944458e-01
-6.655847467343220525e-02 -9.689982482079494142e-04 2.620768623240554707e-02
3.319490796096985497e-02 8.537707128591269859e-03 -5.300492532323550221e-02
7.480778939317432596e-02 1.459030801709380008e-02 -9.574390802716138682e-02
6.298805439402262174e-02 1.743703948521027614e-02 -1.049093591715663382e-01
6.145179301732806021e-03 1.759175300802002032e-02 -8.580689534805681362e-02
-8.731135954546004330e-02 1.556830006060246074e-02 -4.374213314824587640e-02
-2.089720858093342959e-01 1.188053211803712962e-02 1.597931083625795182e-02
-3.504275231516650324e-01 7.042300655403452465e-03 8.805182001384519175e-02
-5.032681952342414888e-01 1.567457147780345218e-03 1.671697777929138373e-01
-6.590846257188114343e-01 -4.030146929751758297e-03 2.480275675818402470e-01
-8.094673382671631057e-01 -9.236660102113913515e-03 3.253195727890219602e-01
-9.460068565410717500e-01 -1.353823089422670836e-02 3.937401768228497856e-01
-1.062471817705974431e+00 -1.653237973923737947e-02 4.492464365572815810e-01
-1.161343686847875478e+00 -1.826213382186368112e-02 4.928463194854310059e-01
-1.247282229513467566e+00 -1.888190179458849524e-02 5.268105749467737464e-01
-1.324947211249433154e+00 -1.854609230989439153e-02 5.534099522807803817e-01
-1.398998397602460919e+00 -1.740911402026379048e-02 5.749152008269228231e-01
-1.474095554119218665e+00 -1.562537557817945608e-02 5.935970699246678750e-01
-1.554898446346396401e+00 -1.334928563612388513e-02 6.117263089134878928e-01
-1.646066839830675255e+00 -1.073525284657962653e-02 6.315736671328532337e-01
-1.752260500118747677e+00 -7.937685862028998410e-03 6.554098939222368081e-01
-1.878139192757277032e+00 -5.110993334955059655e-03 6.855057386211046433e-01
-2.025943010911336550e+00 -2.385109516525880935e-03 7.232212219840821188e-01
-2.188233219763769277e+00 2.079303477936894607e-04 7.662733983137240967e-01
-2.355151342887441768e+00 2.660566114081509056e-03 8.114685672712163012e-01
-2.516838903855177279e+00 4.965237638414792334e-03 8.556130285177317996e-01
-2.663437426239843919e+00 7.114384776871412325e-03 8.955130817144562050e-01
-2.785088433614295145e+00 9.100447385529016053e-03 9.279750265225710226e-01
-2.871933449551382633e+00 1.091586532046525879e-02 9.498051626032578687e-01
-2.914113997623961172e+00 1.255307843775791375e-02 9.578097896176981374e-01
-2.901771601404876222e+00 1.400452659348434825e-02 9.487952072270714465e-01
-2.825047784466986567e+00 1.526264964372236327e-02 9.195677150925611887e-01
-2.678270418514499873e+00 1.631618109827785365e-02 8.682696973830957843e-01
-2.472512528233977935e+00 1.713902929394708896e-02 7.983877998477639792e-01
-2.223033366672728217e+00 1.770139632729228821e-02 7.147447145182836969e-01
-1.945092186878004670e+00 1.797348429487588203e-02 6.221631334263547641e-01
-1.653948241897077231e+00 1.792549529326023516e-02 5.254657486036826697e-01
-1.364860784777190528e+00 1.752763141900765681e-02 4.294752520819642982e-01
-1.093089068565667343e+00 1.675009476868057068e-02 3.390143358929221806e-01
-8.538923463097514155e-01 1.556308743884131721e-02 2.589056920682532570e-01
-6.625298710567124605e-01 1.393681152605225071e-02 1.939720126396624611e-01
-5.342608958538122010e-01 1.184146912687552428e-02 1.490359896388523397e-01
-4.799749345157920954e-01 9.316180969228173708e-03 1.275122715049267219e-01
-4.930832940265010844e-01 6.675730476030603336e-03 1.271835740080528576e-01
-5.626279171788834965e-01 4.303813786477947087e-03 1.444246901739582589e-01
-6.776507467658949846e-01 2.584127039765216592e-03 1.756104130283737963e-01
-8.271937255804576727e-01 1.900366375087884918e-03 2.171155355970209311e-01
-1.000298796415524105e+00 2.636227931640896041e-03 2.653148509056293958e-01
-1.186007902064036834e+00 5.175407848619384757e-03 3.165831519799266469e-01
-1.373362985318957730e+00 9.901602265219001942e-03 3.672952318456445542e-01
-1.551405988973195038e+00 1.719850732063408355e-02 4.138258835285010817e-01
-1.709178855819709852e+00 2.744981915406007056e-02 4.525499000542286820e-01
-1.837876136082809531e+00 4.075387494963415846e-02 4.805648586949675671e-01
-1.937302809712256213e+00 5.606757607126171272e-02 4.978594737085114130e-01
-2.009416464089180288e+00 7.206246492779162793e-02 5.051452435990664291e-01
-2.056174686594697043e+00 8.741008392806844107e-02 5.031336668708386028e-01
-2.079535064609939088e+00 1.007819754809409496e-01 4.925362420280353093e-01
-2.081455185516031925e+00 1.108496819952567020e-01 4.740644675748626469e-01
-2.063892636694099281e+00 1.162847458798632327e-01 4.484298420155248821e-01
-2.028805005525270655e+00 1.157587095436070773e-01 4.163438638542329984e-01
-1.978149879390671773e+00 1.079431153953362837e-01 3.785180315951917063e-01
-1.913884845671428137e+00 9.150950584389844211e-02 3.356638437426074928e-01
-1.837967491748658810e+00 6.512942329813806164e-02 2.884927988006824595e-01
-1.752355405003503064e+00 2.747441016690724269e-02 2.377163952736315589e-01
-1.659006172817081071e+00 -2.278399114094836753e-02 1.840461316656571422e-01
-1.559877382570518334e+00 -8.697423821658151200e-02 1.281935064809659464e-01
-1.456926621644931918e+00 -1.664247886511524555e-01 7.087001822375926796e-02
-1.352111477421466201e+00 -2.624641000357997300e-01 1.278716539825389131e-02
-1.247389537281238248e+00 -3.764206299616820739e-01 -4.534355349134877589e-02
-1.144718388605374226e+00 -5.096228360199521745e-01 -1.028106399408421912e-01
-1.046055618774990981e+00 -6.633991758017772078e-01 -1.589025954460247247e-01
-9.533588151712326653e-01 -8.390781068982825497e-01 -2.129079215026798977e-01
-8.685855651752162343e-01 -1.037988086900633267e+00 -2.641151196066062190e-01
-7.936934561680675237e-01 -1.261457573399981991e+00 -3.118126912535971185e-01
-7.306400755309079287e-01 -1.510815023987505112e+00 -3.552891379394499394e-01
-6.813830106448743873e-01 -1.787388896254310300e+00 -3.938329611599501456e-01
