3.080101466964287127e+01 -1.663791460847500403e+00 -1.425309369446459051e+01
2.858513499632788069e+01 -2.102450641817987798e+00 -1.347801037875400709e+01
2.646145558321312308e+01 -2.478532255692718955e+00 -1.276489955902108520e+01
2.443149704884856988e+01 -2.802589809276011756e+00 -1.211034526524869648e+01
2.249606153562508482e+01 -3.082757285700585381e+00 -1.151160245834482510e+01
2.065540607453077726e+01 -3.325001254872749890e+00 -1.096652687572173868e+01
1.890939319019870268e+01 -3.533375076145002236e+00 -1.047350405364415593e+01
1.725762878629592478e+01 -3.710273158418022632e+00 -1.003137844784613364e+01
1.569959532400285340e+01 -3.856684301129731818e+00 -9.639383187633621120e+00
1.423478628117165101e+01 -3.972444156178981167e+00 -9.297070634488779461e+00
1.286284585492510857e+01 -4.056487886306422652e+00 -9.004243557176906165e+00
1.158386407024615750e+01 -4.105763985271638106e+00 -8.761319002453101135e+00
1.039905179965641935e+01 -4.112670171754438719e+00 -8.570143335018881814e+00
9.310371904152400901e+00 -4.071137054541223321e+00 -8.432037294589074250e+00
8.320087722698643162e+00 -3.977886458275979642e+00 -8.347481947727901641e+00
7.430390045783031638e+00 -3.831996838438860742e+00 -8.316361286154355881e+00
6.643022763113414442e+00 -3.634447189139970558e+00 -8.338207446385045074e+00
5.958927382129239447e+00 -3.387642477769238436e+00 -8.412444825214658195e+00
5.377918581315380919e+00 -3.094929464306613198e+00 -8.538629008468070936e+00
4.898394711143870595e+00 -2.760116946818680805e+00 -8.716676289770077801e+00
4.517079017750493364e+00 -2.387018929872280371e+00 -8.947079542760159043e+00
4.228787977655037444e+00 -1.979008930907521613e+00 -9.231109699920921230e+00
4.026922640453580726e+00 -1.538110433869667393e+00 -9.570767480390221849e+00
3.904608940532540817e+00 -1.064294800544384412e+00 -9.968375953954563329e+00
3.854972396176294058e+00 -5.557210841552682190e-01 -1.042637158773009176e+01
3.871246112531843586e+00 -9.043389306888749424e-03 -1.094714071632574282e+01
3.709007058527014955e+00 4.478570787826409161e-01 -1.137207549385116323e+01
3.138190819349183869e+00 6.792695422582339937e-01 -1.152908817703685429e+01
2.176508965773345405e+00 6.772708506428098962e-01 -1.139886477056220393e+01
8.445785942701655724e-01 4.340061623433019156e-01 -1.096123156955693467e+01
-8.351878706487754211e-01 -5.759501136810285526e-02 -1.019633010103101611e+01
-2.838950434361434016e+00 -8.046786947814246194e-01 -9.085923097101288093e+00
-5.140359341355753564e+00 -1.818613914737304604e+00 -7.615593198212842196e+00
-7.714895162486397062e+00 -3.111296584180772484e+00 -5.776417608959994787e+00
-1.054255740496278015e+01 -4.693276098763936588e+00 -3.565686789299207682e+00
-1.360975198926868579e+01 -6.572965083780196061e+00 -9.873272114556361778e-01
-1.623589271412942026e+01 -8.440302148914158309e+00 1.486603086936515661e+00
-1.777585498995804159e+01 -9.963689049702690426e+00 3.352385967700295399e+00
-1.827177225735735178e+01 -1.112056227450823798e+01 4.562494933731165325e+00
-1.775804401212072392e+01 -1.189406691832741281e+01 5.084135366703856462e+00
-1.625735562261793987e+01 -1.227467826928850769e+01 4.902445978222262468e+00
-1.377517737110179397e+01 -1.226317872384796459e+01 4.026257168226879735e+00
-1.029431889142731649e+01 -1.187359342161074061e+01 2.492896678919725773e+00
-5.787630693556001127e+00 -1.112477308407583720e+01 3.472272956171260083e-01
-2.278850843390926029e-01 -1.003427102443541763e+01 -2.370631449250670819e+00
6.404925511358604773e+00 -8.613283225259994680e+00 -5.634188747424053290e+00
1.296201090800609457e+01 -7.128308243377366793e+00 -8.864386045022454752e+00
1.826767179408350472e+01 -5.822897834786576077e+00 -1.152481922545981874e+01
2.228838732830078584e+01 -4.665496914474130286e+00 -1.367348807412496470e+01
2.498937780912498852e+01 -3.629339454944777721e+00 -1.536568374858384800e+01
2.633882076789334903e+01 -2.699182125399200771e+00 -1.664226748967614000e+01
2.631799461983623090e+01 -1.882034140202033967e+00 -1.750852579242252460e+01
2.494658465868945285e+01 -1.222601177807819850e+00 -1.789806811177810530e+01
2.227191688610600906e+01 -7.826936671691395730e-01 -1.770682806130148990e+01
1.835933793892364818e+01 -6.262842616726900236e-01 -1.681895638346878741e+01
1.328440835545930554e+01 -8.103391806030093569e-01 -1.512413688512624610e+01
8.019377422865400007e+00 -1.242349538276191989e+00 -1.301099644362694718e+01
3.481687642804518923e+00 -1.772006437542639201e+00 -1.096856088308099686e+01
-3.436650094190607518e-01 -2.356059578002187571e+00 -9.061922105850474196e+00
-3.482195473406357600e+00 -2.949931169123107821e+00 -7.363697962608856784e+00
-5.965318109066290120e+00 -3.511426404250073130e+00 -5.946056154514474557e+00
-7.825017997828790151e+00 -4.006293854669111809e+00 -4.869500419094742405e+00
-9.086437478875167173e+00 -4.420373297382219846e+00 -4.160336189686786312e+00
-9.758336782073486759e+00 -4.753594953835389880e+00 -3.812835422470976177e+00
-9.835552801777398102e+00 -5.015674690495025345e+00 -3.797314595665890469e+00
-9.304170328755793307e+00 -5.224553754214561252e+00 -4.066108647862431980e+00
-8.475875412013385457e+00 -5.373125334861396318e+00 -4.437635787863938752e+00
-7.673987663200255938e+00 -5.445607574556771802e+00 -4.759014293335167345e+00
-6.899481682303841623e+00 -5.450970097790349911e+00 -5.018161503288846248e+00
-6.154457076201718557e+00 -5.396482540038514131e+00 -5.206360125744001976e+00
-5.441909576250790970e+00 -5.287561314295188275e+00 -5.318353643339441383e+00
-4.765021702846379270e+00 -5.126303044682950727e+00 -5.354009482492843475e+00
-4.125466576275124808e+00 -4.907980807474751295e+00 -5.322108139182235576e+00
-3.524149950606766168e+00 -4.626096630543880650e+00 -5.233546565174779452e+00
-2.961773471168345218e+00 -4.274123728086584251e+00 -5.099215645577892531e+00
-2.439118133757091300e+00 -3.845760568965276516e+00 -4.929720307011106861e+00
-1.838857269782780302e+00 -3.296799502196409826e+00 -4.901765281150956000e+00
-1.043027995899312943e+00 -2.587329053047018768e+00 -5.191016264132705338e+00
-5.829989026426607435e-02 -1.715738009817194154e+00 -5.808593681960156019e+00
1.099382349449420371e+00 -6.766579638598505531e-01 -6.768457811310122807e+00
2.404069570992644511e+00 5.402224136550981548e-01 -8.086640987419755788e+00
3.820524198820640205e+00 1.949850860225159188e+00 -9.779813938253958838e+00
5.311904581345072707e+00 3.565745813927352792e+00 -1.186223205612457221e+01
6.842739963180138218e+00 5.398793676325084334e+00 -1.434440706152659928e+01
8.381970304125701432e+00 7.456579787009453675e+00 -1.723228813567999396e+01
9.907194729912117026e+00 9.742297009866184965e+00 -2.052674213259488667e+01
1.108990134607904032e+01 1.189039760955756009e+01 -2.367589860293010418e+01
1.167706969442196296e+01 1.351221485401421951e+01 -2.610205113321283221e+01
1.177253809165734033e+01 1.457357297971690713e+01 -2.776786519120289753e+01
1.147731529097619152e+01 1.504443697648963330e+01 -2.864367344355702727e+01
1.087920891320011663e+01 1.490157302130331907e+01 -2.870868726350625266e+01
1.003405343269506744e+01 1.413387482200695722e+01 -2.795259298049121099e+01
8.935058743248710300e+00 1.275191088751741830e+01 -2.637832001307173613e+01
7.541834269869852392e+00 1.077403393287960931e+01 -2.399657919443025378e+01
5.794991631761789108e+00 8.220214321870816576e+00 -2.082471548918126203e+01
3.622437531873051064e+00 5.109725210438406329e+00 -1.688721293669349421e+01
1.321169708588042724e+00 1.926065489768645778e+00 -1.282031750124107816e+01
-7.708927106461087586e-01 -8.598195779319999232e-01 -9.247195748060120124e+00
-2.657018052378838036e+00 -3.253179127376685909e+00 -6.173850625521541957e+00
-4.325908654752667282e+00 -5.263043735848026650e+00 -3.600364575479503060e+00
-5.755488688550369325e+00 -6.900616437920628066e+00 -1.521017006898470081e+00
-6.917040968959347502e+00 -8.177286735054513755e+00 7.529810044677587300e-02
-7.781472290865729668e+00 -9.100708047167362480e+00 1.204102496129724642e+00
-8.322124394906520450e+00 -9.673459063383941015e+00 1.884794520515766569e+00
-8.514255503107417411e+00 -9.894189975851514163e+00 2.140293133413751825e+00
-8.334435023345635685e+00 -9.758826549829681340e+00 1.996714428863452184e+00
-7.947579574002037184e+00 -9.415397206911343631e+00 1.595742298152242000e+00
-7.529318308420766215e+00 -9.011623950939478433e+00 1.063684684734393482e+00
-7.072551953980681816e+00 -8.541918161035631840e+00 4.061263880671335813e-01
-6.569530151691643560e+00 -8.001367824083688518e+00 -3.710137545044425167e-01
-6.011690782323127813e+00 -7.386094485540962928e+00 -1.261578367797817624e+00
-5.389577131198490356e+00 -6.693639866815130013e+00 -2.258967438361132896e+00
-4.693883273628489228e+00 -5.923003531951211542e+00 -3.355675212905330884e+00
-3.917188126031137863e+00 -5.073868686666809680e+00 -4.544983788195379404e+00
-3.054691751398231681e+00 -4.146333203552526214e+00 -5.821701208546855355e+00
-2.104765149357336274e+00 -3.140759976980522339e+00 -7.182582979768577403e+00
-1.194305724019661730e+00 -2.187353615615386548e+00 -8.496642169065395933e+00
-4.628430832366783321e-01 -1.418153016471058736e+00 -9.645869329294084693e+00
6.998098954786957648e-02 -8.361819818511938562e-01 -1.064737275128249827e+01
3.855656943677436832e-01 -4.445744990649505013e-01 -1.151616662881184361e+01
4.669880496718452623e-01 -2.470623543879637563e-01 -1.226389302548740545e+01
3.015994814546070213e-01 -2.479647830475952830e-01 -1.289743600885181785e+01
-1.118483326725403515e-01 -4.507078337626881925e-01 -1.341800822188459463e+01
-7.682897733383535765e-01 -8.586083951534724257e-01 -1.382219142472689732e+01
-1.659119503832134690e+00 -1.474844666128906745e+00 -1.410351006068071555e+01
-2.773201693988261773e+00 -2.301983751568149827e+00 -1.425399880324636293e+01
-3.809489774259046335e+00 -3.089721131638528462e+00 -1.431733220364825954e+01
-4.474815928560611056e+00 -3.579119277984752046e+00 -1.434903046163953633e+01
-4.769048559307191404e+00 -3.758575455908456764e+00 -1.436087193856646493e+01
-4.692097693181387363e+00 -3.616664850385136631e+00 -1.436559128546536002e+01
-4.243068398033765121e+00 -3.143145147678909179e+00 -1.437447456159051740e+01
-3.420215768550704638e+00 -2.331005031176856868e+00 -1.439454485925316440e+01
-2.223206206439592769e+00 -1.180170241397860309e+00 -1.442622314116481519e+01
-6.506383951644667540e-01 3.061684294774749127e-01 -1.446565176391687579e+01
1.300659941546474352e+00 2.122883713654899918e+00 -1.450573379731973844e+01
3.635405506345639637e+00 4.263080944015918305e+00 -1.453657468403166675e+01
6.033271029681756659e+00 6.450819623275124925e+00 -1.454472845312546703e+01
8.173099763501449289e+00 8.410939211837588303e+00 -1.452106189390089419e+01
1.005809299530074519e+01 1.013781191873313858e+01 -1.446275567026255437e+01
1.168986060294309937e+01 1.162749374702391236e+01 -1.437000808608971703e+01
1.306857318842170379e+01 1.287761624705760788e+01 -1.424573114536706697e+01
1.419257906701488459e+01 1.388868166823847616e+01 -1.409444674178780232e+01
1.505692180931104929e+01 1.466810903219443141e+01 -1.391918872804140150e+01
1.565531654500795611e+01 1.522573432268634619e+01 -1.372334200044359065e+01
1.598095734502850362e+01 1.557221610220705266e+01 -1.351174730624770248e+01
1.602675824435276297e+01 1.571887937155591786e+01 -1.329106288007185377e+01
1.573072786311169402e+01 1.547615184061724669e+01 -1.290555014656997024e+01
1.501476126629114205e+01 1.465580794545263643e+01 -1.220634712817472334e+01
1.384749707139592800e+01 1.326930145417079032e+01 -1.121821988949428572e+01
1.219860295593269939e+01 1.132400500743359117e+01 -9.975526693750692786e+00
1.004012837692363824e+01 8.822156408860557519e+00 -8.523722939894767592e+00
7.348098739326728968e+00 5.758709474699612585e+00 -6.921747752698544254e+00
4.103633415762377723e+00 2.119812210624219873e+00 -5.241500022063778630e+00
2.909588809998979730e-01 -2.106503197844140640e+00 -3.555684358468572448e+00
-4.103490155623897628e+00 -6.926339204903487534e+00 -1.931569926027215445e+00
-9.091744652457791176e+00 -1.233874359894190498e+01 -4.263662836891306540e-01
-1.376798812521129278e+01 -1.732625732608415703e+01 5.823230312796940922e-01
-1.718256000142617523e+01 -2.086737434764416221e+01 8.530747524670196924e-01
-1.928593929648828365e+01 -2.295497831371212172e+01 5.432955033753952279e-01
-2.003398395595829484e+01 -2.359221897855115913e+01 -1.988140233416846314e-01
-1.938624579577230733e+01 -2.279497153210486005e+01 -1.245717172226610714e+00
-1.730341848874072852e+01 -2.059327236453544785e+01 -2.506201160503877645e+00
-1.374354877701326139e+01 -1.702973759764392625e+01 -3.943194574052749424e+00
-8.662762772042087889e+00 -1.215472521187059662e+01 -5.552178353507462027e+00
-2.015818406756724190e+00 -6.023974400006324892e+00 -7.348224049238135436e+00
6.243632932657860124e+00 1.302903221214609664e+00 -9.358012192710162935e+00
1.459404395571686486e+01 8.401192764412225955e+00 -1.128184948223083950e+01
2.145128042178812322e+01 1.391687849653409259e+01 -1.282202671684459183e+01
2.676811367474081749e+01 1.790131859076730336e+01 -1.399385063144188912e+01
3.049700860781371148e+01 2.041353200376134680e+01 -1.479504535474149840e+01
3.259033695731836389e+01 2.151811734953891175e+01 -1.521418204641902960e+01
3.300158784083789953e+01 2.127988070406753707e+01 -1.524117162489384469e+01
3.168787183015251685e+01 1.975282373902777877e+01 -1.488094515175255772e+01
2.860412326766824265e+01 1.699218212000164030e+01 -1.414931983241644531e+01
2.369848980550576201e+01 1.306319999354587758e+01 -1.307122706266381940e+01
1.690916365396909526e+01 8.047279815814892601e+00 -1.168127750601604120e+01
9.745370114819618124e+00 3.069589560394862637e+00 -1.028912228950166430e+01
3.782101977704226847e+00 -8.304997957879994841e-01 -9.172899848499838527e+00
-9.487039859955839205e-01 -3.689875825103659857e+00 -8.322674668128279052e+00
-4.407936630803247269e+00 -5.556655410543920759e+00 -7.721425110939676983e+00
-6.547829604223592170e+00 -6.495196231457176061e+00 -7.344338003672841175e+00
-7.310437629879221966e+00 -6.593005810205426975e+00 -7.157418868977783788e+00
-6.626584696935004182e+00 -5.969845659219397582e+00 -7.115260202973121118e+00
-4.426568011976000250e+00 -4.767558995868582450e+00 -7.164718744009253015e+00
-6.506864151784337302e-01 -3.133536280986629841e+00 -7.251119343892968416e+00
4.744288173617509763e+00 -1.203685611715903159e+00 -7.325180099600431483e+00
1.055640526469862195e+01 5.299765294370974988e-01 -7.310028554257269384e+00
1.552760871853947755e+01 1.740762429348518436e+00 -7.190835488778644091e+00
1.961010759617882115e+01 2.564086343667079326e+00 -7.021563428200212620e+00
2.276682663437831167e+01 3.132017160012084300e+00 -6.854463715992878292e+00
2.497027369642897554e+01 3.562299211665498788e+00 -6.735081195047957436e+00
2.620316293077735992e+01 3.935752199844667842e+00 -6.691757821807588158e+00
2.646648606403198301e+01 4.249595064105934128e+00 -6.714159916405771256e+00
2.577117165492696671e+01 4.451172499223048362e+00 -6.769925578289315737e+00
2.413526752890102500e+01 4.462415057295517684e+00 -6.817248759693955051e+00
2.158331067600910913e+01 4.194207393936759232e+00 -6.812571751071478943e+00
1.852252263727525161e+01 3.654755298491404680e+00 -6.790932381712133648e+00
1.535128861998708061e+01 2.892530522020129169e+00 -6.809159592531903726e+00
1.208047409547541307e+01 1.893883846002893057e+00 -6.867180567589253215e+00
8.713338456621174899e+00 6.660031626692930473e-01 -6.975490633245421179e+00
5.243227202792522412e+00 -7.617235447314896213e-01 -7.155677590125382181e+00
1.651427512288941468e+00 -2.334675561128010557e+00 -7.442095047817530507e+00
-2.089720536986842347e+00 -3.980994781922126968e+00 -7.877614934404472358e+00
-6.001394249480041410e+00 -5.640699334758410011e+00 -8.498188078486091257e+00
-1.009468934370529070e+01 -7.272156051281207567e+00 -9.329140021547853934e+00
-1.437145963826068140e+01 -8.853962549043213670e+00 -1.038345429384439100e+01
-1.813606364642830826e+01 -1.010987072248266472e+01 -1.147301909663080899e+01
-2.068106001759172941e+01 -1.083005164556914934e+01 -1.236079791338887546e+01
-2.198929416815695248e+01 -1.111118247846233054e+01 -1.297464678157430207e+01
-2.205089240429670383e+01 -1.103887288279355872e+01 -1.325031259261339756e+01
-2.086290735390965523e+01 -1.067049500587620692e+01 -1.314376972004532007e+01
-1.842848369423088428e+01 -1.001115201344038752e+01 -1.264859610562175263e+01
-1.475740059325029030e+01 -8.988150422582279475e+00 -1.181406980417965968e+01
-9.865795515759312906e+00 -7.491082916564440808e+00 -1.071590437105116500e+01
-3.778278946150904982e+00 -5.394854261655138927e+00 -9.438774004589925326e+00
3.471408486950554373e+00 -2.574334218875144575e+00 -8.065235352403036018e+00
1.042423695341786427e+01 4.672891493876587532e-01 -6.959472902435520858e+00
1.566059210818768221e+01 3.073580706744459157e+00 -6.384974370063060789e+00
1.921353520939627657e+01 5.111964830903612089e+00 -6.254286595931504600e+00
2.113109664285213540e+01 6.440346662429779379e+00 -6.476341680902004683e+00
2.146912966465192341e+01 6.926394617340220883e+00 -6.969182165828076592e+00
2.027671088902732777e+01 6.472876929627564557e+00 -7.675182838008893782e+00
1.757400939875743973e+01 5.049722269353813076e+00 -8.579254435541578516e+00
1.336107029648862365e+01 2.667629705064696211e+00 -9.693386644809642405e+00
7.625635868587287369e+00 -6.386686967919235070e-01 -1.104770730490228559e+01
3.486054260151743023e-01 -4.819848836188508123e+00 -1.268609805826508108e+01
-6.816906040700199121e+00 -8.882025539913954049e+00 -1.429347108035418046e+01
-1.220526691236572248e+01 -1.186625505331662644e+01 -1.551969208215871099e+01
-1.581182918584455521e+01 -1.378823690472388463e+01 -1.634900990523609465e+01
-1.762761875801257361e+01 -1.467898886518531398e+01 -1.675002564809469874e+01
-1.764470214157062244e+01 -1.457405778829197729e+01 -1.668097513293779244e+01
-1.586196186150240095e+01 -1.350060983628401523e+01 -1.609602268237272682e+01
-1.229039785540289031e+01 -1.146446164657556643e+01 -1.495183105068702112e+01
-6.947898816496561381e+00 -8.459741648046726681e+00 -1.320577858027675866e+01
1.444624448045201959e-01 -4.476158434637173222e+00 -1.081489899498908436e+01
8.964966511362110424e+00 4.960540777255532108e-01 -7.735578478236661226e+00
1.776495074857343326e+01 5.486243624997982238e+00 -4.519636176573571973e+00
2.482051596151425343e+01 9.512997697230181515e+00 -1.774831581435176275e+00
3.015104926987667255e+01 1.256261444832640350e+01 4.590601555215609864e-01
3.377776079977470403e+01 1.461982733147061708e+01 2.141736521278332361e+00
3.572111052174201973e+01 1.567247462453059192e+01 3.231980550140626463e+00
3.599653520743326141e+01 1.572086132284802495e+01 3.683730759139910660e+00
3.460765000598387076e+01 1.479507909860491033e+01 3.436285976533085318e+00
3.155213613381922144e+01 1.293639165022626969e+01 2.431049196783261479e+00
2.682457443707326661e+01 1.018302496864864182e+01 6.246601840615326751e-01
2.041698261170741446e+01 6.560162674406337935e+00 -2.001214959840135421e+00
1.359068623888805760e+01 2.766379850198847024e+00 -4.909248167811127495e+00
7.608646281986813698e+00 -5.300827345105483257e-01 -7.529160211414096082e+00
2.464987226219011340e+00 -3.367858236019995122e+00 -9.807527512440762152e+00
-1.843955155301673088e+00 -5.784709664546073604e+00 -1.169778522957523137e+01
-5.319214256682007758e+00 -7.812339268766515410e+00 -1.316497835300678965e+01
-7.957052096789812623e+00 -9.467568114372543420e+00 -1.419415089222741599e+01
-9.744604459949432140e+00 -1.073245692793994266e+01 -1.481157083566291810e+01
-1.067039574387883860e+01 -1.156046110401829807e+01 -1.508062994551687019e+01
-1.073019476329724675e+01 -1.188846775901721209e+01 -1.508726120734960219e+01
-9.928641171957242051e+00 -1.164644557660343516e+01 -1.492599136235484991e+01
-8.682871283009969687e+00 -1.103306984768283527e+01 -1.471111196333282578e+01
-7.396430085600791848e+00 -1.028422440103839364e+01 -1.450053708930400020e+01
-6.058391455091474143e+00 -9.389943823764552278e+00 -1.429461324239701270e+01
-4.655264734270212479e+00 -8.346132839239020385e+00 -1.408269932498306432e+01
-3.170380377227941970e+00 -7.155512299207726024e+00 -1.384160170126863321e+01
-1.588533306144380930e+00 -5.832919666994683006e+00 -1.353170256753026202e+01
8.757167313732505676e-02 -4.414343264525131261e+00 -1.309761543253964255e+01
1.845856569987863516e+00 -2.938545993463558048e+00 -1.249040447288598088e+01
3.668384320243532670e+00 -1.440805605857106153e+00 -1.167413617903873480e+01
5.532418613313872413e+00 4.921948038770651568e-02 -1.062777627869680508e+01
7.316856742119968615e+00 1.419504782483648420e+00 -9.442604581360624749e+00
8.906402445386660816e+00 2.578107316180727082e+00 -8.240125401560025153e+00
1.028788157411559467e+01 3.538753184349920033e+00 -7.064791098603422803e+00
1.145308182871799829e+01 4.323495836220106803e+00 -5.968289598248873062e+00
1.239857522132352230e+01 4.959881936103645472e+00 -5.005218498326360788e+00
1.312709704725432047e+01 5.475574936876837384e+00 -4.222595559282832589e+00
1.365256344328042637e+01 5.886559772130928181e+00 -3.634107020379684805e+00
1.398794499309569161e+01 6.197791352890051897e+00 -3.235188884116960928e+00
1.414272566345650262e+01 6.406479437862899751e+00 -3.011535463615152786e+00
1.412408083248628898e+01 6.504356611569109603e+00 -2.941579987743412339e+00
1.390611173442989568e+01 6.470797346783609072e+00 -3.063979628768560559e+00
1.345917899462003575e+01 6.279668930214088007e+00 -3.412331578909715724e+00
1.278434806676992253e+01 5.912357197841345169e+00 -3.953346387009089469e+00
1.188419607728027216e+01 5.353278557260885862e+00 -4.656259710401607244e+00
1.076338843215068053e+01 4.592249310818218078e+00 -5.496302367451603388e+00
9.427034054043264888e+00 3.626604328455811377e+00 -6.460833484123650550e+00
7.874698799165313012e+00 2.460150960197730718e+00 -7.556358171943292845e+00
6.104496055245198782e+00 1.098496755130121905e+00 -8.794867989820916776e+00
4.114684960279176629e+00 -4.525195026407941024e-01 -1.018913895361173161e+01
1.903687848582466202e+00 -2.187807979418975535e+00 -1.175137933142299573e+01
-1.324904536071507266e-01 -3.788382302021889192e+00 -1.319405525559707826e+01
-1.597650288724450363e+00 -4.937058607323649539e+00 -1.422762690200757874e+01
-2.493860763646554624e+00 -5.636058134682788712e+00 -1.485499407305520947e+01
-2.824164191682572600e+00 -5.890053340163171391e+00 -1.507494235329652454e+01
-2.592320352048314902e+00 -5.703511533701489000e+00 -1.488543004567393702e+01
-1.802331831431949638e+00 -5.076620617532647373e+00 -1.428737960522184380e+01
-4.573569201675589113e-01 -3.999739985103925921e+00 -1.328835152507469886e+01
1.440329534249601195e+00 -2.459195317958938531e+00 -1.190052515079416118e+01
3.889868949937666187e+00 -4.402952603369714168e-01 -1.013968237881919165e+01
6.892572614827326305e+00 2.071215794197457605e+00 -8.024814904661504045e+00
9.858241234677221243e+00 4.589108471052545823e+00 -5.983707628424867586e+00
1.219694085612395895e+01 6.610403609978904527e+00 -4.424726940704825751e+00
1.391146973944800891e+01 8.121899351743726569e+00 -3.336730521156916041e+00
1.500259393607150571e+01 9.110123163540556845e+00 -2.704748417898207968e+00
1.546818987405991486e+01 9.562898499399523189e+00 -2.510462674000652150e+00
1.530213945623961536e+01 9.471429994536649133e+00 -2.732141301932832000e+00
1.449326563641975696e+01 8.832984121851318093e+00 -3.343608501044612602e+00
1.302756839285892454e+01 7.648471158473896025e+00 -4.316887238064114563e+00
1.089059863164603925e+01 5.920443427172512152e+00 -5.624047963941269934e+00
8.069469088732935447e+00 3.651648899805940207e+00 -7.238634725865956021e+00
5.197948919340037222e+00 1.371225343928848650e+00 -8.793933733013561849e+00
2.929090643691179885e+00 -3.935162022486607958e-01 -9.956022250693379760e+00
1.281115406337600238e+00 -1.644099289896520100e+00 -1.074943864978477492e+01
2.706422080524077955e-01 -2.382062070597330994e+00 -1.119724665460879542e+01
-8.898843298673142499e-02 -2.607603201129574888e+00 -1.131944045442257263e+01
2.096800836727545914e-01 -2.318247274562942550e+00 -1.113129250483209987e+01
1.164378217177265196e+00 -1.508119931773362454e+00 -1.064227118761052715e+01
2.767417207246245070e+00 -1.690387246812080635e-01 -9.856603805707136345e+00
5.008595582690398729e+00 1.707898464346095047e+00 -8.774587400823325112e+00
7.877069212590364522e+00 4.130792046474621060e+00 -7.393982024348823678e+00
1.069736495231635942e+01 6.543495194915861290e+00 -6.018930595223876523e+00
1.280651832721353678e+01 8.375282548402914529e+00 -4.954085652442623555e+00
1.421458236896205918e+01 9.610854232356928151e+00 -4.199668886682223601e+00
1.493193585210107699e+01 1.023612728769331426e+01 -3.758314991283675077e+00
1.496715622958003777e+01 1.023978283434718151e+01 -3.633525453754242740e+00
1.432414295121475512e+01 9.616277732889971119e+00 -3.827145108363865234e+00
1.299881075516466922e+01 8.371155824737629203e+00 -4.335799855499619326e+00
1.098272404102528377e+01 6.515811705888197025e+00 -5.155771249061768202e+00
8.265790236742219577e+00 4.064981099940047748e+00 -6.286148296323119666e+00
4.838188943035236278e+00 1.035701331636220690e+00 -7.730852430038694934e+00
1.348593134744749733e+00 -1.994660025634142908e+00 -9.263667179299492460e+00
-1.542122710192264545e+00 -4.462010953255069801e+00 -1.065817262598623394e+01
-3.821992869694766704e+00 -6.370388144018805932e+00 -1.192147853634789456e+01
-5.477505732386775072e+00 -7.725760801529210298e+00 -1.305749519410140280e+01
-6.495215368961694047e+00 -8.534683988075334682e+00 -1.406516420332623341e+01
-6.864422764336039151e+00 -8.802958136095218933e+00 -1.493624220685000026e+01
-6.581871598195180084e+00 -8.534838024769632270e+00 -1.565228565780874348e+01
-5.648663401377587157e+00 -7.734060483105770878e+00 -1.618565821030157537e+01
-4.067871257697740717e+00 -6.406164558722466040e+00 -1.650028357149836111e+01
-1.843160089705644822e+00 -4.561001352891927318e+00 -1.655196636955972878e+01
5.273341075895885410e-01 -2.615336747015049035e+00 -1.625986365579344550e+01
2.536895173147591720e+00 -9.853262191631957378e-01 -1.558393808347514664e+01
4.167997970250670647e+00 3.136475540426514330e-01 -1.453971695500989370e+01
5.400574664668487124e+00 1.265496723673743773e+00 -1.314874992013764299e+01
6.211071899992187895e+00 1.855483229519281352e+00 -1.143881676482659593e+01
6.570096319902349435e+00 2.073179885844767867e+00 -9.444999854816753526e+00
6.439608817449294698e+00 1.917757120913740287e+00 -7.212250383335724990e+00
5.783258095795551945e+00 1.397621023684879615e+00 -4.790354787412941739e+00
4.572481858415491374e+00 5.277537341967750706e-01 -2.228342942694545581e+00
2.790065696815942964e+00 -6.734543176076881466e-01 4.306888559343851064e-01
9.582416759556984243e-01 -1.793826022874979609e+00 2.695170205771519889e+00
-3.425051440419180082e-01 -2.425328865785414401e+00 4.139530277374356082e+00
-1.043447764756025187e+00 -2.557487790566042474e+00 4.822502056837012496e+00
-1.097581722198999632e+00 -2.179381589950968756e+00 4.790550876640464750e+00
-4.872337756871165659e-01 -1.275350681154727939e+00 4.070674556955600210e+00
7.671836079833354027e-01 1.787929427342532240e-01 2.664138467218978956e+00
2.604251683163954834e+00 2.215557740679455545e+00 5.473655572039428652e-01
4.936558053568113280e+00 4.872345061157463242e+00 -2.317624820012070153e+00
7.661361715464620303e+00 8.186983422817627698e+00 -5.974123053766831504e+00
1.067023730177634278e+01 1.219335454063057789e+01 -1.046303402587707332e+01
1.338373391510267396e+01 1.614507042206277276e+01 -1.485204018905168688e+01
1.537713404820427954e+01 1.924550343072288427e+01 -1.816285734717073552e+01
1.679728259711095717e+01 2.145019949540928295e+01 -2.035467562892232962e+01
1.780565912218412450e+01 2.272001391266505266e+01 -2.138267655143701518e+01
1.856059553127744266e+01 2.302239531773799897e+01 -2.120255697307666054e+01
1.919134561265389394e+01 2.233202334546540868e+01 -1.977813293281431228e+01
1.976382790362421105e+01 2.063342734967488212e+01 -1.709907604973674466e+01
2.030594943098127558e+01 1.791605860758609126e+01 -1.316509043356233555e+01
2.082103472116617837e+01 1.417204584398452916e+01 -7.978973873325870159e+00
2.129374010612614398e+01 9.395738572353304008e+00 -1.545473184837931058e+00
2.165012015423612013e+01 4.525068485052271328e+00 4.863126266065517456e+00
2.179661385091169379e+01 4.967906021619441503e-01 9.971766356976168311e+00
2.169728534287120425e+01 -2.693733453146607282e+00 1.376919672640756254e+01
2.133651826811992791e+01 -5.049278363625973043e+00 1.624328861182392458e+01
2.071231269257676644e+01 -6.570612572666691520e+00 1.738228239976561085e+01
1.982679200065791747e+01 -7.255930789348263410e+00 1.717950461710265486e+01
1.867341971064245598e+01 -7.099121697333844239e+00 1.564333352859878445e+01
1.724777873246676663e+01 -6.091095672318566301e+00 1.278470398272155784e+01
1.555536901999528077e+01 -4.218825984076755908e+00 8.613438880453843538e+00
1.361666256223278815e+01 -1.463858448118300792e+00 3.138361780838891946e+00
1.189522272744111220e+01 1.602299779848948891e+00 -2.534691900393358566e+00
1.084873188110077891e+01 4.390863634257502923e+00 -7.301974856097541711e+00
1.050026868111213574e+01 6.895813324715193815e+00 -1.115422637039839060e+01
1.086551234843450509e+01 9.106979015114159637e+00 -1.407384365952540684e+01
1.194801307135671919e+01 1.101058514250538245e+01 -1.603159320418611244e+01
1.373035758046918176e+01 1.258753915781328558e+01 -1.698833047653151240e+01
1.615790068558963455e+01 1.380634645815065653e+01 -1.691252943667617359e+01
1.915158745434727905e+01 1.463015877920680197e+01 -1.577855595809717570e+01
2.262031503588301717e+01 1.502203820746676755e+01 -1.356922741277857725e+01
2.647083625998548939e+01 1.494826924444580030e+01 -1.028072477030303311e+01
2.987436964680544094e+01 1.448958998803961862e+01 -6.628894958686196048e+00
3.208087587097677584e+01 1.377196365805014366e+01 -3.404283650749718504e+00
3.312998719558525806e+01 1.283198745631067794e+01 -7.237846229055016067e-01
3.306959547339086214e+01 1.170189437935654553e+01 1.309256173210158636e+00
3.194816171554994710e+01 1.040693741619032053e+01 2.615327101159778067e+00
2.980548890719151700e+01 8.961892684919295249e+00 3.157624657279404445e+00
2.666240746585594579e+01 7.366730678770394114e+00 2.970934706992260033e+00
2.252217035997232841e+01 5.608986018540690566e+00 2.119878482942873177e+00
1.737662729505782977e+01 3.666792851307978829e+00 6.802142409250038213e-01
1.121198656118529158e+01 1.511341213958713681e+00 -1.268892339863442409e+00
4.970102188444110780e+00 -6.222543077735456230e-01 -3.275225421235692380e+00
-3.937703173718340999e-01 -2.477619737000654077e+00 -4.940497263192337840e+00
-4.871206981268488612e+00 -4.050168351205060802e+00 -6.285489445421192478e+00
-8.451465678378108137e+00 -5.329308943449117209e+00 -7.347764774380681096e+00
-1.112350374787270901e+01 -6.299729321068575416e+00 -8.174217130312372959e+00
-1.287896128412094399e+01 -6.943327044791510971e+00 -8.810570610007452785e+00
-1.371835806760023502e+01 -7.242965237160527536e+00 -9.283520179754164658e+00
-1.364771735583839529e+01 -7.180788139207975540e+00 -9.604350553099960663e+00
-1.267672065191384156e+01 -6.736780615270623329e+00 -9.774866049626107056e+00
-1.081836050241343905e+01 -5.888032914803210005e+00 -9.791430772030285112e+00
-8.475542240404621452e+00 -4.803852075169978697e+00 -9.678686161666920640e+00
-6.045898554649305368e+00 -3.665481076173986885e+00 -9.462194720023918038e+00
-3.537093440672619771e+00 -2.464422506425140824e+00 -9.141444439814893741e+00
-9.568494091755610498e-01 -1.190865587345685928e+00 -8.720790218794718385e+00
1.687341913505941982e+00 1.664083408199357184e-01 -8.209892941583419201e+00
4.388991391935383568e+00 1.620407408033444741e+00 -7.623769142262964316e+00
7.144565698426223577e+00 3.185649214756647751e+00 -6.979834868846724660e+00
9.952173525885001482e+00 4.874797360235551658e+00 -6.295332654662773919e+00
1.281112992869724465e+01 6.697688136262824443e+00 -5.587004075580664697e+00
1.572209073437187854e+01 8.661035243889321222e+00 -4.870870375780672390e+00
1.831910818735738999e+01 1.055554184004937213e+01 -4.291951384927752855e+00
2.024539096981828123e+01 1.214193955847934525e+01 -3.970466954883745458e+00
2.151678126574244487e+01 1.337985889337746315e+01 -3.879683676615851340e+00
2.214918594513333261e+01 1.423090812845792286e+01 -3.987258831954605398e+00
2.215793120603642308e+01 1.466034839798632206e+01 -4.256450217541480896e+00
2.155604168083546668e+01 1.464004182312793745e+01 -4.647177319820487540e+00
2.035097414047624298e+01 1.415324892784478727e+01 -5.116794298742384228e+00
1.854852072041651923e+01 1.318833054878047406e+01 -5.622228872911895436e+00
1.615534385128992412e+01 1.173513575516902208e+01 -6.121548146190885831e+00
1.318045976664842733e+01 9.783041370177180340e+00 -6.575299399697931868e+00
1.026079455970316090e+01 7.772033766952588962e+00 -6.931431358374860352e+00
8.021019205899738935e+00 6.162642740621077309e+00 -7.190344538701952004e+00
6.453648031892633696e+00 4.972708505741072038e+00 -7.392990607982540929e+00
5.549325376236319940e+00 4.220457281663915872e+00 -7.577776224445225139e+00
5.295733636969169211e+00 3.926350394459534154e+00 -7.778982578311556928e+00
5.676652642189241149e+00 4.114194440665063013e+00 -8.025445418265539033e+00
6.672002226348142884e+00 4.809513889175176971e+00 -8.340135801107935620e+00
8.259921387461863773e+00 6.037637269028600429e+00 -8.739416941962961261e+00
1.042062282781328264e+01 7.819778869156382761e+00 -9.232880124204658756e+00
1.314069616137766161e+01 1.016889166109537612e+01 -9.823382269692261914e+00
1.572238216598030647e+01 1.251131510676538028e+01 -1.037538838348910453e+01
1.750406219016005949e+01 1.423429490219873728e+01 -1.073851847807391735e+01
1.852923783124423451e+01 1.529000787634532621e+01 -1.089505952361546548e+01
1.883037029153847897e+01 1.564291191642704248e+01 -1.083619211365482826e+01
1.842317987328679862e+01 1.527451857419152148e+01 -1.056194659527520407e+01
1.729625410859352286e+01 1.419384171372217551e+01 -1.008250807598333765e+01
1.539644949990959688e+01 1.245438686550335916e+01 -9.420764028596739337e+00
1.265622339652536965e+01 1.012969296851977674e+01 -8.603975906279565322e+00
9.009900958001344051e+00 7.298490748324593547e+00 -7.658515464141687268e+00
4.402824719504757844e+00 4.034090914690503737e+00 -6.606427141020451366e+00
-4.482945515266321124e-01 8.800983853837320847e-01 -5.603924711176873075e+00
-4.768776125304510671e+00 -1.699840881554695926e+00 -4.782477202702231978e+00
-8.509339818532684063e+00 -3.776287202294948742e+00 -4.119865471833811910e+00
-1.161999650418923480e+01 -5.429829535179833577e+00 -3.593065351825590170e+00
-1.405464070765230566e+01 -6.741595792718946711e+00 -3.180280185814420513e+00
-1.577776568232076215e+01 -7.775110543812024488e+00 -2.864728002812344521e+00
-1.678062734183987104e+01 -8.538601858033681324e+00 -2.643907039208630572e+00
-1.707565737905985870e+01 -9.001460099562439865e+00 -2.526068182137310991e+00
-1.669042078797057371e+01 -9.110694696086543587e+00 -2.526494685762338932e+00
-1.566381321812039218e+01 -8.801402586254672755e+00 -2.665106328275596681e+00
-1.435413744773936884e+01 -8.239508543337647595e+00 -2.884837968780479933e+00
-1.309782140391046390e+01 -7.623452151962889722e+00 -3.118063863172684691e+00
-1.190360869819118150e+01 -6.939119169319403646e+00 -3.369182293144898477e+00
-1.077545278709363963e+01 -6.178206524213897488e+00 -3.640330219881199536e+00
-9.711655999662752947e+00 -5.337268923138110743e+00 -3.931123684431109044e+00
-8.702527978474661197e+00 -4.421541891997497586e+00 -4.236775373256419286e+00
-7.728974436210970467e+00 -3.455226769005828924e+00 -4.544958081431945018e+00
-6.774197269435855873e+00 -2.462461515217054142e+00 -4.844061502478001380e+00
-5.826884451751976002e+00 -1.462595566280581627e+00 -5.125501042535734797e+00
-4.881479806895590023e+00 -4.705307913851737300e-01 -5.383885719483652466e+00
-3.875416027986480216e+00 5.535141207906661975e-01 -5.521639746828717499e+00
-2.751508014666176116e+00 1.652118560798316871e+00 -5.443649673738528705e+00
-1.519906551433505948e+00 2.823144515302046464e+00 -5.154332552848610582e+00
-1.952802093820995566e-01 4.073300694774185438e+00 -4.663605128079613138e+00
1.202826528382623161e+00 5.420127684468550200e+00 -3.987599261183051524e+00
2.652546402672731674e+00 6.892743910213274816e+00 -3.148039558057759812e+00
4.143064424662613376e+00 8.523976246640680543e+00 -2.165600679710644627e+00
5.670848167379004323e+00 1.034085633529257997e+01 -1.057990640576319308e+00
7.237843463094334240e+00 1.236229257065546250e+01 1.601728688318306837e-01
8.852970401934587841e+00 1.459777531426175301e+01 1.478056800337522958e+00
1.024967115278671059e+01 1.672192200614239965e+01 2.618855906326657657e+00
1.118332557539878991e+01 1.836586666454379468e+01 3.339115618299968169e+00
1.170506451534115300e+01 1.946735236737843167e+01 3.683983050725980757e+00
1.186437565632670932e+01 1.997100383275809321e+01 3.698947540048295846e+00
1.170113464695403671e+01 1.983391024962064009e+01 3.426016834543144984e+00
1.122890363060585273e+01 1.903532880894567114e+01 2.898703860126457421e+00
1.040712454454786773e+01 1.759316065585927191e+01 2.135626350926201233e+00
9.171732011241958915e+00 1.554574020193676809e+01 1.145798740309860619e+00
7.451662636804588402e+00 1.294380602152411264e+01 -7.030660668686916637e-02
5.177187563076493859e+00 9.847142450048890439e+00 -1.522044739737284047e+00
2.675251685072622898e+00 6.689569562657790236e+00 -3.120692297910574453e+00
3.242427325752976763e-01 3.865042659627030197e+00 -4.785457091046998457e+00
-1.849134023346627131e+00 1.367759671316465919e+00 -6.543547503245391361e+00
-3.802511303962559985e+00 -8.204845881316318312e-01 -8.418184209206300395e+00
-5.480494840597889272e+00 -2.728667802802852371e+00 -1.042723156578719390e+01
-6.820835536470425176e+00 -4.392506610757278551e+00 -1.257972086557399116e+01
-7.774631951367736882e+00 -5.843637268514207506e+00 -1.486749391417927768e+01
-8.307736081209336376e+00 -7.108111007102389856e+00 -1.726742228702843107e+01
-8.399702008059415803e+00 -8.206752986893596002e+00 -1.974604749770880119e+01
-8.044721222599022781e+00 -9.154767899679587373e+00 -2.226395195479943823e+01
-7.257121676935577526e+00 -9.816619538109488730e+00 -2.450131743169222887e+01
-6.092237522965653795e+00 -1.005248695620043620e+01 -2.614195754579517939e+01
-4.624035897096590908e+00 -9.862111073935647454e+00 -2.715860969431550132e+01
-2.929677668064849527e+00 -9.240004692159590860e+00 -2.753718960683291783e+01
-1.081901927617907155e+00 -8.176778423265499640e+00 -2.727826939458373801e+01
8.664965695685413749e-01 -6.660471910627783210e+00 -2.639717479169660663e+01
2.911387773499657605e+00 -4.678995175014758701e+00 -2.491759042327124973e+01
5.070378218820828842e+00 -2.222768466559850609e+00 -2.286219732869293964e+01
7.371408569430240476e+00 7.139854928047553173e-01 -2.025011379661362554e+01
9.850020336141732002e+00 4.132003393519925183e+00 -1.709540129620989291e+01
1.218942469607362789e+01 7.507807147295323169e+00 -1.393167706842037390e+01
1.406989480805775194e+01 1.030501064506081832e+01 -1.127530559838876023e+01
1.551982327895860081e+01 1.250012466220091412e+01 -9.103862951764783773e+00
1.655892570973641043e+01 1.407148423338218279e+01 -7.390574717099853252e+00
1.719862777550678246e+01 1.500190770990259637e+01 -6.108570258889894689e+00
1.743722793868821697e+01 1.528550745580993464e+01 -5.239532738807548995e+00
1.724677854532384202e+01 1.494258849015017887e+01 -4.790785774081536275e+00
1.659216220629373950e+01 1.400725036915215327e+01 -4.782447256018998338e+00
1.543950164811195691e+01 1.252019396207791146e+01 -5.240816902795539356e+00
1.375902486353298038e+01 1.052496947117122517e+01 -6.195776431833082576e+00
1.187893255859300368e+01 8.426534806608875883e+00 -7.351618858469018747e+00
1.014459934272357700e+01 6.599422960614954370e+00 -8.393571177675742234e+00
8.557965096975681973e+00 5.037323980969952153e+00 -9.320626707829287483e+00
7.121836881204714587e+00 3.729751726938044243e+00 -1.012820634830865707e+01
5.838788680803784992e+00 2.663442532116204742e+00 -1.080916669959193754e+01
4.712257102122553221e+00 1.822430957279196129e+00 -1.135425199782037886e+01
3.750966904659903456e+00 1.187069833211545244e+00 -1.175229350237128934e+01
2.962112919052481530e+00 7.416685259750410708e-01 -1.199403711172105957e+01
2.350141544482996281e+00 4.758340443048685309e-01 -1.207288386449156903e+01
1.917474950824612279e+00 3.838417911659850468e-01 -1.198471721895772646e+01
1.532022616914773039e+00 3.262716649031429661e-01 -1.183763576228603753e+01
1.065274291466973722e+00 1.611531160605479407e-01 -1.174000749378129527e+01
5.239852062981968928e-01 -1.177239478112972471e-01 -1.168955087750598487e+01
-8.521384818611288381e-02 -5.159644979565234379e-01 -1.168358022169678634e+01
-7.562423649756455646e-01 -1.038254373446207079e+00 -1.171899247043156578e+01
-1.484292603442164182e+00 -1.687623145393890578e+00 -1.179226035438503217e+01
-2.266655170642581929e+00 -2.464264151945108505e+00 -1.189957241255988052e+01
-3.101503475924220155e+00 -3.367568571823839729e+00 -1.203693731125265387e+01
-3.987585938179762923e+00 -4.396622175719233638e+00 -1.220033393760325602e+01
-4.924258526798764635e+00 -5.550134573885673994e+00 -1.238588612829528657e+01
-5.724508558740623698e+00 -6.601657094202941778e+00 -1.254585041917506238e+01
-6.208037166883952906e+00 -7.317288326528190723e+00 -1.264325267327422608e+01
-6.383634950872082214e+00 -7.685649858882877439e+00 -1.269118578514242834e+01
-6.258417942735209571e+00 -7.697325620028042437e+00 -1.270308567022548729e+01
-5.837611234027585638e+00 -7.344973766151658090e+00 -1.269214862216854556e+01
-5.124056000401068900e+00 -6.622865353550159817e+00 -1.267112936377472820e+01
-4.117211283418635404e+00 -5.525278087215936829e+00 -1.265236749461586285e+01
-2.813851776137299865e+00 -4.048143698049704753e+00 -1.264437734644467426e+01
-1.208193154848176576e+00 -2.189570271858782391e+00 -1.264936893764607007e+01
7.082282512376196770e-01 5.017563198611618702e-02 -1.266121798120902397e+01
2.605050795142671127e+00 2.258568321848711591e+00 -1.266582256913095428e+01
4.148925011217997394e+00 4.025350803270893785e+00 -1.264324433242742174e+01
5.343341245551538776e+00 5.353660136806010605e+00 -1.257579360403111046e+01
6.188284236311242026e+00 6.248650769407250394e+00 -1.245388272536024488e+01
6.680212435676686766e+00 6.717464017406205912e+00 -1.227835571287583782e+01
6.810261709778130168e+00 6.767295444351332456e+00 -1.206514797621824719e+01
6.559189314469760390e+00 6.399752296068205837e+00 -1.185373128907138884e+01
5.905527898126146091e+00 5.618416251840296916e+00 -1.169680507485581167e+01
4.829878640372937681e+00 4.430308826028140246e+00 -1.165169787698162374e+01
3.316661978982198278e+00 2.844025853874833309e+00 -1.177384995672555412e+01
1.778039712917825810e+00 1.294128324763245796e+00 -1.202107380381028889e+01
6.386152545497667532e-01 1.907466597642315520e-01 -1.228303185086710059e+01
-9.745016661047678497e-02 -4.957893775776485157e-01 -1.250837656054419611e+01
-4.299772269817481174e-01 -7.941811697338865272e-01 -1.265171218991962832e+01
-3.631288928411851025e-01 -7.285013225807173143e-01 -1.267942242701507283e+01
9.671492959225780339e-02 -3.104423480955675885e-01 -1.257523468024011848e+01
9.479860713719747700e-01 4.741466316401687919e-01 -1.234268557536135269e+01
2.188221809501178505e+00 1.651085307722786055e+00 -1.200003774124504297e+01
3.812788973723972852e+00 3.250198450150170171e+00 -1.157470945464937451e+01
5.815990670996288969e+00 5.301535241703172474e+00 -1.109788443797307522e+01
7.705628095220806273e+00 7.341455280998447464e+00 -1.067072048397860762e+01
9.009497299299697559e+00 8.878121462020287069e+00 -1.035079132592642814e+01
9.753981309039758685e+00 9.895355717277002583e+00 -1.009619915201158236e+01
9.966118922640655242e+00 1.037736086380903089e+01 -9.861562691675313630e+00
9.670497073107636510e+00 1.031171377581810766e+01 -9.605638785822000258e+00
8.882500969226988730e+00 9.690768162773576222e+00 -9.302874398061847572e+00
7.597183844818330201e+00 8.509853416084110833e+00 -8.958706876127269680e+00
5.801852809841609115e+00 6.768034090837915961e+00 -8.591956478178754963e+00
3.482591209068187865e+00 4.466495786446142091e+00 -8.224490063408051554e+00
6.274338625369144662e-01 1.605924253458035356e+00 -7.875142697571136274e+00
-2.143513572909598430e+00 -1.177195371936498702e+00 -7.587100887249924597e+00
-4.201698908403809440e+00 -3.253079971335876230e+00 -7.384315495179029298e+00
-5.541952524696710292e+00 -4.634159007332163682e+00 -7.248675689031309766e+00
-6.160801643707084274e+00 -5.331359753088235287e+00 -7.165458531854339341e+00
-6.060425739007028412e+00 -5.350604015523396484e+00 -7.131127769602063182e+00
-5.252834193094740201e+00 -4.686924368921880024e+00 -7.162885216744176553e+00
-3.762689262468762674e+00 -3.315856140800894636e+00 -7.307820491919494010e+00
-1.624850348443118486e+00 -1.206328283778776100e+00 -7.632212371689215402e+00
1.118827295826503754e+00 1.671896673153652202e+00 -8.212616750370663965e+00
4.422904026738770256e+00 5.344603394372648530e+00 -9.128604610200339309e+00
7.600122498627388978e+00 9.082188114627108178e+00 -1.026120045324637786e+01
1.001999127005385581e+01 1.212696375650861569e+01 -1.139325251416127927e+01
1.172826919709417659e+01 1.445981600586413052e+01 -1.244609583282038301e+01
1.277612839572307557e+01 1.606642542958648434e+01 -1.333538725393558977e+01
1.321592548645355869e+01 1.693854309487228704e+01 -1.397856723201734042e+01
1.309433007575850105e+01 1.707252947778611230e+01 -1.430572909107010204e+01
1.244116266127285186e+01 1.646382193583786702e+01 -1.427624311214300512e+01
1.127430810466843170e+01 1.510851480920299394e+01 -1.386896807860570036e+01
9.602134890711381487e+00 1.300385618844004831e+01 -1.307660117950534939e+01
7.423942662080087906e+00 1.014818365203891481e+01 -1.190340365062180084e+01
5.268630102935569326e+00 7.249003632741785275e+00 -1.066268645375441615e+01
3.657106663787264900e+00 5.015057908122932062e+00 -9.677037480786582435e+00
2.576252857104440519e+00 3.446144289719430986e+00 -8.963469301643552711e+00
2.020618739636574457e+00 2.540109982317675374e+00 -8.529324932838754592e+00
1.991848263319811796e+00 2.292516203247735085e+00 -8.374298984598226525e+00
2.497922009989550940e+00 2.696416920229967040e+00 -8.492398183416147717e+00
3.551815553805859782e+00 3.742938928626276418e+00 -8.873650112149526592e+00
5.169940933586691933e+00 5.421331309701775680e+00 -9.505649658717310047e+00
7.370116700571212931e+00 7.719792692440853088e+00 -1.037486294135585396e+01
1.016948340612023038e+01 1.062666326488432667e+01 -1.146785173866173935e+01
1.307013095222760768e+01 1.349497010794487295e+01 -1.245035818921171966e+01
1.554694250267144362e+01 1.569055106411824241e+01 -1.300743322465087637e+01
1.757363206979889370e+01 1.722387166395551716e+01 -1.315604371191453481e+01
1.912445589073147545e+01 1.810742606255564979e+01 -1.291308101594395197e+01
2.017629008380125910e+01 1.835474963506135282e+01 -1.229418204385700619e+01
2.071181042939258887e+01 1.797813402160533514e+01 -1.131226607414219210e+01
2.072453270659442381e+01 1.698355510038044969e+01 -9.975763026485346074e+00
2.021532949977341076e+01 1.537305183908283368e+01 -8.289251383814688623e+00
1.919075317979385176e+01 1.314623236023349051e+01 -6.253452922128666103e+00
1.766255182716694705e+01 1.030087221893725946e+01 -3.864888132805566201e+00
1.595050442209443098e+01 7.093735830191574721e+00 -1.496987108855284632e+00
1.437387848055247730e+01 3.781938714541660751e+00 4.784411418255833937e-01
1.294573140121123167e+01 3.625319730021884235e-01 2.070649216527177483e+00
1.167651215744155557e+01 -3.167769471269367365e+00 3.288701249566444496e+00
1.057342053441760754e+01 -6.812561977043954720e+00 4.141203956747045112e+00
9.639188748290850484e+00 -1.057602149556756466e+01 4.636692184952401874e+00
8.869340598205214476e+00 -1.446369917914781311e+01 4.783493365491819915e+00
8.253652739668774885e+00 -1.848153563237215735e+01 4.584720759148877889e+00
7.778059643736209061e+00 -2.263503992049117386e+01 4.037583316687556767e+00
7.426152150844022692e+00 -2.692862628343299747e+01 3.133722254792608908e+00
7.006848888365350803e+00 -3.065691061164757869e+01 2.091241607001612657e+00
6.325512064066946216e+00 -3.311145574870383967e+01 1.118688538654486031e+00
5.364995866018914761e+00 -3.428888678395814793e+01 1.908708540774011198e-01
4.117469287761692520e+00 -3.418271653664807985e+01 -7.136775992593911155e-01
2.587046800529781532e+00 -3.278273147953632360e+01 -1.610467089397344509e+00
7.956475916652911984e-01 -3.007480944422839997e+01 -2.502204200209406260e+00
-1.210495490346935377e+00 -2.604469088429173240e+01 -3.363959362541384834e+00
-3.382519761824930082e+00 -2.068334895311840782e+01 -4.158579428211139017e+00
-5.680398374067221035e+00 -1.398865324840711644e+01 -4.846739370757000565e+00
-8.079785388442855876e+00 -5.965880923816247794e+00 -5.393712591775510212e+00
-1.031181823516916296e+01 2.025538595303153944e+00 -5.875266069417646619e+00
-1.214828914582231967e+01 8.618013072742304104e+00 -6.402398362924927255e+00
-1.364412736464874243e+01 1.378706619477104489e+01 -7.002782211612669450e+00
-1.485234545551761443e+01 1.750664008914246850e+01 -7.701026418497018078e+00
-1.581730343494600888e+01 1.974936205373745679e+01 -8.511341709486528018e+00
-1.656068963481574485e+01 2.049292191547195685e+01 -9.428998970649914213e+00
-1.705193742104885146e+01 1.974228947758463448e+01 -1.042285415608048460e+01
-1.722986038304318157e+01 1.751738592375579628e+01 -1.144193089381715467e+01
-1.702006400379238826e+01 1.384762366629830765e+01 -1.242684674435994907e+01
-1.634636558495510528e+01 8.770466576267075709e+00 -1.332057175033670227e+01
-1.536400356316477200e+01 3.321147418025764519e+00 -1.401871391766416686e+01
-1.429033134067688238e+01 -1.472223525790141707e+00 -1.448114781285951835e+01
-1.315509509983043479e+01 -5.582479001910412464e+00 -1.476149777167892729e+01
-1.199387591145815968e+01 -8.988517067563112306e+00 -1.491722233643251094e+01
-1.084297123881944813e+01 -1.167548822988130297e+01 -1.500376599585828608e+01
-9.733699501561593692e+00 -1.364077244792444255e+01 -1.506294418308848471e+01
-8.683484254432249472e+00 -1.491045861701321229e+01 -1.509923818183601973e+01
-7.690743020754078785e+00 -1.551410778377658062e+01 -1.509693246387945109e+01
-6.740200196636254582e+00 -1.547791538109657061e+01 -1.502989698422057074e+01
-5.809105099637488223e+00 -1.482544298022728668e+01 -1.486550997365618798e+01
-4.872917282094707758e+00 -1.357796038163637853e+01 -1.456853293580982367e+01
-3.910406077404202208e+00 -1.175410489518220203e+01 -1.410506347246671943e+01
-2.908196284946649612e+00 -9.368787882611959716e+00 -1.344655474010979290e+01
-1.864905665694688075e+00 -6.431486776254361715e+00 -1.257378457648777115e+01
-7.951575506350172518e-01 -2.944257304561185951e+00 -1.148058117928107791e+01
2.690156600251927266e-01 1.101462659423246837e+00 -1.017681714196516829e+01
1.290101102975454550e+00 5.725597856976675004e+00 -8.682564296205033116e+00
2.229038250396298437e+00 1.094662481144841593e+01 -7.015565947376884104e+00
3.047107949605243782e+00 1.677774412026565898e+01 -5.187708127071458897e+00
3.709683871493825613e+00 2.322603905988709272e+01 -3.203321750562859727e+00
4.190495565106955311e+00 3.029223278242933759e+01 -1.057967802114335498e+00
4.476229681087382062e+00 3.797105796395229760e+01 1.262240548774718363e+00
4.571250900060249478e+00 4.625214343475894907e+01 3.780805031034509156e+00
4.502214224881747384e+00 5.512120515314940405e+01 6.530618626806763416e+00
