3.080101466964287127e+01 -1.663791460847500403e+00 -4.453093694464589802e+00
2.857111042674097945e+01 -2.113392096765867034e+00 -3.678026521827939987e+00
2.643508258154848178e+01 -2.500600584533307469e+00 -2.964959893204492491e+00
2.439373567103080376e+01 -2.835894726448870973e+00 -2.310474609937094304e+00
2.244715008030373582e+01 -3.127324517349146404e+00 -1.711825857248168825e+00
2.059485524466191464e+01 -3.380765830199573330e+00 -1.166872600741381660e+00
1.883598031708064013e+01 -3.600174285033964416e+00 -6.740066983839212433e-01
1.716939237045500377e+01 -3.787837247888291792e+00 -2.320826493234560417e-01
1.559383018683698729e+01 -3.944622966084232463e+00 1.596514855863073457e-01
1.410803968647757500e+01 -4.070226866504109253e+00 5.016218212572921553e-01
1.271091506585876907e+01 -4.163416085521879140e+00 7.939952333173433408e-01
1.140223698483274362e+01 -4.220786661381791482e+00 1.036322621214540440e+00
1.018468179083551739e+01 -4.233780730498483358e+00 1.226763203877913710e+00
9.062146360833994052e+00 -4.195269292969793007e+00 1.364032083841591136e+00
8.038855558498084974e+00 -4.100978581388348587e+00 1.447708545521665613e+00
7.118981738215587995e+00 -3.949060828614659791e+00 1.477990192538969572e+00
6.306258122105156794e+00 -3.739633324176047768e+00 1.455439752363886452e+00
5.603606896369958790e+00 -3.474288627662082352e+00 1.380728296767230745e+00
5.012794671562197379e+00 -3.155584826600245751e+00 1.254378979762696522e+00
4.534119356852501781e+00 -2.786530171932608990e+00 1.076515519226364237e+00
4.166123846733140290e+00 -2.370081203518649815e+00 8.466196348418455475e-01
3.904985942519486386e+00 -1.909371506266971608e+00 5.632919087089567345e-01
3.743992719858251217e+00 -1.408963931680625947e+00 2.242961662128072908e-01
3.675826949676013200e+00 -8.720147574959443704e-01 -1.729337900854386600e-01
3.693249966625543834e+00 -2.998275517785472521e-01 -6.310479914486503139e-01
3.789247191453720909e+00 3.078055888687832309e-01 -1.152607399113987796e+00
3.719286771428417460e+00 8.198413498721505155e-01 -1.579143245052301081e+00
3.253341555388800987e+00 1.097354161793131055e+00 -1.738687492749314778e+00
2.409298120188764880e+00 1.129125519120125265e+00 -1.612055455562661832e+00
1.208061575508983410e+00 9.038961786096172402e-01 -1.179254085685742970e+00
-3.275969831354011985e-01 4.110522790580976582e-01 -4.207113887402374464e-01
-2.174338375996355932e+00 -3.590556529258960294e-01 6.813544619958813442e-01
-4.309874303765544035e+00 -1.415624338183619324e+00 2.140835144348175234e+00
-6.714755377603144559e+00 -2.767266783584833245e+00 3.966341954274418491e+00
-9.374153613725958678e+00 -4.421305564714868019e+00 6.160610790419013938e+00
-1.227970245357524703e+01 -6.382950753835902269e+00 8.720137070581023053e+00
-1.475605471068015184e+01 -8.338936400144351779e+00 1.117369782522227517e+01
-1.616330039889975367e+01 -9.954435230983646576e+00 1.301880112833228331e+01
-1.654873833425141783e+01 -1.120360941101811392e+01 1.420947670384681416e+01
-1.595187310580489282e+01 -1.206626296317990743e+01 1.471471661496272887e+01
-1.440043888829575280e+01 -1.252943932724801890e+01 1.452153933701348976e+01
-1.190264569560159558e+01 -1.259072559877703767e+01 1.364011894011504289e+01
-8.434935406199505437e+00 -1.226226378663673700e+01 1.210703358257429407e+01
-3.961480510652273690e+00 -1.156136601184303814e+01 9.965676345485007914e+00
1.553676314785143564e+00 -1.050411660963009730e+01 7.254610579250406310e+00
8.139315833757011731e+00 -9.100351268161897877e+00 3.998809484235417600e+00
1.465543579960672105e+01 -7.615315246635856461e+00 7.759011039832510725e-01
1.993509183154946030e+01 -6.291370390869822415e+00 -1.879082142019596446e+00
2.395341993520642987e+01 -5.095749944055703473e+00 -4.025558309223225883e+00
2.668411579217686835e+01 -4.000330044308263666e+00 -5.720465806442522450e+00
2.810354315638141998e+01 -2.988204275003259358e+00 -7.006800656740267641e+00
2.819732776720035616e+01 -2.065506506084719085e+00 -7.892162404312867530e+00
2.697552845072714689e+01 -1.280801896322642186e+00 -8.310576272662094865e+00
2.447255340980354532e+01 -7.012230079904044899e-01 -8.157453138184195041e+00
2.074122130037254763e+01 -3.965331474703645553e-01 -7.315596657667828850e+00
1.584514961717775705e+01 -4.300747038239371434e-01 -5.672258599926388811e+00
1.074536309993855809e+01 -7.163111227217210386e-01 -3.612470725528763804e+00
6.348838525799861188e+00 -1.112425876451102580e+00 -1.620598575841564193e+00
2.630781264480538617e+00 -1.583039700897132418e+00 2.437272338401891281e-01
-4.436691435373006365e-01 -2.091636314514275785e+00 1.913730974615319269e+00
-2.915211168186222501e+00 -2.604047488776017438e+00 3.322898001858743733e+00
-4.822374439768802645e+00 -3.091310907979783362e+00 4.414191619663796473e+00
-6.184932636551449647e+00 -3.534289240923848219e+00 5.158254084322596356e+00
-7.003760718160148890e+00 -3.925058477593915907e+00 5.555506907720262788e+00
-7.266025391129727673e+00 -4.265244696964406224e+00 5.630006535532510625e+00
-6.949974776702177337e+00 -4.564648760863015298e+00 5.424006667687779171e+00
-6.359031745694849747e+00 -4.808142246318635848e+00 5.114315164796351176e+00
-5.807690476862069850e+00 -4.972193918313092098e+00 4.849982237122534734e+00
-5.287516175195472456e+00 -5.058423950737932273e+00 4.640382627496459911e+00
-4.790687582632265240e+00 -5.067239268727798951e+00 4.492698160332331270e+00
-4.309909301604072596e+00 -4.997710136263935787e+00 4.411731745432525109e+00
-3.839404013288167938e+00 -4.847774376651623918e+00 4.398203275330975437e+00
-3.378035897745259586e+00 -4.615653222597115857e+00 4.444973920671260181e+00
-2.925696082086867378e+00 -4.299489246400105991e+00 4.542709394234036857e+00
-2.482321312182815820e+00 -3.897302465053971154e+00 4.681793063291077139e+00
-2.048124223359439000e+00 -3.407208322193205241e+00 4.852651373153326730e+00
-1.505354692318216170e+00 -2.789256627425301893e+00 4.879399080063589800e+00
-7.357208315807421961e-01 -2.007608889791831608e+00 4.586994108078704890e+00
2.543916025694649141e-01 -1.064520743669288283e+00 3.964744545205641124e+00
1.449324182702900643e+00 4.173521114005804278e-02 2.998908873700366851e+00
2.823461521717242739e+00 1.318074296502957932e+00 1.673433645492510058e+00
4.340675633681518875e+00 2.777196598686759277e+00 -2.866315930168150672e-02
5.958081322754349429e+00 4.434055521700943636e+00 -2.122186169669626921e+00
7.632903743110579065e+00 6.301714098999092073e+00 -4.618134604351431527e+00
9.326804009640973447e+00 8.389646829048279741e+00 -7.522670472559411792e+00
1.101012622329129975e+01 1.070256798132710330e+01 -1.083646753471676938e+01
1.234714224624213230e+01 1.287604406682930147e+01 -1.400698726916430026e+01
1.307767567370811790e+01 1.452211730334453499e+01 -1.645537295190997895e+01
1.329848629894856238e+01 1.560695917329502969e+01 -1.814271090446095158e+01
1.310358450409313136e+01 1.610060573874483580e+01 -1.903743817722588005e+01
1.257384096364671677e+01 1.597974542818382382e+01 -1.911672362332075181e+01
1.176010151070476439e+01 1.523283136971169149e+01 -1.836859316107051399e+01
1.065825586081326826e+01 1.386869867857213023e+01 -1.679586851443275819e+01
9.232425247712173544e+00 1.190390891854002398e+01 -1.440985479751463672e+01
7.427637681084457988e+00 9.356868674727170543e+00 -1.122875364266666764e+01
5.176136441211991901e+00 6.245412816350017771e+00 -7.278038499682906171e+00
2.779194918440591078e+00 3.051642492401704043e+00 -3.194973928226244819e+00
5.789655702703828677e-01 2.450771425491288236e-01 3.963039205514396479e-01
-1.423612022986174841e+00 -2.181039356323825729e+00 3.488924642380766272e+00
-3.213042300018631892e+00 -4.237364063711773099e+00 6.082068470334317745e+00
-4.763046231499328265e+00 -5.936870196793870846e+00 8.180851429240856731e+00
-6.041691837334788318e+00 -7.292129390207360728e+00 9.795908182773256812e+00
-7.020674285650635227e+00 -8.309098292966506705e+00 1.094240524313419449e+01
-7.675085126785419654e+00 -8.987892726027357782e+00 1.163934930187779671e+01
-7.981880719385389789e+00 -9.324659345505553532e+00 1.190923432224044376e+01
-7.919276118051204350e+00 -9.312780390639687766e+00 1.177775148570086117e+01
-7.653781023969702169e+00 -9.097703112656493118e+00 1.138618421230885325e+01
-7.362565572517312695e+00 -8.824534589290847109e+00 1.086047962470463801e+01
-7.040020208145721270e+00 -8.485042659100725970e+00 1.020590734800662602e+01
-6.679834064953133144e+00 -8.071649158498221510e+00 9.428113430135631745e+00
-6.274835326069609920e+00 -7.577793319572828423e+00 8.533012307984774836e+00
-5.815914862505398908e+00 -6.998693615934479695e+00 7.527001003699795412e+00
-5.290096560305971529e+00 -6.332538461612108982e+00 6.417595010422012081e+00
-4.685277453199705455e+00 -5.578681448531607856e+00 5.211819113418866500e+00
-3.991981651330893666e+00 -4.737012704600203961e+00 3.915474222271173588e+00
-3.203931309235841240e+00 -3.807800279106226427e+00 2.532708626164723142e+00
-2.443419315747847431e+00 -2.921249420806300900e+00 1.195680162661047152e+00
-1.845426036177352014e+00 -2.209469049262770213e+00 2.378854027320681519e-02
-1.425102196599506765e+00 -1.675587564494566584e+00 -9.985321714860497799e-01
-1.196609707494478370e+00 -1.322834804529780639e+00 -1.884688038606344707e+00
-1.172470104204983432e+00 -1.154978195287067244e+00 -2.644752430427408374e+00
-1.362497713651661835e+00 -1.176527383922748804e+00 -3.284499307640504462e+00
-1.771302617340400953e+00 -1.392037234752165453e+00 -3.805510604931425345e+00
-2.398710082743846339e+00 -1.806115986111147986e+00 -4.205333362981590994e+00
-3.240989382528587814e+00 -2.423195011553877620e+00 -4.478629837571170391e+00
-4.291871082578966323e+00 -3.247116663579897811e+00 -4.618628178989621524e+00
-5.255172610074607675e+00 -4.028918891346007669e+00 -4.670161182753650664e+00
-5.842590499293885742e+00 -4.511103571133560308e+00 -4.689806993835338389e+00
-6.058858056607897780e+00 -4.683618620538195110e+00 -4.690262515978623981e+00
-5.908749774608864413e+00 -4.536700320354893456e+00 -4.685028675433040135e+00
-5.396234314699528412e+00 -4.061862391979946807e+00 -4.686019215475519140e+00
-4.523661312402166956e+00 -3.253370586363356853e+00 -4.700647309022923714e+00
-3.291719107697106406e+00 -2.110257125315142090e+00 -4.729150460803420941e+00
-1.699268617417701854e+00 -6.342275491208007043e-01 -4.767402949805468637e+00
2.565957351633753047e-01 1.171125784889689214e+00 -4.808100747034619538e+00
2.580326176377947256e+00 3.300488249869467872e+00 -4.841203473363616894e+00
4.951339682258158348e+00 5.479540203611853677e+00 -4.853183640847049674e+00
7.048238777602739979e+00 7.434778517235232087e+00 -4.834896602067576765e+00
8.874005206129679024e+00 9.162265001061777880e+00 -4.783590193892296227e+00
1.043005658397317781e+01 1.065977279945814082e+01 -4.699619779437822942e+00
1.171640471536799666e+01 1.192667299598023334e+01 -4.586158310416756478e+00
1.273166834682127657e+01 1.296425944477130265e+01 -4.448142609096183087e+00
1.347274554773955479e+01 1.377689314293590250e+01 -4.289229236381714827e+00
1.393558498653031208e+01 1.437038650099914605e+01 -4.113404255030715717e+00
1.411558623234825305e+01 1.475136968693407269e+01 -3.925997373430157200e+00
1.400782675740125427e+01 1.492713440791785295e+01 -3.734020682637050115e+00
1.355242314917052049e+01 1.470407257775377197e+01 -3.381954072340561890e+00
1.267331128069888635e+01 1.388992443169572155e+01 -2.721040891245660287e+00
1.134109468252021813e+01 1.249211636580814755e+01 -1.776083986878560506e+00
9.527325492565852372e+00 1.051400675502205750e+01 -5.814764732761061872e-01
7.205857882064952591e+00 7.953840212012922350e+00 8.172051587614657109e-01
4.354243065429246329e+00 4.804377944667096223e+00 2.360820832270686509e+00
9.542802070774394352e-01 1.056662709724577764e+00 3.977571921775403307e+00
-3.009284417934613209e+00 -3.294655739639966718e+00 5.595090893129621712e+00
-7.549454600041229924e+00 -8.249138970319163988e+00 7.146730015505217359e+00
-1.267767241677431045e+01 -1.379939712776617355e+01 8.576278513137918225e+00
-1.748751629361820648e+01 -1.892166211552915911e+01 9.507556572327423794e+00
-2.102871028892245775e+01 -2.258826723699498729e+01 9.700992904742955503e+00
-2.325110657318847274e+01 -2.478609319312923276e+01 9.316234963223692489e+00
-2.410991484484686609e+01 -2.551243878124975595e+01 8.504032826875098650e+00
-2.356399736596687688e+01 -2.477745598881181621e+01 7.394661708161226699e+00
-2.157362815318514748e+01 -2.260712912939975183e+01 6.081562829749680432e+00
-1.809771815044597787e+01 -1.904635152448620161e+01 4.601656351359956432e+00
-1.309355174820574419e+01 -1.414922284052668644e+01 2.958408480430127163e+00
-6.517023353331354407e+00 -7.975112406574144330e+00 1.135419891207424481e+00
1.677079691164298669e+00 -5.871774213033036371e-01 -8.954956250818483232e-01
9.966055419954788164e+00 6.586382143047852189e+00 -2.836247992612837443e+00
1.676457988566939861e+01 1.218810659182156186e+01 -4.390764309220154260e+00
2.202418691015373753e+01 1.626593749582346504e+01 -5.575971591770754188e+00
2.569604720516454677e+01 1.887549670098414722e+01 -6.391164285992127603e+00
2.773117702526613471e+01 2.007800304909131839e+01 -6.826415027934043422e+00
2.808175062268606581e+01 1.993580150369652770e+01 -6.872859199439229627e+00
2.670397033888825433e+01 1.850406166785304407e+01 -6.535807692431154337e+00
2.355206503104989224e+01 1.584014264761883339e+01 -5.831296471792317249e+00
1.857359997664025641e+01 1.201147658041881350e+01 -4.784527954799986382e+00
1.170632370951384615e+01 7.101724849356876312e+00 -3.430436196319955222e+00
4.459179763288148024e+00 2.238392358020008466e+00 -2.079049039028201484e+00
-1.592927675910957186e+00 -1.536728226137552555e+00 -1.008936495634794595e+00
-6.417917522577306855e+00 -4.258012820995025649e+00 -2.106512679419401124e-01
-9.976252701286707492e+00 -5.970974617367945214e+00 3.322818451180342691e-01
-1.221940127615463112e+01 -6.737278608279337000e+00 6.440705295070632275e-01
-1.308755416204458299e+01 -6.643206184919380419e+00 7.585399798389698134e-01
-1.250686519315248368e+01 -5.813578933552671302e+00 7.229718678610783655e-01
-1.040304023445414217e+01 -4.397253996094210748e+00 5.931581550585161011e-01
-6.712796223540530960e+00 -2.549055524815581730e+00 4.267193439817504874e-01
-1.390387075990120902e+00 -4.126670038681991559e-01 2.761388085819020954e-01
4.363736897224216982e+00 1.511884969098212350e+00 2.216853480762588369e-01
9.292154823685976339e+00 2.889783897003589175e+00 2.817052031161857428e-01
1.334710832780788792e+01 3.848305152006594732e+00 4.057929128333981339e-01
1.649132235906354182e+01 4.511459758653623808e+00 5.452108854716435360e-01
1.869734715764374045e+01 4.989088873727035356e+00 6.577980748467044947e-01
1.994776786088187492e+01 5.357449702609788034e+00 7.169403587203984074e-01
2.024070871895627022e+01 5.621912028661306238e+00 7.287187335747287165e-01
1.958399077505618990e+01 5.741208265523315646e+00 7.197072886426507665e-01
1.799258906806078429e+01 5.648641203010577705e+00 7.259845561959421545e-01
1.548749249122418981e+01 5.266347854753979263e+00 7.855540369320452854e-01
1.247160844408732316e+01 4.613586742317326461e+00 8.580596884241415978e-01
9.338165409233759817e+00 3.749639685870193695e+00 8.815954506055350137e-01
6.092158719570718972e+00 2.671439260505220403e+00 8.513352571066827856e-01
2.730590465594257665e+00 1.396618781559529232e+00 7.519233774891573852e-01
-7.593190847505990604e-01 -3.494470066409012532e-02 5.567299832409510207e-01
-4.399565889080959913e+00 -1.561521672707989472e+00 2.278275020781936888e-01
-8.211888290076966967e+00 -3.118456824105416469e+00 -2.739914380477004308e-01
-1.220906625845841020e+01 -4.656526381211558707e+00 -9.791315002674245704e-01
-1.639409389712787757e+01 -6.145008117502969824e+00 -1.907075631656167225e+00
-2.076156158911319949e+01 -7.573719531476822198e+00 -3.064467009138714282e+00
-2.460973135657378208e+01 -8.677987076252172471e+00 -4.256279139955246649e+00
-2.722633079644938192e+01 -9.259869378007108409e+00 -5.238020500183697692e+00
-2.859049000160055698e+01 -9.428147045295057538e+00 -5.929676568774944201e+00
-2.868932450449685234e+01 -9.280627035709178685e+00 -6.258904237192949083e+00
-2.751690301718548071e+01 -8.886843344713030390e+00 -6.173624207594640367e+00
-2.507396024128468781e+01 -8.260203106918169169e+00 -5.662050507881300376e+00
-2.137221184079976766e+01 -7.321312982733209296e+00 -4.778025097925279852e+00
-1.643019763714115200e+01 -5.949173668715109997e+00 -3.604565491473401551e+00
-1.027477715959254212e+01 -4.008003001371196028e+00 -2.233765014685857420e+00
-2.942454292245135328e+00 -1.362002614486028218e+00 -7.554736373642041425e-01
4.104001668187254204e+00 1.496166323635870876e+00 4.591548480070697380e-01
9.440004268272707222e+00 3.920331698857724145e+00 1.140136903749250585e+00
1.309235161513536738e+01 5.787816822052405108e+00 1.368989306947214324e+00
1.510164555598047365e+01 6.966013081946828223e+00 1.231407303491183214e+00
1.551543761117235221e+01 7.331693931469216885e+00 8.044452627473814843e-01
1.437566982550221439e+01 6.794089777527805296e+00 1.423958582968998243e-01
1.170206384195336469e+01 5.320062046028290581e+00 -7.378788047560940200e-01
7.496588866625948810e+00 2.915125111551114756e+00 -1.845673373890273083e+00
1.749493974769789517e+00 -3.909437590297198950e-01 -3.208728493926096714e+00
-5.555459616874228956e+00 -4.553628783928392210e+00 -4.868736428334816679e+00
-1.276212260258921205e+01 -8.583783201166143684e+00 -6.508520756837737231e+00
-1.820179895417351190e+01 -1.152719528503202007e+01 -7.775878942296458263e+00
-2.186685048480167026e+01 -1.340433761979415728e+01 -8.652949977701346995e+00
-2.374545413657198978e+01 -1.425107262779139639e+01 -9.106140642770414573e+00
-2.382699782838481539e+01 -1.410787799683469679e+01 -9.091383810420126110e+00
-2.210826343185698306e+01 -1.300584801922651401e+01 -8.560843358921434998e+00
-1.859988752682929913e+01 -1.095041154313807752e+01 -7.470782155156435067e+00
-1.331977332941939807e+01 -7.934192283210409258e+00 -5.778597886589247778e+00
-6.288971674204365314e+00 -3.945357823674090270e+00 -3.441353297851676984e+00
2.470841051943924338e+00 1.027434421608089288e+00 -4.154712763254848618e-01
1.121105488892079904e+01 6.015143389521244721e+00 2.747186657369424800e+00
1.820782569592295275e+01 1.003800158526191311e+01 5.438815094754724910e+00
2.348059501364270574e+01 1.308398497682121153e+01 7.619591755026394964e+00
2.705062809562630122e+01 1.513953647478544262e+01 9.249168405379085911e+00
2.893844653172437731e+01 1.619423414941787343e+01 1.028628676668009589e+01
2.916005593519901851e+01 1.624956492168522715e+01 1.068537511349611613e+01
2.772158571154595919e+01 1.533443604447466235e+01 1.038835132560808816e+01
2.462363041187285262e+01 1.348823833511629466e+01 9.339831556746002406e+00
1.986359327854072632e+01 1.074722371165617574e+01 7.499718081195467789e+00
1.343625913070079392e+01 7.134533596831224678e+00 4.852951490224789666e+00
6.605726693617880230e+00 3.346686813433873198e+00 1.940100996843862280e+00
6.378226674915111749e-01 4.992870105278856413e-02 -6.653999540762587372e-01
-4.470259971737476690e+00 -2.796212313039338149e+00 -2.907124100901963271e+00
-8.718783930402805638e+00 -5.231061817095227440e+00 -4.735730692726608737e+00
-1.210490348331572719e+01 -7.287464931248457845e+00 -6.113813296836136502e+00
-1.462236212862499407e+01 -8.982231376128741118e+00 -7.026299719802857169e+00
-1.626337253609069222e+01 -1.029476623113271927e+01 -7.507182454462889787e+00
-1.702397182480655502e+01 -1.117564373252604781e+01 -7.629188033077302755e+00
-1.690822386689873724e+01 -1.155956222481879259e+01 -7.487012688740054323e+00
-1.592994784556490018e+01 -1.137516938863161187e+01 -7.183205853305040023e+00
-1.451631076816856591e+01 -1.082074389866155073e+01 -6.839269646291354476e+00
-1.308160148593157857e+01 -1.013262899778324666e+01 -6.519569417237359943e+00
-1.162613973074468454e+01 -9.301976561392169884e+00 -6.230343845873143493e+00
-1.014792234343700628e+01 -8.326134803432784892e+00 -5.966646561045043207e+00
-8.641706722637316318e+00 -7.209124943377891448e+00 -5.711305660753599689e+00
-7.099582718133556902e+00 -5.965938306021018711e+00 -5.429194287973531985e+00
-5.515982943235026248e+00 -4.629977313013005080e+00 -5.060596232707850639e+00
-3.890437783308945185e+00 -3.236313143913172929e+00 -4.550236853972116080e+00
-2.228140340775016881e+00 -1.816490238401817781e+00 -3.855577617585744132e+00
-5.392172277675042480e-01 -3.969183747709773002e-01 -2.948179985434349781e+00
1.067420519247445521e+00 9.127756335358928608e-01 -1.910820432445074823e+00
2.488035722676044337e+00 2.022003041593103401e+00 -8.553223135565006796e-01
3.720273675637269850e+00 2.944794711523008868e+00 1.846047261810304096e-01
4.766043439934885662e+00 3.702647515329788863e+00 1.168801192079397477e+00
5.631562610554538217e+00 4.322074314631311864e+00 2.054579074103415781e+00
6.326249872168320465e+00 4.829493270329850318e+00 2.803858466844186825e+00
6.859581450089810239e+00 5.239162224879997609e+00 3.399830145674721749e+00
7.237818684756570420e+00 5.554845598947539820e+00 3.840290999181087628e+00
7.464099200037880522e+00 5.773011450958099644e+00 4.132319719105959521e+00
7.539348056342839222e+00 5.884733326160772826e+00 4.290111463843964579e+00
7.431307813406222706e+00 5.868526527777642166e+00 4.267744864477919009e+00
7.103737190194983953e+00 5.697001017458835470e+00 4.024660929760163874e+00
6.550789138301595926e+00 5.349773856416831563e+00 3.587624576286318145e+00
5.767809472911578084e+00 4.808951205021046782e+00 2.981378840845944289e+00
4.751952445177673567e+00 4.061548219449499619e+00 2.225160818120540895e+00
3.502249111842565377e+00 3.102394873730377700e+00 1.327756108109872102e+00
2.018703950758636179e+00 1.935384052497798768e+00 2.840464112410160391e-01
3.016247846746974992e-01 5.671173003022158543e-01 -9.155075530738888689e-01
-1.648430368025482595e+00 -9.953564183070087168e-01 -2.281431966396671118e+00
-3.830663432962576387e+00 -2.745586403389812524e+00 -3.823826202645152605e+00
-5.846638011572682814e+00 -4.363127037645729622e+00 -5.253136783866666271e+00
-7.297683344082826373e+00 -5.529276571180063549e+00 -6.277853254216867462e+00
-8.183370641856273053e+00 -6.244707195466552285e+00 -6.898925718235658699e+00
-8.504227350840032784e+00 -6.512526482496067359e+00 -7.113195704786768658e+00
-8.261488634565596456e+00 -6.335624164050002172e+00 -6.916680795819609706e+00
-7.456949511264897801e+00 -5.713010729493767315e+00 -6.308638694506748301e+00
-6.092845544096780586e+00 -4.635528801956015243e+00 -5.296040185422685731e+00
-4.170843848068465753e+00 -3.090395734523896376e+00 -3.890761152542185908e+00
-1.691181898162282149e+00 -1.063804604819947208e+00 -2.108299712785573377e+00
1.348091851910068417e+00 1.457617685606892532e+00 3.261833618973586368e-02
4.357442509440685896e+00 3.986754581469604375e+00 2.104455523746359802e+00
6.747628845905695449e+00 6.019727181033349694e+00 3.699071430228512369e+00
8.522173477470238012e+00 7.542412128443510611e+00 4.827807454666593223e+00
9.682600772080629525e+00 8.540383125937204056e+00 5.505797789549994548e+00
1.022758062466489370e+01 9.000465769179150755e+00 5.751479235691776992e+00
1.015130724309649146e+01 8.912981109881053854e+00 5.586335863707166283e+00
9.440853093138505514e+00 8.274953978470938054e+00 5.035038755617602391e+00
8.079892046246468951e+00 7.087229646189507903e+00 4.123818107702931890e+00
6.051574773040713673e+00 5.352322955904316615e+00 2.878956635961897437e+00
3.340538117310025701e+00 3.072983784002438767e+00 1.325380602895977589e+00
5.780034290026809796e-01 7.783974306864608339e-01 -1.715988559867934748e-01
-1.585588169819612370e+00 -1.004031285357544379e+00 -1.279332412734820013e+00
-3.134678380587439861e+00 -2.275690845492338354e+00 -2.023508479410140559e+00
-4.055347242863143187e+00 -3.037953480483047475e+00 -2.428231788102664712e+00
-4.336971695927237747e+00 -3.290836849329405567e+00 -2.514451528833573146e+00
-3.974196835134885308e+00 -3.031413458643062331e+00 -2.298027654158069311e+00
-2.968915777824579827e+00 -2.252284593240200028e+00 -1.787775171037610189e+00
-1.327805571154338615e+00 -9.435152151830412670e-01 -9.870301653944867359e-01
9.399504145023505064e-01 9.055162063040149700e-01 1.047317852043609943e-01
3.824522403723446651e+00 3.304612941112318847e+00 1.490515285449031779e+00
6.651443798206483571e+00 5.699328698963004314e+00 2.866895474525459342e+00
8.758750664993623758e+00 7.520648240883589963e+00 3.929898653773688189e+00
1.015749816188822763e+01 8.755001048753198845e+00 4.679947268581888586e+00
1.085908215261311227e+01 9.390060157487864601e+00 5.115017705834873141e+00
1.087313137655873518e+01 9.416294392781043854e+00 5.232185306779899570e+00
1.020442440646453974e+01 8.829125428770604245e+00 5.029959969603810421e+00
8.848894019639928388e+00 7.631658519014727915e+00 4.511308984287553336e+00
6.797913696261852046e+00 5.831999310558466654e+00 3.679372382275212683e+00
4.041186729800858579e+00 3.441595651743742046e+00 2.534515839223352884e+00
5.686508611562617332e-01 4.741955278931224704e-01 1.072314943114446972e+00
-2.971316087410182938e+00 -2.496125898232389062e+00 -4.814740425619465913e-01
-5.918194651475022106e+00 -4.908573122144833434e+00 -1.900857021645241618e+00
-8.260431436947666128e+00 -6.770484347028787653e+00 -3.193352385044914143e+00
-9.984972629017772050e+00 -8.091136421536308632e+00 -4.363287764319192519e+00
-1.107885414915313937e+01 -8.880399777277894202e+00 -5.410065352023545771e+00
-1.153181838847449470e+01 -9.146474580947778321e+00 -6.325933586371341733e+00
-1.134086793999460241e+01 -8.892299217737919648e+00 -7.092836182856428806e+00
-1.050726666400674958e+01 -8.119302040235760742e+00 -7.683566510076902389e+00
-9.034209968509788524e+00 -6.830626142282714142e+00 -8.062552112535517068e+00
-6.925465023706225409e+00 -5.033623340369540955e+00 -8.186154692574278968e+00
-4.679261520353692028e+00 -3.142440392406825822e+00 -7.974121461270577527e+00
-2.802403500707930650e+00 -1.570476965615769993e+00 -7.387018645339214373e+00
-1.312491632663262298e+00 -3.302063195361573111e-01 -6.440971008764275751e+00
-2.296405378772172767e-01 5.653633837706407705e-01 -5.158099753888375716e+00
4.226053117997634612e-01 1.104759963975607606e+00 -3.566709732020741264e+00
6.160044251542879934e-01 1.280337545347792538e+00 -1.701603265979866553e+00
3.178640179029823543e-01 1.091256650562446362e+00 3.957150202223637669e-01
-5.020395044881064139e-01 5.446785098405946268e-01 2.680088515627746304e+00
-1.866510491567653363e+00 -3.463359661545860058e-01 5.107551325395625952e+00
-3.787405708862921383e+00 -1.566000667911211952e+00 7.640420537490696162e+00
-5.737510789446226056e+00 -2.705372745991097005e+00 9.792774132001859755e+00
-7.131643173901662358e+00 -3.360173872996025324e+00 1.114479041701268436e+01
-7.896500507206526187e+00 -3.524039416989529272e+00 1.176090576825722955e+01
-7.980388528007572368e+00 -3.190299376076608517e+00 1.169308778009922278e+01
-7.360523289013895187e+00 -2.347418016619466030e+00 1.097346840395854528e+01
-6.053580953340611082e+00 -9.738415090730161428e-01 9.605939719019144007e+00
-4.125008644633222588e+00 9.651946085131528630e-01 7.561183880945606006e+00
-1.668063715073410336e+00 3.511030704438628636e+00 4.793338160863142683e+00
1.208550476697101139e+00 6.705764406985546877e+00 1.251333149406296696e+00
4.390001457003423369e+00 1.058758855336207994e+01 -3.113193665150795209e+00
7.289770396829143628e+00 1.441422516092700512e+01 -7.374889440273433294e+00
9.475304639844143395e+00 1.739276151920725155e+01 -1.056182077023408183e+01
1.108484073386451385e+01 1.948192588010858017e+01 -1.263885377157359180e+01
1.227055634571373055e+01 2.064515064127197874e+01 -1.356618247423502233e+01
1.318093570649170765e+01 2.085185645925312059e+01 -1.330394815674745068e+01
1.393724868462356170e+01 2.007786316223146628e+01 -1.181865887109484348e+01
1.460628605814917336e+01 1.830741057942919170e+01 -9.097238254785528611e+00
1.521935416717091449e+01 1.552953504442623611e+01 -5.135703538869506701e+00
1.578343761802214829e+01 1.173616749787975522e+01 6.646658132748228809e-02
1.628703391154345681e+01 6.921655561574539206e+00 6.507588738238488268e+00
1.666016349294206478e+01 2.024098176414312444e+00 1.291827865653700158e+01
1.681331985664446904e+01 -2.019444341669136112e+00 1.802628947595370690e+01
1.671469259382337214e+01 -5.213201670999605852e+00 2.182314292664782940e+01
1.635286124187295798e+01 -7.559474143777348942e+00 2.429947131767471546e+01
1.573010822718174140e+01 -9.058530962051539959e+00 2.544627029365276627e+01
1.485159691790514813e+01 -9.708714692294355686e+00 2.525856922966772444e+01
1.370848845184323039e+01 -9.506608864728580244e+00 2.374231267008495649e+01
1.229268446184298114e+01 -8.446437309956255746e+00 2.090501226130566437e+01
1.060591348462313555e+01 -6.518439345573265875e+00 1.675313594428863695e+01
8.664753681862341850e+00 -3.707349009636249804e+00 1.129221660790616255e+01
6.928750769092914652e+00 -5.877584751980072797e-01 5.624830213458755779e+00
5.851474434879801123e+00 2.248584584958824628e+00 8.514329278370387222e-01
5.451854550085744933e+00 4.792832224333552382e+00 -3.022130376554570841e+00
5.741475451527508156e+00 7.032125365976559017e+00 -5.981920018400503025e+00
6.719970093934039213e+00 8.950135573847768811e+00 -8.002763015345394138e+00
8.368290077171055330e+00 1.052633118812453361e+01 -9.048578981946448607e+00
1.063826340478300558e+01 1.173171070124046622e+01 -9.085046395207521996e+00
1.345925907509667852e+01 1.253265336282237108e+01 -8.081941855063540459e+00
1.674837922678881341e+01 1.289514208920743776e+01 -6.016963993378365849e+00
2.042020088406165002e+01 1.278806485018785288e+01 -2.880499873541602085e+00
2.365327117450835459e+01 1.229445215618994780e+01 6.181253736410976529e-01
2.570432762456027831e+01 1.154227473870218112e+01 3.695583938442322136e+00
2.661924184508036006e+01 1.056990172153611063e+01 6.242790081309493644e+00
2.645170205543503883e+01 9.411177970294978934e+00 8.164626698705710339e+00
2.525570355639278475e+01 8.092912365838243360e+00 9.390007304259686549e+00
2.307462814953193231e+01 6.630958417741491751e+00 9.888319933630466352e+00
1.992540044993059212e+01 5.024378375572963407e+00 9.691509247541468142e+00
1.580588807095844039e+01 3.259524742921924290e+00 8.858690242344243515e+00
1.070284969228072924e+01 1.313534688528335437e+00 7.459806302987567861e+00
4.597510086197813095e+00 -8.433116832052233169e-01 5.568088769933096316e+00
-1.573297093746563347e+00 -2.976804859419086569e+00 3.629846449032727573e+00
-6.859472432557216948e+00 -4.831536731487241276e+00 2.037594950353891488e+00
-1.125793686689706874e+01 -6.403996227060496871e+00 7.649839925022954290e-01
-1.476349108334853355e+01 -7.684810079036921593e+00 -2.308869696651552061e-01
-1.737080099943300482e+01 -8.660042721873042026e+00 -1.002034917022609051e+00
-1.907589437806820953e+01 -9.312791223573757549e+00 -1.597827738213883464e+00
-1.987798173272863522e+01 -9.625849216784590823e+00 -2.043292265962969978e+00
-1.978024766703594040e+01 -9.580904732042464289e+00 -2.346836355866589230e+00
-1.878945592606919490e+01 -9.157424092996206966e+00 -2.507476379198253724e+00
-1.691564004764726548e+01 -8.331918008293222044e+00 -2.518837850857637228e+00
-1.455873259601136915e+01 -7.273048898745557267e+00 -2.402845169458717400e+00
-1.211339740451090918e+01 -6.161340638207633447e+00 -2.182349752338592630e+00
-9.584341715790690941e+00 -4.987487472837363711e+00 -1.854131390799850898e+00
-6.976342355332022294e+00 -3.740760936536811965e+00 -1.419849294547619323e+00
-4.293946403735523276e+00 -2.408889842318904684e+00 -8.865037443638321690e-01
-1.541261682087981422e+00 -9.778884634822672117e-01 -2.670744332172705349e-01
1.278272673318690655e+00 5.669014688758158282e-01 4.207574308965041920e-01
4.162313599942658371e+00 2.238043212149505745e+00 1.158864123026821735e+00
7.109755693036623470e+00 4.045227205557266004e+00 1.929563148626528779e+00
1.012086303542011123e+01 5.994949081546648628e+00 2.715843856313509441e+00
1.282932222172048675e+01 7.877598085409922568e+00 3.371655291989041459e+00
1.487799950699832685e+01 9.453475567942469127e+00 3.775710828799895502e+00
1.628241442588981158e+01 1.068164792998080337e+01 3.953646482572974463e+00
1.705816654612486971e+01 1.152301116810800252e+01 3.936680562756026625e+00
1.722028420022905237e+01 1.194195456345146944e+01 3.760405587972573294e+00
1.678126851558591071e+01 1.190945620172574237e+01 3.463645288559273894e+00
1.574710559248646646e+01 1.140841391604307198e+01 3.087489652390582151e+00
1.412179147762673814e+01 1.042701509728142817e+01 2.673505283167510349e+00
1.191008739753356771e+01 8.955007577878337344e+00 2.262286594527370909e+00
9.119010004778051126e+00 6.981753988924879195e+00 1.892133200532183590e+00
6.383399091375662415e+00 4.947320665631075975e+00 1.614140610628499672e+00
4.325768086378918298e+00 3.312410962742762255e+00 1.427154981231472552e+00
2.936420613803077728e+00 2.095124182525423429e+00 1.289671411940990442e+00
2.203756673117481135e+00 1.314015818756284704e+00 1.162919861988802150e+00
2.113200607581968704e+00 9.899243599417818507e-01 1.012427186945996871e+00
2.646410502982699864e+00 1.147153082004096492e+00 8.093889408932217755e-01
3.781713507628416071e+00 1.812013980442564343e+00 5.312353116113082141e-01
5.495770567156672115e+00 3.010445278318513829e+00 1.620199585597212888e-01
7.767294622787569658e+00 4.764015730308194918e+00 -3.075139650114286916e-01
1.058135486945220372e+01 7.085838744622610541e+00 -8.799736988131421356e-01
1.323865384644419940e+01 9.402292208706562349e+00 -1.419660034880028121e+00
1.507602020597300907e+01 1.110062151485074899e+01 -1.776113486976270472e+00
1.613539221122664102e+01 1.213305935549016468e+01 -1.931623843911340899e+00
1.644766275778848197e+01 1.246428239868021848e+01 -1.877452291697746745e+00
1.602698947143668562e+01 1.207630256038184058e+01 -1.613779973721229055e+00
1.486160964714214749e+01 1.097898058962136147e+01 -1.150701187169106632e+00
1.290284547512159463e+01 9.226779445115818490e+00 -5.098443618384091991e-01
1.008890899419656506e+01 6.894136000242095719e+00 2.830971700839244320e-01
6.359960866548885150e+00 4.060417130532961494e+00 1.203352101866887125e+00
1.667217824866011666e+00 7.991469274382240195e-01 2.230517597821434439e+00
-3.266747679314322639e+00 -2.346351806865451639e+00 3.210060830188566250e+00
-7.661455518300871681e+00 -4.913194334228011328e+00 4.012223788094822829e+00
-1.146192518957185058e+01 -6.973076540653320166e+00 4.660953257241725822e+00
-1.461258106777644450e+01 -8.607906307470369001e+00 5.181002442487772974e+00
-1.706183448821320425e+01 -9.900039232650236443e+00 5.595881879855907570e+00
-1.877073495352825461e+01 -1.091367604757039445e+01 5.923419783850422782e+00
-1.973497146602200658e+01 -1.165665257112639708e+01 6.164589458292661028e+00
-1.997333720429576687e+01 -1.209754427479121475e+01 6.308959515064247014e+00
-1.951973171618153913e+01 -1.218261169092512120e+01 6.339074988450816406e+00
-1.841935785496810496e+01 -1.184654199178554101e+01 6.232876575462919178e+00
-1.703677587071069865e+01 -1.125535919876955404e+01 6.045340972076687969e+00
-1.571458528817170475e+01 -1.060817794313153151e+01 5.842067761170721241e+00
-1.446757904240130443e+01 -9.892099784893666481e+00 5.616693376930538051e+00
-1.330561551760698791e+01 -9.100444120034513418e+00 5.365157217825535341e+00
-1.223276109751811269e+01 -8.231565399066379740e+00 5.085920010427917859e+00
-1.124271146041720115e+01 -7.292116880398526568e+00 4.782496610336973042e+00
-1.031067359933933858e+01 -6.306303667223684961e+00 4.468708761288098685e+00
-9.411992041547478038e+00 -5.297650028968780234e+00 4.158368437916475813e+00
-8.527609719101274521e+00 -4.284818902786600603e+00 3.862331759045626978e+00
-7.644319091989869364e+00 -3.282171690221252547e+00 3.588371217359606735e+00
-6.691975879903463209e+00 -2.249641534875345350e+00 3.436558117177026084e+00
-5.605869332036078845e+00 -1.144618499086898167e+00 3.504583855163528661e+00
-4.388643550631342372e+00 3.064315052992161448e-02 3.790626036053816428e+00
-3.047434247246640915e+00 1.282805376111421980e+00 4.287280482898458089e+00
-1.594171768455684646e+00 2.629756140580046697e+00 4.980713131599712185e+00
-4.553825576472214642e-02 4.101791891662368350e+00 5.850345075088961622e+00
1.582691852521970199e+00 5.733797836826924232e+00 6.873171180074237441e+00
3.279427171720724843e+00 7.554962259889420828e+00 8.028257200097975499e+00
5.038938366080182085e+00 9.585932288149624725e+00 9.297822454805750425e+00
6.862339615615775656e+00 1.183718826036750116e+01 1.066808118498586921e+01
8.475170690836280940e+00 1.398337857901957193e+01 1.185960955569423092e+01
9.624877212281589323e+00 1.565462160341856723e+01 1.262676273250609604e+01
1.035469429507040573e+01 1.678663273997800687e+01 1.301298313366499215e+01
1.070630264419762767e+01 1.732115049196657353e+01 1.306255497366459295e+01
1.071186811482115786e+01 1.721178633603372532e+01 1.281674725928633585e+01
1.037845661982546375e+01 1.643447308876535118e+01 1.230892646135433921e+01
9.663601364953315453e+00 1.500566449977296024e+01 1.155857901575712532e+01
8.502352318913096951e+00 1.296348202782646908e+01 1.057574431543055127e+01
6.822661582684975912e+00 1.035923117400704818e+01 9.361783857865439984e+00
4.553779329421402622e+00 7.253882480999071625e+00 7.908032932643511259e+00
2.021657367911645853e+00 4.082892486423883582e+00 6.303640521382870787e+00
-3.962259597390219157e-01 1.242124302651489876e+00 4.629489757238209435e+00
-2.673949559295175415e+00 -1.272233826777037224e+00 2.858054150817704198e+00
-4.769779594357665964e+00 -3.476512039334063608e+00 9.653071577026732797e-01
-6.628792209320677919e+00 -5.398133353895644859e+00 -1.067991915873684361e+00
-8.187286690847809467e+00 -7.071847818079116443e+00 -3.252666564378577707e+00
-9.387780337031973232e+00 -8.529212027979287569e+00 -5.581728437001158838e+00
-1.018580056419634872e+01 -9.796813261506624571e+00 -8.032501930852948391e+00
-1.055067222331758359e+01 -1.089642072004526518e+01 -1.057113525734840209e+01
-1.046653508020649959e+01 -1.184445223501301214e+01 -1.315678906972033246e+01
-9.937920995845924921e+00 -1.250672444320497334e+01 -1.546712401936642500e+01
-9.010681661115420127e+00 -1.274478972131776722e+01 -1.718237108025778070e+01
-7.749635791868600521e+00 -1.255967450367051796e+01 -1.827076536397542483e+01
-6.223097164633376366e+00 -1.194699242850416177e+01 -1.871304061585919953e+01
-4.495162698399097323e+00 -1.089818463895720768e+01 -1.850423958383881029e+01
-2.613153705420954154e+00 -9.401468165022691892e+00 -1.765538015345678247e+01
-5.880425361464123313e-01 -7.443358099756434143e+00 -1.619106275596599431e+01
1.588085979917344126e+00 -5.012410662272339223e+00 -1.413685852823522104e+01
3.933634319478125807e+00 -2.101003146506520203e+00 -1.151526707976079855e+01
6.474639026026608235e+00 1.293306670219609655e+00 -8.343909884773234253e+00
8.884758635497778556e+00 4.648541759921975824e+00 -5.159916488431492532e+00
1.083462677615058922e+01 7.429605489696531784e+00 -2.482974510774732302e+00
1.234290969854795783e+01 9.614137967527042861e+00 -2.937380434125858031e-01
1.341954487263941331e+01 1.118155429784190602e+01 1.431703499287132253e+00
1.406619508386299877e+01 1.211587421148113819e+01 2.717452405839130947e+00
1.427435952539819297e+01 1.241210285880941910e+01 3.579753480731346471e+00
1.402085465167144207e+01 1.208922539644973426e+01 4.012153171967721477e+00
1.327824093200162814e+01 1.117947552510862863e+01 3.996027282258638014e+00
1.202027918638965787e+01 9.721555786348174522e+00 3.506556538335340090e+00
1.022471654623749515e+01 7.756725911272385865e+00 2.515451513260225536e+00
8.227096365137155587e+00 5.687265649267303047e+00 1.320203147303649516e+00
6.379928933362115195e+00 3.884608885914596410e+00 2.375956755768968698e-01
4.692087159770137461e+00 2.338951968146220750e+00 -7.291322944552671714e-01
3.173155504560240203e+00 1.036003570960464915e+00 -1.572995289666766272e+00
1.832425591544050825e+00 -4.147884412264923881e-02 -2.284352616846009099e+00
6.783927992676170859e-01 -9.122770802196789042e-01 -2.851939916051575707e+00
-2.819117161627853196e-01 -1.594026391732005665e+00 -3.264573324531067300e+00
-1.044522606143657661e+00 -2.098937622896222877e+00 -3.513599123313206007e+00
-1.608123714141507010e+00 -2.433703877961593598e+00 -3.593100540534544862e+00
-1.973424066080452732e+00 -2.600235675791412682e+00 -3.499660559662847170e+00
-2.275726368952657008e+00 -2.734116230787446256e+00 -3.342044341523378037e+00
-2.646891694448759935e+00 -2.973533848160004656e+00 -3.229216618113158965e+00
-3.083688794126451249e+00 -3.321033908963491044e+00 -3.159398850757388910e+00
-3.583195941663949835e+00 -3.778721061445011298e+00 -3.130303605035705150e+00
-4.143217529666556764e+00 -4.347974126242210247e+00 -3.139123334382986297e+00
-4.762421820075392276e+00 -5.029413792847273967e+00 -3.182596940078478820e+00
-5.439411165790954072e+00 -5.823744358779060271e+00 -3.257378701751207029e+00
-6.173075708892080016e+00 -6.731593290430653909e+00 -3.360026472119684637e+00
-6.962831883224950502e+00 -7.753297881212020570e+00 -3.487088860443618543e+00
-7.808658049679570112e+00 -8.888834582216569302e+00 -3.635267770329020376e+00
-8.524121437128838963e+00 -9.913036198763315099e+00 -3.757395711034173580e+00
-8.929463872831547633e+00 -1.059329593845442830e+01 -3.817063755584066964e+00
-9.033980878096604883e+00 -1.091954082172679108e+01 -3.827912365774117642e+00
-8.845261318388528693e+00 -1.088366788303214605e+01 -3.803902318207594391e+00
-8.368975000599924385e+00 -1.047965213445593591e+01 -3.758728839768867402e+00
-7.608551917770271622e+00 -9.703491513700502225e+00 -3.705806028948864572e+00
-6.564693915571971239e+00 -8.552839687449527162e+00 -3.658830953182407253e+00
-5.235579427022424959e+00 -7.027428378429239508e+00 -3.627776103282465581e+00
-3.616832627832507363e+00 -5.129158669096439915e+00 -3.616247885428986564e+00
-1.701413687956692122e+00 -2.862054033865248481e+00 -3.619506633338470003e+00
1.788676132910301808e-01 -6.423262257257811303e-01 -3.624890869800798221e+00
1.689182877114991044e+00 1.116193743468658406e+00 -3.614043158728764915e+00
2.831509952051031842e+00 2.413230127801876179e+00 -3.571096223489135468e+00
3.604290381885887129e+00 3.250745468834559837e+00 -3.488642094507653280e+00
4.002419780031617691e+00 3.632983953370469532e+00 -3.370190400762491656e+00
4.016790261535981621e+00 3.566427197166541774e+00 -3.233898929111712839e+00
3.633230519389043067e+00 3.059389538354230886e+00 -3.117556967529534262e+00
2.836752688854624171e+00 2.123706295813784450e+00 -3.070703925541033552e+00
1.614515127785932425e+00 7.741654349322549811e-01 -3.146755020873181152e+00
-4.246797851869021923e-02 -9.734984026781182687e-01 -3.396335141504399857e+00
-1.715456680625396135e+00 -2.678290316104477320e+00 -3.771505749058141621e+00
-2.973334237122092105e+00 -3.924349815930445295e+00 -4.155313729196257633e+00
-3.805523588062294849e+00 -4.736227336123382869e+00 -4.489094958003534863e+00
-4.205532653419838063e+00 -5.137917696256660172e+00 -4.719680028484212642e+00
-4.171288261489336513e+00 -5.148893879110489458e+00 -4.805538260407492324e+00
-3.705143919279314080e+00 -4.777702915249720128e+00 -4.724791869900915486e+00
-2.813346962175204524e+00 -4.013383618818808785e+00 -4.484285861554326402e+00
-1.505161125777179310e+00 -2.834436576602659574e+00 -4.108332227312573082e+00
2.080099342044778865e-01 -1.215108886533214472e+00 -3.630743287475543646e+00
2.313696541860227107e+00 8.705004197422655521e-01 -3.089147568803943589e+00
4.312907825603362610e+00 2.954294606656737265e+00 -2.590976033215543595e+00
5.726627378112345568e+00 4.539535774519995570e+00 -2.199752170531514839e+00
6.574414712119147630e+00 5.604657891058076657e+00 -1.879127385267247430e+00
6.876485568188761555e+00 6.128034947328061754e+00 -1.588872984537643696e+00
6.650609401418723365e+00 6.091103801808065654e+00 -1.292593020419989802e+00
5.907360392988064923e+00 5.481698256780989098e+00 -9.678717539060390784e-01
4.644999922297969874e+00 4.297718561347775079e+00 -6.170925207924700118e-01
2.856046867685072765e+00 2.542833497647166929e+00 -2.546962988119294558e-01
5.318076192485868825e-01 2.229866531823099240e-01 1.017039315669534816e-01
-2.334440081477496598e+00 -2.656354270351591218e+00 4.375153926692962880e-01
-5.117329431225742020e+00 -5.453967293215356449e+00 7.138412986822353368e-01
-7.183041340816539666e+00 -7.535385738001728839e+00 9.110720558324221230e-01
-8.521156319185458017e+00 -8.908355406917007002e+00 1.051661044419919477e+00
-9.123001724462969975e+00 -9.579005016517310622e+00 1.154570338145954445e+00
-8.985652099279370475e+00 -9.548169020629682535e+00 1.227311006214561573e+00
-8.117694584121109003e+00 -8.806952493038867402e+00 1.254830815316615222e+00
-6.546624492288598773e+00 -7.333179889087671377e+00 1.186343065348462567e+00
-4.311679541488270040e+00 -5.099737683704039348e+00 9.504627434467392000e-01
-1.459036946779924904e+00 -2.080607155013250775e+00 4.657086045744901481e-01
1.961656729513511443e+00 1.745359916061741234e+00 -3.520615478244834007e-01
5.259106453775370227e+00 5.643415316087415867e+00 -1.387954963699224553e+00
7.798997342471609251e+00 8.850190241042538375e+00 -2.428324109428596334e+00
9.623508495835865872e+00 1.134037500801379750e+01 -3.397390386660187112e+00
1.078048283077792391e+01 1.309300773247977290e+01 -4.213096643696982113e+00
1.131917606361547257e+01 1.409284901723497363e+01 -4.794648305792911458e+00
1.128397365910131711e+01 1.433049527462025985e+01 -5.072969044727693166e+00
1.070501422630633037e+01 1.380143579864164671e+01 -5.005995614463738974e+00
9.601012579306470229e+00 1.250349571906797763e+01 -4.570906042630904054e+00
7.981029921215169409e+00 1.043586109569891640e+01 -3.759014588465150464e+00
5.844941219041428937e+00 7.598971581335822734e+00 -2.573437291547211903e+00
3.722124638228919924e+00 4.702565377871998464e+00 -1.326521659698552291e+00
2.133895558572791007e+00 2.457717885570007255e+00 -3.400229719620233571e-01
1.067489128543792853e+00 8.666394404665835882e-01 3.697930831852854205e-01
5.177803615905955947e-01 -7.035066857253541306e-02 7.962834655246424642e-01
4.867289748678723660e-01 -3.551762254755467252e-01 9.404388394315701394e-01
9.827558427880147551e-01 7.533573211878141773e-03 8.089016091879277504e-01
2.019761687735040834e+00 1.010327862833933832e+00 4.121265228211189457e-01
3.615235084099651441e+00 2.643641260258558390e+00 -2.370290649722581744e-01
5.788114238352509489e+00 4.896830046855586538e+00 -1.124557534983356533e+00
8.556705320618730681e+00 7.759350901765349029e+00 -2.236521029645230918e+00
1.142430916142873443e+01 1.058529709341295089e+01 -3.238134050523154173e+00
1.386706124949335539e+01 1.274151764932825692e+01 -3.813891964958123992e+00
1.585996243649109338e+01 1.423943432304464629e+01 -3.980180256846365339e+00
1.737858076488369008e+01 1.509244755838022911e+01 -3.753287095537985785e+00
1.840111717844120776e+01 1.531495926860502621e+01 -3.148230169717559868e+00
1.891149435587821515e+01 1.491990551275325494e+01 -2.177382362616897993e+00
1.890414575624244975e+01 1.391311995992162132e+01 -8.489552932620911818e-01
1.838074924795470722e+01 1.229633443103660362e+01 8.325974030630103329e-01
1.734863339829274764e+01 1.006888736503661086e+01 2.866664538251932459e+00
1.582030192114567946e+01 7.228322065333708579e+00 5.256819538313666662e+00
1.411627688883356591e+01 4.031206661326743657e+00 7.629705854429930767e+00
1.255656393022506556e+01 7.344935395708129811e-01 9.613562691685507033e+00
1.115496071440146153e+01 -2.664900290252087967e+00 1.121765934217315319e+01
9.922665369382077216e+00 -6.170370330418804450e+00 1.245103771602784803e+01
8.867642021912471861e+00 -9.785606341196290359e+00 1.332223477441985438e+01
7.992404320419350228e+00 -1.351519243627915401e+01 1.383937523009725012e+01
7.288259778151183532e+00 -1.736641628427090467e+01 1.400924086084866360e+01
6.739767660407299132e+00 -2.134737890088426937e+01 1.383323925278413213e+01
6.327642450725337042e+00 -2.546585886903102747e+01 1.330703605386714727e+01
6.030252196328202530e+00 -2.972863521262652142e+01 1.242088615522094308e+01
5.651291746691967433e+00 -3.343275568186393087e+01 1.139162595292054192e+01
4.990901158219108069e+00 -3.587224011615381869e+01 1.042658214604148981e+01
4.026717228082000055e+00 -3.704614020963297349e+01 9.499284458652898167e+00
2.745701224027536025e+00 -3.695029534341994548e+01 8.586793352666983736e+00
1.146779537671490878e+00 -3.557663325609016169e+01 7.671760179664104840e+00
-7.508492259925856338e-01 -3.291170371380952986e+01 6.749843059515969301e+00
-2.893909239068149120e+00 -2.893696148489969033e+01 5.846952043148894163e+00
-5.224031722822013890e+00 -2.363800421221655057e+01 5.002143578047066441e+00
-7.691674721027346173e+00 -1.700761100792244918e+01 4.257142301498022086e+00
-1.026301209368819656e+01 -9.046359689507159629e+00 3.649747571659222700e+00
-1.265979058624946418e+01 -1.109409949538706197e+00 3.108003015929646562e+00
-1.464455276502626546e+01 5.439521731890895495e+00 2.525415520639817668e+00
-1.626315354351562092e+01 1.057955623901462872e+01 1.879367401973751406e+00
-1.755971294252759307e+01 1.428815299414054429e+01 1.150611967112021183e+00
-1.856985511836044722e+01 1.654165849810652489e+01 3.302699721767730079e-01
-1.930977633460212317e+01 1.732047652499355550e+01 -5.735987785925298343e-01
-1.975594689048173791e+01 1.662672219963669917e+01 -1.533446227213826507e+00
-1.985719789706279315e+01 1.447612575684122582e+01 -2.503931442901751847e+00
-1.954900093131058725e+01 1.089370238380054445e+01 -3.431357481766075246e+00
-1.876490166814284777e+01 5.912031711791071231e+00 -4.264080523605072059e+00
-1.766972971101770185e+01 5.608304911536372561e-01 -4.902559169398288397e+00
-1.649029040001964219e+01 -4.137954499977273493e+00 -5.310866546154825230e+00
-1.526565426173637263e+01 -8.163864515103057329e+00 -5.546185033829275746e+00
-1.404064052361682080e+01 -1.150284209392156853e+01 -5.669037418069202694e+00
-1.286078034593658614e+01 -1.414711125464904029e+01 -5.737724444544523905e+00
-1.176345787586550706e+01 -1.609904391800735368e+01 -5.795960729918864018e+00
-1.075923887695628345e+01 -1.738222927648212135e+01 -5.846044541040496867e+00
-9.836564077721979160e+00 -1.802163711545276215e+01 -5.869378690410733235e+00
-8.970240215042782239e+00 -1.803889200825151207e+01 -5.837056279004822379e+00
-8.127573423805920072e+00 -1.745329402788017248e+01 -5.713510000908303965e+00
-7.273996285579691801e+00 -1.628233521913566406e+01 -5.460230330092103124e+00
-6.378126805081226536e+00 -1.454141678549776096e+01 -5.039676175925068335e+00
-5.416277652468895809e+00 -1.224269120221359941e+01 -4.419362066666380429e+00
-4.376548844101242786e+00 -9.393160094798703952e+00 -3.575999310179936330e+00
-3.262781772280306303e+00 -5.992355515670913846e+00 -2.499493940189188024e+00
-2.099129837895413075e+00 -2.029298781554385034e+00 -1.197383991684134230e+00
-9.279332817055830906e-01 2.516686922164180995e+00 3.076088990573058179e-01
2.036003257503757879e-01 7.664730994917910323e+00 1.993694521186826885e+00
1.248390346732627387e+00 1.342879935716322848e+01 3.844965007654770339e+00
2.163179967871119214e+00 1.981651831232192862e+01 5.853360530935285411e+00
2.912791537905988548e+00 2.682867136834279975e+01 8.020094477344056116e+00
3.474763207159832668e+00 3.445938674947552016e+01 1.035648214348806562e+01
3.844136233616773701e+00 4.269692299159018489e+01 1.288419516121775388e+01
4.038146908415809477e+00 5.152484126009809273e+01 1.563505755924762397e+01
