2.116662786276697261e+01 -2.243757053746865182e+01 -4.453093694464589802e+00
1.926332684754663305e+01 -2.119939062567008747e+01 -3.716548416449044989e+00
1.745832502995658331e+01 -1.999702071539566361e+01 -3.030450659785688394e+00
1.575162240999681806e+01 -1.883046080664537669e+01 -2.394800424474518241e+00
1.414321898766733376e+01 -1.769971089941922671e+01 -1.809597710515534086e+00
1.263311476296814817e+01 -1.660477099371722076e+01 -1.274842517908738371e+00
1.122130973589924174e+01 -1.554564108953934465e+01 -7.905348466541293195e-01
9.907803906460619814e+00 -1.452232118688560192e+01 -3.566746967517063771e-01
8.692597274652285932e+00 -1.353481128575600501e+01 2.673793179852923529e-02
7.575689840474244541e+00 -1.258311138615054681e+01 3.597030389965769626e-01
6.557081603926485869e+00 -1.166722148806922554e+01 6.422206248424388031e-01
5.636772565009017910e+00 -1.078714159151204299e+01 8.742906893361123144e-01
4.814762723721832671e+00 -9.942871696478995602e+00 1.055913232477599939e+00
4.091052080064933705e+00 -9.134411802970088701e+00 1.187088254266900123e+00
3.465640634038322787e+00 -8.361761910985316959e+00 1.267815754704013642e+00
2.938528385642000806e+00 -7.624922020524687483e+00 1.298095733788940054e+00
2.509715334875962434e+00 -6.923892131588190502e+00 1.277928191521679135e+00
2.179201481740212998e+00 -6.258672244175834010e+00 1.207313127902231109e+00
1.946986826234750501e+00 -5.629262358287617118e+00 1.086250542930597085e+00
1.813071368359574498e+00 -5.035662473923536275e+00 9.147404366067743986e-01
1.777455108114684545e+00 -4.477872591083594145e+00 6.927828089307661585e-01
1.840138045500082420e+00 -3.955892709767790283e+00 4.203776599025705885e-01
2.001120180515766123e+00 -3.469722829976124245e+00 9.752498952218768835e-02
2.260401513161737430e+00 -3.019362951708594700e+00 -2.757752022103825418e-01
2.617982043437994566e+00 -2.604813074965204311e+00 -6.995229152951387697e-01
3.073861771344539751e+00 -2.226073199745951747e+00 -1.173718149732082772e+00
3.358332048100548750e+00 -1.827493932702455748e+00 -1.542983828856740347e+00
3.201683421130044227e+00 -1.353425714638065935e+00 -1.651942412944435112e+00
2.603915890432875191e+00 -8.038685455527510015e-01 -1.500593901995080248e+00
1.565029456009047859e+00 -1.788224254465144991e-01 -1.088938296008678197e+00
8.502411785855024107e-02 5.217126456806503443e-01 -4.169755949852258503e-01
-1.836100124018611446e+00 1.297736667828739865e+00 5.152942010752772362e-01
-4.198343269622437646e+00 2.149249640997754618e+00 1.707871092172828842e+00
-7.001705318952929247e+00 3.076251565187694936e+00 3.160755078307431631e+00
-1.024618627201008536e+01 4.078742440398559488e+00 4.873946159479082496e+00
-1.393178612879388822e+01 5.156722266630344720e+00 6.847444335687772998e+00
-1.731948722904493110e+01 5.995366122238537265e+00 8.730491462849000683e+00
-1.967026926956769017e+01 6.279847959675690205e+00 1.017232814246795414e+01
-2.098413225036157570e+01 6.010167778941553962e+00 1.117295437454435003e+01
-2.126107617142658412e+01 5.186325580036125871e+00 1.173237015907819369e+01
-2.050110103276272611e+01 3.808321362959412149e+00 1.185057549606948513e+01
-1.870420683436999809e+01 1.876155127711416348e+00 1.152757038551821900e+01
-1.587039357624838942e+01 -6.101731257078775172e-01 1.076335482742440242e+01
-1.199966125839790543e+01 -3.650663397298461454e+00 9.557928821788026497e+00
-7.092009880818556766e+00 -7.245315687060335463e+00 7.911292368609101899e+00
-1.147439443510325674e+00 -1.139412999499349510e+01 5.823445467887616189e+00
4.786645250486202485e+00 -1.539368776446359988e+01 3.674132763170493643e+00
9.662838149526130849e+00 -1.854056960029567236e+01 1.843099350695712957e+00
1.348113925360943455e+01 -2.083477550248971610e+01 3.303452304632893410e-01
1.624154856273607805e+01 -2.227630547104569914e+01 -8.641295975267683227e-01
1.794406607690605782e+01 -2.286515950596362146e+01 -1.740325133274458258e+00
1.858869179611937028e+01 -2.260133760724347596e+01 -2.298241376779779799e+00
1.817542572037602966e+01 -2.148483977488526975e+01 -2.537878328042734388e+00
1.670426784967602885e+01 -1.951566600888900993e+01 -2.459235987063322249e+00
1.417521818401935896e+01 -1.669381630925468230e+01 -2.062314353841542491e+00
1.058827672340603243e+01 -1.301929067598230105e+01 -1.347113428377395561e+00
6.690451439037691905e+00 -9.165127331809873823e+00 -5.139796206547497803e-01
3.228753864132893447e+00 -5.804367708776563717e+00 2.367397040149709087e-01
2.031839986926248232e-01 -2.937011806883255804e+00 9.050445456314977211e-01
-2.386258157283074777e+00 -5.630596261299881666e-01 1.490934904194822330e+00
-4.539572603794204575e+00 1.317488833483238864e+00 1.994410779704944847e+00
-6.256759340840766015e+00 2.704633571956426064e+00 2.415472172161864606e+00
-7.537818368422759541e+00 3.598374589289574654e+00 2.754119081565583382e+00
-8.382749686540179823e+00 3.998711885482678863e+00 3.010351507916098068e+00
-8.791553295193034856e+00 3.905645460535744906e+00 3.184169451213411328e+00
-8.764229194381318422e+00 3.319175314448771008e+00 3.275572911457522274e+00
-8.497436482323905693e+00 2.527676043092412339e+00 3.334091069317427269e+00
-8.187834726111839601e+00 1.819522929876447259e+00 3.409253223548977196e+00
-7.835423925745192086e+00 1.194715974800979907e+00 3.501059374152190706e+00
-7.440204081223967592e+00 6.532551778660146136e-01 3.609509521127066911e+00
-7.002175192548159899e+00 1.951405390715403310e-01 3.734603664473607143e+00
-6.521337259717769896e+00 -1.796279415824368619e-01 3.876341804191810514e+00
-5.997690282732799361e+00 -4.710502640959173259e-01 4.034723940281678800e+00
-5.431234261593247403e+00 -6.791264284689004782e-01 4.209750072743210225e+00
-4.821969196299114913e+00 -8.038564347013865685e-01 4.401420201576404345e+00
-4.169895086850399224e+00 -8.452402827933753748e-01 4.609734326781262048e+00
-3.355982177732677485e+00 -8.617092723277133270e-01 4.674336468267013878e+00
-2.261200713431523290e+00 -9.116947028872455228e-01 4.434870645942889489e+00
-8.855506939469364180e-01 -9.951965744719724061e-01 3.891336859808889770e+00
7.709678807210837981e-01 -1.112214887081893977e+00 3.043735109865013388e+00
2.708355010572535804e+00 -1.262749640717010235e+00 1.892065396111262121e+00
4.926610695607419821e+00 -1.446800835377320738e+00 4.363277185476341913e-01
7.425734935825708760e+00 -1.664368471062823929e+00 -1.323477922825848196e+00
1.020572773122745502e+01 -1.915452547773523584e+00 -3.387351528009222346e+00
1.326658908181263641e+01 -2.200053065509417927e+00 -5.755293097002475378e+00
1.660831898758104685e+01 -2.518170024270483864e+00 -8.427302629805437206e+00
1.966879627562156330e+01 -2.807511494121087914e+00 -1.094058760290649346e+01
2.188590111322217524e+01 -3.005785693640881107e+00 -1.283235659617557012e+01
2.325963350038288269e+01 -3.112992622829866107e+00 -1.410260960961266719e+01
2.378999343710367498e+01 -3.129132281688042028e+00 -1.475134664321778466e+01
2.347698092338456277e+01 -3.054204670215407535e+00 -1.477856769699092254e+01
2.232059595922554607e+01 -2.888209788411965739e+00 -1.418427277093208261e+01
2.032083854462662131e+01 -2.631147636277713975e+00 -1.296846186504126486e+01
1.747770867958778496e+01 -2.283018213812652242e+00 -1.113113497931846219e+01
1.379120636410909206e+01 -1.843821521016788534e+00 -8.672292113763720778e+00
9.261331598191434367e+00 -1.313557557890229877e+00 -5.591933268377653476e+00
4.583102855442642287e+00 -7.767506890932768249e-01 -2.374053765522121662e+00
4.515352953750174092e-01 -3.179248762439671472e-01 4.973533803030308897e-01
-3.133371082011430886e+00 6.291988065769912875e-02 3.022288169097800292e+00
-6.171616276716711091e+00 3.657835816117221417e-01 5.200750600862189543e+00
-8.663200288740814159e+00 5.906662266181013088e-01 7.032740675596194535e+00
-1.060812311808374631e+01 7.375678156768372684e-01 8.518258393299817044e+00
-1.200638476474550487e+01 8.064883487879297430e-01 9.657303753973057070e+00
-1.285798522872609340e+01 7.974278259513787326e-01 1.044987675761591639e+01
-1.316292451002550479e+01 7.103862471671845702e-01 1.089597740422839323e+01
-1.292120260864374615e+01 5.453636124353468118e-01 1.099560569381048580e+01
-1.237461389749234542e+01 3.536783221649096309e-01 1.085069579971577092e+01
-1.176495390244996564e+01 1.866490214704833173e-01 1.056318238135855658e+01
-1.109222262351694610e+01 4.427571035214066669e-02 1.013306543873898491e+01
-1.035642006069329391e+01 -7.344161119011846650e-02 9.560344971857061225e+00
-9.557546213979003724e+00 -1.665029431562938256e-01 8.845020980712778425e+00
-8.695601083374075557e+00 -2.349082855463855424e-01 7.987093465306144502e+00
-7.770584668878511181e+00 -2.786576383603936446e-01 6.986562425637151463e+00
-6.782496970492331911e+00 -2.977510015983178548e-01 5.843427861705833060e+00
-5.731337988215496893e+00 -2.921883752601592277e-01 4.557689773512135112e+00
-4.617107722048023888e+00 -2.619697593459168194e-01 3.129348161056082045e+00
-3.599586260584031638e+00 -2.076640982433423654e-01 1.712746787306114182e+00
-2.838555978100359312e+00 -1.298403444790384442e-01 4.622316231457864188e-01
-2.334016874599051494e+00 -2.849849805301239714e-02 -6.221973314229276575e-01
-2.085968950080107742e+00 9.636144103473581746e-02 -1.540540076400026992e+00
-2.094412204543528944e+00 2.447394727842061857e-01 -2.292796611785512972e+00
-2.359346637989314210e+00 4.166355971953985549e-01 -2.878966937579384044e+00
-2.880772250417464875e+00 6.120498142683133969e-01 -3.299051053781641318e+00
-3.658689041827979160e+00 8.309821240029502398e-01 -3.553048960392285238e+00
-4.693097012220858844e+00 1.073432526399309195e+00 -3.640960657411314472e+00
-5.983996161596101260e+00 1.339401021457390151e+00 -3.562786144838728575e+00
-7.166902394685908284e+00 1.577656797857383442e+00 -3.435977468034661086e+00
-7.877331616222473798e+00 1.736969044279477847e+00 -3.377986672359242437e+00
-8.115283826205798690e+00 1.817337760723673590e+00 -3.388813757812473071e+00
-7.880759024635882959e+00 1.818762947189971335e+00 -3.468458724394352988e+00
-7.173757211512727494e+00 1.741244603678369973e+00 -3.616921572104882632e+00
-5.994278386836331407e+00 1.584782730188870836e+00 -3.834202300944061115e+00
-4.342322550606695586e+00 1.349377326721473036e+00 -4.120300910911889325e+00
-2.217889702823823583e+00 1.035028393276176573e+00 -4.475217402008367706e+00
3.790201565122934824e-01 6.417359298529821121e-01 -4.898951774233494483e+00
3.448407027396428681e+00 1.694999364529874986e-01 -5.391504027586455194e+00
6.582137985105281253e+00 -2.957480907782090163e-01 -5.889185814331519886e+00
9.372085943246466044e+00 -6.680778849428387067e-01 -6.328309697793120137e+00
1.181825090181993332e+01 -9.474894460408956887e-01 -6.708875677971247953e+00
1.392063286082578699e+01 -1.133982774072392452e+00 -7.030883754865921986e+00
1.567923182026397200e+01 -1.227557869037321225e+00 -7.294333928477131579e+00
1.709404778013448833e+01 -1.228214730935683008e+00 -7.499226198804877619e+00
1.816508074043733245e+01 -1.135953359767476467e+00 -7.645560565849157442e+00
1.889233070117251145e+01 -9.507737555327031576e-01 -7.733337029609975488e+00
1.927579766234002179e+01 -6.726759182313621910e-01 -7.762555590087328206e+00
1.931548162393964319e+01 -3.016598478636121072e-01 -7.733216247280950029e+00
1.886001984845036006e+01 5.083913802792022762e-02 -7.457385844352402593e+00
1.775805032010254436e+01 2.733862532638661191e-01 -6.747132120595427551e+00
1.600957303889618899e+01 3.659814978442252342e-01 -5.602455076010024904e+00
1.361458800483130460e+01 3.286248717689973509e-01 -4.023354710596196426e+00
1.057309521790788942e+01 1.613163750381828576e-01 -2.009831024353943008e+00
6.885094678125939893e+00 -1.359439923482184120e-01 4.381159827167389054e-01
2.550586385485457797e+00 -5.631562303902064581e-01 3.320486310615846648e+00
-2.430429660013555093e+00 -1.120320339087781170e+00 6.637279959343382885e+00
-8.057953458371102329e+00 -1.807436318440942769e+00 1.038849692889934317e+01
-1.433198500958718036e+01 -2.624504168449691033e+00 1.457413721928373107e+01
-2.012315545666604066e+01 -3.405467299813169646e+00 1.837654924752129304e+01
-2.430209055735356571e+01 -3.984268331409823727e+00 2.097807753176441992e+01
-2.686879031164814791e+01 -4.360907263239417020e+00 2.237872207201194286e+01
-2.782325471954979790e+01 -4.535384095301951746e+00 2.257848286826387252e+01
-2.716548378105849437e+01 -4.507698827597424795e+00 2.157735992052018759e+01
-2.489547749617426220e+01 -4.277851460125837058e+00 1.937535322878090938e+01
-2.101323586489707651e+01 -3.845841992887189420e+00 1.597246279304602723e+01
-1.551875888722709540e+01 -3.211670425881496094e+00 1.136868861331565483e+01
-8.412046563164071955e+00 -2.375336759108733098e+00 5.564030689589596790e+00
3.069011072918925720e-01 -1.336840992568907982e+00 -1.441510978132061638e+00
8.977754732790398151e+00 -2.894539379815206925e-01 -8.370372119512779818e+00
1.594016117067233473e+01 5.735508281604273506e-01 -1.394497018843078351e+01
2.119412042091646597e+01 1.252173305854463736e+00 -1.816530518486973023e+01
2.473963248352280075e+01 1.746413495100588964e+00 -2.103137710882963063e+01
2.657669735849134440e+01 2.056271395898802812e+00 -2.254318596031048116e+01
2.670531504582207560e+01 2.181747008249104613e+00 -2.270073173931227117e+01
2.512548554551501212e+01 2.122840332151495701e+00 -2.150401444583501132e+01
2.183720885757015395e+01 1.879551367605975187e+00 -1.895303407987870514e+01
1.684048498198748689e+01 1.451880114612542849e+00 -1.504779064144333489e+01
1.013531391876702159e+01 8.398265731711989091e-01 -9.788284130528912996e+00
3.220201961808402125e+00 1.964693452388034944e-01 -4.336914633468331282e+00
-2.406344594988729213e+00 -3.251129672277839333e-01 1.439177634055250343e-01
-6.744325751624359988e+00 -7.249203642285629856e-01 3.654213060092649901e+00
-9.793741508098506188e+00 -1.002952845763533940e+00 6.193971256593050256e+00
-1.155459186441115982e+01 -1.159210411832697352e+00 7.763192352906720828e+00
-1.202687682056231822e+01 -1.193693062436051999e+00 8.361876349033664724e+00
-1.121059637655198848e+01 -1.106400797573598993e+00 7.990023244973881056e+00
-9.105750532380168849e+00 -8.973336172453378889e-01 6.647633040727369824e+00
-5.712339288046853980e+00 -5.664915214512687980e-01 4.334705736294132805e+00
-1.030362643565184477e+00 -1.138745101926330050e-01 1.051241331683975933e+00
3.913166035066927950e+00 3.634262583295148619e-01 -2.435609410042592238e+00
8.091248073251170680e+00 7.683210148006248685e-01 -5.358706699896860215e+00
1.150388347098746422e+01 1.100809759220689354e+00 -7.718050537878780482e+00
1.415107222827597688e+01 1.360892491589724473e+00 -9.513640923988463172e+00
1.603281434511660919e+01 1.548569211907721010e+00 -1.074547785822584700e+01
1.714910982150936647e+01 1.663839920174679410e+00 -1.141356134059092930e+01
1.749995865745425405e+01 1.706704616390599005e+00 -1.151789137108371186e+01
1.708536085295126483e+01 1.677163300555480463e+00 -1.105846794970419467e+01
1.590531640800040591e+01 1.575215972669323783e+00 -1.003529107645237950e+01
1.395982532260206277e+01 1.400862632732160495e+00 -8.448360751328666041e+00
1.152779392124517344e+01 1.176651279490659174e+00 -6.579355995550843161e+00
8.888127198494034431e+00 9.251298041746033318e-01 -4.709954487190870509e+00
6.040825154348647530e+00 6.462982067839931899e-01 -2.840156226248748972e+00
2.985887788809011401e+00 3.401564873188286375e-01 -9.699612127244769955e-01
-2.766848981248735129e-01 6.704645779110118831e-03 9.006305533819429776e-01
-3.746892906452928163e+00 -3.540573178351545947e-01 2.771619072070471201e+00
-7.424736236175389692e+00 -7.421294035239901499e-01 4.643004343341232243e+00
-1.131021488729193258e+01 -1.157511611287362019e+00 6.514786367194059125e+00
-1.540332885980289923e+01 -1.600203941125307283e+00 8.386965143629119268e+00
-1.970407815369177840e+01 -2.070206393036002179e+00 1.025954067263992187e+01
-2.350193010997903897e+01 -2.489030650646943954e+00 1.185437711486137147e+01
-2.608636562184171837e+01 -2.778189894611752475e+00 1.289334393587864369e+01
-2.745738468928003329e+01 -2.937684124930452167e+00 1.337644113569182558e+01
-2.761498731229386649e+01 -2.967513341603030153e+00 1.330366871430087627e+01
-2.655917349088323576e+01 -2.867677544629487763e+00 1.267502667170578867e+01
-2.428994322504823344e+01 -2.638176734009835211e+00 1.149051500790662139e+01
-2.080729651478864994e+01 -2.279010909744050739e+00 9.750133722903264299e+00
-1.611123336010479790e+01 -1.790180071832167430e+00 7.453882816695874602e+00
-1.020175376099627407e+01 -1.171684220274141097e+00 4.601762289284250684e+00
-3.078857717471739530e+00 -4.235233550708823458e-01 1.193772140672210158e+00
3.822462901930349766e+00 3.038896491527020571e-01 -2.142100599742762235e+00
9.067229913729565993e+00 8.601433522111316954e-01 -4.777874891474373165e+00
1.265544331792635724e+01 1.245237754104455696e+00 -6.713550734522851116e+00
1.458710311452041886e+01 1.459172854832639477e+00 -7.949128128888027334e+00
1.486220930351192493e+01 1.501948654395702576e+00 -8.484607074570012841e+00
1.348076188490083815e+01 1.373565152793640998e+00 -8.319987571568757900e+00
1.044276085868703774e+01 1.074022350026442973e+00 -7.455269619884244747e+00
5.748206224870806125e+00 6.033202460941360368e-01 -5.890453219516556871e+00
-6.029020165482847915e-01 -3.854115900332200084e-02 -3.625538370465552163e+00
-8.610563865569666575e+00 -8.515618652658751841e-01 -6.605250727314295744e-01
-1.645776343786863194e+01 -1.648199156014913402e+00 2.310716766632050945e+00
-2.232748484912043097e+01 -2.240910314571825435e+00 4.594317240571137440e+00
-2.621972809932454496e+01 -2.629695340936557102e+00 6.190276349085622520e+00
-2.813449318848132208e+01 -2.814554235109145708e+00 7.098594092175653181e+00
-2.807178011659059536e+01 -2.795486997089572156e+00 7.319270469841145044e+00
-2.603158888365235057e+01 -2.572493626877836004e+00 6.852305482082117649e+00
-2.201391948966679024e+01 -2.145574124473957234e+00 5.697699128898616294e+00
-1.601877193463352356e+01 -1.514728489877897877e+00 3.855451410290536174e+00
-8.046146218553097640e+00 -6.799567230897127779e-01 1.325562326258035384e+00
1.903957658575180290e+00 3.587411758906706716e-01 -1.891968123199101015e+00
1.187790997958671468e+01 1.398214774241191449e+00 -5.135853016905032042e+00
1.992206239599817152e+01 2.235311701740685830e+00 -7.744799127142124817e+00
2.603641490779772383e+01 2.870031958387923687e+00 -9.718806453906385201e+00
3.022096751498592937e+01 3.302375544182963196e+00 -1.105787499719800060e+01
3.247572021756241156e+01 3.532342459125765721e+00 -1.176200475701684134e+01
3.280067301552737291e+01 3.559932703216351690e+00 -1.183119573336297314e+01
3.119582590888077434e+01 3.385146276454716219e+00 -1.126544792623639069e+01
2.766117889762247728e+01 3.007983178840847316e+00 -1.006476133563704067e+01
2.219673198175280859e+01 2.428443410374776068e+00 -8.229135961565035018e+00
1.480248516127126912e+01 1.646526971056452071e+00 -5.758571804020203189e+00
6.926711179401984886e+00 8.199042050506449852e-01 -3.154101930443967916e+00
1.771040314277061434e-02 1.062484638630639411e-01 -9.167689647816144038e-01
-5.924517167472822976e+00 -4.944402525026425077e-01 9.534270929552611795e-01
-1.089997153244533479e+01 -9.821619440465283457e-01 2.456486242766828365e+00
-1.490865269177431252e+01 -1.356916610768549303e+00 3.592408484652950929e+00
-1.795056064546000840e+01 -1.618704252668730525e+00 4.361193818613704920e+00
-2.002569539350248462e+01 -1.767524869747074900e+00 4.762842244649099221e+00
-2.113405693590155821e+01 -1.803378462003570437e+00 4.797353762759098750e+00
-2.127564527265733219e+01 -1.726265029438220022e+00 4.464728372943707058e+00
-2.045046040377960495e+01 -1.536184572052364805e+00 3.764966075207834884e+00
-1.909016699254535965e+01 -1.291844065119897911e+00 2.912739130319824454e+00
-1.762642146898966544e+01 -1.051949364182741542e+00 2.122715704553415073e+00
-1.605922383311239798e+01 -8.165004692408752707e-01 1.394895797908536350e+00
-1.438857408491369583e+01 -5.854973802943196359e-01 7.292794103852522358e-01
-1.261447222439340976e+01 -3.589400973430538766e-01 1.258665419835041654e-01
-1.073691825155169433e+01 -1.368286203870985318e-01 -4.153428072966540707e-01
-8.755912166388389650e+00 8.083705057356638246e-02 -8.943486374552709339e-01
-6.671453968903668041e+00 2.940569155389214373e-01 -1.311150948492304069e+00
-4.483543659097342982e+00 5.028309745089855065e-01 -1.665749740407789670e+00
-2.192181236970531799e+00 7.071592274836615566e-01 -1.958145013201743279e+00
4.023482109053273803e-02 8.931834021802167456e-01 -2.196448318622248763e+00
2.051307587441633551e+00 1.047045358477802557e+00 -2.388771131060065667e+00
3.841037062082948594e+00 1.168745096376431647e+00 -2.535113450515208644e+00
5.409423245014318482e+00 1.258282615876094024e+00 -2.635475276987666593e+00
6.756466136235884434e+00 1.315657916976797459e+00 -2.689856610477449728e+00
7.882165735747524771e+00 1.340870999678536624e+00 -2.698257450984550943e+00
8.786522043549339855e+00 1.333921863981313960e+00 -2.660677798508971126e+00
9.469535059641250641e+00 1.294810509885130356e+00 -2.577117653050714274e+00
9.931204784023318410e+00 1.223536937389981594e+00 -2.447577014609773727e+00
1.017153121669549876e+01 1.120101146495874556e+00 -2.272055883186159253e+00
1.012651444455608107e+01 1.007345308504982162e+00 -2.077629968673439187e+00
9.732154554503297916e+00 9.081115947194755567e-01 -1.891374980965177199e+00
8.988451546537186587e+00 8.224000051393638433e-01 -1.713290920061389722e+00
7.895405420657683138e+00 7.502105397646394724e-01 -1.543377785962060766e+00
6.453016176864881714e+00 6.915431985953085503e-01 -1.381635578667205655e+00
4.661283815158655308e+00 6.463979816313659699e-01 -1.228064298176809732e+00
2.520208335539162903e+00 6.147748888728160610e-01 -1.082663944490887209e+00
2.978973800621442791e-02 5.966739203196556041e-01 -9.454345176094245407e-01
-2.809971977439969848e+00 5.920950759718861534e-01 -8.163760175324340507e-01
-5.999076810799639503e+00 6.010383558295078199e-01 -6.954884442599047478e-01
-8.949190445176238740e+00 6.143298370176610845e-01 -5.916830928216197938e-01
-1.107197295286372807e+01 6.227955091718816449e-01 -5.138713432323289698e-01
-1.236742433385856899e+01 6.264353722921165435e-01 -4.620531954920898410e-01
-1.283554458816088406e+01 6.252494263783663353e-01 -4.362286496008976888e-01
-1.247633371577062533e+01 6.192376714306307983e-01 -4.363977055587549003e-01
-1.128979171668776615e+01 6.084001074489095995e-01 -4.625603633656614200e-01
-9.275918590912404227e+00 5.927367344332036270e-01 -5.147166230216149163e-01
-6.434714338444370796e+00 5.722475523835115485e-01 -5.928664845266200523e-01
-2.766178959283910999e+00 5.469325612998350294e-01 -6.970099478806700555e-01
1.729687546569298462e+00 5.167917611821719603e-01 -8.271470130837739188e-01
6.177697978899806763e+00 4.858911482709409868e-01 -9.540481334321563311e-01
9.702648444522344207e+00 4.582967963597413541e-01 -1.048483204709381722e+00
1.230453894341669674e+01 4.340087054486678753e-01 -1.110452226914777629e+00
1.398336947558309973e+01 4.130268755377184409e-01 -1.139955200048349049e+00
1.473914004102139330e+01 3.953513066268948273e-01 -1.136992124110092872e+00
1.457185063973168404e+01 3.809819987161962018e-01 -1.101562999100012208e+00
1.348150127171389556e+01 3.699189518056218984e-01 -1.033667825018102393e+00
1.146809193696813090e+01 3.621621658951731937e-01 -9.333066018643700890e-01
8.531622635494205298e+00 3.577116409848491996e-01 -8.004793296388060808e-01
4.672093367312831091e+00 3.565673770745555471e-01 -6.351860083421754233e-01
7.888654344665223528e-01 3.545580359014435246e-01 -4.705492714857529291e-01
-2.218717014732102477e+00 3.475123587635848277e-01 -3.396911208250286696e-01
-4.350653980283309963e+00 3.354303456609787903e-01 -2.426115563599913483e-01
-5.606945462186911477e+00 3.183119965936265783e-01 -1.793105780906492919e-01
-5.987591460443016267e+00 2.961573115615266372e-01 -1.497881860169970047e-01
-5.492591975051590580e+00 2.689662905646808544e-01 -1.540443801390371514e-01
-4.121947006012590009e+00 2.367389336030868985e-01 -1.920791604567700928e-01
-1.875656553326143339e+00 1.994752406767476560e-01 -2.638925269701922760e-01
1.246279383007955488e+00 1.571752117856597686e-01 -3.694844796793102515e-01
5.243860802984183778e+00 1.098388469298523656e-01 -5.088550185838618400e-01
9.194176308479125481e+00 6.193688895658533422e-02 -6.375168325345901277e-01
1.217432330287999243e+01 1.794003807707984788e-02 -7.109830346434962145e-01
1.418430178618702442e+01 -2.215170570866793059e-02 -7.292536249105859847e-01
1.522411175840005626e+01 -5.833834240065446236e-02 -6.923286033358583280e-01
1.529375321951918743e+01 -9.061987199888296707e-02 -6.002079699193099138e-01
1.439322616954439837e+01 -1.189962945033505859e-01 -4.528917246609486802e-01
1.252253060847561628e+01 -1.434676099140597960e-01 -2.503798675607616930e-01
9.681666536313002780e+00 -1.640338182310084880e-01 7.327601381232784483e-03
5.870633953056314525e+00 -1.806949194541984105e-01 3.202306821650583446e-01
1.089432858705876583e+00 -1.934509135836281479e-01 6.883293747906864546e-01
-3.774209375066624794e+00 -1.855233053354640171e-01 1.006034661990605983e+00
-7.832565376589531780e+00 -1.401335994258686157e-01 1.167757526497296583e+00
-1.108563514586247933e+01 -5.728179585484602376e-02 1.173497968310743156e+00
-1.353341868288576144e+01 6.303210537761116949e-02 1.023255987430947478e+00
-1.517591598765916139e+01 2.208081042714922504e-01 7.170315838579217615e-01
-1.601312706018281773e+01 4.160462008268110967e-01 2.548247575916393615e-01
-1.604505190045666652e+01 6.487463950435508053e-01 -3.633644913678588662e-01
-1.527169050848070064e+01 9.189086869217314435e-01 -1.137536163020627766e+00
-1.369304288425499116e+01 1.226533076461329363e+00 -2.067690257366598949e+00
-1.130910902777940663e+01 1.571619563662371766e+00 -3.153826774405853683e+00
-8.670151745373352981e+00 1.866105457501564535e+00 -4.086949009771347896e+00
-6.326439091086538014e+00 2.021927227121895321e+00 -4.558057312265203720e+00
-4.277971064922290623e+00 2.039084872522848979e+00 -4.567151681885625258e+00
-2.524747666880431840e+00 1.917578393704428841e+00 -4.114232118632612512e+00
-1.066768896961116875e+00 1.657407790666644232e+00 -3.199298622506205891e+00
9.596524483578358633e-02 1.258573063409472947e+00 -1.822351193506325018e+00
9.634547585101657097e-01 7.210742119329491828e-01 1.661016836690976106e-02
1.535699644062106906e+00 4.491123623702719669e-02 2.317585463113658761e+00
1.812699901491557464e+00 -7.699158636782352794e-01 5.080574690733722143e+00
1.794455530798540588e+00 -1.723407087812909078e+00 8.305577851227340602e+00
1.672764335349793630e+00 -2.541304540787904465e+00 1.126410793909222896e+01
1.639427776786629876e+00 -2.949345096138886735e+00 1.322766405395687705e+01
1.694445855113413169e+00 -2.947528753859582906e+00 1.419624619580453917e+01
1.837818570330148393e+00 -2.535855513949994311e+00 1.416985436463531656e+01
2.069545922436822671e+00 -1.714325376410156032e+00 1.314848856044919501e+01
2.389627911433441110e+00 -4.829383412400591880e-01 1.113214878324620472e+01
2.798064537320022360e+00 1.158305591560379710e+00 8.120835033026184036e+00
3.294855800096531340e+00 3.209406421991010561e+00 4.114547309789411855e+00
3.880001699763012901e+00 5.670364150052018992e+00 -8.867143864644830842e-01
4.553502236319851626e+00 8.541178775729013850e+00 -6.882950055708475290e+00
5.334650711235291887e+00 1.119853255134656855e+01 -1.270566819062233677e+01
6.242740057991751357e+00 1.301911961791541472e+01 -1.718639957079933822e+01
7.277770276589309972e+00 1.400293997543572289e+01 -2.032514419623988999e+01
8.439741367027876251e+00 1.414999362390739357e+01 -2.212190206694370431e+01
9.728653329307551445e+00 1.346028056333045164e+01 -2.257667318291093039e+01
1.114450616342822542e+01 1.193380079370495572e+01 -2.168945754414154692e+01
1.268729986939001897e+01 9.570554315030758374e+00 -1.946025515063545797e+01
1.435703444719279886e+01 6.370541127308086971e+00 -1.588906600239288203e+01
1.615370989683670899e+01 2.333761230536648412e+00 -1.097589009941348515e+01
1.807732621831969766e+01 -2.539785375278123425e+00 -4.720727441704854144e+00
1.979398655602395252e+01 -7.356489442653436406e+00 1.618673465321027960e+00
2.096979723859904254e+01 -1.122275024617171368e+01 6.784576110996962228e+00
2.160475826604506011e+01 -1.413856778583328655e+01 1.077698049532339830e+01
2.169886963836195903e+01 -1.610394206163790543e+01 1.359588661829998557e+01
2.125213135554974997e+01 -1.711887307358574262e+01 1.524129447992697983e+01
2.026454341760846845e+01 -1.718336082167671108e+01 1.571320408020422832e+01
1.873610582453802209e+01 -1.629740530591080372e+01 1.501161541913176656e+01
1.666681857633855302e+01 -1.446100652628811822e+01 1.313652849670967626e+01
1.405668167300987648e+01 -1.167416448280847696e+01 1.008794331293777269e+01
1.090569511455222163e+01 -7.936879175472133063e+00 5.865859867816331175e+00
7.879446002191849985e+00 -4.025875155439464947e+00 1.303235246212036014e+00
5.643521437155040843e+00 -7.178769738708212778e-01 -2.766973467008498666e+00
4.197921419441994928e+00 1.987115369233501294e+00 -6.344766271844906491e+00
3.542645949052581233e+00 4.089101873873747017e+00 -9.430143168297513867e+00
3.677695025986859712e+00 5.588082540049726710e+00 -1.202310415636603480e+01
4.603068650244841464e+00 6.484057367761573154e+00 -1.412364923605070999e+01
6.318766821826446112e+00 6.777026357009209079e+00 -1.573177840735134936e+01
8.824789540731824644e+00 6.466989507792660241e+00 -1.684749167026809502e+01
1.212113680696075413e+01 5.553946820111950622e+00 -1.747078902480084395e+01
1.620780862051352500e+01 4.037898293967004726e+00 -1.760167047094966009e+01
2.014593267984210456e+01 2.334157204373518812e+00 -1.731201827222208678e+01
2.299662772958841117e+01 8.580407870947767135e-01 -1.667371537765039236e+01
2.475989376974685996e+01 -3.904509578667322289e-01 -1.568676178723503511e+01
2.543573080031761435e+01 -1.411318030511119481e+00 -1.435115750097594045e+01
2.502413882130060685e+01 -2.204560430838292895e+00 -1.266690251887321850e+01
2.352511783269580903e+01 -2.770178158848322969e+00 -1.063399684092672004e+01
2.093866783450334168e+01 -3.108171214541159966e+00 -8.252440467136628044e+00
1.726478882672297743e+01 -3.218539597916834083e+00 -5.522233397502732011e+00
1.250348080935505379e+01 -3.101283308975334663e+00 -2.443375632025268196e+00
6.654743782399140883e+00 -2.756402347716652379e+00 9.841328292960316304e-01
6.779129389585877297e-01 -2.315629454397494680e+00 4.323275429223458310e+00
-4.467658229888517241e+00 -1.910699881892099494e+00 7.137027275040877861e+00
-8.781969724119916165e+00 -1.541613630203497731e+00 9.425388366738104651e+00
-1.226502154373599396e+01 -1.208370699331656972e+00 1.118835870431534829e+01
-1.491681368873643088e+01 -9.109710892766064161e-01 1.242593828777244092e+01
-1.673734615912140455e+01 -6.494148000383308528e-01 1.313812711710948378e+01
-1.772661895489091322e+01 -4.237018316168299492e-01 1.332492519232646622e+01
-1.788463207604493732e+01 -2.338321840120887729e-01 1.298633251342334383e+01
-1.721138552258345200e+01 -7.980585722414076932e-02 1.212234908040017167e+01
-1.570687929451428566e+01 3.837714874700064865e-02 1.073297489326302667e+01
-1.371365197613646281e+01 1.193166413528578967e-01 9.085654242298899064e+00
-1.157423561842949056e+01 1.616124547511588738e-01 7.447826316766533949e+00
-9.288630221393750830e+00 1.652645889418960234e-01 5.819491116666223540e+00
-6.856835785029057106e+00 1.302730439250748551e-01 4.200648641997819510e+00
-4.278852309335415605e+00 5.663781970069536875e-02 2.591298892761323192e+00
-1.554679794312570529e+00 -5.564108373125420393e-02 9.914418689565933640e-01
1.315681760038992287e+00 -2.065636663707539067e-01 -5.989224294160875317e-01
4.332232353719504658e+00 -3.961299282178118442e-01 -2.179794002356859828e+00
7.494971986728970137e+00 -6.243398692724282384e-01 -3.751172849865725745e+00
1.080390065898359708e+01 -8.911934895248467825e-01 -5.313058971909527806e+00
1.384807949041445063e+01 -1.148889049344819613e+00 -6.702750782435601629e+00
1.621659311413986515e+01 -1.349627544232060217e+00 -7.757556004884925471e+00
1.790944153015984952e+01 -1.493408974186568372e+00 -8.477474639257497557e+00
1.892662473847445881e+01 -1.580233339208349408e+00 -8.862506685553340091e+00
1.926814273908351893e+01 -1.610100639297387559e+00 -8.912652143772383795e+00
1.893399553198714003e+01 -1.583010874453693484e+00 -8.627911013914674854e+00
1.792418311718532919e+01 -1.498964044677267182e+00 -8.008283295980218597e+00
1.623870549467790170e+01 -1.357960149968093111e+00 -7.053768989968910219e+00
1.387756266446516307e+01 -1.159999190326196805e+00 -5.764368095880922027e+00
1.084075462654699074e+01 -9.050811657515682729e-01 -4.140080613716184743e+00
7.804014482568041089e+00 -6.739718844731381608e-01 -2.544078515699566889e+00
5.443075334172974955e+00 -5.474371547198381149e-01 -1.339533774055943649e+00
3.757937181361667989e+00 -5.254769764916700225e-01 -5.264463887852565138e-01
2.748600024134425723e+00 -6.080913497886387686e-01 -1.048163598876532543e-01
2.415063862491062974e+00 -7.952802746107372478e-01 -7.464368736304227703e-02
2.757328696431583293e+00 -1.087043750957965127e+00 -4.359283712114234710e-01
3.775394525956107028e+00 -1.483381778830362929e+00 -1.188670411432883434e+00
5.469261351064449883e+00 -1.984294358227859822e+00 -2.332869808027284719e+00
7.838929171756676695e+00 -2.589781489150486671e+00 -3.868526560994680175e+00
1.088439798803278791e+01 -3.299843171598243696e+00 -5.795640670335068023e+00
1.384604114177038525e+01 -3.958255301775048363e+00 -7.635433761410227227e+00
1.596418850788293220e+01 -4.408784836509858529e+00 -8.909100063173163164e+00
1.723884008621528352e+01 -4.651431775770771715e+00 -9.616639575526084727e+00
1.766999587676743744e+01 -4.686196119557788364e+00 -9.758052298468999908e+00
1.725765587953931401e+01 -4.513077867870884496e+00 -9.333338232001842982e+00
1.600182009453099852e+01 -4.132077020710089421e+00 -8.342497376124681452e+00
1.390248852174248029e+01 -3.543193578075399142e+00 -6.785529730837513540e+00
1.095966116117376465e+01 -2.746427539966811437e+00 -4.662435296140332142e+00
7.173338012824478582e+00 -1.741778906384228165e+00 -1.973214072032876132e+00
2.543519076695288206e+00 -5.292476773278291802e-01 1.282133941484374873e+00
-2.195713951965537536e+00 7.132975792390784386e-01 4.599080836427289931e+00
-6.310265376328856313e+00 1.807984902759198320e+00 7.473089081648038423e+00
-9.800135196378260360e+00 2.754814293228563304e+00 9.904158677135345812e+00
-1.266532341211312840e+01 3.553785750647004971e+00 1.189228962288878222e+01
-1.490583002353379882e+01 4.204899275014614801e+00 1.343748191890857946e+01
-1.652165503064027163e+01 4.708154866331392796e+00 1.453973556519473931e+01
-1.751279843343254683e+01 5.063552524597339399e+00 1.519905056174726354e+01
-1.787926023191062797e+01 5.271092249812463493e+00 1.541542690856615039e+01
-1.762104042607445464e+01 5.330774041976731326e+00 1.518886460565135721e+01
-1.673813901593127440e+01 5.242597901091887280e+00 1.451936365300814380e+01
-1.554697555287868838e+01 5.082203586986989485e+00 1.363611924593778468e+01
-1.436396355316935924e+01 4.925229416796083726e+00 1.276832220824740105e+01
-1.318910301680350194e+01 4.771675390519200199e+00 1.191597253993715633e+01
-1.202239394378100279e+01 4.621541508156320255e+00 1.107907024100696347e+01
-1.086383633410187066e+01 4.474827769707448333e+00 1.025761531145683136e+01
-9.713430187765997204e+00 4.331534175172569334e+00 9.451607751286678294e+00
-8.571175504773586695e+00 4.191660724551709016e+00 8.661047560496657027e+00
-7.437072285124543214e+00 4.055207417844856721e+00 7.885934739086692957e+00
-6.311120528818860542e+00 3.922174255052008007e+00 7.126269287056782531e+00
-5.193320235833960297e+00 3.792561236168592753e+00 6.382051204418089263e+00
-3.973811503111846388e+00 3.644073456677111356e+00 5.708144241823136511e+00
-2.542740713581033596e+00 3.454417287734517839e+00 5.159409010718742472e+00
-9.001078672415208093e-01 3.223592729340813090e+00 4.735845511104906258e+00
9.540870359068651663e-01 2.951599781495972241e+00 4.437453742981605664e+00
3.019843995863795705e+00 2.638438444200042365e+00 4.264233706348896646e+00
5.297163012629426682e+00 2.284108717453000370e+00 4.216185401206743677e+00
7.786044086203756542e+00 1.888610601254848254e+00 4.293308827555149421e+00
1.048648721658703487e+01 1.451944095605543161e+00 4.495603985394136082e+00
1.339849240377878203e+01 9.741092005051648073e-01 4.823070874723667245e+00
1.652205964777922986e+01 4.551059159536749998e-01 5.275709495543758010e+00
1.936640690828952316e+01 -2.941047948671957069e-02 5.740657804011639165e+00
2.144075214501080495e+01 -4.037847072538119919e-01 6.105053756284548605e+00
2.274509535794314985e+01 -6.680167673476218315e-01 6.368897352362502318e+00
2.327943654708634114e+01 -8.221066597681008226e-01 6.532188592245456782e+00
2.304377571244051737e+01 -8.660543845152784970e-01 6.594927475933436867e+00
2.203811285400568210e+01 -7.998599415891536335e-01 6.557114003426443460e+00
2.026244797178163637e+01 -6.235233309897065812e-01 6.418748174724461464e+00
1.771678106576871059e+01 -3.370445527169687594e-01 6.179829989827513970e+00
1.440111213596677331e+01 5.957639322907093415e-02 5.840359448735592096e+00
1.031544118237582097e+01 5.663395068484127215e-01 5.400336551448698508e+00
5.993190306611805518e+00 1.066640666645348734e+00 4.841171452111650453e+00
1.967812133495173699e+00 1.443869078863365685e+00 4.144273241130886021e+00
-1.760693336865307934e+00 1.698024743478651510e+00 3.309641918502556734e+00
-5.192326104469648484e+00 1.829107660491205767e+00 2.337277484226663482e+00
-8.327086169318103970e+00 1.837117829901025345e+00 1.227179938303101903e+00
-1.116497353141012283e+01 1.722055251708106249e+00 -2.065071926793216051e-02
-1.370598819074599461e+01 1.483919925912457138e+00 -1.406214488486529746e+00
-1.595013014732571932e+01 1.122711852514076458e+00 -2.929511369352691741e+00
-1.789739940114945682e+01 6.384310315129164692e-01 -4.590541361866571357e+00
-1.954779595221685895e+01 3.107746290906288067e-02 -6.389304466027874163e+00
-2.069602428436165553e+01 -6.050651036215152212e-01 -8.106838501530054586e+00
-2.113678496569283283e+01 -1.175711120072287175e+00 -9.524177111669398954e+00
-2.087007799620565862e+01 -1.680860586441151661e+00 -1.064132029644100896e+01
-1.989590337590019331e+01 -2.120513502728019084e+00 -1.145826805584469277e+01
-1.821426110477643689e+01 -2.494669868932937185e+00 -1.197502038988056050e+01
-1.582515118283439293e+01 -2.803329685055905518e+00 -1.219157729854861216e+01
-1.272857361007406318e+01 -3.046492951096924529e+00 -1.210793878184884598e+01
-8.924528386495074628e+00 -3.224159667056007095e+00 -1.172410483978121576e+01
-4.413015512098102278e+00 -3.336329832933120798e+00 -1.104007547234579256e+01
8.059650130990714256e-01 -3.383003448728726159e+00 -1.005585067954708478e+01
5.937032532217435765e+00 -3.383560469229210277e+00 -8.970829277989816219e+00
1.018482155886139751e+01 -3.357380479582503074e+00 -7.984406281097905733e+00
1.354933209303021968e+01 -3.304463479788608993e+00 -7.096581688871534510e+00
1.603056413472430464e+01 -3.224809469847526255e+00 -6.307355501310605739e+00
1.762851768394366658e+01 -3.118418449759256639e+00 -5.616727718415121196e+00
1.834319274068831263e+01 -2.985290419523785488e+00 -5.024698340185032031e+00
1.817458930495812552e+01 -2.825425379141136784e+00 -4.531267366620443049e+00
1.712270737675320831e+01 -2.638823328611300312e+00 -4.136434797721300072e+00
1.518754695607355742e+01 -2.425484267934276073e+00 -3.840200633487599546e+00
1.236910804304134892e+01 -2.185408197114051099e+00 -3.642564873907800482e+00
9.265851753071745023e+00 -1.938191902487908624e+00 -3.487182954186214268e+00
6.476204958706493819e+00 -1.703431049100068817e+00 -3.317713533462136155e+00
4.000167659945592646e+00 -1.481125636950530344e+00 -3.134156611735566589e+00
1.837739856788860981e+00 -1.271275666039275887e+00 -2.936512189006488249e+00
-1.107845076331326339e-02 -1.073881136366342748e+00 -2.724780265274934887e+00
-1.546287262711138588e+00 -8.889420479317111656e-01 -2.498960840540890072e+00
-2.767886579054613883e+00 -7.164584007353820283e-01 -2.259053914804353802e+00
-3.675876399793806204e+00 -5.564301947773409029e-01 -2.005059488065302542e+00
-4.270256724928553460e+00 -4.088574300576165443e-01 -1.736977560323782255e+00
-4.551027554458952018e+00 -2.737401065761942975e-01 -1.454808131579770514e+00
-4.738955915949332187e+00 -1.490692333826393878e-01 -1.159162473882660693e+00
-5.054808836964028274e+00 -3.283581952651762337e-02 -8.506518592818466118e-01
-5.498586317503083798e+00 7.496013499218047438e-02 -5.292762877772991814e-01
-6.070288357566419712e+00 1.743186301734354904e-01 -1.950357593690754121e-01
-6.769914957154071544e+00 2.652396660172575693e-01 1.520697259428526738e-01
-7.597466116266037517e+00 3.477232425236465585e-01 5.120401681584847431e-01
-8.552941834902409113e+00 4.217693596926087585e-01 8.848755672778551018e-01
-9.636342113063017578e+00 4.873780175241310131e-01 1.270575923300897081e+00
-1.084766695074793930e+01 5.445492160182201502e-01 1.669141236227643210e+00
-1.218691634795717604e+01 5.932829551748763919e-01 2.080571506058094045e+00
-1.337248828947639012e+01 6.249940719735490591e-01 2.415138679253033160e+00
-1.412276464640620688e+01 6.310969121379259583e-01 2.583109567900935044e+00
-1.443774541868912031e+01 6.115914756662543805e-01 2.584484171983473466e+00
-1.431743060632513576e+01 5.664777625585344367e-01 2.419262491500649759e+00
-1.376182020931418393e+01 4.957557728147584664e-01 2.087444526452425730e+00
-1.277091422765636075e+01 3.994255064349391815e-01 1.589030276838860889e+00
-1.134471266135164136e+01 2.774869634190714196e-01 9.240197426599334740e-01
-9.483215510400018644e+00 1.299401437671550696e-01 9.241292391564348563e-02
-7.186422774801273228e+00 -4.321495252082618865e-02 -9.057901793941049995e-01
-4.454334454555813672e+00 -2.419783254448418242e-01 -2.070589567269135678e+00
-1.779238057379253668e+00 -4.356582066789334018e-01 -3.198268951078276245e+00
3.465695193176227540e-01 -5.935622424946180864e-01 -4.085108156587283545e+00
1.923088275523737956e+00 -7.156904328912069291e-01 -4.731107183791570137e+00
2.950318211238813770e+00 -8.020427778686783915e-01 -5.136266032691023220e+00
3.428259326463014123e+00 -8.526192774270451302e-01 -5.300584703285710297e+00
3.356911621196338569e+00 -8.674199315663069232e-01 -5.224063195575630481e+00
2.736275095438786664e+00 -8.464447402864635484e-01 -4.906701509560785546e+00
1.566349749190232288e+00 -7.896937035875091215e-01 -4.348499645241115097e+00
-1.528644175491207235e-01 -6.971668214694528576e-01 -3.549457602616715057e+00
-2.421367404766773923e+00 -5.688640939331917057e-01 -2.509575381693207596e+00
-4.686080127575258381e+00 -4.443672536585724919e-01 -1.477659310341911336e+00
-6.393934050095230859e+00 -3.632572783737023081e-01 -7.025109708922421259e-01
-7.544929172326385824e+00 -3.255341680785953651e-01 -1.841303633443374110e-01
-8.139065494268900025e+00 -3.311979227732426700e-01 7.748251230188263339e-02
-8.176343015922777013e+00 -3.802485424576441675e-01 8.232765604641856250e-02
-7.656761737287941294e+00 -4.726860271318099604e-01 -1.695949321107639296e-01
-6.580321658364487014e+00 -6.085103767957237286e-01 -6.782852521696209891e-01
-4.947022779152394634e+00 -7.877215914493915783e-01 -1.443743304130161054e+00
-2.756865099651660600e+00 -1.010319671092813731e+00 -2.465969087992387010e+00
-9.848619986542546736e-03 -1.276304615712535284e+00 -3.744962603689119263e+00
2.685485422999170257e+00 -1.519799482768344978e+00 -4.951824402662638569e+00
4.720630612101588852e+00 -1.674931099080715580e+00 -5.757673855392685169e+00
6.095586947320716931e+00 -1.741699464649646867e+00 -6.162510961879258176e+00
6.810354428656594905e+00 -1.720104579475133733e+00 -6.166335722122342489e+00
6.864933056109084220e+00 -1.610146443557179730e+00 -5.769148136121934556e+00
6.259322829678282574e+00 -1.411825056895785746e+00 -4.970948203878053917e+00
4.993523749364191744e+00 -1.125140419490953558e+00 -3.771735925390700572e+00
3.067535815166611002e+00 -7.500925313426443086e-01 -2.171511300659713761e+00
4.813590270858814080e-01 -2.866813924509259426e-01 -1.702743296853785893e-01
-2.765006614878138258e+00 2.650929971842315158e-01 2.231974987532429289e+00
-5.935053663971072702e+00 7.920235791942701331e-01 4.537645402479151713e+00
-8.292274673438543076e+00 1.180903295210631532e+00 6.249145666640231411e+00
-9.836669643280655961e+00 1.431732145233331810e+00 7.366475780015742103e+00
-1.056823857349713158e+01 1.544510129262327114e+00 7.889635742605485724e+00
-1.048698146408814758e+01 1.519237247297644977e+00 7.818625554409583067e+00
-9.592898315053698610e+00 1.355913499339286066e+00 7.153445215428039461e+00
-7.885989126393599058e+00 1.054538885387216851e+00 5.894094725660715461e+00
-5.366253898108156228e+00 6.151134054414917340e-01 4.040574085107834001e+00
-2.033692630197251106e+00 3.763705950208895423e-02 1.592883293769308928e+00
2.111694677339119863e+00 -6.778901524309908222e-01 -1.448977648354861536e+00
6.269097597499713181e+00 -1.393547988823655048e+00 -4.493238856228098044e+00
9.637659879722532352e+00 -1.971408316140962569e+00 -6.948096582863026782e+00
1.221738152384408949e+01 -2.411471134354758128e+00 -8.813550828138843940e+00
1.400826252986440323e+01 -2.713736443465044168e+00 -1.008960159205555129e+01
1.501030289778351268e+01 -2.878204243471827350e+00 -1.077624887461317904e+01
1.522350262760124195e+01 -2.904874534375078365e+00 -1.087349267581160994e+01
1.464786171931772607e+01 -2.793747316174818973e+00 -1.038133299565092926e+01
1.328338017293295081e+01 -2.544822588871048286e+00 -9.299769834131137003e+00
1.113005798844669769e+01 -2.158100352463725891e+00 -7.628803191252059079e+00
8.187895165859348623e+00 -1.633580606952921288e+00 -5.368433067013990367e+00
5.199542803304465721e+00 -1.117688732022055653e+00 -3.073030947490807741e+00
2.907666163945712867e+00 -7.568529002136936690e-01 -1.296978892616459378e+00
1.312265247799869528e+00 -5.510731115311529038e-01 -4.027690240346015749e-02
4.133400548672159225e-01 -5.003493659744703281e-01 6.970750231479665437e-01
2.108905851475801896e-01 -6.046816635436205178e-01 9.150768840379566171e-01
7.049168386409627729e-01 -8.640700042386032509e-01 6.137286802665085084e-01
1.895418815347362340e+00 -1.278514388059419193e+00 -2.069695881663760062e-01
3.782396515266976955e+00 -1.848014815006124856e+00 -1.547017921260840367e+00
6.365849938399474439e+00 -2.572571285078620207e+00 -3.406416319016646099e+00
9.645779084730172315e+00 -3.452183798274348181e+00 -5.785164781420752078e+00
1.297046615703576933e+01 -4.372525829091343574e+00 -8.105361931709003542e+00
1.568820578846063007e+01 -5.219273032604527351e+00 -9.789117415566808589e+00
1.779899797900427671e+01 -5.992425408813753407e+00 -1.083643123299386701e+01
1.930284272866696327e+01 -6.691982957719096348e+00 -1.124730338399035290e+01
2.019974003744870572e+01 -7.317945679320558838e+00 -1.102173386855627157e+01
2.048968990534949697e+01 -7.870313573618185288e+00 -1.015972268669151646e+01
2.017269233236928372e+01 -8.349086640611876220e+00 -8.661269838396236764e+00
1.924874731850812637e+01 -8.754264880301688478e+00 -6.526375323670392525e+00
1.771785486376601781e+01 -9.085848292687616734e+00 -3.755039142513974859e+00
1.558001496818729770e+01 -9.343836877794235107e+00 -3.472612950276024457e-01
1.305300403451378166e+01 -9.648211452740682148e+00 3.203656225601402063e+00
1.035458600471117308e+01 -1.011894596955878534e+01 6.404439652042750453e+00
7.484760878779471938e+00 -1.075604042824854822e+01 9.255088984296440557e+00
4.443528656718400249e+00 -1.155949482881005075e+01 1.175560422236268110e+01
1.230889338528497134e+00 -1.252930917124314902e+01 1.390598536624102977e+01
-2.153157075790498531e+00 -1.366548345554790522e+01 1.570623241593172104e+01
-5.708610586238588525e+00 -1.496801768172431935e+01 1.715634537143475669e+01
-9.435471192816111241e+00 -1.643691184977253528e+01 1.825632423275022020e+01
-1.333373889552240144e+01 -1.807216595969228479e+01 1.900616899987791442e+01
-1.740341369435778773e+01 -1.987378001148369577e+01 1.940587967281794946e+01
-2.107553093040730019e+01 -2.133230367922941895e+01 1.949897967790280973e+01
-2.378112594475595998e+01 -2.193828663701211568e+01 1.932899244146496898e+01
-2.552019873740389144e+01 -2.169172888483172201e+01 1.889591796350437747e+01
-2.629274930835077839e+01 -2.059263042268828769e+01 1.819975624402112047e+01
-2.609877765759682688e+01 -1.864099125058182693e+01 1.724050728301516244e+01
-2.493828378514202626e+01 -1.583681136851233973e+01 1.601817108048650340e+01
-2.281126769098614204e+01 -1.218009077647945304e+01 1.453274763643500300e+01
-1.971772937512957213e+01 -7.670829474483834787e+00 1.278423695086092771e+01
-1.565766883757214956e+01 -2.309027462525184760e+00 1.077263902376415317e+01
-1.063108607831388319e+01 3.905315259396493488e+00 8.497953855144677604e+00
-5.611060056605426283e+00 1.003874201079252870e+01 6.237021304498651553e+00
-1.570725412719196079e+00 1.515774269739770830e+01 4.266697072509939126e+00
1.489917853146164983e+00 1.926231731902159794e+01 2.586981159234981398e+00
3.570869740990656904e+00 2.235246587566421184e+01 1.197873564673776370e+00
4.672130250814332086e+00 2.442818836732567434e+01 9.937428882623999815e-02
4.793699382616997795e+00 2.548948479400561951e+01 -7.085166683074327620e-01
3.935577136398793030e+00 2.553635515570428538e+01 -1.225799306727352933e+00
2.097763512159721344e+00 2.456879945242166485e+01 -1.452473626433519627e+00
-7.197414901005139143e-01 2.258681768415753055e+01 -1.388539627425914080e+00
-4.516937870381413589e+00 1.959040985091224130e+01 -1.033997309704548062e+00
-8.530341024702950747e+00 1.623229462813240431e+01 -5.611224620831355425e-01
-1.199645178668498957e+01 1.316520314095964928e+01 -1.421941592948610111e-01
-1.491527015631041131e+01 1.038913538940857073e+01 2.227875986563901400e-01
-1.728679613357869016e+01 7.904091373479678495e+00 5.338228117705523523e-01
-1.911102971849011567e+01 5.710071093172696344e+00 7.909114800476608753e-01
-2.038797091104468606e+01 3.807074548487634935e+00 9.940536034877149874e-01
-2.111761971124240489e+01 2.195101739424493825e+00 1.143249182090714910e+00
-2.129997611908325794e+01 8.741526659831624357e-01 1.238498215856667528e+00
-2.093504013456720969e+01 -1.557726718361158724e-01 1.279800704785554410e+00
-2.002281175769431343e+01 -8.946742740334809874e-01 1.267156648877387770e+00
-1.856329098846455850e+01 -1.342552140608921363e+00 1.200566048132166941e+00
-1.655647782687774594e+01 -1.499406271562449433e+00 1.080028902549878822e+00
-1.400237227293423814e+01 -1.365236666894031892e+00 9.055452121305458402e-01
-1.090097432663386812e+01 -9.400433266036971602e-01 6.771149768741580033e-01
-7.252283987976642976e+00 -2.238262506914416861e-01 3.947381967807159775e-01
-3.056301256962168367e+00 7.834145608428322305e-01 5.841487185018845452e-02
1.686973866408816747e+00 2.081679107998951395e+00 -3.318549979173663900e-01
6.977541382136656978e+00 3.670967390776983308e+00 -7.760714125219747572e-01
1.281540129022134877e+01 5.551279409176938628e+00 -1.274234371963637757e+00
1.920055359066349254e+01 7.722615163199013644e+00 -1.826343876242405573e+00
2.613299828346194431e+01 1.018497465284282910e+01 -2.432399925358180948e+00
3.361273536861725120e+01 1.293835787810856530e+01 -3.092402519311010956e+00
4.163976484612940965e+01 1.598276483899621603e+01 -3.806351658100894042e+00
5.021408671599922258e+01 1.931819553550609214e+01 -4.574247341727902594e+00
