-1.104715524993699211e-01 1.540814160312904135e-01 1.750967332382300512e-01
-1.128574425158475197e-01 1.332312565550883843e-01 1.002638391210051716e-01
-1.143761449486415394e-01 1.197676168400223229e-01 5.183410404300115015e-02
-1.150554840695684478e-01 1.136598550171232930e-01 2.981694596146379495e-02
-1.149233066022715133e-01 1.148773226375594814e-01 3.422169442255773575e-02
-1.140074816033702643e-01 1.233893648034925239e-01 6.505759052169160506e-02
-1.123359588250202046e-01 1.391653699207478223e-01 1.223337749033178573e-01
-1.099368853444211841e-01 1.621748693071392300e-01 2.060592637293021945e-01
-1.068387798845431141e-01 1.923876872827948448e-01 3.162429124261091351e-01
-1.030707635891478652e-01 2.297741430789539130e-01 4.528933668068557128e-01
-9.866284504283018286e-02 2.743053069201933925e-01 6.160190008583882326e-01
-8.844490081270500736e-02 3.129047167816777497e-01 7.669560237826896776e-01
-6.721591516207986450e-02 3.324920524200379868e-01 8.670459371716856545e-01
-3.496767629863538340e-02 3.330169020719025985e-01 9.163095381105148540e-01
8.298210876592423957e-03 3.144069329034877014e-01 9.147739494137931970e-01
6.257028484478505126e-02 2.765679664831234286e-01 8.624727564219111242e-01
1.278274858048645823e-01 2.193840775903421469e-01 7.594462595061240995e-01
2.040398552820148204e-01 1.427176626542415450e-01 6.057418932277759405e-01
2.911698196323121435e-01 4.640942727303509763e-02 4.014148617337122138e-01
3.891742015165537416e-01 -6.972174774887907045e-02 1.465290364510222765e-01
4.980071077142930736e-01 -2.058790833021149347e-01 -1.588418442612522519e-01
5.936589508148664152e-01 -3.513673949804357322e-01 -4.647738079923111609e-01
6.522511546881761824e-01 -4.952532791617840213e-01 -7.213254739904263468e-01
6.739857947055846177e-01 -6.374471251192561638e-01 -9.283509856484329914e-01
6.591333767905636076e-01 -7.779208063270087736e-01 -1.085655391266084457e+00
6.080339861154724357e-01 -9.167054164505651359e-01 -1.192996496083737146e+00
5.210992474741497071e-01 -1.053889892010361207e+00 -1.250087180141687737e+00
3.988147260307132735e-01 -1.189621103476689701e+00 -1.256598428941847256e+00
2.417424168044105259e-01 -1.324106001892346285e+00 -1.212163315647414530e+00
5.052297595130454677e-02 -1.457616412161382602e+00 -1.116382177268651077e+00
-1.741226723903220308e-01 -1.590497059474723196e+00 -9.688292494611494554e-01
-3.961114840819916494e-01 -1.697907630119778633e+00 -7.984842480726633829e-01
-5.802422392633603820e-01 -1.754512125772806019e+00 -6.349284563054408137e-01
-7.270076183939031544e-01 -1.760014427623169286e+00 -4.785591188224683212e-01
-8.368335194105978037e-01 -1.714168029725513076e+00 -3.296852169222299622e-01
-9.100761664382358562e-01 -1.616771374349593948e+00 -1.885267210954920114e-01
-9.470189208457645558e-01 -1.467665102769937668e+00 -5.521600884835133061e-02
-9.478692761269614797e-01 -1.266730787241334033e+00 7.019918955687846907e-02
-9.127564935827079395e-01 -1.013890719106093519e+00 1.877519761567927603e-01
-8.417302962141146594e-01 -7.091083460657472415e-01 2.975522843805031292e-01
-7.347609956765226435e-01 -3.523889728576041214e-01 3.997833920991068490e-01
-6.066078917355004485e-01 -1.401103605758992690e-02 4.750351636989496029e-01
-4.723900090597626389e-01 2.359534286595582064e-01 5.033602807194127449e-01
-3.324874123973843298e-01 3.977341095186828768e-01 4.842913054523553806e-01
-1.871820324653746814e-01 4.715006700799385664e-01 4.174923025856257519e-01
-3.665704916485060944e-02 4.573593229433924878e-01 3.027566369835149040e-01
1.190010499980949377e-01 3.553497116255991961e-01 1.400070969180793046e-01
2.797994411394315595e-01 1.654427169417398424e-01 -7.070259703333464651e-02
4.458366965040155283e-01 -1.124602105679247260e-01 -3.291858050081787890e-01
6.173030342536554027e-01 -4.785255998710209457e-01 -6.351213879691559594e-01
7.944848314482386709e-01 -9.329837777767084894e-01 -9.880534544277923548e-01
9.509921126243894296e-01 -1.371226728716404164e+00 -1.320553739716353814e+00
1.059927773996150346e+00 -1.688325406653719218e+00 -1.565901398685329626e+00
1.120869382711485285e+00 -1.884099826470674088e+00 -1.724582628112397709e+00
1.133354841873869034e+00 -1.958411487271054741e+00 -1.797054482032378386e+00
1.096880398217414010e+00 -1.911166121657015493e+00 -1.783742042165475272e+00
1.010903342769376767e+00 -1.742312368841849812e+00 -1.685038847922637473e+00
8.748483592699313194e-01 -1.451836117964422135e+00 -1.501311525595273144e+00
6.881165186280441270e-01 -1.039750336853909829e+00 -1.232909431115893684e+00
4.500961674934585988e-01 -5.060802713540778486e-01 -8.801798753971459277e-01
1.601754422954672630e-01 1.491560648021772739e-01 -4.434891675826382884e-01
-1.281052497779457122e-01 8.150455408547037095e-01 1.130769444698269529e-03
-3.604353297186041472e-01 1.380743053276125121e+00 3.781109503114227777e-01
-5.362632851715838367e-01 1.846313825122442465e+00 6.878165737246930700e-01
-6.550440804284735075e-01 2.211759645737775948e+00 9.307115850369034327e-01
-7.162490620271765307e-01 2.477008810664789173e+00 1.107368573320414162e+00
-7.193755949690346929e-01 2.641909922234707331e+00 1.218474169906988092e+00
-6.639546154213455953e-01 2.706230241949068471e+00 1.264830503699542197e+00
-5.495540658797024580e-01 2.669659191115575148e+00 1.247353574948624200e+00
-3.757761186700001588e-01 2.531817465906178288e+00 1.167069642939588370e+00
-1.422461785333271611e-01 2.292272123831081032e+00 1.025110810670527561e+00
1.013436387059430122e-01 1.997950341416290465e+00 8.497971312793234366e-01
3.051048837407781544e-01 1.696324701241971766e+00 6.680949069878978630e-01
4.691284567513763770e-01 1.387688702522677175e+00 4.792842606351790380e-01
5.935173852416173457e-01 1.072246245418826183e+00 2.827781995757259192e-01
6.783755960417819919e-01 7.501087902852711098e-01 7.812018416862362424e-02
7.237993485457728804e-01 4.212949424806803345e-01 -1.350174047189715565e-01
7.298714930844700799e-01 8.573172827214642355e-02 -3.568341387098785678e-01
6.966587111992742498e-01 -2.567431326481403597e-01 -5.874020507682313763e-01
6.242118904158635573e-01 -6.063786115854069569e-01 -8.266661237591694800e-01
5.125697837676536084e-01 -9.635080197106766775e-01 -1.074445152296753525e+00
3.907374920143699693e-01 -1.285417486169442514e+00 -1.296960368394086460e+00
2.875203101753217583e-01 -1.528811198603211352e+00 -1.460987309864219430e+00
2.026486919345436566e-01 -1.693240416350238808e+00 -1.567053999082476334e+00
1.358430167346349193e-01 -1.778293947023290134e+00 -1.615646182621395033e+00
8.681043904866654615e-02 -1.783597709846674650e+00 -1.607204045316918295e+00
5.524611856570287027e-02 -1.708813943164862126e+00 -1.542121019369362633e+00
4.083811682339139743e-02 -1.553639823603227166e+00 -1.420744791279710650e+00
4.327524185380773880e-02 -1.317805294143004513e+00 -1.243380567244044332e+00
6.225716686315770076e-02 -1.001069974891553915e+00 -1.010296562035986723e+00
9.750624538450436418e-02 -6.032191410666908338e-01 -7.217315454217795301e-01
1.289399252229334047e-01 -1.894079954835522217e-01 -4.213804797698494919e-01
1.367469462078677311e-01 1.749736131235886116e-01 -1.527047869764240340e-01
1.210688690289267039e-01 4.898180943261964404e-01 8.436081032868116003e-02
8.202934525295645096e-02 7.550791363067987927e-01 2.898002939206015260e-01
1.973396869196061137e-02 9.707704034937101323e-01 4.635178772288022775e-01
-6.572820459925549086e-02 1.136964865140697167e+00 6.053389543718363797e-01
-1.742821623435296119e-01 1.253794883910945401e+00 7.150107622847209354e-01
-3.058641438145695002e-01 1.321453190682064571e+00 7.922030430246064236e-01
-4.604192163953215733e-01 1.340194882975430879e+00 8.365089741702866899e-01
-6.378998860441849050e-01 1.310340601406446259e+00 8.474466121884270953e-01
-8.139927141159738477e-01 1.264931013782402802e+00 8.396987226862957510e-01
-9.642880264615089070e-01 1.236631810698576528e+00 8.286139294975238823e-01
-1.088609141559045979e+00 1.225253694753042799e+00 8.146686277184542746e-01
-1.186791859869588794e+00 1.230606090789434282e+00 7.983574563738653485e-01
-1.258684448152483037e+00 1.252494838192205417e+00 7.801920598347432678e-01
-1.304148144867913084e+00 1.290720685464024298e+00 7.607003147908424356e-01
-1.323058215413181804e+00 1.345078637249156550e+00 7.404260047246521426e-01
-1.315305584698802432e+00 1.415358199411606011e+00 7.199289309998875286e-01
-1.280799075428734168e+00 1.501344565435464462e+00 6.997854503596833142e-01
-1.219468283155077826e+00 1.602820787350835108e+00 6.805894223150231737e-01
-1.142239218522504762e+00 1.689291749289802302e+00 6.557836713365623460e-01
-1.060130065018486167e+00 1.730485153507970164e+00 6.181096221527161427e-01
-9.732009864004351751e-01 1.726518151022007119e+00 5.671524870659109263e-01
-8.814786348161299800e-01 1.677505294593114371e+00 5.025366108947596500e-01
-7.849573082097504040e-01 1.583556657956445735e+00 4.239253309441014528e-01
-6.836012287951376276e-01 1.444776120667390140e+00 3.310207447506878231e-01
-5.773477144302787689e-01 1.261259887561752890e+00 2.235632268227174257e-01
-4.661110117515712692e-01 1.033095300476763345e+00 1.013305650834210037e-01
-3.497865628525320680e-01 7.603599860943616173e-01 -3.586337828799235350e-02
-2.282554874558592739e-01 4.431213686345722991e-01 -1.881705416702604272e-01
-1.135511619894353785e-01 1.278357980778392078e-01 -3.346723297260155161e-01
-1.792502032111864194e-02 -1.391423317137099325e-01 -4.543459489044375799e-01
5.843368067153070777e-02 -3.579061242119685460e-01 -5.471604447136281246e-01
1.153504666289907055e-01 -5.285473311522943529e-01 -6.130788931990079904e-01
1.526663338190598074e-01 -6.511568284491559000e-01 -6.520565929778832093e-01
1.702382143042229234e-01 -7.258247583385430968e-01 -6.640400652073292775e-01
1.679391801967884956e-01 -7.526404025148037968e-01 -6.489667748201299879e-01
1.456583377516275091e-01 -7.316918576918207684e-01 -6.067654818755560120e-01
1.033003601853114406e-01 -6.630655871675688040e-01 -5.373571285786412632e-01
4.078461374891556579e-02 -5.468459196902277775e-01 -4.406561665544003747e-01
-2.326790724218278511e-02 -4.054070211096331700e-01 -3.328137994132339683e-01
-7.021189959132446978e-02 -2.610264110627703027e-01 -2.300907199038469686e-01
-1.000733922069892562e-01 -1.136535821223876863e-01 -1.325425591791427604e-01
-1.128681495874558904e-01 3.674694448554340770e-02 -4.019885524998449006e-02
-1.086012859545186782e-01 1.901957001465300057e-01 4.693685042501775234e-02
-8.726715100266668745e-02 3.466982499928052408e-01 1.288869454859123687e-01
-4.884948675123918643e-02 5.062451314190586915e-01 2.056997431218772765e-01
6.678144019229929722e-03 6.688118090286094830e-01 2.774495744576889189e-01
7.935165625457249461e-02 8.343587066096316285e-01 3.442370060161988876e-01
1.692154654514552437e-01 1.002831378464487555e+00 4.061892080250019688e-01
2.463530021589871444e-01 1.162040022628250568e+00 4.634109101571835532e-01
2.807882650524029522e-01 1.299958822464571950e+00 5.156213253099821703e-01
2.724854195923794853e-01 1.416782537203882031e+00 5.623499487265216645e-01
2.214162812989760032e-01 1.512725000800482666e+00 6.030733239246710564e-01
1.275634087971337371e-01 1.588020186023717750e+00 6.372155523797292664e-01
-9.077338030083328957e-03 1.642924866666917172e+00 6.641495967574315706e-01
-1.884949190928274509e-01 1.677723141139836560e+00 6.831994618275419873e-01
-4.106620561321604468e-01 1.692733071666118194e+00 6.936433530196784991e-01
-6.755351339910504738e-01 1.688315674817516321e+00 6.947179509516029361e-01
-9.830551956499572475e-01 1.664886469013830306e+00 6.856240050717857804e-01
-1.278278526436868567e+00 1.628927108932137546e+00 6.724571576210773838e-01
-1.506373749608585833e+00 1.586283590345054950e+00 6.625412897252273003e-01
-1.667458540991243687e+00 1.536454340918126382e+00 6.568550301971476379e-01
-1.761673074476591383e+00 1.478914185210827625e+00 6.563173247490911022e-01
-1.789177272154919729e+00 1.413110126409321099e+00 6.617841234355643643e-01
-1.750147943466851652e+00 1.338461537687721803e+00 6.740475085035739777e-01
-1.644775903342571510e+00 1.254364237082096212e+00 6.938375533226727176e-01
-1.473263157304405713e+00 1.160197906313228833e+00 7.218271791461652320e-01
-1.235820228049521408e+00 1.055336341318830140e+00 7.586402012597566191e-01
-9.326636721084344828e-01 9.391600954442002047e-01 8.048626412093966564e-01
-6.159726237715822394e-01 8.245973857271616803e-01 8.540058225627709110e-01
-3.376716837826985729e-01 7.252160944652745744e-01 8.990578612558274285e-01
-9.759107189104597457e-02 6.413749445649378211e-01 9.398019891466680154e-01
1.044480233904628852e-01 5.734369792753409856e-01 9.760197765549973870e-01
2.686332878429736892e-01 5.217668405020450262e-01 1.007486781903494499e+00
3.951612329124743472e-01 4.867285896037022996e-01 1.033969263150318785e+00
4.842372516577900798e-01 4.686840719315293335e-01 1.055221995108896582e+00
5.360757889982823432e-01 4.679918546826817294e-01 1.070987219316033912e+00
5.509006457002679769e-01 4.850067873780903316e-01 1.080994740118983444e+00
5.289454411327882966e-01 5.200802451383993441e-01 1.084963172305119183e+00
4.916585778573656640e-01 5.669086633865660918e-01 1.101332876216181589e+00
4.602518224618146192e-01 6.190161455947493785e-01 1.148741085397984918e+00
4.346019828900447024e-01 6.764856114033870327e-01 1.227196633589778152e+00
4.145741322627538583e-01 7.393895550333321465e-01 1.336711510339747777e+00
4.000220123793478688e-01 8.077906952768653115e-01 1.477300519244502341e+00
3.907885372543937752e-01 8.817429693411911185e-01 1.648980813990496452e+00
3.867063763760022477e-01 9.612929107416011698e-01 1.851771312604257869e+00
3.875986082539989996e-01 1.046481448799310598e+00 2.085691989865303242e+00
3.932794490209092775e-01 1.137346163941503896e+00 2.350763047121493976e+00
4.035550786850455318e-01 1.233924028701248066e+00 2.647003957838790722e+00
4.106217856998194415e-01 1.310514401577529853e+00 2.904588264007906595e+00
4.068755408395697826e-01 1.341301075097602435e+00 3.053710321404345507e+00
3.923853842850780205e-01 1.326161231154923348e+00 3.094415680870112428e+00
3.671785959102299435e-01 1.264989219817031607e+00 3.026747131042555772e+00
3.312410106230510576e-01 1.157696943578399473e+00 2.850744355875538538e+00
2.845181842839252795e-01 1.004214183006204575e+00 2.566443618428101203e+00
2.269171297123989683e-01 8.044883433326455169e-01 2.173877718297745787e+00
1.583083163681579808e-01 5.584831467593609489e-01 1.673076452302129979e+00
7.852763534268322743e-02 2.661758437516005271e-01 1.064067785589304815e+00
-1.262191063859554804e-02 -7.244744391383464710e-02 3.468799170181267044e-01
-9.777415656544884148e-02 -3.928132386431041345e-01 -3.498701221948348206e-01
-1.592025878609551193e-01 -6.303913785543948656e-01 -8.975929917134389813e-01
-1.966617677666713249e-01 -7.852272331906647862e-01 -1.296303680185754814e+00
-2.100051516807940610e-01 -8.573224254608262651e-01 -1.546026065916603409e+00
-1.991854920766564230e-01 -8.466331855936112261e-01 -1.646793284338712748e+00
-1.642556158218285711e-01 -7.530713305030173332e-01 -1.598646971111765014e+00
-1.053686839828779642e-01 -5.765061658985498605e-01 -1.401636470985030858e+00
-2.277712543976123313e-02 -3.167655673383604209e-01 -1.055819110045540965e+00
8.317047522684135885e-02 2.636551762177718333e-02 -5.612626203988357876e-01
2.120352643180422880e-01 4.531508501233458275e-01 8.194922333126314351e-02
3.354675367354347792e-01 8.711363260490736504e-01 7.261859545803437399e-01
4.258191822094261614e-01 1.187493236279338449e+00 1.223919937542320424e+00
4.836070294555047111e-01 1.401986232950097389e+00 1.575200561762210683e+00
5.092977462980436965e-01 1.514398946876616581e+00 1.780077878157204641e+00
5.033046701459263916e-01 1.524529140010093320e+00 1.838605734307848794e+00
4.659872622761496719e-01 1.432188767304745092e+00 1.750841003099535165e+00
3.976530738678710764e-01 1.237207981985082528e+00 1.516839605336399721e+00
2.985620451346914228e-01 9.394421328007155347e-01 1.136650033396292558e+00
1.689327208229637611e-01 5.387809139210176790e-01 6.103050567984684704e-01
8.949616855705196453e-03 3.515901831511380332e-02 -6.218776805924458584e-02
-1.514650676911069305e-01 -4.738815086136915489e-01 -7.460232488928463246e-01
-2.825670878117424456e-01 -8.907645443352668613e-01 -1.306389599223354958e+00
-3.844596729298341842e-01 -1.215456925941419630e+00 -1.743287152989155819e+00
-4.572486290054754154e-01 -1.447926036530239768e+00 -2.056715355942281942e+00
-5.010427548735491010e-01 -1.588141616000327883e+00 -2.246671325215596315e+00
-5.159539216411773710e-01 -1.636076752071853324e+00 -2.313149100519899193e+00
-5.020968789838182733e-01 -1.591707996631411159e+00 -2.256139612865547317e+00
-4.595888938275223823e-01 -1.455014546170369183e+00 -2.075631391797778669e+00
-3.885493320962132291e-01 -1.225976430578067378e+00 -1.771612027018313773e+00
-2.890992600824658920e-01 -9.045716676384817356e-01 -1.344070398693127943e+00
-1.826302942920599304e-01 -5.559498796385033970e-01 -8.865392606403819098e-01
-9.047213865107125996e-02 -2.452853736497961901e-01 -4.925508166607709404e-01
-1.261741831907987541e-02 2.741137124145503687e-02 -1.621007986874628271e-01
5.098906670300804717e-02 2.621282697522525629e-01 1.048050723567037629e-01
1.004502233081255302e-01 4.588507613001183705e-01 3.081518458038344233e-01
1.359166593851778848e-01 6.175605397814457609e-01 4.479165015785531168e-01
1.575867440925921570e-01 7.382342544091750058e-01 5.240692990002244755e-01
1.657067031016636882e-01 8.208425510176785567e-01 5.365750997655173160e-01
1.605707417441062101e-01 8.653498205051632919e-01 4.853944471195167920e-01
1.425212128082546659e-01 8.717150185751921798e-01 3.704841796077323335e-01
1.178702297478890215e-01 8.594801159373665067e-01 2.370315611157718660e-01
9.252584563720298028e-02 8.482395722221076628e-01 1.302487500108156504e-01
6.626232523973879518e-02 8.380236415253391469e-01 5.012673854891415426e-02
3.885596276939080190e-02 8.288549945071418401e-01 -3.345679419435496592e-03
1.008504376371278585e-02 8.207480857403971486e-01 -3.018177161917467988e-02
-2.027013463622068593e-02 8.137089285636097680e-01 -3.039675617268227520e-02
-5.242720907913932249e-02 8.077352712686240999e-01 -4.007717062796071344e-03
-8.660168638419481202e-02 8.028171684989579004e-01 4.896645314330017040e-02
-1.230068952070895588e-01 7.989379416044678495e-01 1.285050831712129804e-01
-1.618539740741718747e-01 7.960755215897451498e-01 2.345857259995957900e-01
-1.912711302677082004e-01 7.703016635339597906e-01 3.290232538771035165e-01
-1.990841260875400587e-01 6.977210447813696481e-01 3.737015531183863759e-01
-1.850928078099813856e-01 5.783539242813132697e-01 3.686899179441660568e-01
-1.491545004179061495e-01 4.122133581027646043e-01 3.140399798110212748e-01
-9.118363105773062693e-02 1.993057022161902336e-01 2.097844723864122907e-01
-1.115136869419734549e-02 -6.036855327167015006e-02 5.593604572895560789e-02
9.091463451092582360e-02 -3.668139995887828575e-01 -1.475135491787271935e-01
2.149303043346059983e-01 -7.200399561698264117e-01 -4.005935885312355005e-01
3.607549195405655995e-01 -1.120060929484714363e+00 -7.033534972486721326e-01
5.281905469874227377e-01 -1.566898260676062415e+00 -1.055860632730320159e+00
6.773640787045216438e-01 -1.972774048966471794e+00 -1.390326806802234749e+00
7.685165894322912861e-01 -2.250030448914439596e+00 -1.638735635186894246e+00
8.015276044729667815e-01 -2.398924908261713895e+00 -1.800786511469318674e+00
7.762138421995158355e-01 -2.419780545330735499e+00 -1.876128298529182725e+00
6.923318844487212909e-01 -2.312986930913074612e+00 -1.864359302391545681e+00
5.495761961159615350e-01 -2.079001448833054599e+00 -1.765030163782538075e+00
3.475709664479776917e-01 -1.718351118344445316e+00 -1.577650880683981072e+00
8.585426526724027063e-02 -1.231634725485473147e+00 -1.301703240750416768e+00
-2.361468435731365612e-01 -6.195248788228907566e-01 -9.366602151605927240e-01
-6.191512581954361494e-01 1.172308893720900164e-01 -4.820143986646777123e-01
-9.905045069961420090e-01 8.417546300766893808e-01 -2.423233239733606562e-02
-1.276486539953039401e+00 1.418292379879267262e+00 3.493920219433729879e-01
-1.476394586051998914e+00 1.847668100458844442e+00 6.381491360168841664e-01
-1.589563664532438025e+00 2.130634552521559311e+00 8.414392644954067357e-01
-1.615350760360140248e+00 2.267868668483003169e+00 9.587879817970377250e-01
-1.553131458349602534e+00 2.259966910162523046e+00 9.898500918442748597e-01
-1.402306021674710301e+00 2.107441817485640190e+00 9.344029365391107733e-01
-1.162311744952869708e+00 1.810721007313209840e+00 7.923301952634844714e-01
-8.326386096787360414e-01 1.370149571646191777e+00 5.635975747320562945e-01
-4.128457976193470325e-01 7.859962638380288968e-01 2.482221654209385564e-01
1.711687473088139080e-02 1.760000460306126169e-01 -8.441355120618612706e-02
3.769313127377358907e-01 -3.422730995253080999e-01 -3.650489564378289753e-01
6.664363340511194611e-01 -7.688760710285759137e-01 -5.938094995183386127e-01
8.854820131684265627e-01 -1.103874199943090995e+00 -7.707845285670004154e-01
1.033928940976306166e+00 -1.347347552268178594e+00 -8.960238419676976873e-01
1.111648563317100713e+00 -1.499391785603446881e+00 -9.695354897126543525e-01
1.118524104976180933e+00 -1.560117933419975733e+00 -9.912848463991636994e-01
1.054451530649098023e+00 -1.529651525072666551e+00 -9.611949834889104149e-01
9.193399786119457184e-01 -1.408131477562259537e+00 -8.791483381333697888e-01
7.131111206094735699e-01 -1.195709203540187948e+00 -7.449896332447206726e-01
4.889540011998025348e-01 -9.532602212422990329e-01 -5.951176963060569314e-01
3.000905998239152273e-01 -7.414794604383395660e-01 -4.661788522673658286e-01
1.465028679959079760e-01 -5.602638112637993162e-01 -3.583519910972422506e-01
2.817601495342630241e-02 -4.095162742399225397e-01 -2.717991985890135798e-01
-5.489980956277877577e-02 -2.891449177823799399e-01 -2.066652530464107851e-01
-1.027284473030781048e-01 -1.990623487251719226e-01 -1.630773242049182725e-01
-1.153072032311933115e-01 -1.391856206496074611e-01 -1.411448560958140086e-01
-9.262678299699417250e-02 -1.094364967331852290e-01 -1.409596296369269863e-01
-3.467162228581705669e-02 -1.097419798354909160e-01 -1.625960072392969580e-01
5.857946630519534487e-02 -1.400350220854659211e-01 -2.061113622112170085e-01
1.595781623533942539e-01 -1.894578765943243370e-01 -2.550302178867235869e-01
2.407851101661257487e-01 -2.472158654456593219e-01 -2.928156883410329980e-01
3.022476102695581535e-01 -3.133406800751379895e-01 -3.194080151646661037e-01
3.440230064500184870e-01 -3.878618847874999997e-01 -3.347293889511083198e-01
3.661789887083344852e-01 -4.708066775965034090e-01 -3.386840951882027495e-01
3.687939828514353313e-01 -5.621997547930750461e-01 -3.311587768769547191e-01
3.519576460875192825e-01 -6.620633343964877904e-01 -3.120228205759361662e-01
3.157714874159737173e-01 -7.704173935663020112e-01 -2.811288730147215031e-01
2.603496303230056208e-01 -8.872801747445133724e-01 -2.383134968721338787e-01
1.858197330819264248e-01 -1.012669014789876476e+00 -1.833979771316958940e-01
1.070240329872293311e-01 -1.127068034045393574e+00 -1.298649771020932153e-01
3.857298776566000370e-02 -1.210952877984145859e+00 -9.142522359533608589e-02
-1.974496369225832784e-02 -1.264323856144011993e+00 -6.821956254643339601e-02
-6.814479429858187609e-02 -1.287174952389033900e+00 -6.037276021801383369e-02
-1.068449859881891312e-01 -1.279493408316435321e+00 -6.799314597087659229e-02
-1.360673641613258933e-01 -1.241259649098308104e+00 -9.117268192782269909e-02
-1.560367456527472219e-01 -1.172447538193245542e+00 -1.299874822664479901e-01
-1.669804757693726383e-01 -1.073024946006596148e+00 -1.844988030459570327e-01
-1.691279251239901082e-01 -9.429546166719328104e-01 -2.547545200677068800e-01
-1.627100080141999083e-01 -7.821953170451213522e-01 -3.407911080555546812e-01
-1.487014465818865816e-01 -6.132816697325288446e-01 -4.212860247323814700e-01
-1.277666217816391114e-01 -4.587852011851357159e-01 -4.749432783965787941e-01
-9.969748970640694707e-02 -3.187110742324989476e-01 -5.018220641876625088e-01
-6.431983080418093857e-02 -1.930534470338538255e-01 -5.019687058448708550e-01
-2.149298338797249810e-02 -8.179553927041410821e-02 -4.754155593286361614e-01
2.889031061503957720e-02 1.509000135662116535e-02 -4.221803155124828622e-01
8.690399992383136818e-02 9.764055068015090044e-02 -3.422656524836881764e-01
1.525888117003263988e-01 1.659028956068143157e-01 -2.356591879155546243e-01
2.259523858027757404e-01 2.199326749011402959e-01 -1.023336815295193963e-01
3.069695070822812122e-01 2.597939892266939998e-01 5.775256265589290283e-02
3.789386103065141009e-01 2.957818254973667016e-01 2.180000345590759614e-01
4.252493061625805537e-01 3.381111606069369113e-01 3.517095049319644007e-01
4.460043155627437250e-01 3.867478842813209527e-01 4.587744591871656952e-01
4.413265855794835102e-01 4.416784141130202235e-01 5.390753975800979259e-01
4.113595536647857154e-01 5.029091557612739294e-01 5.924801562446149195e-01
3.562675942605418866e-01 5.704663109172855018e-01 6.188443247297877869e-01
2.762365942076511205e-01 6.443961321696392019e-01 6.180118344524742069e-01
1.714746044824078663e-01 7.247657242870865213e-01 5.898157928692782104e-01
4.221251391943253717e-02 8.116644913645592041e-01 5.340796413195703085e-01
-1.112953152805634394e-01 9.052063277870237012e-01 4.506187210194534942e-01
-2.735383475457632829e-01 1.003143383142664158e+00 3.706901610802219027e-01
-4.294105326528874778e-01 1.103068250415635942e+00 3.257220311291705306e-01
-5.792733653671147120e-01 1.204838333409928852e+00 3.157854629274174374e-01
-7.235251008344291135e-01 1.308260770018495167e+00 3.409536624782772418e-01
-8.626011389102624660e-01 1.413092329518203405e+00 4.012984211030444226e-01
-9.969748899794380614e-01 1.519040381903801196e+00 4.968860958427497865e-01
-1.127159289790072849e+00 1.625765135999716726e+00 6.277730886827904699e-01
-1.253709113569792866e+00 1.732883353936493398e+00 7.940008583141495713e-01
-1.377224211329233006e+00 1.839973765801536265e+00 9.955905022304138985e-01
-1.498353744437202595e+00 1.946584431184346320e+00 1.232536951433492511e+00
-1.603075670957342158e+00 2.016989478694750204e+00 1.451059257877398201e+00
-1.676604364130118707e+00 2.016247871709615946e+00 1.597060841171808576e+00
-1.718542414182939959e+00 1.945077283655722189e+00 1.670025031836673390e+00
-1.728568588490549285e+00 1.804204564987193393e+00 1.669412412953312330e+00
-1.706441425386188593e+00 1.594365047170765548e+00 1.594659760205366483e+00
-1.652008943387589746e+00 1.316302414945672794e+00 1.445176375640155886e+00
-1.565224771449599706e+00 9.707685088484054869e-01 1.220338389347194408e+00
-1.446171121445634311e+00 5.585222430378617986e-01 9.194817690436529745e-01
-1.295089145812923670e+00 8.032652985062330164e-02 5.418950465097107649e-01
-1.112417309508512364e+00 -4.630583146931844807e-01 8.681316261550416080e-02
-9.233602010503140223e-01 -9.891110692879554467e-01 -3.762507818848504493e-01
-7.525367690996723757e-01 -1.416254741753394164e+00 -7.765004892402793679e-01
-5.997683385033082404e-01 -1.745139905731300178e+00 -1.112895296944022894e+00
-4.649674740218652791e-01 -1.976389225937270178e+00 -1.384495546883628192e+00
-3.481181924765658908e-01 -2.110589121047158567e+00 -1.590460227870167387e+00
-2.492664739382618178e-01 -2.148284475734581367e+00 -1.730044256720595364e+00
-1.685196725853798094e-01 -2.089975647295866157e+00 -1.802596090614039026e+00
-1.060534328721993574e-01 -1.936117172639343131e+00 -1.807556188937441854e+00
-6.212475722754974561e-02 -1.687117610162550463e+00 -1.744456865419751201e+00
-3.708992393397696902e-02 -1.343339871840911748e+00 -1.612924245777974663e+00
-2.245082550261914833e-02 -9.796025522985635225e-01 -1.443899663281558388e+00
-8.827328412022187806e-03 -6.705120291022285128e-01 -1.268528441122974693e+00
4.574240196346971918e-03 -4.160686248580841573e-01 -1.086822101392945106e+00
1.843211824563511028e-02 -2.162590408829172806e-01 -8.987900118032380314e-01
3.330913103744129189e-02 -7.106272538095068092e-02 -7.044324867228218823e-01
4.965277469196903437e-02 1.954257055966753323e-02 -5.037374665495797377e-01
6.779530286779128501e-02 5.557613660287245849e-02 -2.966800336629245027e-01
8.795381903789846467e-02 3.705063134121873436e-02 -8.322402465713590880e-02
1.102304014957063011e-01 -3.603052151555186100e-02 1.366749998064544502e-01
1.346122902182902425e-01 -1.636745865691154045e-01 3.630661643874907862e-01
1.496992540254207804e-01 -2.894216148418732870e-01 5.763761779000944330e-01
1.443042214046544314e-01 -3.567606382822525735e-01 7.569761144261655250e-01
1.187117160800285065e-01 -3.656052691937723420e-01 9.048453327651007072e-01
7.329106633235056567e-02 -3.158349712910309970e-01 1.019978627709234198e+00
8.497151335001597305e-03 -2.072973552988549018e-01 1.102387065350738160e+00
-7.512898089749685260e-02 -3.981017520593379405e-02 1.152100750150902853e+00
-1.769598683053379695e-01 1.868372560012519501e-01 1.169174179377112877e+00
-2.962820349855427859e-01 4.728835001870408949e-01 1.153694840380767639e+00
-4.322973831997585781e-01 8.185955176373538311e-01 1.105795702034580996e+00
-5.841260572937045925e-01 1.224270469387917171e+00 1.025672238633930089e+00
-7.242388705020815776e-01 1.612750817249671398e+00 9.296273763467560736e-01
-8.263378154789651209e-01 1.906424714298009526e+00 8.337459004718092981e-01
-8.912645543747628185e-01 2.104966727493518430e+00 7.379504754494603525e-01
-9.197702842904296183e-01 2.208097625523872676e+00 6.421479166868500066e-01
-9.125129657609526435e-01 2.215581269772628481e+00 5.462246502456427066e-01
-8.700553693545087786e-01 2.127221701626832218e+00 4.500480929292312582e-01
-7.928642437248212271e-01 1.942860319722184759e+00 3.534727117465475965e-01
-6.813108301496891839e-01 1.662373070158463140e+00 2.563495082406391790e-01
-5.356727874492350772e-01 1.285667629233921083e+00 1.585376881307751229e-01
-3.561373837270496168e-01 8.126806289947182682e-01 5.991732475131703040e-02
-1.711028879777083955e-01 3.295799328531147099e-01 -3.609280069692856474e-02
-8.912175075344898334e-03 -7.744517578481974196e-02 -1.259682348578851363e-01
1.303648636694580143e-01 -4.084186948537681383e-01 -2.096706769671799753e-01
2.466152667094842210e-01 -6.633752901212538466e-01 -2.871917071511144171e-01
3.396832085534104428e-01 -8.423607054182209453e-01 -3.585509728406255370e-01
4.093698547907032581e-01 -9.454324600453107852e-01 -4.237944166016241465e-01
4.554331270735677561e-01 -9.726607192625127407e-01 -4.829929488738247678e-01
4.775876119228146810e-01 -9.241292325856852452e-01 -5.362419735502886864e-01
4.755048227702374231e-01 -7.999362423555257395e-01 -5.836621834931871033e-01
4.488140125985891626e-01 -6.001952694217089768e-01 -6.254020508544807511e-01
4.160857557885849212e-01 -3.820375397590713429e-01 -6.675411138356295293e-01
3.963094246807657983e-01 -2.024719328824060582e-01 -7.159735697879302530e-01
3.897342546297797305e-01 -6.143278945453707618e-02 -7.705828717097796821e-01
3.966387605531163651e-01 4.115601527675907118e-02 -8.312370884856462583e-01
4.173297368135204244e-01 1.053819109560223954e-01 -8.977873888640317546e-01
4.521414403841548801e-01 1.313447943660944195e-01 -9.700671814157265649e-01
5.014350126383380069e-01 1.191585569628777208e-01 -1.047892062080754139e+00
5.655981986336399148e-01 6.895302049378466969e-02 -1.131060719202185982e+00
6.450454193411984116e-01 -1.912367838315683077e-02 -1.219356947298440241e+00
7.402182401698014225e-01 -1.449022183148946930e-01 -1.312552926083229599e+00
8.314883448547795153e-01 -2.890186619339153440e-01 -1.397587447089744250e+00
8.989485045677010344e-01 -4.323388524150990619e-01 -1.461520531294443703e+00
9.426670414794451336e-01 -5.750181462057064596e-01 -1.504274060574876115e+00
9.627469453833354951e-01 -7.172101425674285435e-01 -1.525736237414367480e+00
9.593268413264671723e-01 -8.590662858389497281e-01 -1.525762189469675123e+00
9.325819595628710434e-01 -1.000735731168705955e+00 -1.504175086487775426e+00
8.827251054939717623e-01 -1.142365660118624948e+00 -1.460767764505878308e+00
8.100076278979208011e-01 -1.284102230901725594e+00 -1.395304849140830195e+00
7.147203821283315550e-01 -1.426092343803836870e+00 -1.307525369583868224e+00
5.971946798362652853e-01 -1.568486395733099004e+00 -1.197145858967172627e+00
4.782888149034618674e-01 -1.694693388421776081e+00 -1.088634334586076502e+00
3.780758372175281878e-01 -1.787973136204783708e+00 -1.006975248318508598e+00
2.957352402742663977e-01 -1.848257409418498254e+00 -9.526222419945996611e-01
2.304363166345001490e-01 -1.875477394830496802e+00 -9.259920491150273048e-01
1.813382392931235654e-01 -1.869561055301863117e+00 -9.274625912441366582e-01
1.475909731137566849e-01 -1.830432613427852351e+00 -9.573729990079050678e-01
1.283368418367377140e-01 -1.758014112753813807e+00 -1.016025608147144155e+00
1.227125776213910946e-01 -1.652229004437307802e+00 -1.103689977968209446e+00
1.298517077907663797e-01 -1.513007704720012336e+00 -1.220608965462803397e+00
1.488871877355956719e-01 -1.340295070143700640e+00 -1.367006865919188074e+00
1.642732632734367482e-01 -1.156027973970311651e+00 -1.490831487799344934e+00
1.617429879018026928e-01 -9.822654870433481511e-01 -1.539729185637948694e+00
1.422608130635071300e-01 -8.191409113216251425e-01 -1.513505088453309222e+00
1.066698673049859547e-01 -6.667763885141850810e-01 -1.412004946216767420e+00
5.568977383308600093e-02 -5.252871279863163823e-01 -1.235108933624940120e+00
-1.008556103449646107e-02 -3.947892867522665439e-01 -9.827270656071357413e-01
-9.019026611849544073e-02 -2.754103530984792769e-01 -6.547960976294106006e-01
-1.842891334136985693e-01 -1.673008680860467723e-01 -2.512778100019578131e-01
-2.921809015632448880e-01 -7.064629282417908551e-02 2.278413968841505044e-01
-4.138026727155863504e-01 1.432221402601508917e-02 7.825496450374893609e-01
-5.222052440358575520e-01 8.604212495676571981e-02 1.305576028389841214e+00
-5.904603199132940627e-01 1.432751643451423695e-01 1.689637248785368806e+00
-6.186246228629217470e-01 1.861935050972261252e-01 1.934699633621209891e+00
-6.067256107688447919e-01 2.149118528767695602e-01 2.040744212088063225e+00
-5.547608999180856371e-01 2.294873638693524509e-01 2.007766613551770885e+00
-4.626990437477733753e-01 2.299191863699076299e-01 1.835776769679868803e+00
-3.304807023880036998e-01 2.161481764538365213e-01 1.524798642313239583e+00
-1.580192157307812317e-01 1.880572832136539474e-01 1.074870210502249179e+00
5.480041462652412987e-02 1.454730520952689787e-01 4.860439565048860766e-01
3.081251046404621663e-01 8.816870081428532235e-02 -2.416119173730008340e-01
5.573573305316912307e-01 3.217392340349700675e-02 -9.659051210115338071e-01
7.576475789328140920e-01 -6.080700220791133287e-03 -1.544770455642343387e+00
9.087537433419202726e-01 -2.625533866204348213e-02 -1.978331953746988781e+00
1.010375552824073653e+00 -2.801278118565894010e-02 -2.266734995382108764e+00
1.062149513713621651e+00 -1.102451705437758854e-02 -2.410147941839832608e+00
1.063647472497745383e+00 2.502562213749032899e-02 -2.408762965140136991e+00
1.014378673486289628e+00 8.044151270719140934e-02 -2.262796276320746980e+00
9.137950492692251681e-01 1.555197827884965966e-01 -1.972488006298124485e+00
7.612994620078419317e-01 2.505610831499642255e-01 -1.538101991533959767e+00
5.562567673624417841e-01 3.658886556141303648e-01 -9.599256439110475103e-01
3.443732918667963272e-01 4.699751058629829670e-01 -3.752382660904714506e-01
1.723278318540030496e-01 5.308540013585867356e-01 7.912187543968329795e-02
4.083732422743432261e-02 5.482553294251377718e-01 4.034707698703861034e-01
-4.950402802269059793e-02 5.219440558323297230e-01 5.980801475231808384e-01
-9.822693507623704579e-02 4.517129043830633850e-01 6.631756301041445978e-01
-1.049861663995983740e-01 3.373822769502586305e-01 5.989341388810631717e-01
-6.955733763130318714e-02 1.788052076909330268e-01 4.054810569006904175e-01
8.167957701369982920e-03 -2.412474911411813250e-02 8.288762799287481553e-02
1.281878197508712069e-01 -2.714647356407242640e-01 -3.688309958933730370e-01
2.903954858001019379e-01 -5.632148549943734039e-01 -9.497167397883587991e-01
4.541832740276744995e-01 -8.557424434232725474e-01 -1.525021424407464909e+00
5.794067672723659523e-01 -1.105417096921404330e+00 -1.959867408603215067e+00
6.666972157461361626e-01 -1.312172982494060225e+00 -2.254104567822865057e+00
7.168508259399806182e-01 -1.475910522357306576e+00 -2.407555294365263610e+00
7.308285181562176325e-01 -1.596488282431399286e+00 -2.420021981282681978e+00
7.097558217060327967e-01 -1.673721702713280690e+00 -2.291293378446266793e+00
6.549236751509397436e-01 -1.707391442045379071e+00 -2.021148761702563412e+00
5.677910798702453521e-01 -1.697264041665996981e+00 -1.609358846363579065e+00
4.499904006111768995e-01 -1.643127603021418137e+00 -1.055682447907111410e+00
3.033354881842078576e-01 -1.544845283227362698e+00 -3.598580532160724488e-01
1.530989597729153218e-01 -1.405164939519742529e+00 3.545448926905295228e-01
2.228591657659587805e-02 -1.227031948320221000e+00 9.635272793592767338e-01
-9.024007938815815921e-02 -1.010692685892609077e+00 1.466831466198633027e+00
-1.852020721105759882e-01 -7.563545562334680339e-01 1.864307430909018182e+00
-2.629106463768110524e-01 -4.641713184340557352e-01 2.155902577331333170e+00
-3.232634044437954213e-01 -1.342420043912527228e-01 2.341655544438691283e+00
-3.657440785861831856e-01 2.333818626983975297e-01 2.421695737676869076e+00
-3.894224288873795459e-01 6.386860233632553063e-01 2.396250296580611394e+00
-3.929559639683949945e-01 1.081685497407656182e+00 2.265660235131516043e+00
-3.745944319791244537e-01 1.562424159505784393e+00 2.030407510684154371e+00
-3.419855090648777907e-01 2.008194766058276848e+00 1.748372723147858077e+00
-3.055859250919307768e-01 2.346177699924174576e+00 1.476838310795818732e+00
-2.673584970440566755e-01 2.576332700476793747e+00 1.215511918022888160e+00
-2.289952882152744285e-01 2.698669270414952859e+00 9.640792563120789138e-01
-1.919126142260995094e-01 2.713224755588685699e+00 7.221936526871587381e-01
-1.572489840865761435e-01 2.620046901988485999e+00 4.894791255777091177e-01
-1.258663048146720920e-01 2.419180622192484087e+00 2.655434798595089907e-01
-9.835453729227976172e-02 2.110658686008668017e+00 4.999788095640571306e-02
-7.503964579096725207e-02 1.694496021397355667e+00 -1.575205768855769406e-01
-5.599424970512390659e-02 1.170687278988827851e+00 -3.573266494600366716e-01
-4.061598826609039842e-02 6.384439823101878408e-01 -5.239623814536599200e-01
-2.897033058316949433e-02 1.969627599903298609e-01 -6.317878068516781243e-01
-2.182746748630773337e-02 -1.538021753949379844e-01 -6.807972813837775972e-01
-1.979525662725155344e-02 -4.139023758742692016e-01 -6.709747396159193578e-01
-2.331885428553184814e-02 -5.833948839417043564e-01 -6.022857380544445194e-01
-3.268047594459184274e-02 -6.623397404312149073e-01 -4.746751821024048357e-01
-4.799948375992127425e-02 -6.507964027632165971e-01 -2.880690188849477917e-01
-6.923301678631579859e-02 -5.488202044345877884e-01 -4.237817006093617944e-02
-9.617731271210971933e-02 -3.564599796668944109e-01 2.624970238183526039e-01
-1.284697847261502546e-01 -7.375796066847446764e-02 6.266635658134220854e-01
-1.624351858169069407e-01 2.254997241281606057e-01 9.792031031492014481e-01
-1.949750561284551709e-01 4.676307420947697913e-01 1.249069311483393951e+00
-2.264380274640270529e-01 6.527688070930441899e-01 1.436166249550430596e+00
-2.571222535156497679e-01 7.810786519974682873e-01 1.540379701586465533e+00
-2.872733835440683947e-01 8.527577882890098326e-01 1.561575516946580144e+00
-3.170836332041865879e-01 8.680363936493662447e-01 1.499599441408452583e+00
-3.466924260384180445e-01 8.271758493759864272e-01 1.354278079026203452e+00
-3.761890627320101932e-01 7.304664685755347664e-01 1.125420605815411257e+00
-4.056178252324087463e-01 5.782249450997294371e-01 8.128208596720852830e-01
-4.349858596850832426e-01 3.707920011201630284e-01 4.162594619860160439e-01
-4.561677481949009683e-01 1.483087266626309519e-01 3.509736921320040070e-03
-4.611032528649277595e-01 -4.949206710467491527e-02 -3.574120681631007268e-01
-4.498660401198645853e-01 -2.228189660435811736e-01 -6.663865602987493197e-01
-4.225147564711146941e-01 -3.718258364074885636e-01 -9.233266562256792209e-01
-3.790903957764810150e-01 -4.966123850255828032e-01 -1.128176970505210264e+00
-3.196152442464076926e-01 -5.972242515314957201e-01 -1.280913342200857841e+00
-2.440929843673772526e-01 -6.736527991062366549e-01 -1.381542552029686233e+00
-1.525095438314552632e-01 -7.258347851155202424e-01 -1.430102273802096535e+00
-4.483427445295671415e-02 -7.536520907277610704e-01 -1.426661305431769167e+00
7.897895834462741183e-02 -7.569316757306366883e-01 -1.371320131955297228e+00
2.040763581192080733e-01 -7.452919984603942893e-01 -1.288713949515936541e+00
3.155350080047449879e-01 -7.286111557087406876e-01 -1.203334877072734344e+00
4.133164438256782258e-01 -7.070529525775852697e-01 -1.115095883868512550e+00
4.973898309273507290e-01 -6.807667269602277749e-01 -1.023916827329129697e+00
5.677311943306002640e-01 -6.498868085206768175e-01 -9.297238863772900874e-01
6.243226696613484172e-01 -6.145321102935072943e-01 -8.324491892094645351e-01
6.671517852452940600e-01 -5.748058401945197460e-01 -7.320306102843867624e-01
6.962107854048690259e-01 -5.307953206527005197e-01 -6.284117105942005344e-01
7.114960047474673255e-01 -4.825719049866618038e-01 -5.215417949516640839e-01
7.130073030585928340e-01 -4.301909791653226178e-01 -4.113760599626897774e-01
6.872733682713230152e-01 -3.677260890885140632e-01 -2.988634708399388606e-01
6.207899442976538840e-01 -2.893039363089133231e-01 -1.849493819572399500e-01
5.135240583510979340e-01 -1.950137018393568178e-01 -6.960296089799286601e-02
3.654602308449068082e-01 -8.489873510987773486e-02 4.718632222075153787e-02
1.766001586050601480e-01 4.104344975079424196e-02 1.654082407900581697e-01
-5.303723177449540249e-02 1.828612118501301287e-01 2.850316736017857733e-01
-3.234153117260545329e-01 3.406489568386403821e-01 4.060050308866836044e-01
-6.344788144097678328e-01 5.145475369991814318e-01 5.282574985124506295e-01
-9.861523966624932136e-01 7.047449489800493572e-01 6.517013652421009828e-01
-1.378338674816820708e+00 9.114773654070419395e-01 7.762357147564972193e-01
-1.742867601818129719e+00 1.098416538756004757e+00 8.794871282066933915e-01
-2.011661186642242694e+00 1.228987127505807297e+00 9.392055773991001555e-01
-2.184726161351018714e+00 1.303135706391333359e+00 9.554474110897701600e-01
-2.262048126630077149e+00 1.320867376088634471e+00 9.282406563358253093e-01
-2.243591458294237118e+00 1.282245778070642661e+00 8.575851880394730342e-01
-2.129299227686781038e+00 1.187393409229964725e+00 7.434530236898357902e-01
-1.919093606650807748e+00 1.036492057705534320e+00 5.857879401584356049e-01
-1.612877214437631768e+00 8.297832202100552390e-01 3.845035897697779426e-01
-1.210535865527947452e+00 5.675683678122700471e-01 1.394792838276076863e-01
-7.119432073742951728e-01 2.502088714929187607e-01 -1.494473772162575043e-01
-2.083523301266652084e-01 -6.648572276030031980e-02 -4.327445178786838986e-01
2.087580518673558816e-01 -3.273110678684476582e-01 -6.606348290505942300e-01
5.391907258581529749e-01 -5.327416352636410446e-01 -8.329542844896512532e-01
7.827734006350113294e-01 -6.832186367817270067e-01 -9.495398244191345372e-01
9.393628078592111130e-01 -7.791487836635961894e-01 -1.010222477536106389e+00
1.008846415128920704e+00 -8.209031354328246710e-01 -1.014824271233484509e+00
9.911419370679961371e-01 -8.088162841912770462e-01 -9.631584022137894552e-01
8.861948107762390725e-01 -7.431861925350228271e-01 -8.550320983530139696e-01
6.939738168376765604e-01 -6.242749878396738339e-01 -6.902515926041870031e-01
4.144650615129777393e-01 -4.523109296820970182e-01 -4.686286563827130047e-01
1.295073800910311046e-01 -2.717660738368488649e-01 -2.454641666412371581e-01
-7.910586710086285611e-02 -1.268918433340182061e-01 -7.628817551594156698e-02
-2.114258494695048229e-01 -1.757951038772781124e-02 3.875604020476064449e-02
-2.674853400482417043e-01 5.626408836639272548e-02 9.956194577278922042e-02
-2.472980249043479628e-01 9.471692593812315597e-02 1.060599246361099979e-01
-1.508585663992185744e-01 9.784137109142045097e-02 5.821708809261930129e-02
2.185682958189353112e-02 6.568343403612214582e-02 -4.396322334405421833e-02
2.708895950767323813e-01 -1.727885112081293650e-03 -2.004421828783142512e-01
5.962979849382603614e-01 -1.043807150130505595e-01 -4.111463901086114259e-01
9.981565150509528195e-01 -2.422794849565764186e-01 -6.759688761642244081e-01
1.399177432608083693e+00 -3.864805537990431139e-01 -9.428121220648325584e-01
1.721994065644622873e+00 -5.080511659017930004e-01 -1.159675693410567199e+00
1.966592805817510170e+00 -6.070325609848001847e-01 -1.326562452273335690e+00
2.132972800582536799e+00 -6.834741276058150516e-01 -1.443451818697250033e+00
2.221146392243955603e+00 -7.374331082989463715e-01 -1.510299305308542950e+00
2.231139480517184470e+00 -7.689741433791343894e-01 -1.527036320412441306e+00
2.162991696811790376e+00 -7.781689546116200562e-01 -1.493570278840724797e+00
2.016756287965537631e+00 -7.650964802811860421e-01 -1.409785039852344601e+00
1.792499617170044246e+00 -7.298437756758552331e-01 -1.275541674424955696e+00
1.490300195625060997e+00 -6.725079860472934490e-01 -1.090679558516505665e+00
1.163154502406129165e+00 -6.055236064266714680e-01 -8.841349631648925955e-01
8.639880985246206624e-01 -5.411431436273310691e-01 -6.850572741511564701e-01
5.927758243792853321e-01 -4.792273104238520265e-01 -4.935820825922169197e-01
3.494905383366549989e-01 -4.196722844473174674e-01 -3.098350566096523817e-01
1.341044662399154541e-01 -3.624079252100916304e-01 -1.339307193774511018e-01
-5.340986266260475124e-02 -3.073963502814864301e-01 3.402816782343974500e-02
-2.130790495414525143e-01 -2.546308585440779648e-01 1.939507495757001598e-01
-3.449285885793008655e-01 -2.041351727039439345e-01 3.457578666385773825e-01
-4.489829201075609122e-01 -1.559629633884367095e-01 4.893816020261586575e-01
-5.252657384963815845e-01 -1.101976119886887984e-01 6.247646850902853766e-01
-5.793170283343619387e-01 -6.749639902870728514e-02 7.408809127121609439e-01
-6.166941672826584675e-01 -2.841119624033033864e-02 8.267148831837018985e-01
-6.374397686116585193e-01 7.108748216034132227e-03 8.822373686927723613e-01
-6.415870569551623825e-01 3.911199192421023485e-02 9.074247944487701112e-01
-6.291597505709952687e-01 6.764493565272668152e-02 9.022592075299490366e-01
-6.001720599093208763e-01 9.275175830529264198e-02 8.667282137476417514e-01
-5.546287928336897100e-01 1.144742950503095380e-01 8.008248824840281666e-01
-4.925255557272826268e-01 1.328519037601346431e-01 7.045476200246691967e-01
-4.138490384447295334e-01 1.479213635789120851e-01 5.779000126369877588e-01
-3.185773700480036275e-01 1.597168474688476780e-01 4.208906413120639400e-01
-2.176834950573356686e-01 1.631231101327268174e-01 2.564555935478471382e-01
-1.222022649844577841e-01 1.529894007384440535e-01 1.074941378215609755e-01
-3.218280279491859963e-02 1.292997030854768359e-01 -2.602549048626786807e-02
5.234758393919630715e-02 9.204468428989130702e-02 -1.441216982021132353e-01
1.313834205679126066e-01 4.122146327829629558e-02 -2.467994387050537197e-01
2.049410457848973854e-01 -2.316640359341171421e-02 -3.340501652416760781e-01
2.730585880413426980e-01 -1.011087676154336507e-01 -4.058518635185895951e-01
3.357959697962421552e-01 -1.925886117125966968e-01 -4.621691946683040841e-01
3.932349706965485581e-01 -2.975817018199706787e-01 -5.029537801441615885e-01
4.454793801801441577e-01 -4.160562143212608865e-01 -5.281446604337304285e-01
4.816807598357173981e-01 -5.160306786896973197e-01 -5.351728337158545568e-01
4.907994147809574548e-01 -5.655825833837114791e-01 -5.215864314799738555e-01
4.726801285142206432e-01 -5.647562174907655441e-01 -4.874830491789945430e-01
4.271842327355743207e-01 -5.135919662750780823e-01 -4.329498186716857488e-01
3.541897195381189523e-01 -4.121257558709519042e-01 -3.580638032608242094e-01
2.535915652165442458e-01 -2.603882259758668050e-01 -2.628928765467976048e-01
1.253022224290291087e-01 -5.840370112885223675e-02 -1.474969699808810764e-01
-3.074774809051793872e-02 1.938109730504172235e-01 -1.192956507501675111e-02
-2.146089182060078038e-01 4.962476671172075249e-01 1.437607045038172826e-01
-4.263121005033066457e-01 8.489082213649994380e-01 3.195284875892230314e-01
-6.212845486778483250e-01 1.184693970890792869e+00 4.775231562620563808e-01
-7.547779331481391241e-01 1.436526663475562904e+00 5.800509963495679155e-01
-8.265119487617783589e-01 1.604459780793279000e+00 6.273441717647694205e-01
-8.361582290245049842e-01 1.688552022386771601e+00 6.196854482677350839e-01
-7.833419972721111790e-01 1.688866809471718078e+00 5.574098452407690862e-01
-6.676425376167060000e-01 1.605474205158247569e+00 4.409043674000286961e-01
-4.885919526004686708e-01 1.438455934814769854e+00 2.706053753260287964e-01
-2.456716986330122476e-01 1.187914183852118111e+00 4.699314284313204498e-02
6.169349730840378854e-02 8.539848341010018995e-01 -2.294169454514144724e-01
4.341445138714553620e-01 4.368557720402220790e-01 -5.580873075810161010e-01
7.980698245817023917e-01 1.841738983459967685e-02 -8.695326041978748144e-01
1.078897969657420353e+00 -3.196270734310502348e-01 -1.095077741798923254e+00
1.275972148199587375e+00 -5.772940401930874987e-01 -1.235356761089028144e+00
1.388738453512856852e+00 -7.545717758505283701e-01 -1.290941105887389195e+00
1.416740878651233659e+00 -8.514255014245142306e-01 -1.262334287119365017e+00
1.359619883484180169e+00 -8.677956421174680690e-01 -1.149970423092661953e+00
1.217114064212933666e+00 -8.035908419516453183e-01 -9.542155767120213961e-01
9.890645332801827339e-01 -6.586773647100386819e-01 -6.753707723101014526e-01
6.754218075711662106e-01 -4.328664954508412155e-01 -3.136754039611456268e-01
2.762552470830323958e-01 -1.259015783037984726e-01 1.306905082181569200e-01
-1.328498203668496691e-01 1.805485361139660128e-01 5.660169418138072395e-01
-4.765989142636369302e-01 4.044260503865134138e-01 9.007144115097291959e-01
-7.553018685053493053e-01 5.455603057127650368e-01 1.134724454246609726e+00
-9.693215028600590255e-01 6.039156587113370112e-01 1.267846408859727880e+00
-1.119072340327067483e+00 5.795969597472865331e-01 1.299735880037396596e+00
-1.205019040941458508e+00 4.728534294527779736e-01 1.229906723992361117e+00
-1.227677622314864880e+00 2.840792202317246051e-01 1.057735991469963110e+00
-1.187622579375018139e+00 1.380903249413031712e-02 7.824711475462758914e-01
-1.085502929881111855e+00 -3.372927999933936216e-01 4.032388897626746349e-01
-9.220699685290316694e-01 -7.684514451621443643e-01 -8.094488771839709884e-02
-7.436488246324999274e-01 -1.202886567518186567e+00 -5.789863525979860315e-01
-5.956504012759206157e-01 -1.564891444694610723e+00 -9.984843335306751166e-01
-4.775590585810047806e-01 -1.855244282360449359e+00 -1.338542740345040727e+00
-3.888392680399179735e-01 -2.074728546785864935e+00 -1.598281332848231262e+00
-3.289154735483910685e-01 -2.224120549352336162e+00 -1.776839339625949865e+00
-2.971607147426520990e-01 -2.304181112961495526e+00 -1.873378618606287738e+00
-2.928938161352205305e-01 -2.315651649850400506e+00 -1.887085987229815354e+00
-3.153847472985589762e-01 -2.259255171615651037e+00 -1.817174133313430140e+00
-3.638676403539539139e-01 -2.135702799651900907e+00 -1.662880459207689121e+00
