0.000000000000000000e+00 0.000000000000000000e+00 -7.605721914173981801e-01
1.752258399450035142e-04 1.806599492705451837e-03 -7.592175228912751983e-01
2.164091062533124443e-04 3.502324739323992020e-03 -7.584791345414627628e-01
1.814338589070096930e-04 5.134590080445811111e-03 -7.580927360504561285e-01
1.271723035314309413e-04 6.750971307562636525e-03 -7.577942437351303795e-01
1.095903932175623652e-04 8.399079207674020608e-03 -7.573197528329633776e-01
1.837278228955518955e-04 1.012658290273993344e-02 -7.564055365507194040e-01
4.035523766821036418e-04 1.198137978993640829e-02 -7.547880699021933815e-01
8.216878936524452115e-04 1.401190825196874101e-02 -7.522040762735242581e-01
1.489013422401264108e-03 1.626759769660957033e-02 -7.483905944117612563e-01
2.454128483521333948e-03 1.879944788212739581e-02 -7.430850630715757354e-01
3.746324934812417240e-03 2.161684143151099136e-02 -7.361539695274990081e-01
5.328799894997793274e-03 2.455527251030265035e-02 -7.279781874343393966e-01
7.153342276365659558e-03 2.740554326003774577e-02 -7.190665438296117706e-01
9.178375605447541830e-03 2.995655031309407690e-02 -7.099269859542411965e-01
1.136898249544771033e-02 3.199469564833012925e-02 -7.010664468149578887e-01
1.369586215243856486e-02 3.330349626899664628e-02 -6.929907322867081554e-01
1.613320715639021685e-02 3.366333548720090718e-02 -6.862043952491214682e-01
1.865548489718049652e-02 3.285131630452475804e-02 -6.812105849349268105e-01
2.123311034519215212e-02 3.064121041892775565e-02 -6.785108961891594959e-01
2.382699920173614316e-02 2.680354481301794323e-02 -6.786052945707146122e-01
2.634303034193408166e-02 2.118457508342430629e-02 -6.818252940030782305e-01
2.851449009467721396e-02 1.394561628805845999e-02 -6.878357071349032736e-01
3.003000817465650840e-02 5.333845795140845780e-03 -6.961407845747995538e-01
3.058021146501221921e-02 -4.393256253880650775e-03 -7.062535555175806223e-01
2.986323011070801670e-02 -1.496687576106836559e-02 -7.176967093005361953e-01
2.758894174941817212e-02 -2.610737166783927421e-02 -7.300023342675427962e-01
2.348196755830755933e-02 -3.752625738327530769e-02 -7.427105321777518476e-01
1.728343693155620642e-02 -4.892956038488183168e-02 -7.553670113767037009e-01
8.751535761572171168e-03 -6.002245443380749279e-02 -7.675198385092993902e-01
-2.339154281525424040e-03 -7.051506926986661483e-02 -7.787155920154127386e-01
-1.605654852066518146e-02 -8.015303138756069146e-02 -7.885821257320699829e-01
-3.188851977888340627e-02 -8.879509267275764728e-02 -7.970818110023278891e-01
-4.917988678250573287e-02 -9.634282165545737797e-02 -8.042438163036997878e-01
-6.727683834761677417e-02 -1.027130059380558791e-01 -8.100789411311084542e-01
-8.552752665459095738e-02 -1.078335113039585735e-01 -8.145831325877819218e-01
-1.032828561706580217e-01 -1.116391840387040979e-01 -8.177414923640293765e-01
-1.198974658646267955e-01 -1.140676713035282397e-01 -8.195326811214176388e-01
-1.347308818865435853e-01 -1.150550853978966614e-01 -8.199336696589560880e-01
-1.471488042784008243e-01 -1.145314950045737135e-01 -8.189248305045406795e-01
-1.565244798180538410e-01 -1.124162892521671786e-01 -8.164954105828376996e-01
-1.624454246647655253e-01 -1.087382866869068820e-01 -8.127375234538032345e-01
-1.653260507518625744e-01 -1.040089456655666211e-01 -8.081133182561885953e-01
-1.657808975532262252e-01 -9.885659716188799351e-02 -8.031823748667843432e-01
-1.644134906008059005e-01 -9.391090898395759723e-02 -7.985026707909899102e-01
-1.618152539107065024e-01 -8.980877475291215717e-02 -7.946236613605890398e-01
-1.585684317295452672e-01 -8.719688492991606310e-02 -7.920834247210395418e-01
-1.552528653369407152e-01 -8.673109914383392294e-02 -7.914096959531966569e-01
-1.524565081571793712e-01 -8.907271811919859061e-02 -7.931248408055613375e-01
-1.507896973198201707e-01 -9.488161829900620958e-02 -7.977551341417541408e-01
-1.509034596068214995e-01 -1.048059605953222118e-01 -8.058451179095231787e-01
-1.533171460264650676e-01 -1.191632698797739920e-01 -8.177326197781997763e-01
-1.578202576980149985e-01 -1.370247014982277634e-01 -8.328142646569629548e-01
-1.639886632558464896e-01 -1.571539140780471300e-01 -8.502442812337851485e-01
-1.713414858069022273e-01 -1.783292014799542358e-01 -8.691530358493717578e-01
-1.793182131501307452e-01 -1.993562025423281092e-01 -8.886267416144817410e-01
-1.872659884087797266e-01 -2.190770121714300522e-01 -9.076929191112346196e-01
-1.944388568819910290e-01 -2.363740744469873256e-01 -9.253148017438213024e-01
-2.000112114397172292e-01 -2.501668437367143838e-01 -9.403981254671407441e-01
-2.031074656073759144e-01 -2.593992964181577321e-01 -9.518131577933357512e-01
-2.028489175840544334e-01 -2.630171631314213165e-01 -9.584333107568228094e-01
-1.986226543084690377e-01 -2.602956206054769517e-01 -9.594941142839261694e-01
-1.907505374400830789e-01 -2.518945957433365024e-01 -9.555466149966109768e-01
-1.798454246083789343e-01 -2.387925425229679988e-01 -9.475115269148952635e-01
-1.665489117726437485e-01 -2.219531741921434431e-01 -9.363266551504869639e-01
-1.514856862505959967e-01 -2.023475321331682508e-01 -9.229091775876741011e-01
-1.352315002669843835e-01 -1.809696631906945186e-01 -9.081294286420762418e-01
-1.182943692822551185e-01 -1.588459300501892102e-01 -8.927959609945963493e-01
-1.011075071122977675e-01 -1.370388688128496568e-01 -8.776502268956023478e-01
-8.403202121263397828e-02 -1.166469125974267662e-01 -8.633684955635025915e-01
-6.736738975492517767e-02 -9.880132570095767619e-02 -8.505685122156219080e-01
-5.136168913730365659e-02 -8.443153544205195260e-02 -8.397285367136859691e-01
-3.622693282296296502e-02 -7.356418325841485029e-02 -8.309424615839096084e-01
-2.219261381103532216e-02 -6.599911983568684803e-02 -8.242238044170133726e-01
-9.513803316883340244e-03 -6.153558296605066147e-02 -8.196015355465986474e-01
1.531289323539741787e-03 -5.996960351328528560e-02 -8.171218256608674402e-01
1.064331921798178371e-02 -6.109092101038626765e-02 -8.168500776718845557e-01
1.750343394855002899e-02 -6.467932876903947914e-02 -8.188730043719987250e-01
2.177461918381506933e-02 -7.050034678258487730e-02 -8.233005160957742596e-01
2.310290708181916841e-02 -7.830010587775504405e-02 -8.302671642636685334e-01
2.111867003249745522e-02 -8.779932278259838796e-02 -8.399328431947292728e-01
1.561113109543255106e-02 -9.866410618672416533e-02 -8.523540867075634075e-01
7.057622549015984958e-03 -1.104464672293277161e-01 -8.670871906240860127e-01
-3.874416393846225048e-03 -1.226800953960376361e-01 -8.835487320259742816e-01
-1.649074598370159350e-02 -1.349203650810424371e-01 -9.011319830738564463e-01
-3.006547232451417528e-02 -1.467563217021154998e-01 -9.192003493306901696e-01
-4.383935823264017984e-02 -1.578186953406306436e-01 -9.370844035478875789e-01
-5.702137625632097695e-02 -1.677833008577866991e-01 -9.540826145960146221e-01
-6.879339223113767332e-02 -1.763691251780081792e-01 -9.694656473162024390e-01
-7.831769040573099971e-02 -1.833304761766458846e-01 -9.824839178178188526e-01
-8.474696024391104032e-02 -1.884427672778881124e-01 -9.923780016450174379e-01
-8.745944293535856673e-02 -1.915443314777949269e-01 -9.985788833844080337e-01
-8.674366635908459244e-02 -1.926962425076115260e-01 -1.001285872096664420e+00
-8.313737833677858902e-02 -1.919837807696205267e-01 -1.000911502260786179e+00
-7.719940383731493938e-02 -1.894663711530784056e-01 -9.978882025258859478e-01
-6.950344579584921689e-02 -1.851909252962959940e-01 -9.926612794616427315e-01
-6.063216490001277492e-02 -1.792030633248105076e-01 -9.856821354110696376e-01
-5.117148516428038363e-02 -1.715559312489221000e-01 -9.774016777537291034e-01
-4.170521232618362717e-02 -1.623164453854268885e-01 -9.682640303619471922e-01
-3.281014927689440697e-02 -1.515689083117219838e-01 -9.587007632293991222e-01
-2.505193251962278822e-02 -1.394160482239339416e-01 -9.491258989663093892e-01
-1.884522080431239033e-02 -1.259789082850080177e-01 -9.398636607966031065e-01
-1.404677258813968876e-02 -1.113912697750025771e-01 -9.309493895645672978e-01
-1.037342110341210599e-02 -9.578325946851018458e-02 -9.223494050912677267e-01
-7.540482143054916264e-03 -7.927890078557231490e-02 -9.140337105834412945e-01
-5.262170037891422680e-03 -6.199663027068069709e-02 -9.059781089992124947e-01
-3.251746959728407660e-03 -4.404974356176882822e-02 -8.981659310796823448e-01
-1.221438607457159264e-03 -2.554677968490137729e-02 -8.905894102800515633e-01
1.117844232372711133e-03 -6.591863322317870200e-03 -8.832507381112599809e-01
4.056935152499718811e-03 1.271496724034371084e-02 -8.761628296058239229e-01
7.888947908423649125e-03 3.227741324655664101e-02 -8.693498232645957557e-01
1.280930923437484381e-02 5.196475892772811633e-02 -8.628663015705808625e-01
1.861667452794302235e-02 7.149509240538653998e-02 -8.568455420361895669e-01
2.501760425944477007e-02 9.054307944758921423e-02 -8.514270774655456897e-01
3.172563495832569913e-02 1.087773890794325737e-01 -8.467353084871787061e-01
3.845883360170443410e-02 1.258615381085959051e-01 -8.428798941099913122e-01
4.493717078624559491e-02 1.414550591125998125e-01 -8.399568187052826040e-01
5.087986864058668957e-02 1.552149325210656627e-01 -8.380501623823408686e-01
5.600285903820712008e-02 1.667972388279341800e-01 -8.372346395755640991e-01
6.001645165895785894e-02 1.758590070084302681e-01 -8.375789998526963487e-01
6.262325526799861208e-02 1.820602608696262337e-01 -8.391504017340443156e-01
6.360613000490333846e-02 1.851995970139537206e-01 -8.419662603664836986e-01
6.309801780074808519e-02 1.856149837539682323e-01 -8.458399015026869527e-01
6.131739548120318517e-02 1.837811627289296368e-01 -8.505427011529942405e-01
5.848272374980334476e-02 1.801736598683634227e-01 -8.558532474007298774e-01
5.481548172771644190e-02 1.752667182886833430e-01 -8.615530497541272759e-01
5.054230544184967755e-02 1.695316842829899251e-01 -8.674230284685462422e-01
4.589631616127309854e-02 1.634358374833335681e-01 -8.732408041936285947e-01
4.111765842506232005e-02 1.574416888578813456e-01 -8.787788436060144370e-01
3.645321898618281153e-02 1.520067925427186495e-01 -8.838035340909855542e-01
3.215546849371131444e-02 1.475841287718946404e-01 -8.880752616183076320e-01
2.846152868992524176e-02 1.445279808812434119e-01 -8.914010214153904599e-01
2.553262851783255627e-02 1.428109636007528493e-01 -8.937920942872938923e-01
2.350735451781638119e-02 1.423120583590220534e-01 -8.953133367347319016e-01
2.252098364349919279e-02 1.429123829826055569e-01 -8.960326489029313279e-01
2.270640031540427373e-02 1.444954348348250761e-01 -8.960213255869931004e-01
2.419493733198185836e-02 1.469472102936837388e-01 -8.953542233700400033e-01
2.711713651597724706e-02 1.501562002290426356e-01 -8.941097661232748628e-01
3.160342234795932015e-02 1.540132612685054525e-01 -8.923698046811630036e-01
3.778468021266867538e-02 1.584113632125658810e-01 -8.902193402525084842e-01
4.579272990086602491e-02 1.632452140258484619e-01 -8.877461150282996982e-01
5.566483918724296487e-02 1.684625647943986948e-01 -8.850243420606251910e-01
6.705551945904852928e-02 1.742185986425877076e-01 -8.820669767054472032e-01
7.952251082272976390e-02 1.807192258334540114e-01 -8.788728349014154340e-01
9.262222731493396921e-02 1.881686228774990255e-01 -8.754420862770468936e-01
1.059094278664636235e-01 1.967686572602405093e-01 -8.717751203389232373e-01
1.189366974893686368e-01 2.067183236773217914e-01 -8.678704432778210354e-01
1.312536675044544410e-01 2.182132189760919161e-01 -8.637215844608321369e-01
1.424058609489775584e-01 2.314450634173379484e-01 -8.593129782651134363e-01
1.519329930385535654e-01 2.466012437488074305e-01 -8.546147620923694177e-01
1.593664842324931108e-01 2.638643080679785591e-01 -8.495763897642665263e-01
1.643677696673249145e-01 2.832877339921724413e-01 -8.441349447198374101e-01
1.671563353520406636e-01 3.044270232256276465e-01 -8.382670153695466198e-01
1.680951535861106017e-01 3.267149214612032893e-01 -8.319623080406914895e-01
1.675539362573004176e-01 3.495864822323131449e-01 -8.252192506852606968e-01
1.659133646284547403e-01 3.724800312238558675e-01 -8.180529340891724566e-01
1.635694848501381138e-01 3.948381900475834705e-01 -8.105014086212340985e-01
1.609378045939844348e-01 4.161089222357681194e-01 -8.026300926635796529e-01
1.584564481658841117e-01 4.357465001241922486e-01 -7.945338759072853030e-01
1.565876057724291393e-01 4.532122437649910296e-01 -7.863363458830883168e-01
1.558164852958632274e-01 4.679748602239230948e-01 -7.781854775518000089e-01
1.565426531012508171e-01 4.796633191730999002e-01 -7.702206575333048200e-01
1.587516654722391785e-01 4.885224217907992994e-01 -7.624812786473036397e-01
1.623110381724806039e-01 4.949478955298616256e-01 -7.549650644389940268e-01
1.670744041783680522e-01 4.993326793153372023e-01 -7.476548106674072436e-01
1.728840066320276314e-01 5.020671493521402518e-01 -7.405228727038264402e-01
1.795732034333661353e-01 5.035393511827050972e-01 -7.335353605559653545e-01
1.869687254267242693e-01 5.041351965689258030e-01 -7.266558170966974650e-01
1.948925183232756986e-01 5.042385992042883736e-01 -7.198482146797910985e-01
2.031630790753253812e-01 5.042315383194271305e-01 -7.130791635684081697e-01
2.115962616064006596e-01 5.044940522991270271e-01 -7.063192731696061877e-01
2.200509158097281315e-01 5.053417004564595416e-01 -6.995030735211855699e-01
2.285654077215357738e-01 5.068404098230212540e-01 -6.924056794012400928e-01
2.372221119200954575e-01 5.089980609518267585e-01 -6.847617537485648498e-01
2.461013850432314243e-01 5.118277922402034719e-01 -6.763055734252372275e-01
2.552806623110823736e-01 5.153484123547120710e-01 -6.667708616202703276e-01
2.648334834869885412e-01 5.195849702927448632e-01 -6.558905789714146728e-01
2.748284177773592241e-01 5.245694657035029351e-01 -6.433966551743410811e-01
2.853278498990139411e-01 5.303416762821884234e-01 -6.290196366298843600e-01
2.963865800713079146e-01 5.369500722670634829e-01 -6.124882168647163283e-01
3.080501786224050242e-01 5.444527799364093923e-01 -5.935286041777252386e-01
3.202734832788598496e-01 5.528600388154560896e-01 -5.720547087711147505e-01
3.326907938942125220e-01 5.619448829804802870e-01 -5.487409038196942035e-01
3.448754881237796610e-01 5.713919818856405541e-01 -5.244505023474475003e-01
3.564273527679993059e-01 5.808513934474159868e-01 -5.000471412799858406e-01
3.669759593671559905e-01 5.899404077944332414e-01 -4.763974903052017318e-01
3.761813496425872039e-01 5.982481736701652508e-01 -4.543738653639199931e-01
3.837314282068913229e-01 6.053426328464293071e-01 -4.348561818128948708e-01
3.893354897926766256e-01 6.107793487814192623e-01 -4.187326393948294090e-01
3.927134543304942049e-01 6.141119628295981236e-01 -4.068986450579830105e-01
3.935806785339663882e-01 6.149042517994391943e-01 -4.002537922508273560e-01
3.917972443467707677e-01 6.129195110379668243e-01 -3.993655718467414850e-01
3.878592089523205111e-01 6.086558105627322135e-01 -4.034685729391784825e-01
3.824054036562216652e-01 6.028063715865030758e-01 -4.114570509895418837e-01
3.760711181733364938e-01 5.960646201296584401e-01 -4.222192165289451182e-01
3.695047642604953886e-01 5.891098219658399415e-01 -4.346400730310482352e-01
3.633779216928867406e-01 5.825981782774123374e-01 -4.476037260133036710e-01
3.583889869320935340e-01 5.771596972567984984e-01 -4.599955402529003479e-01
3.552609646694726564e-01 5.734013852481254503e-01 -4.707047820107015390e-01
3.547340374561418486e-01 5.719172854328498090e-01 -4.786283684506846825e-01
3.575534661728241304e-01 5.733056393653068739e-01 -4.826761555678111826e-01
3.641841304435300408e-01 5.779616373165339382e-01 -4.821226100022752981e-01
3.739897979878259449e-01 5.853959425137373884e-01 -4.776372550371759118e-01
3.860478224967884842e-01 5.949032122166628689e-01 -4.702294589398094971e-01
3.994330122093856517e-01 6.057678581348531210e-01 -4.608923352268141649e-01
4.132281020535013560e-01 6.172477936470635029e-01 -4.505964823491752647e-01
4.265297576914814925e-01 6.285663389913600518e-01 -4.402872740275882713e-01
4.384505034691521530e-01 6.389116550593816335e-01 -4.308858558277628426e-01
4.481169369726560880e-01 6.474428868616763921e-01 -4.232938542048754194e-01
4.546645264361504069e-01 6.533022785964504031e-01 -4.184017058266840117e-01
4.572291334019245035e-01 6.556328591024964680e-01 -4.171004838864238451e-01
4.552163053195559250e-01 6.538583337664323203e-01 -4.200186951401816415e-01
4.491364565778201978e-01 6.484692989402249808e-01 -4.266985939737382161e-01
4.397695165169728249e-01 6.402393717717718147e-01 -4.364233887798958378e-01
4.278942427029668316e-01 6.299477839650062805e-01 -4.484814127400396089e-01
4.142963039424309990e-01 6.183626718322043914e-01 -4.621546845679453952e-01
3.997744107001506286e-01 6.062281261409139255e-01 -4.767105644430578160e-01
3.851444095556035840e-01 5.942551681472130198e-01 -4.913965872027046267e-01
3.712411069689141030e-01 5.831171736012716877e-01 -5.054385622103980680e-01
3.589175622726168413e-01 5.734504598803948916e-01 -5.180420129745266777e-01
3.490416588029723322e-01 5.658607717735435472e-01 -5.283969948615880874e-01
3.422869394002785448e-01 5.607855974749531569e-01 -5.358901430933755705e-01
3.385120098223222129e-01 5.580668051559278808e-01 -5.407293410815019463e-01
3.373608715980940254e-01 5.574201747611722269e-01 -5.433404290818373283e-01
3.384688916460620867e-01 5.585805428804162531e-01 -5.441606745047211646e-01
3.414667017924704062e-01 5.612942683396049404e-01 -5.436351754792303481e-01
3.459834184262176038e-01 5.653128708553465387e-01 -5.422136837196034342e-01
3.516491402419186230e-01 5.703880112774069033e-01 -5.403478454209129644e-01
3.580966790699755542e-01 5.762679014804752420e-01 -5.384888483693530681e-01
3.649624802576432181e-01 5.826951687008694591e-01 -5.370854569763787723e-01
3.718866983964952411e-01 5.894061536664914058e-01 -5.365824135117347460e-01
3.785731057028582924e-01 5.961776938009455407e-01 -5.373024638995733682e-01
3.849681550630235094e-01 6.029693663354942501e-01 -5.390967965979718279e-01
3.910753070592392078e-01 6.097899491475105016e-01 -5.416974201020816615e-01
3.968938284667595795e-01 6.166516384277942464e-01 -5.448341408059533819e-01
4.024187062046147290e-01 6.235697201487546693e-01 -5.482344445087963258e-01
4.076405097746533812e-01 6.305622433646740355e-01 -5.516233380214439208e-01
4.125451855303126081e-01 6.376496844610577419e-01 -5.547231389288418413e-01
4.171137666179385306e-01 6.448545909674954224e-01 -5.572532008111457102e-01
4.213219829580170384e-01 6.522011926038162599e-01 -5.589295605213564500e-01
4.251397562722791790e-01 6.597149657308403192e-01 -5.594644935017818455e-01
4.285204195523055759e-01 6.673331829011521776e-01 -5.586868589604288005e-01
4.313741197439275865e-01 6.746362669898919862e-01 -5.569059377832759061e-01
4.336075180071103929e-01 6.811124687215239781e-01 -5.545531224040605167e-01
4.351373122188633147e-01 6.862472201593767807e-01 -5.520643295760430114e-01
4.358903235257240993e-01 6.895241826701048460e-01 -5.498818995570657897e-01
4.358008896917260344e-01 6.904265555720954239e-01 -5.484549769459619029e-01
4.348053616243321429e-01 6.884386167951048741e-01 -5.482381846543922244e-01
4.328336674199384504e-01 6.830475048331297039e-01 -5.496886612825315765e-01
4.297981760923770267e-01 6.737453183329060735e-01 -5.532619234437499145e-01
4.255804050061655630e-01 6.600317073470298723e-01 -5.594074889447546717e-01
4.200741773333107609e-01 6.417349358452701935e-01 -5.683739239369720586e-01
4.133739671324585530e-01 6.199629743379526658e-01 -5.796395443467261543e-01
4.056572521025367806e-01 5.961396287139288930e-01 -5.925018227839786711e-01
3.971513406766935539e-01 5.716805239220219548e-01 -6.062708632645157358e-01
3.881422419017552805e-01 5.479882000089766336e-01 -6.202634439292653568e-01
3.789747972041945800e-01 5.264481234061220150e-01 -6.337940422994643441e-01
3.700453432257679864e-01 5.084263832091480140e-01 -6.461662285642537640e-01
3.617872290236081589e-01 4.952699182913176124e-01 -6.566669968083735931e-01
3.546487571810281736e-01 4.883100198491825417e-01 -6.645653780987519355e-01
3.490626990487748493e-01 4.888695214764582353e-01 -6.691150656867490554e-01
3.453053742512617319e-01 4.977658429732865208e-01 -6.698005823214927545e-01
3.431701559373951937e-01 5.138006781387280952e-01 -6.670725307040403784e-01
3.423073352959393745e-01 5.352851345305795761e-01 -6.616337104802503255e-01
3.423688767475079331e-01 5.605394768717921750e-01 -6.541977362035598098e-01
3.430421451215752704e-01 5.878863281137349794e-01 -6.454913554391281671e-01
3.440748780926208283e-01 6.156464153288654373e-01 -6.362612799444922196e-01
3.452907463008862976e-01 6.421366232028300480e-01 -6.272834615761153643e-01
3.465932726177953782e-01 6.656697055807105912e-01 -6.193703017772169694e-01
3.479541212561598762e-01 6.845548307354882844e-01 -6.133695051506564688e-01
3.493809336330375714e-01 6.970982273910397709e-01 -6.101480558523943998e-01
3.508683591906325283e-01 7.020781521757561983e-01 -6.103308860642018274e-01
3.523581105695843263e-01 7.001699167367734233e-01 -6.135830847918533060e-01
3.537238142073899638e-01 6.925247461007475458e-01 -6.192970997277780221e-01
3.548098937108989936e-01 6.802965451490456950e-01 -6.268520751006851910e-01
3.554705975675549467e-01 6.646425345192383816e-01 -6.356414035228219461e-01
3.555962131242980107e-01 6.467230524867702002e-01 -6.450895965517022823e-01
3.551265246496302375e-01 6.277005532120565334e-01 -6.546581788992931195e-01
3.540536131781597540e-01 6.087380762583904925e-01 -6.638427954816781273e-01
3.524166605178762346e-01 5.909975474258564176e-01 -6.721646190600925053e-01
3.502909596701790917e-01 5.756382487804412307e-01 -6.791589049030148928e-01
3.477838071115906260e-01 5.635467347003162430e-01 -6.844908493892796209e-01
3.450414632944411863e-01 5.545304378337747586e-01 -6.883260116618750146e-01
3.421949291771717583e-01 5.481269082815449778e-01 -6.909404372562790719e-01
3.393553120132741796e-01 5.438739670992571718e-01 -6.925992363751407588e-01
3.366216946390534481e-01 5.413103144643502951e-01 -6.935623871451466194e-01
3.340868874247564513e-01 5.399758437609731843e-01 -6.940886213006729477e-01
3.318413693344566262e-01 5.394117153198267900e-01 -6.944378068881249533e-01
3.299755547547857937e-01 5.391602133990769374e-01 -6.948720373137056150e-01
3.285804224124482253e-01 5.387643921148463910e-01 -6.956555071777157373e-01
3.277464957706643922e-01 5.377675094135749845e-01 -6.970531888209894333e-01
3.275062855907351356e-01 5.357989388489738936e-01 -6.992452255797725336e-01
3.276683856899009761e-01 5.328339658766223508e-01 -7.020762572272305491e-01
3.279856536094039043e-01 5.289348400643731907e-01 -7.053073763692134790e-01
3.282127182866201309e-01 5.241649643991692642e-01 -7.087016918572710544e-01
3.281079294843474159e-01 5.185892232341258179e-01 -7.120262596413415856e-01
3.274349517839980628e-01 5.122738144670844207e-01 -7.150536545592784954e-01
3.259639878865665530e-01 5.052856068809417067e-01 -7.175631693497686037e-01
3.234726336185831386e-01 4.976910515029304705e-01 -7.193416455735315296e-01
3.197463864877478912e-01 4.895546802682497756e-01 -7.201839614265863609e-01
3.145788492153083205e-01 4.809372265373323962e-01 -7.198932219778830799e-01
3.078611351096731674e-01 4.719102418017611100e-01 -7.183670682683960251e-01
2.998441903873727554e-01 4.626075816198422785e-01 -7.158503988646947036e-01
2.908593934858250130e-01 4.531809657932059920e-01 -7.126646024503693333e-01
2.812265450667581490e-01 4.437863928630028099e-01 -7.091183609224227524e-01
2.712534903387879837e-01 4.345858865638656532e-01 -7.055070432146788306e-01
2.612364982723374141e-01 4.257483510617046107e-01 -7.021128466777426524e-01
2.514613379902317369e-01 4.174496182677889244e-01 -6.992056379401181410e-01
2.422050038815446449e-01 4.098717668780755830e-01 -6.970444594186191445e-01
2.337380504640766965e-01 4.032017808250292212e-01 -6.958796798997299859e-01
2.263275084174929397e-01 3.976295954106774388e-01 -6.959557803527309794e-01
2.201860657410534827e-01 3.932893605395411107e-01 -6.974228199628438318e-01
2.153144384841207959e-01 3.900867541275996331e-01 -7.000666565101574257e-01
2.116672143385995852e-01 3.878648311596899489e-01 -7.035896481032808403e-01
2.092046512490761678e-01 3.864615961495818652e-01 -7.077011040467451330e-01
2.078900746739171801e-01 3.857117569794916712e-01 -7.121152333079927566e-01
2.076878669893260643e-01 3.854483497306055995e-01 -7.165493789492680676e-01
2.085620232941138852e-01 3.855042532617236617e-01 -7.207225165889434848e-01
2.104752554231361650e-01 3.857136010694266481e-01 -7.243540106521497712e-01
2.133886309802086600e-01 3.859130909501402584e-01 -7.271626322823996347e-01
2.172617364999211986e-01 3.859431898555425455e-01 -7.288658472143954015e-01
2.220332261556374753e-01 3.857115417674181757e-01 -7.292607080483630710e-01
2.275617049778753120e-01 3.853791390096787950e-01 -7.284690451851685289e-01
2.336865546174715647e-01 3.851701042148798493e-01 -7.266960560146720205e-01
2.402472453160222621e-01 3.853076022193322459e-01 -7.241496015848820633e-01
2.470827040493674964e-01 3.860126590302690452e-01 -7.210403053075098434e-01
2.540310555004259285e-01 3.875032810810390416e-01 -7.175814435182421569e-01
2.609297474022742591e-01 3.899938881141178371e-01 -7.139886322737440949e-01
2.676160644867597860e-01 3.936950754573018685e-01 -7.104793192894622855e-01
2.739280280006748391e-01 3.988137200462662513e-01 -7.072720982149163227e-01
2.797056711924534866e-01 4.055534392496293883e-01 -7.045858742066997138e-01
2.848291780685223706e-01 4.140765717608116958e-01 -7.025487013745870257e-01
2.893267563811918741e-01 4.243904179907329599e-01 -7.009255065833812637e-01
2.932585924566897262e-01 4.364667558872605824e-01 -6.993867689037749358e-01
2.966765163390152615e-01 4.502802197536066586e-01 -6.975976436819992799e-01
2.996206668910215143e-01 4.658074824844495865e-01 -6.952166933950589822e-01
3.021159398290769182e-01 4.830265618845279718e-01 -6.918941663057740499e-01
3.041681151654538340e-01 5.019161971484824569e-01 -6.872697002992733672e-01
3.057595303438098711e-01 5.224552192272264861e-01 -6.809693035501411806e-01
3.068441245253383798e-01 5.446218132606550633e-01 -6.726014274705853779e-01
3.073416257166625698e-01 5.683925405605654291e-01 -6.617518977697680604e-01
3.070927910674372541e-01 5.936177413200995900e-01 -6.481355648066351449e-01
3.057657143026721869e-01 6.196481901039185836e-01 -6.320755657139498496e-01
3.030209665618301962e-01 6.457005166240010752e-01 -6.140532948944090741e-01
2.985723616100566247e-01 6.709812207495104985e-01 -5.945695677214244412e-01
2.922043779451946044e-01 6.946899848423564450e-01 -5.741652276095798868e-01
2.837886166128935628e-01 7.160247857331043519e-01 -5.534433326228955785e-01
2.732967204452858567e-01 7.341884563949849785e-01 -5.330897384685555629e-01
2.608056363777948583e-01 7.483961576673352489e-01 -5.138875511942919694e-01
2.464900635298254983e-01 7.578830043746540568e-01 -4.967201424939995391e-01
2.305972165053167267e-01 7.619109473581326952e-01 -4.825580224261978302e-01
2.134719490406187248e-01 7.600535858829786662e-01 -4.722411937978452379e-01
1.956854442143627359e-01 7.530289935373626342e-01 -4.658440612230054789e-01
1.777573355165982250e-01 7.418422060904199533e-01 -4.631538418393792433e-01
1.600988923398447561e-01 7.274952175835092127e-01 -4.638547689727996470e-01
1.430437814592053769e-01 7.109802063553463114e-01 -4.675460227299192972e-01
1.268803858016114283e-01 6.932746354389336396e-01 -4.737633755749555142e-01
1.118809158726365993e-01 6.753379076606504938e-01 -4.819998397754035047e-01
9.832471800500774961e-02 6.581093615572255473e-01 -4.917231354936317800e-01
8.651493371684582101e-02 6.425075654164533745e-01 -5.023897925010505361e-01
7.678878154908019837e-02 6.294310312567410470e-01 -5.134569249560048121e-01
6.940192073799122952e-02 6.195304792473415034e-01 -5.244274691597370364e-01
6.416000499762830600e-02 6.125273923274385801e-01 -5.349661222867903021e-01
6.076016244266657651e-02 6.079163122204760406e-01 -5.447998384482812817e-01
5.890014514828845194e-02 6.051980693265477385e-01 -5.536728321791666296e-01
5.827202462211689138e-02 6.038807786967845814e-01 -5.613371586702369243e-01
5.855882361663589109e-02 6.034800475890160776e-01 -5.675460732722137358e-01
5.943369918784346950e-02 6.035184192644131862e-01 -5.720499809994521456e-01
6.056154293737003869e-02 6.035240479856587292e-01 -5.745949740915610171e-01
6.160300760639314532e-02 6.030285944724571578e-01 -5.749240379997382355e-01
6.222101589159967361e-02 6.015643521545808170e-01 -5.727809978993390061e-01
6.217417064863983711e-02 5.988395126684435965e-01 -5.680302008643680622e-01
6.157129701084640416e-02 5.952730469590568063e-01 -5.609973188378112319e-01
6.060210900740692352e-02 5.914612900266109641e-01 -5.521190809965279556e-01
5.944161418555760079e-02 5.880016104764389517e-01 -5.418223673847557542e-01
5.824401116998334516e-02 5.854938723759088859e-01 -5.305203166292624672e-01
5.714021400143698415e-02 5.845411458051290587e-01 -5.186112506901161545e-01
5.623862145723856898e-02 5.857498067959481247e-01 -5.064799137653315242e-01
5.562882613905584250e-02 5.897291919685807571e-01 -4.945005905687529513e-01
5.538812833497797072e-02 5.970909657406142657e-01 -4.830418636947952926e-01
5.559098128479877943e-02 6.084483253013965864e-01 -4.724730906933833907e-01
5.627661661368055235e-02 6.241445221842853996e-01 -4.630933430609562862e-01
5.732970380851920567e-02 6.434392090987048896e-01 -4.549003827525917032e-01
5.862118541977379138e-02 6.653185863096666708e-01 -4.478280887831722623e-01
6.004552068815893762e-02 6.887666984220697231e-01 -4.418198914634223762e-01
6.151251892469922211e-02 7.127662180805653946e-01 -4.368237757605584193e-01
6.294002114501440204e-02 7.362990210918884948e-01 -4.327882177703266109e-01
6.424725758251570440e-02 7.583466110829339968e-01 -4.296586417711401040e-01
6.534899169166319410e-02 7.778904361315133187e-01 -4.273743729197909680e-01
6.615086143448634104e-02 7.939121270003210995e-01 -4.258664551999591374e-01
6.654660500977405135e-02 8.053936751388190984e-01 -4.250570634047097229e-01
6.646516590608131381e-02 8.116182397269255944e-01 -4.248839436006472958e-01
6.601562531281102153e-02 8.130723049184616080e-01 -4.253729216978050509e-01
6.534735388905765774e-02 8.105435245417087486e-01 -4.265712991953694022e-01
6.460114593070009903e-02 8.048197412020865471e-01 -4.285213671118985879e-01
6.390910455738030294e-02 7.966886585454648895e-01 -4.312582611159836432e-01
6.339655214398565164e-02 7.869374826405253209e-01 -4.348101388909317855e-01
6.318558272726004788e-02 7.763525280776617521e-01 -4.392002280057316632e-01
6.339982254864962030e-02 7.657187779833694030e-01 -4.444502972794159845e-01
6.417008478942420879e-02 7.558193778317026101e-01 -4.505852691099403451e-01
6.564082724159803206e-02 7.474350305291870278e-01 -4.576389474653419498e-01
6.793886896640932704e-02 7.411450167603153005e-01 -4.656545615378804293e-01
7.105477857222020077e-02 7.367326986607958261e-01 -4.746649760055476897e-01
7.494277828428774768e-02 7.337816587898506882e-01 -4.847002094661139182e-01
7.955304850511701886e-02 7.318743276847139434e-01 -4.957881628560008025e-01
8.482744500365102525e-02 7.305922552631036737e-01 -5.079504316967771160e-01
9.069524172449439092e-02 7.295165067639723944e-01 -5.211982616229295928e-01
9.706897392608615505e-02 7.282282108199131798e-01 -5.355287388864691245e-01
1.038405722225679284e-01 7.263092793518897139e-01 -5.509214252777905330e-01
1.108780806328986124e-01 7.233433060364840017e-01 -5.673357540969017343e-01
1.180233260800278572e-01 7.189166317861488409e-01 -5.847095859536630691e-01
1.250656823422109376e-01 7.127101627525043170e-01 -6.029001539937866028e-01
1.316812558015083567e-01 7.047749689938833662e-01 -6.215202294334210009e-01
1.375378634534252242e-01 6.952652976371362925e-01 -6.401410135830905013e-01
1.423297689797347054e-01 6.843476713250469246e-01 -6.583596143349819130e-01
1.457816002107827913e-01 6.721989330035769150e-01 -6.758022880550482725e-01
1.476500045742126233e-01 6.590034929158177235e-01 -6.921254416737787629e-01
1.477232999575197603e-01 6.449499855254701153e-01 -7.070146705008522048e-01
1.458194932542986599e-01 6.302275196247930644e-01 -7.201822265668189615e-01
1.417830902485852640e-01 6.150216649137085767e-01 -7.313633669936208115e-01
1.354811182940989234e-01 5.995102713922584314e-01 -7.403120316677531676e-01
1.269040138827106645e-01 5.838540133114693553e-01 -7.469371025889022242e-01
1.164622871376952418e-01 5.681802598391145764e-01 -7.517069527145574526e-01
1.046428330122965988e-01 5.526062317409659030e-01 -7.552011912440286245e-01
9.190079374026183245e-02 5.372511109463768975e-01 -7.579671610823548455e-01
7.866152056855524322e-02 5.222404336665342761e-01 -7.605216500350584496e-01
6.532331010754210965e-02 5.077084083897869249e-01 -7.633532516354541997e-01
5.226080903312846360e-02 4.937983999511583733e-01 -7.669252961396764157e-01
3.982903097206014209e-02 4.806617897537237560e-01 -7.716793260848158198e-01
2.836794250172181009e-02 4.684553805806190852e-01 -7.780391110204445404e-01
1.820756680224455692e-02 4.573374635516049835e-01 -7.864151979137901094e-01
9.577832841200617509e-03 4.474460104574538022e-01 -7.969942449575153631e-01
2.336645354545030528e-03 4.388417007165852368e-01 -8.091045785715009764e-01
-3.726801000603074954e-03 4.315555289801107364e-01 -8.218771502048349831e-01
-8.800741354724195276e-03 4.256103088397518164e-01 -8.344589617022339922e-01
-1.305807877330611433e-02 4.210249627327584676e-01 -8.460087302668277687e-01
-1.666347475372109699e-02 4.178174531408056502e-01 -8.556928547892534986e-01
-1.978041578083278296e-02 4.160064597126957864e-01 -8.626815552323146008e-01
-2.257840920848774857e-02 4.156118013323215621e-01 -8.661450264875911742e-01
-2.524046023509907144e-02 4.166534932234737809e-01 -8.652494338025653597e-01
-2.797094863210425331e-02 4.191492120583300007e-01 -8.591525766904384298e-01
-3.094192113220106677e-02 4.230395088644853807e-01 -8.473819613564304021e-01
-3.409996514075963603e-02 4.279788987978152548e-01 -8.309866375694006102e-01
-3.732110830688206704e-02 4.335595686716602337e-01 -8.114041703382062209e-01
-4.045484898159124043e-02 4.393868236240869862e-01 -7.900864138396537228e-01
-4.331504180069778442e-02 4.450813943275062634e-01 -7.685040584573550326e-01
-4.567732105135924314e-02 4.502798458669121651e-01 -7.481480566418103884e-01
-4.728301405028467741e-02 4.546322593766949360e-01 -7.305275695805226732e-01
-4.784947615064893967e-02 4.577963639064455137e-01 -7.171641194896949401e-01
-4.708680922282226788e-02 4.594275528688225307e-01 -7.095817387582323832e-01
-4.472105565477324518e-02 4.591647268761924749e-01 -7.092930341150309737e-01
-4.060962692232994442e-02 4.567519901068246568e-01 -7.172699304379692720e-01
-3.501139095330429996e-02 4.524531823586239732e-01 -7.324029519179866554e-01
-2.829562446239020090e-02 4.466609264090752873e-01 -7.530581846174349003e-01
-2.082222751145401674e-02 4.397781995158145385e-01 -7.776095718376039301e-01
-1.291700916441662628e-02 4.322316187332191362e-01 -8.044533725835938398e-01
-4.855145588956943925e-03 4.244788522396998331e-01 -8.320171531604922954e-01
3.146942533871044390e-03 4.170109581414811473e-01 -8.587634624775941639e-01
1.093108828017408385e-02 4.103509543542505078e-01 -8.831886484862039310e-01
1.838815824835560164e-02 4.050500704809723018e-01 -9.038174800805780507e-01
2.544008314410417526e-02 4.016829323257056217e-01 -9.191942255768617009e-01
3.202135194112454286e-02 4.006545125810099250e-01 -9.283301414600533263e-01
3.806686919344670628e-02 4.016204996300731800e-01 -9.320619806669099283e-01
4.347584948541438621e-02 4.040300470473563443e-01 -9.316606066128736430e-01
4.812580546081202115e-02 4.073121862173172403e-01 -9.283794595246819270e-01
5.189174515856942449e-02 4.108780673297554031e-01 -9.234630921203876852e-01
5.465808353637235939e-02 4.141244888445085870e-01 -9.181537232234102675e-01
5.632306939370623766e-02 4.164388212584313465e-01 -9.136956976093788541e-01
5.679541045614078243e-02 4.172051637521088097e-01 -9.113374764007087236e-01
5.598284398635788861e-02 4.158115500900518846e-01 -9.123308289924674241e-01
5.377267184664757949e-02 4.116582494306273432e-01 -9.179272860017846369e-01
5.004383117889688037e-02 4.043622876169132851e-01 -9.289384279002383948e-01
4.478226302351995258e-02 3.943427762603239906e-01 -9.444343728809729832e-01
3.801343921302269280e-02 3.822212462677048173e-01 -9.630592791641943151e-01
2.979495209758464824e-02 3.686151180637748936e-01 -9.834723324291987367e-01
2.023438706373870133e-02 3.541269469344658916e-01 -1.004348613317736838e+00
9.498062871258650119e-03 3.393339364066711994e-01 -1.024375732335950140e+00
-2.188358568110615465e-03 3.247787115338995889e-01 -1.042247685276551650e+00
-1.454627592544710524e-02 3.109625152970880713e-01 -1.056657511691631690e+00
-2.725653925835835878e-02 2.983419105088729317e-01 -1.066290107901544548e+00
-3.997702468155672761e-02 2.873297632807929602e-01 -1.069816085155724128e+00
-5.233488636868699473e-02 2.782292052855028786e-01 -1.066308287065956595e+00
-6.386988453049280423e-02 2.710498879355820456e-01 -1.056502821689198068e+00
-7.414618122825000768e-02 2.657703700598705865e-01 -1.041538580329149699e+00
-8.277413130886657200e-02 2.624207543507082185e-01 -1.022543321292264995e+00
-8.939976536634652859e-02 2.610830272545427988e-01 -1.000640373555928164e+00
-9.369475674174321256e-02 2.618867779668141438e-01 -9.769550290046331575e-01
-9.534564961078473289e-02 2.650008937307850587e-01 -9.526213743150244717e-01
-9.404114373603356114e-02 2.706216285289628765e-01 -9.287901952209320910e-01
-8.945631207252269235e-02 2.789572127313473260e-01 -9.066385342552294446e-01
-8.123276048170513519e-02 2.902088614422764223e-01 -8.873815028024409912e-01
-6.917159854624621573e-02 3.044175934728974298e-01 -8.720312440674162779e-01
-5.387719139953972558e-02 3.210519877304074399e-01 -8.606204949671742988e-01
-3.613227272974661730e-02 3.394009323129836275e-01 -8.529220660737220072e-01
-1.670517215339728523e-02 3.587222402825540613e-01 -8.486775519732159268e-01
3.627891973257746372e-03 3.782604880985425133e-01 -8.475790470448476555e-01
2.406215949687329214e-02 3.972629328699475160e-01 -8.492555676798936304e-01
4.374723876764985420e-02 4.149931948610494636e-01 -8.532650429648063195e-01
6.177583180211065894e-02 4.307420256780822854e-01 -8.590932560604862545e-01
7.718052828465538084e-02 4.438342105549173411e-01 -8.661614003112632076e-01
8.894047423426343357e-02 4.536305577236068309e-01 -8.738437904163265380e-01
9.628433401600311470e-02 4.597336629572996713e-01 -8.815376415891540418e-01
9.958388658444894403e-02 4.625989829289482991e-01 -8.888336037412636337e-01
9.952910909937706663e-02 4.628830600499389547e-01 -8.954210215777420601e-01
9.683986179323378352e-02 4.612280734094209578e-01 -9.010300372565205329e-01
9.225756098098658597e-02 4.582607967629801493e-01 -9.054121542556798907e-01
8.653691724644829719e-02 4.545935903781774812e-01 -9.083247892348609298e-01
8.043844395328436647e-02 4.508271610970844279e-01 -9.095203004969842908e-01
7.472188576897265122e-02 4.475550279947482224e-01 -9.087396263466915869e-01
7.014036036396831264e-02 4.453697478323106473e-01 -9.057104265192830184e-01
6.743483974947972470e-02 4.448709740808580726e-01 -9.001494938343150842e-01
6.712363275391863837e-02 4.465130548091535978e-01 -8.919174842971271389e-01
6.888998606081120357e-02 4.501202490058275885e-01 -8.814730671399391149e-01
7.221121412586573030e-02 4.553588889627797620e-01 -8.694308197313200814e-01
7.657121045990944452e-02 4.618891229923276498e-01 -8.564092166771293257e-01
8.146533477206663321e-02 4.693585046114612247e-01 -8.430274409041387251e-01
8.640386849366832323e-02 4.773985955105359835e-01 -8.299033816572842781e-01
9.091387362966996122e-02 4.856244403904721452e-01 -8.176527302821545717e-01
9.453929366549473912e-02 4.936367008360722508e-01 -8.068890280355560662e-01
9.683915501158857353e-02 5.010262180051698877e-01 -7.982244706132237688e-01
9.738376478327781527e-02 5.073808103296069127e-01 -7.922712491786310096e-01
9.587851772013422647e-02 5.123683079492469261e-01 -7.894799906889513608e-01
9.254326760300646271e-02 5.159672693129673249e-01 -7.896516750997624179e-01
8.771640098558419751e-02 5.182435247704990644e-01 -7.924270912943600642e-01
8.172635852063647732e-02 5.192697840664615150e-01 -7.974485793298478065e-01
7.489374928387748653e-02 5.191201451413505197e-01 -8.043587509033329752e-01
6.753333642983827545e-02 5.178656901473019936e-01 -8.127994833850999967e-01
5.995585276203030389e-02 5.155710937137412131e-01 -8.224111292353990521e-01
5.246963172128316089e-02 5.122921969669351761e-01 -8.328318803292109607e-01
4.538206255561272329e-02 5.080745245010307443e-01 -8.436972299168590261e-01
3.900089774429549294e-02 5.029527408745160244e-01 -8.546394812996309653e-01
3.357022177119706186e-02 4.969675604621834886e-01 -8.653377601751657267e-01
2.907588091760127114e-02 4.902197947071575967e-01 -8.756702895027945743e-01
2.544206403747883982e-02 4.828274933784308942e-01 -8.855652475936421908e-01
2.259703281877323278e-02 4.749104137978248374e-01 -8.949513357794973700e-01
2.047340270279907060e-02 4.665900715768382945e-01 -9.037584198634056598e-01
1.900824198807837817e-02 4.579897648666833021e-01 -9.119179952079887741e-01
1.814299843000144463e-02 4.492345744887900061e-01 -9.193634956323228913e-01
1.782326562366121081e-02 4.404513427792196012e-01 -9.260304679572559650e-01
1.799840282586018247e-02 4.317686338894484166e-01 -9.318566339735392390e-01
1.862102194186432413e-02 4.233166777402304071e-01 -9.367818600391082384e-01
1.963496479954729423e-02 4.152752993610264731e-01 -9.407467434863359124e-01
2.094129146013612441e-02 4.080179817483493565e-01 -9.436894448514352440e-01
2.243238520156687343e-02 4.019678536699489158e-01 -9.455506928208694539e-01
2.400078541964179024e-02 3.975492593519969198e-01 -9.462741617852374887e-01
2.553594577979190205e-02 3.951872237148483791e-01 -9.458048016647513379e-01
2.692059885415787335e-02 3.953068452114600895e-01 -9.440866039404500754e-01
2.802665264710091364e-02 3.983325909954644750e-01 -9.410596478773283202e-01
2.871045739565358801e-02 4.046874576531753753e-01 -9.366561733595357708e-01
2.880715494469399118e-02 4.147919441551151110e-01 -9.307952994362844734e-01
2.812363343529522552e-02 4.290627580514336792e-01 -9.233758284815274386e-01
2.647551717928298132e-02 4.476569277508817279e-01 -9.143604597937291523e-01
2.383846517065979498e-02 4.697097264984386733e-01 -9.040621327246607386e-01
2.025412944450177832e-02 4.941019039904008814e-01 -8.928902894892627451e-01
1.580625981887218146e-02 5.197170560095045744e-01 -8.812750769036168386e-01
1.063572135156487519e-02 5.454444364694257530e-01 -8.696830907830133128e-01
4.951844648855452391e-03 5.701815715565050624e-01 -8.586317760550064015e-01
-9.618820778163339469e-04 5.928362221091467710e-01 -8.486998238693228558e-01
-6.750915917713484760e-03 6.123270853411071357e-01 -8.405299240975954156e-01
-1.200539644460718591e-02 6.275825583006504615e-01 -8.348197600628610715e-01
-1.629200200296843093e-02 6.375370091546352924e-01 -8.322977648501144188e-01
-1.928868971114283681e-02 6.414739751491076447e-01 -8.334655774058603583e-01
-2.109386339044583281e-02 6.400666499957550215e-01 -8.378988755971454871e-01
-2.196672749067740682e-02 6.343275448073297795e-01 -8.448933657402784014e-01
-2.219769292865692023e-02 6.252641422900584445e-01 -8.537159705974257662e-01
-2.207010431861622379e-02 6.138834903313235003e-01 -8.636353711120587917e-01
-2.183427564162876422e-02 6.011949892220207481e-01 -8.739420527309937903e-01
-2.169409499790031504e-02 5.882114124391284449e-01 -8.839576341474564281e-01
-2.180487683052767522e-02 5.759485354956508374e-01 -8.930350928456771697e-01
-2.228060045503177378e-02 5.654238596006164741e-01 -9.005521929048940777e-01
-2.320892917754502349e-02 5.576548534482612673e-01 -9.059001981393124403e-01
-2.461273699803534498e-02 5.533511158812780550e-01 -9.086858715297720934e-01
-2.629660799089172940e-02 5.519960295443024911e-01 -9.093659240590215020e-01
-2.803306112229630997e-02 5.527665471332898761e-01 -9.085974952092032986e-01
-2.960515726159229644e-02 5.548412235689714755e-01 -9.070340056723051880e-01
-3.079345718473902593e-02 5.574011187328058448e-01 -9.053334187962280843e-01
-3.137035231704210503e-02 5.596294742611878092e-01 -9.041611179412267774e-01
-3.110185903697093579e-02 5.607101271415286803e-01 -9.041873401889080064e-01
-2.975708845075608622e-02 5.598246053791084975e-01 -9.060789238545781110e-01
-2.712535106076519043e-02 5.561479654189689370e-01 -9.104854058189713051e-01
-2.304022335085154083e-02 5.488436750066183478e-01 -9.180202508984969256e-01
-1.749864622607155695e-02 5.373226282008576327e-01 -9.290201276950784681e-01
-1.092019090896378941e-02 5.220413494058009363e-01 -9.428987543908915470e-01
-3.805742655137223096e-03 5.037272790099009967e-01 -9.588635364507784864e-01
3.389747270502674326e-03 4.831229398675538356e-01 -9.761645396809779385e-01
1.027623636361463255e-02 4.609891971013042600e-01 -9.941077468797661076e-01
1.653698417918336716e-02 4.381053794145119973e-01 -1.012058290273901040e+00
2.192844943076766029e-02 4.152670945797884983e-01 -1.029435944712439266e+00
2.627384833398016539e-02 3.932825830195922912e-01 -1.045705406320038389e+00
2.945216258650917851e-02 3.729683230730609367e-01 -1.060363647402313703e+00
3.138379110038602704e-02 3.551444041488460712e-01 -1.072926127096073046e+00
3.206263217397786747e-02 3.404549911848340216e-01 -1.083026591924831639e+00
3.167258903018321803e-02 3.288378733443724222e-01 -1.090739141445974614e+00
3.041237520116801818e-02 3.200465318666489978e-01 -1.096225030534641931e+00
2.845009627399308627e-02 3.138272772742167760e-01 -1.099624756948296422e+00
2.592995891851224144e-02 3.099214460314652086e-01 -1.101064308260790270e+00
2.297784387078438684e-02 3.080671333813111978e-01 -1.100659925108891990e+00
1.970605219779786310e-02 3.080005883195457983e-01 -1.098521770345627147e+00
1.621742987146657100e-02 3.094573622398097967e-01 -1.094756789798123631e+00
1.260900250896579422e-02 3.121732781786050737e-01 -1.089470971787994014e+00
8.975200076492662049e-03 3.158852690666171803e-01 -1.082771150804755500e+00
5.399863071453125940e-03 3.203474607302623234e-01 -1.074799629703832249e+00
1.926149789031939008e-03 3.253779194275465692e-01 -1.065834435526066049e+00
-1.408904488646278708e-03 3.308131035235697404e-01 -1.056189868537335652e+00
-4.561984536196383999e-03 3.364925992506320185e-01 -1.046183781636091048e+00
-7.482470104895000418e-03 3.422590659446371752e-01 -1.036137957408682642e+00
-1.011195578184409527e-02 3.479580540089761698e-01 -1.026378275934839657e+00
-1.238432752185225638e-02 3.534376562789769416e-01 -1.017234634905567869e+00
-1.422641052046991206e-02 3.585479519922438740e-01 -1.009040580757567085e+00
-1.555920490794360234e-02 3.631402062080888449e-01 -1.002132610902184418e+00
-1.629972651311817344e-02 3.670657965839927428e-01 -9.968491124728982022e-01
-1.640038889084394214e-02 3.701962408255283776e-01 -9.934391617929452245e-01
-1.596395025830155134e-02 3.724857107013272994e-01 -9.917907728044355053e-01
-1.513621271657150658e-02 3.739066428596542480e-01 -9.916981675054246104e-01
-1.406871861463621087e-02 3.744297515890515626e-01 -9.929520019125379626e-01
-1.291775938556405379e-02 3.740253650046376777e-01 -9.953402793514465330e-01
-1.184326514200684244e-02 3.726644879802374355e-01 -9.986493904380959741e-01
-1.100758061825679590e-02 3.703195710138849073e-01 -1.002665269236247880e+00
-1.057414549510404811e-02 3.669649695419918700e-01 -1.007174645151994952e+00
-1.070610686635120601e-02 3.625770846095237587e-01 -1.011966362579534984e+00
-1.156489792389248095e-02 3.571341830697254416e-01 -1.016832735878208549e+00
-1.323252563060783871e-02 3.507027485872651340e-01 -1.021588848397939397e+00
-1.548135875542833162e-02 3.436960883041448866e-01 -1.026124759617172977e+00
-1.800282257927321439e-02 3.366113270597637097e-01 -1.030346026222712652e+00
-2.048461101161702658e-02 3.299423902849820678e-01 -1.034153313921697848e+00
-2.261163713988523227e-02 3.241804344909979818e-01 -1.037441942438875220e+00
-2.406698849759436598e-02 3.198145998279766644e-01 -1.040102942992463753e+00
-2.453297364283280046e-02 3.173331105147974007e-01 -1.042025624044198739e+00
-2.369228865661554551e-02 3.172247285057552268e-01 -1.043101637689830774e+00
-2.122923275114807495e-02 3.199805304720735322e-01 -1.043230540513359728e+00
-1.683076012247664011e-02 3.260959288323159733e-01 -1.042326852580603980e+00
-1.031167058107751444e-02 3.358313838020596798e-01 -1.040413500054518270e+00
-1.985807175323373031e-03 3.484860327179708506e-01 -1.037872962980736613e+00
7.715246212208537457e-03 3.631135224336445866e-01 -1.035169499027915219e+00
1.837023769164858322e-02 3.787588532202281755e-01 -1.032751420872333625e+00
2.956722929879562756e-02 3.944565008169562681e-01 -1.031043136091748469e+00
4.089881003985240682e-02 4.092304527667103287e-01 -1.030439617666649266e+00
5.195418698777354294e-02 4.220959114046136662e-01 -1.031303079605661921e+00
6.230906638689059918e-02 4.320624363254843558e-01 -1.033961960789495649e+00
7.151443582644612107e-02 4.381383717614868445e-01 -1.038712789841071071e+00
7.908542459169742855e-02 4.393365148687484734e-01 -1.045826015680923149e+00
8.461739716175475934e-02 4.350311315748669472e-01 -1.055381037730193317e+00
8.818092544605304894e-02 4.260130006945601622e-01 -1.066765009130051123e+00
8.999321579794239412e-02 4.134343015929857756e-01 -1.079228479788449491e+00
9.031412666570259873e-02 3.984503444867728561e-01 -1.092058638966051376e+00
8.945449150674056327e-02 3.822127017288443618e-01 -1.104569118482895629e+00
8.777673379440287249e-02 3.658641047328670126e-01 -1.116088117408824854e+00
8.568920830525472709e-02 3.505355464886390493e-01 -1.125947038790258592e+00
8.363503791985715807e-02 3.373460744604197536e-01 -1.133471606578889013e+00
8.207554792158955337e-02 3.274056894448467148e-01 -1.137976851542708889e+00
8.146790917457380488e-02 3.218215533753503443e-01 -1.138766526466301610e+00
8.208664645684260464e-02 3.213642404946623898e-01 -1.135394401404547171e+00
8.355342046552260982e-02 3.254439645082642940e-01 -1.128442728212393664e+00
8.530432084611483390e-02 3.331301073967614101e-01 -1.118747313323237069e+00
8.676811529350203500e-02 3.434835957995585609e-01 -1.107135362759378072e+00
8.738848518105513108e-02 3.555510016619032321e-01 -1.094424236965083619e+00
8.664001237203944328e-02 3.683634077133133289e-01 -1.081424378842933631e+00
8.403811878229561216e-02 3.809397258488083082e-01 -1.068946254518033712e+00
7.914292190975791286e-02 3.922939561653553397e-01 -1.057810361809864208e+00
7.155660447265166368e-02 4.014458765480233282e-01 -1.048858829253243918e+00
6.091349470424800572e-02 4.074348291153979673e-01 -1.042966911078824666e+00
4.701607067428037467e-02 4.095946258890292846e-01 -1.040806426265612039e+00
3.026778735942770027e-02 4.083305849008813659e-01 -1.042095823247276343e+00
1.119375219844176428e-02 4.043205763492894178e-01 -1.046305895612314796e+00
-9.703810404929846811e-03 3.982405309442853536e-01 -1.052892741849011493e+00
-3.193420955700432273e-02 3.907525810660619214e-01 -1.061291034457040983e+00
-5.500881736044593850e-02 3.824953129917876282e-01 -1.070909807225727928e+00
-7.843390876549172219e-02 3.740761848047871041e-01 -1.081130276211498042e+00
-1.017062007786684319e-01 3.660663816054010589e-01 -1.091305417550771928e+00
-1.243113864683937919e-01 3.589985224960945409e-01 -1.100761157620903319e+00
