7.305048465728762430e+00 -9.233110547065734863e-01 -2.422164916992187500e+00
7.270605963897001089e+00 -8.763973401936429042e-01 -2.419755271550334985e+00
7.238090613909974103e+00 -8.316038631599587116e-01 -2.417717701346138615e+00
7.207321915585921168e+00 -7.888103866144930976e-01 -2.415983596603931360e+00
7.178129198662849930e+00 -7.479002545663716583e-01 -2.414489392300183557e+00
7.150351622798527096e+00 -7.087603920248718437e-01 -2.413176568163498903e+00
7.123838177570478436e+00 -6.712813049994226233e-01 -2.411991648674615796e+00
7.098447682476000331e+00 -6.353570804996068189e-01 -2.410886203066409550e+00
7.074048786932149113e+00 -6.008853865351588830e-01 -2.409816845323888401e+00
7.050519970275745507e+00 -5.677674721159662319e-01 -2.408745234184200612e+00
7.027749541763366636e+00 -5.359081672520679129e-01 -2.407638073136624257e+00
7.005635640571363787e+00 -5.052158829536557150e-01 -2.406467110422574329e+00
6.984086235795839315e+00 -4.756026112310741127e-01 -2.405209139035602295e+00
6.963019126452667074e+00 -4.469839250948197118e-01 -2.403845996721392986e+00
6.942361941477480869e+00 -4.192789785555418036e-01 -2.402364565977769040e+00
6.922052139725681563e+00 -3.924105066240418660e-01 -2.400756774054686016e+00
6.902037009972424642e+00 -3.663048253112735630e-01 -2.399019592954234614e+00
6.882273670912635311e+00 -3.408918316283434669e-01 -2.397155039430642454e+00
6.862729071161004057e+00 -3.161050035865105579e-01 -2.395170174990272294e+00
6.843379989251973328e+00 -2.918814001971855587e-01 -2.393077105891619816e+00
6.824213033639759729e+00 -2.681616614719324332e-01 -2.390892983145318507e+00
6.805224642698337156e+00 -2.448900084224669704e-01 -2.388640002514133887e+00
6.786421084721446562e+00 -2.220142430606576733e-01 -2.386345404512971502e+00
6.767818457922585296e+00 -1.994857483985252866e-01 -2.384041474408867600e+00
6.749442690435020431e+00 -1.772594884482431576e-01 -2.381765542220995791e+00
6.731329540311782544e+00 -1.552940082221369311e-01 -2.379559982720665712e+00
6.713522347956931924e+00 -1.335509699884311063e-01 -2.377470920624277007e+00
6.696047312816029162e+00 -1.119900520734036647e-01 -2.375533987684981696e+00
6.678888770026373933e+00 -9.056384765524821967e-02 -2.373760079761188191e+00
6.661986942834897008e+00 -6.921740101705632642e-02 -2.372134062001803656e+00
6.645237942598159364e+00 -4.788820754681712144e-02 -2.370614768846226905e+00
6.628493768782341533e+00 -2.650621373741803011e-02 -2.369135004024357283e+00
6.611562308963256029e+00 -4.993817186644195980e-03 -2.367601540556588446e+00
6.594207338826346465e+00 1.673413340282124684e-02 -2.365895120753810144e+00
6.576148522166677779e+00 3.877033822339731595e-02 -2.363870456217409100e+00
6.557061410888941566e+00 6.121504636260495513e-02 -2.361356227839268129e+00
6.536583603476950444e+00 8.417343226674511847e-02 -2.358158008781072734e+00
6.514382488334220511e+00 1.077267367662910480e-01 -2.354090417330322982e+00
6.490222987256698772e+00 1.319034080449864865e-01 -2.349009269819056112e+00
6.463973713946305821e+00 1.566764780847579031e-01 -2.342814503624063072e+00
6.435606974010933179e+00 1.819635626657149508e-01 -2.335450177166892960e+00
6.405198764964447733e+00 2.076268613661496065e-01 -2.326904469913845031e+00
6.372928776226692626e+00 2.334731575625375588e-01 -2.317209682375975355e+00
6.339080389123475712e+00 2.592538184295365422e-01 -2.306442236109092381e+00
6.304040676886585537e+00 2.846647949399877531e-01 -2.294722673713760930e+00
6.268300404653772695e+00 3.093466218649145172e-01 -2.282215658835295535e+00
6.232445301100621116e+00 3.328902795913354362e-01 -2.269126811626963391e+00
6.197060046307558245e+00 3.549016741740900760e-01 -2.255667898814877503e+00
6.162632259564491122e+00 3.750661174295956690e-01 -2.242022023740287029e+00
6.129543770981827677e+00 3.931541887676325842e-01 -2.228340461815215612e+00
6.098070621490480292e+00 4.090217351913452704e-01 -2.214742660522460938e+00
6.068383062841862241e+00 4.226098712972418681e-01 -2.201316239415598286e+00
6.040545557607900129e+00 4.339449792751944313e-01 -2.188116990118978311e+00
6.014516779181017903e+00 4.431387089084388164e-01 -2.175168876327727485e+00
5.990149611774143956e+00 4.503879775735745161e-01 -2.162464033807747210e+00
5.967191150420717349e+00 4.559749702405653249e-01 -2.149962770395716039e+00
5.945288926026254472e+00 4.602615308342537515e-01 -2.137595235548523487e+00
5.924059381173277572e+00 4.636274669970852913e-01 -2.125279785450754577e+00
5.903156346104291075e+00 4.664088546913629507e-01 -2.112941348169943723e+00
5.882277263832752290e+00 4.688924295072759985e-01 -2.100513093221927807e+00
5.861163190143063417e+00 4.713155866629000212e-01 -2.087936431570851070e+00
5.839598793590575099e+00 4.738663810041960911e-01 -2.075161015629162886e+00
5.817412355501581978e+00 4.766835270050118201e-01 -2.062144739257616877e+00
5.794475769973326251e+00 4.798563987670802500e-01 -2.048853737765274463e+00
5.770704543873994119e+00 4.834250300200207406e-01 -2.035262387909498205e+00
5.746057796842721999e+00 4.873801141213386923e-01 -2.021353307895959350e+00
5.720536622465726140e+00 4.916654071751929145e-01 -2.007116944635954248e+00
5.694166061182530214e+00 4.962041623846741301e-01 -1.992547033569046500e+00
5.666977073168759205e+00 5.009255644384608130e-01 -1.977636058479814718e+00
5.639004899504447721e+00 5.057671326410452250e-01 -1.962374838753197182e+00
5.610289062174049768e+00 5.106747209127343590e-01 -1.946752529374497387e+00
5.580873364066429865e+00 5.156025177896482736e-01 -1.930756620929380718e+00
5.550805888974876368e+00 5.205130464237220922e-01 -1.914372939603875778e+00
5.520139001597081041e+00 5.253771645827040038e-01 -1.897585647184371505e+00
5.488929347535161263e+00 5.301740646501569287e-01 -1.880377241057624493e+00
5.457237853295645813e+00 5.348912736254574085e-01 -1.862728554210749232e+00
5.425130718204110636e+00 5.395241661962999480e-01 -1.844620091531060657e+00
5.392690325466094059e+00 5.440706085362344568e-01 -1.826046729104243260e+00
5.360026153228028889e+00 5.485256021022050232e-01 -1.807032413512530411e+00
5.327275766491861297e+00 5.528807967070532570e-01 -1.787631498134534702e+00
5.294604817115060591e+00 5.571244905195180674e-01 -1.767928743145251502e+00
5.262207043810606777e+00 5.612416300642358857e-01 -1.748039315516054959e+00
5.230304272147011879e+00 5.652138102217409976e-01 -1.728108789014703328e+00
5.199146414548289741e+00 5.690192742284644334e-01 -1.708313144205331424e+00
5.169011470293985333e+00 5.726329136767353001e-01 -1.688858768448459502e+00
5.140205525519151664e+00 5.760262685147800044e-01 -1.669982455900985041e+00
5.113058068865680816e+00 5.791680461467574315e-01 -1.651947550907230777e+00
5.087870463736015481e+00 5.820298315232420583e-01 -1.635001525373934506e+00
5.064864420613922391e+00 5.845917972242822280e-01 -1.619333556200424296e+00
5.044177312738109542e+00 5.868432225569586436e-01 -1.605070668688043156e+00
5.025862176102256385e+00 5.887824935553856998e-01 -1.592277736540151922e+00
5.009887709454988958e+00 5.904171029807109283e-01 -1.580957481862128367e+00
4.996138274299889659e+00 5.917636503211143317e-01 -1.571050475161365867e+00
4.984413894895499020e+00 5.928478417918091603e-01 -1.562435135347275184e+00
4.974430258255312154e+00 5.937044903350421343e-01 -1.554927729731284902e+00
4.965818714147784085e+00 5.943775156200928889e-01 -1.548282374026838326e+00
4.958132066930742710e+00 5.949192396718893106e-01 -1.542195065653367170e+00
4.950908285509102669e+00 5.953826388126435276e-01 -1.536348049926090420e+00
4.943734213126854016e+00 5.958135956236400022e-01 -1.530454186130424610e+00
4.936251359146262452e+00 5.962501945805699366e-01 -1.524260980787491393e+00
4.928155899047852451e+00 5.967227220535279431e-01 -1.517550587654113992e+00
4.919198674430424134e+00 5.972536663070147078e-01 -1.510139807722818306e+00
4.909185193011044390e+00 5.978577174999364363e-01 -1.501880089221834913e+00
4.897975628625045097e+00 5.985417676856040758e-01 -1.492657527615096402e+00
4.885484821226028451e+00 5.993049108117339818e-01 -1.482392865602237819e+00
4.871682276885865193e+00 6.001384427204474736e-01 -1.471041493118598220e+00
4.856590152846390396e+00 6.010262888005890591e-01 -1.458592597885800535e+00
4.840261093011198668e+00 6.019497081795267546e-01 -1.445059821435733527e+00
4.822756063379793900e+00 6.028919979271912810e-01 -1.430471915110232528e+00
4.804142337080071101e+00 6.038389207124710278e-01 -1.414871890603560001e+00
4.784493494368308397e+00 6.047787048032111645e-01 -1.398317019962403540e+00
4.763889422629182135e+00 6.057020440662156391e-01 -1.380878835585878095e+00
4.742416316375750895e+00 6.066020979672454017e-01 -1.362643130225524635e+00
4.720166677249464371e+00 6.074744915710187376e-01 -1.343709956985309484e+00
4.697239314020161594e+00 6.083173155412122668e-01 -1.324193629321626098e+00
4.673739342586068268e+00 6.091311261404595001e-01 -1.304222721043293287e+00
4.649776854482589705e+00 6.099189404891827149e-01 -1.283938780122732437e+00
4.625452270326560367e+00 6.106861844121869165e-01 -1.263482180471693805e+00
4.600841693146228373e+00 6.114406402848487909e-01 -1.242977973606594455e+00
4.575995576851943802e+00 6.121924422918106901e-01 -1.222534602422890249e+00
4.550938726236164023e+00 6.129540764269819642e-01 -1.202243901195079845e+00
4.525670296973435924e+00 6.137403804935369633e-01 -1.182181095576701368e+00
4.500163795620417240e+00 6.145685441039170360e-01 -1.162404802600334186e+00
4.474367079615865883e+00 6.154581086798296408e-01 -1.142957030677598906e+00
4.448202357280638175e+00 6.164309674522476801e-01 -1.123863179599155604e+00
4.421566187817698612e+00 6.175113654614113878e-01 -1.105132040534707150e+00
4.394332518679568089e+00 6.187254726333987209e-01 -1.086756774800040626e+00
4.366386096610400891e+00 6.200966876224218716e-01 -1.068725680294520197e+00
4.337655878688037703e+00 6.216409416531232246e-01 -1.051032957938578871e+00
4.308118069691484919e+00 6.233662715971471924e-01 -1.033679690440761023e+00
4.277796122100898657e+00 6.252728199731402148e-01 -1.016673842297725505e+00
4.246760736097589195e+00 6.273528349467510923e-01 -1.000030259794243204e+00
4.215129859564027193e+00 6.295906703306314300e-01 -9.837706710031982604e-01
4.183068688083833919e+00 6.319627855844339726e-01 -9.679236857855869625e-01
4.150789664941787471e+00 6.344377458148142690e-01 -9.525247957905195184e-01
4.118552481123820996e+00 6.369762217754300071e-01 -9.376163744552178381e-01
4.086660674184993347e+00 6.395317059678642391e-01 -9.232471462649907146e-01
4.055424216186344744e+00 6.420583896698296433e-01 -9.094663486736689340e-01
4.025122101923693130e+00 6.445190399019096184e-01 -8.963178940695997188e-01
3.995998947892891895e+00 6.468857155079944521e-01 -8.838398390507998803e-01
3.968264992289844972e+00 6.491397671552807669e-01 -8.720643844249593712e-01
3.942096095010494405e+00 6.512718373342725187e-01 -8.610178752094390653e-01
3.917633737650825676e+00 6.532818603587792206e-01 -8.507208006312718673e-01
3.894985023506873034e+00 6.551790623659183854e-01 -8.411877941271623804e-01
3.874222677574707507e+00 6.569819613161130833e-01 -8.324276333434864616e-01
3.855385046550445338e+00 6.587183669930933849e-01 -8.244432401362917773e-01
3.838474837471093970e+00 6.604244523740359085e-01 -8.172301144579237064e-01
3.823445242811981615e+00 6.621345387365261681e-01 -8.107591071696508278e-01
3.810186065620272178e+00 6.638708807920872257e-01 -8.049591928990970091e-01
3.798522458167844729e+00 6.656427380651770420e-01 -7.997159039418041404e-01
3.788214921951293945e+00 6.674463748931885876e-01 -7.948713302612304688e-01
3.778959307691926117e+00 6.692650604264481773e-01 -7.902241194887521525e-01
3.770386815335764030e+00 6.710690686282176909e-01 -7.855294769236617070e-01
3.762063994053543414e+00 6.728156782746927966e-01 -7.804991655331697809e-01
3.753492742240713831e+00 6.744491729550033954e-01 -7.748015059524028247e-01
3.744110307517440894e+00 6.759008410712146198e-01 -7.680613764844060887e-01
3.733298698113305392e+00 6.770903596399370228e-01 -7.598670268470869571e-01
3.720488208458055279e+00 6.779410161628427467e-01 -7.498450296495486889e-01
3.705260945041623177e+00 6.783949305367722449e-01 -7.377352320633673299e-01
3.687360237888580805e+00 6.784144388685425797e-01 -7.233975696345182893e-01
3.666690640558135428e+00 6.779820934749473116e-01 -7.068120662833758949e-01
3.643317930144137407e+00 6.771006628827570539e-01 -6.880788343047148370e-01
3.617469107275075757e+00 6.757931318287190292e-01 -6.674180743677089467e-01
3.589532396114078594e+00 6.741027012595570689e-01 -6.451700755159324174e-01
3.560057244358911355e+00 6.720927883319715024e-01 -6.217952151673571404e-01
3.529754323241980352e+00 6.698470264126399343e-01 -5.978739591143559240e-01
3.499481691551034501e+00 6.674676544996384076e-01 -5.740962152309306843e-01
3.470092598273470497e+00 6.650578006737680736e-01 -5.511442230338525761e-01
3.442283284053075931e+00 6.627037654116435528e-01 -5.295754423300136349e-01
3.416579144814875679e+00 6.604734109610338466e-01 -5.098119066190573978e-01
3.393334731765132783e+00 6.584161613408641145e-01 -4.921402230933805133e-01
3.372733751391340462e+00 6.565630023412137861e-01 -4.767115726381305763e-01
3.354789065462234099e+00 6.549264815233178938e-01 -4.635417098312077933e-01
3.339342691027782362e+00 6.535007082195668504e-01 -4.525109629432647051e-01
3.326065800419189866e+00 6.522613535335057833e-01 -4.433642339377052433e-01
3.314458721248899398e+00 6.511656503398357554e-01 -4.357109984706862282e-01
3.303863423963037782e+00 6.501536689394288304e-01 -4.290349925585023039e-01
3.293600884918360006e+00 6.491623492645081095e-01 -4.228007659188333656e-01
3.283108449459182676e+00 6.481395330838264357e-01 -4.165602353119920997e-01
3.271952319469844550e+00 6.470452396576843457e-01 -4.099623712083097504e-01
3.259827553374698095e+00 6.458516657379279602e-01 -4.027531977881363412e-01
3.246558066138111709e+00 6.445431855679506494e-01 -3.947757929418404532e-01
3.232096629264471499e+00 6.431163508826919228e-01 -3.859702882698095583e-01
3.216524870798176394e+00 6.415798909086382062e-01 -3.763738690824494637e-01
3.200053275323645252e+00 6.399547123638219537e-01 -3.661207744001848119e-01
3.183021183965310641e+00 6.382738994578228686e-01 -3.554422969534589138e-01
3.165888235881689550e+00 6.365819047929948127e-01 -3.446603902139822595e-01
3.149140225679571525e+00 6.349256493705657256e-01 -3.341173464700776252e-01
3.133194961562775216e+00 6.333456226661831057e-01 -3.241054754507304847e-01
3.118393707071074772e+00 6.318750735542887353e-01 -3.148607115397389911e-01
3.105001181080197625e+00 6.305400103081196805e-01 -3.065626137757140324e-01
3.093205557801828043e+00 6.293592005997076244e-01 -2.993343658520792316e-01
3.083118466783605793e+00 6.283441714998792005e-01 -2.932427761170713354e-01
3.074774992909124816e+00 6.274992094782559926e-01 -2.882982775737394365e-01
3.068133676397936327e+00 6.268213604032547570e-01 -2.844549278799458625e-01
3.063076512805543494e+00 6.263004295420866452e-01 -2.816104093483651760e-01
3.059411277248319294e+00 6.259191694611955237e-01 -2.796083762772583192e-01
3.056897090788874394e+00 6.256553469239028997e-01 -2.782642754994351653e-01
3.055269986754934219e+00 6.254838097826769250e-01 -2.773911668640594019e-01
3.054245234942083886e+00 6.253766748777789264e-01 -2.768020705450370267e-01
3.053517341613769975e+00 6.253033280372620739e-01 -2.763099670410156805e-01
3.052760049501297424e+00 6.252304240769723798e-01 -2.757277971753845369e-01
3.051626337803835742e+00 6.251218868005488094e-01 -2.748684620962748015e-01
3.049748422188411912e+00 6.249389089994222823e-01 -2.735448232765596011e-01
3.046737754789912600e+00 6.246399524528161162e-01 -2.715697025138532616e-01
3.042185024211088606e+00 6.241807479277469151e-01 -2.687558819305126412e-01
3.035666076684508941e+00 6.235149492545641881e-01 -2.649184217944015041e-01
3.026807047950635265e+00 6.226013280580973142e-01 -2.599001561936479243e-01
3.015349494458280599e+00 6.214109684139493828e-01 -2.535971884461495351e-01
3.001156314300701844e+00 6.199279208990888801e-01 -2.459612088319256262e-01
2.984211747215596233e+00 6.181492025918483568e-01 -2.369994945931146180e-01
2.964621374585106661e+00 6.160847970719254274e-01 -2.267749099339768093e-01
2.942612119435815909e+00 6.137576544203818818e-01 -2.154059060208912690e-01
2.918532246438749755e+00 6.112036912196444627e-01 -2.030665209823593054e-01
2.892851361909376084e+00 6.084717905535037552e-01 -1.899863799090005245e-01
2.866160413807607554e+00 6.056238020071164074e-01 -1.764506948535572439e-01
2.839159733415201892e+00 6.027332882204033959e-01 -1.627950315806908632e-01
2.812527494699593511e+00 5.998717370710963115e-01 -1.493477442140602740e-01
2.786788174361960468e+00 5.970947739295001666e-01 -1.363724101828375224e-01
2.762300593742723631e+00 5.944409082358048657e-01 -1.240625970713286064e-01
2.739257918821542237e+00 5.919315335000834288e-01 -1.125418626189689519e-01
2.717687660217317003e+00 5.895709273022918806e-01 -1.018637547203277843e-01
2.697451673188183019e+00 5.873462512922696943e-01 -9.201181142510395095e-02
2.678246157631521740e+00 5.852275511897406801e-01 -8.289956093812998750e-02
2.659601658083951214e+00 5.831677567843110976e-01 -7.437052161936826000e-02
2.640883063721329194e+00 5.811026819354716544e-01 -6.619820198391440647e-02
2.621304750157789965e+00 5.789525874285681439e-01 -5.809188295122012791e-02
2.600097139235137522e+00 5.766393723904981172e-01 -4.976022258657415015e-02
2.576673258812249845e+00 5.741037657054058885e-01 -4.097486084258330358e-02
2.550643884564104180e+00 5.713068888706548387e-01 -3.157620180839535579e-02
2.521817539981787260e+00 5.682302559968278599e-01 -2.147341370970215491e-02
2.490200496372484196e+00 5.648757738077267998e-01 -1.064442890873623822e-02
2.455996772859494026e+00 5.612657416403732391e-01 8.640560957255149534e-04
2.419608136382210617e+00 5.574428514450067151e-01 1.293658066836578940e-02
2.381634101696140871e+00 5.534701877850876084e-01 2.538892003732271668e-02
2.342871931372889627e+00 5.494312278372943670e-01 3.796808529419411216e-02
2.304300355630160002e+00 5.454281484793241930e-01 5.035783409209915185e-02
2.266900489219514814e+00 5.415632041265208141e-01 6.223928874484316309e-02
2.231476747382600490e+00 5.379201044716346303e-01 7.335155464140140358e-02
2.198640565370591826e+00 5.345623215403300099e-01 8.349723104909839710e-02
2.168810398444211973e+00 5.315330896911867331e-01 9.254241111360413108e-02
2.142211721873715558e+00 5.288554056156988814e-01 1.004166818589374982e-01
2.118877030938901118e+00 5.265320283382755040e-01 1.071131241874631601e-01
2.098645840929100892e+00 5.245454792162402846e-01 1.126883128798943645e-01
2.081164687143193248e+00 5.228580419398325407e-01 1.172623165952906277e-01
2.065887124889588033e+00 5.214117625322047811e-01 1.210186978710594968e-01
2.052085798310667286e+00 5.201297632564300111e-01 1.242003378872115482e-01
2.038985199293066763e+00 5.189306957930335251e-01 1.270635082360865864e-01
2.025894427759161953e+00 5.177431945678971914e-01 1.298319422142507062e-01
2.012219260951889410e+00 5.165071907093840009e-01 1.326926594274777382e-01
1.997462153434752752e+00 5.151739120483396217e-01 1.357959657907485962e-01
1.981222237091819549e+00 5.137058831180919549e-01 1.392554535282519990e-01
1.963195321127719772e+00 5.120769251544509126e-01 1.431480011733842483e-01
1.943173892067650677e+00 5.102721560957085289e-01 1.475137735687485352e-01
1.921047113757371472e+00 5.082879905826395150e-01 1.523562218661562162e-01
1.896800827363207542e+00 5.061321399585001490e-01 1.576420835266253151e-01
1.870513954132212442e+00 5.038231230395695537e-01 1.633031712729494100e-01
1.842318926302899840e+00 5.013848846657436020e-01 1.692560512949645435e-01
1.812362118427623736e+00 4.988414143071162599e-01 1.754217212500947254e-01
1.780800250269973795e+00 4.962162568531815476e-01 1.817273991476748285e-01
1.747800386804766459e+00 4.935325126128338735e-01 1.881065233489530586e-01
1.713539938218056946e+00 4.908128373143686995e-01 1.944987525670886508e-01
1.678206659907127696e+00 4.880794421054814869e-01 2.008499658671542565e-01
1.641998652480496812e+00 4.853540935532685285e-01 2.071122626661333899e-01
1.605124361757910290e+00 4.826581136442260056e-01 2.132439627329229259e-01
1.567802578770351341e+00 4.800123797842512641e-01 2.192096061883307967e-01
1.530261086432940010e+00 4.774372093124882865e-01 2.249798859084911340e-01
1.492721773050208256e+00 4.749510891624568742e-01 2.305309039675639271e-01
1.455385745898788663e+00 4.725694055297864349e-01 2.358434280843057229e-01
1.418431977926147391e+00 4.703043283882669678e-01 2.409028240267706289e-01
1.382017307750575963e+00 4.681648114898486757e-01 2.456990556123118952e-01
1.346276439661198143e+00 4.661565923646412979e-01 2.502266847075800826e-01
1.311321943617962393e+00 4.642821923209149992e-01 2.544848712285248671e-01
1.277244255251652749e+00 4.625409164451003696e-01 2.584773731403933739e-01
1.244111675863875055e+00 4.609288536017875360e-01 2.622125464577318432e-01
1.211970372427069620e+00 4.594388764337269948e-01 2.657033452443841037e-01
1.180843844251893593e+00 4.580608317132569551e-01 2.689670959825766761e-01
1.150727056328522568e+00 4.567836342080056622e-01 2.720230156328454774e-01
1.121580572667954190e+00 4.555973605465947762e-01 2.748897296939608603e-01
1.093330022969388526e+00 4.544934395700662155e-01 2.775850465720135496e-01
1.065866102620241174e+00 4.534646523318825451e-01 2.801259575804132540e-01
1.039044572696129265e+00 4.525051320979265879e-01 2.825286369398894992e-01
1.012686259960885682e+00 4.516103643465024242e-01 2.848084417784914057e-01
9.865770568665452878e-01 4.507771867683337264e-01 2.869799121315875778e-01
9.604679215533572512e-01 4.500037892665653683e-01 2.890567709418659370e-01
9.340748778497751648e-01 4.492897139567627041e-01 2.910519240593346102e-01
9.070839180350606101e-01 4.486357787179185430e-01 2.929773859808825209e-01
8.792049336018830097e-01 4.480432362477008712e-01 2.948434629797996864e-01
8.502256462994759456e-01 4.475129331133250732e-01 2.966579362310446943e-01
8.200165109897376015e-01 4.470452333011031842e-01 2.984259875493919800e-01
7.885307156472404211e-01 4.466400182164439459e-01 3.001501993894303277e-01
7.558041813592206726e-01 4.462966866838525837e-01 3.018305548455640919e-01
7.219555623255888843e-01 4.460141549469306410e-01 3.034644376520124753e-01
6.871862458589201861e-01 4.457908566683765894e-01 3.050466321828099736e-01
6.517803523844647451e-01 4.456247429299858842e-01 3.065693234518061527e-01
6.161047354401348874e-01 4.455132822326499098e-01 3.080220971126654272e-01
5.806016885194044130e-01 4.454534943793355684e-01 3.093921830361005543e-01
5.457087192301728340e-01 4.454423231930233484e-01 3.106671346966013991e-01
5.117783226190057988e-01 4.454770092385221258e-01 3.118375085870400687e-01
4.790706877357894244e-01 4.455551237067408854e-01 3.128971078051964172e-01
4.477536976337433972e-01 4.456745684146881659e-01 3.138429820537568249e-01
4.179029293694100922e-01 4.458335758054733367e-01 3.146754276403150863e-01
3.895016540026591256e-01 4.460307089483049880e-01 3.153979874773722436e-01
3.624408365966914625e-01 4.462648615384923190e-01 3.160174510823366423e-01
3.365191362180300905e-01 4.465352578974442488e-01 3.165438545775234869e-01
3.114429059365297903e-01 4.468414529726695283e-01 3.169904806901553407e-01
2.868336875743607295e-01 4.471832975762936035e-01 3.173735827277837651e-01
2.623106528013364747e-01 4.475605560140413219e-01 3.177093483500451065e-01
2.375730433725350976e-01 4.479725237181991782e-01 3.180108633720059030e-01
2.124076655914035050e-01 4.484179924874568401e-01 3.182878357501123801e-01
1.866888903097491115e-01 4.488952504869072602e-01 3.185465955821913386e-01
1.603786529277486383e-01 4.494020822480475075e-01 3.187900951074503220e-01
1.335264533939389542e-01 4.499357686687779911e-01 3.190179087064771712e-01
1.062693562052261786e-01 4.504930870134022936e-01 3.192262329012400812e-01
7.883199040687674519e-02 4.510703109126280586e-01 3.194078863550876557e-01
5.152654959252633837e-02 4.516632103635658813e-01 3.195523098727490185e-01
2.474510093917966017e-02 4.522670889860983534e-01 3.196459371296943019e-01
-1.125014820910428094e-03 4.528771938400856789e-01 3.196762726668180843e-01
-2.578578298830604479e-02 4.534891252404397166e-01 3.196359698639096303e-01
-4.903620571467433298e-02 4.540988740127819834e-01 3.195232016619421467e-01
-7.077230200279607808e-02 4.547028214934435431e-01 3.193416605630730043e-01
-9.098710770655743518e-02 4.552977395294640628e-01 3.191005586306440156e-01
-1.097706755309576371e-01 4.558807904785934784e-01 3.188146274891809351e-01
-1.273100750321019270e-01 4.564495272092906064e-01 3.185041183243937923e-01
-1.438893926172081228e-01 4.570018931007236995e-01 3.181948018831767810e-01
-1.598897315446004275e-01 4.575362220427706128e-01 3.179179684736083700e-01
-1.757818141956173363e-01 4.580513782568121917e-01 3.177095480564736674e-01
-1.920446070655394966e-01 4.585482943244674203e-01 3.176004312520156470e-01
-2.090839457545177471e-01 4.590315092163271271e-01 3.176067903466848752e-01
-2.272251372394810953e-01 4.595093081127486490e-01 3.177291993846627638e-01
-2.467129598741300001e-01 4.599937224038552208e-01 3.179526341678612922e-01
-2.677116633889435882e-01 4.605005296895358091e-01 3.182464722559231740e-01
-2.903049688911726323e-01 4.610492537794466106e-01 3.185644929662218572e-01
-3.144960688648461011e-01 4.616631646930086652e-01 3.188448773738612463e-01
-3.402076271707644706e-01 4.623692786594102433e-01 3.190102083116760912e-01
-3.672817790465076060e-01 4.631983581176051801e-01 3.189674703702319314e-01
-3.954847166079456522e-01 4.641841778640541372e-01 3.186106248580826139e-01
-4.245571297158233781e-01 4.653554526218848242e-01 3.178489345610635008e-01
-4.542646471047097068e-01 4.667277645680591447e-01 3.166352886489250951e-01
-4.844024219719903490e-01 4.683028294671173763e-01 3.149687776847054366e-01
-5.147951319778589774e-01 4.700684966711773938e-01 3.128946936247298805e-01
-5.452969792453259412e-01 4.719987491199358898e-01 3.105045298186108194e-01
-5.757916903602089409e-01 4.740537033406664880e-01 3.079359810092485161e-01
-6.061925163711432418e-01 4.761796094482220187e-01 3.053729433328300491e-01
-6.364422327895712383e-01 4.783088511450328539e-01 3.030455143188304223e-01
-6.665131395897522237e-01 4.803599457211072954e-01 3.012299928900113444e-01
-6.964054629089678761e-01 4.822398295146973490e-01 3.002428086952712016e-01
-7.261297735060089353e-01 4.838689983283555596e-01 3.003737438446652530e-01
-7.556894050367292115e-01 4.852066481065469561e-01 3.018191539496797304e-01
-7.850788556932990492e-01 4.862529604834993080e-01 3.046758972244997254e-01
-8.142837882041934483e-01 4.870491027832033470e-01 3.089413344860078015e-01
-8.432810298342037214e-01 4.876772280194134890e-01 3.145133291537857145e-01
-8.720385723844308323e-01 4.882604748956463347e-01 3.211902472501133032e-01
-9.005155721922841749e-01 4.889629678051822803e-01 3.286709573999680445e-01
-9.286623501314884566e-01 4.899898168310643509e-01 3.365548308310270520e-01
-9.564203916120741500e-01 4.915871177460983676e-01 3.443417413736640231e-01
-9.837221858013430742e-01 4.940367576487524892e-01 3.514418029830445600e-01
-1.010489457078888265e+00 4.975992777506321740e-01 3.572824809963187076e-01
-1.036631396510037328e+00 5.024567367583953059e-01 3.614157022754694859e-01
-1.062044501072927583e+00 5.087075167077927951e-01 3.635275923579521229e-01
-1.086612573658516823e+00 5.163663229636724639e-01 3.634384754566965525e-01
-1.110206723070575885e+00 5.253641842199761047e-01 3.611028744601060270e-01
-1.132685364025694641e+00 5.355484524997420337e-01 3.566095109320574497e-01
-1.153894217153274671e+00 5.466828031551018707e-01 3.501813051119015974e-01
-1.173666308995537699e+00 5.584472348672843145e-01 3.421753759144624540e-01
-1.191821972007517605e+00 5.704380696466111456e-01 3.330830409300383765e-01
-1.208171627044131835e+00 5.821753996117392527e-01 3.235193351368763626e-01
-1.222546390505602876e+00 5.931850009931337597e-01 3.141077175380690978e-01
-1.234828681323673960e+00 6.030802477104438841e-01 3.053647783981831010e-01
-1.244955003395598725e+00 6.115695580097021411e-01 2.976897581556519623e-01
-1.252915945584147872e+00 6.184563944633292287e-01 2.913645474227726240e-01
-1.258756181717600731e+00 6.236392639701295870e-01 2.865536869857082669e-01
-1.262574470589752584e+00 6.271117177552945066e-01 2.833043678044862568e-01
-1.264523655959910009e+00 6.289623513704005742e-01 2.815464310129996428e-01
-1.264810666552892870e+00 6.293748046934098950e-01 2.810923679190061031e-01
-1.263696516059034325e+00 6.286277619286706475e-01 2.816373200041283331e-01
-1.261490756575002647e+00 6.270884789023232209e-01 2.827660202328948214e-01
-1.258490466452857781e+00 6.251415833117778265e-01 2.840291474521857706e-01
-1.254919238149102778e+00 6.231178749751915547e-01 2.850196807906790197e-01
-1.250921631665509626e+00 6.212878531268749560e-01 2.853798409678909853e-01
-1.246563174549116582e+00 6.198617164172915972e-01 2.848010902941764955e-01
-1.241830361892230394e+00 6.189893629130593933e-01 2.830241326707284011e-01
-1.236630656332425859e+00 6.187603900969497195e-01 2.798389135895786861e-01
-1.230792488052543598e+00 6.192040948678869672e-01 2.750846201335967467e-01
-1.224065254780694278e+00 6.202894735409495430e-01 2.686496809764915006e-01
-1.216119321790254393e+00 6.219252218473695359e-01 2.604717663828090557e-01
-1.206553845798407520e+00 6.239631958619876739e-01 2.505371891919289662e-01
-1.194982838446989604e+00 6.262364824693126275e-01 2.388743155962916309e-01
-1.181121230231026553e+00 6.285974700276161231e-01 2.255469758853551054e-01
-1.164792694546501250e+00 6.309213093624024271e-01 2.106538654181597803e-01
-1.145929647690358433e+00 6.331059137664070136e-01 1.943285446233329883e-01
-1.124573248860498031e+00 6.350719589995970082e-01 1.767394389990834813e-01
-1.100873400155781834e+00 6.367628832891715218e-01 1.580898391132074532e-01
-1.075088746576027265e+00 6.381448873295609836e-01 1.386179006030822392e-01
-1.047586676022015162e+00 6.392069342824281408e-01 1.185966441756730189e-01
-1.018843319295479999e+00 6.399607497766675035e-01 9.833395560752579423e-02
-9.894355557154171921e-01 6.404397241460376700e-01 7.816894397486161272e-02
-9.599530736775020445e-01 6.406868368756281074e-01 5.843188162883452413e-02
-9.309104302986221935e-01 6.407425809226893199e-01 3.940414375402809255e-02
-9.027390567281978750e-01 6.406438649123898932e-01 2.131456645961031515e-02
-8.757872581481933594e-01 6.404240131378173828e-01 4.339446779340511672e-03
-8.503202137731071808e-01 6.401127655599768707e-01 -1.139745732843644617e-02
-8.265199768499779109e-01 6.397362778077924084e-01 -2.582492698078682827e-02
-8.044854746583808280e-01 6.393171211781061292e-01 -3.892428237019005671e-02
-7.842325085104349114e-01 6.388742826356785809e-01 -5.072938276453414080e-02
-7.656937537507921832e-01 6.384231648131883929e-01 -6.132662650712257524e-02
-7.487216142720700685e-01 6.379755743428502379e-01 -7.085272229299585667e-02
-7.331196217489657219e-01 6.375395935059872121e-01 -7.947017354859477190e-02
-7.186738345457115429e-01 6.371194518839393695e-01 -8.734276306647099919e-02
-7.051556921226024288e-01 6.367155146901256613e-01 -9.463332436663533798e-02
-6.923220150360015479e-01 6.363242827700446025e-01 -1.015037416965546835e-01
-6.799150049383386740e-01 6.359383926012730504e-01 -1.081149500311531925e-01
-6.676622445781136284e-01 6.355466162934685359e-01 -1.146269350728101738e-01
-6.552766977998906173e-01 6.351338615883671546e-01 -1.211987332513635440e-01
-6.424567095443011189e-01 6.346811718597837881e-01 -1.279884317241073155e-01
-6.288860058480432169e-01 6.341657261136129931e-01 -1.351531683757930258e-01
-6.142371184325308153e-01 6.335612373470561609e-01 -1.428477759332844599e-01
-5.982090536113744417e-01 6.328423343177724814e-01 -1.512098678474521340e-01
-5.805649600222017037e-01 6.319889431762735210e-01 -1.603449246405409812e-01
-5.611355528234088785e-01 6.309866857795636275e-01 -1.703249381759891490e-01
-5.398191136941677959e-01 6.298268796911405953e-01 -1.811884116584244475e-01
-5.165814908344159573e-01 6.285065381809956664e-01 -1.929403596336696225e-01
-4.914560989648630862e-01 6.270283702256131964e-01 -2.055523079887389137e-01
-4.645439193269869649e-01 6.254007805079706550e-01 -2.189622939518401923e-01
-4.360134996830429266e-01 6.236378694175391812e-01 -2.330748660923698257e-01
-4.061009543160499224e-01 6.217594330502828059e-01 -2.477610843209202274e-01
-3.751043329206193988e-01 6.197902901602573289e-01 -2.628615463223767934e-01
-3.433216784019689771e-01 6.177528786271883066e-01 -2.782196783200397427e-01
-3.109890846749350790e-01 6.156598519240510381e-01 -2.937150258397460134e-01
-2.782750655548048013e-01 6.135134060686689983e-01 -3.092662801429659769e-01
-2.452805547572979028e-01 6.113052796237118391e-01 -3.248312782268111820e-01
-2.120389058985786279e-01 6.090167536966974993e-01 -3.404070028240290813e-01
-1.785158924952500448e-01 6.066186519399912047e-01 -3.560295824030058620e-01
-1.446097079643656746e-01 6.040713405508061351e-01 -3.717742911677611728e-01
-1.101509656234116175e-01 6.013247282712022024e-01 -3.877555490579555064e-01
-7.490269869031876415e-02 5.983182663880872720e-01 -4.041269217488857590e-01
-3.856669032449940027e-02 5.949822505635011805e-01 -4.210771309458478107e-01
-8.531069760710321189e-04 5.912521415637002065e-01 -4.387861657957039530e-01
3.844986609158067975e-02 5.870828864352105603e-01 -4.573813929286325020e-01
7.946969403628903472e-02 5.824502204841061070e-01 -4.769335662958686384e-01
1.222494924371130970e-01 5.773506672760077008e-01 -4.974568271697083488e-01
1.667480272943224484e-01 5.718015386360850716e-01 -5.189087041435012093e-01
2.128397150294200624e-01 5.658409346490538283e-01 -5.411901131316616542e-01
2.603146224851269341e-01 5.595277436591769016e-01 -5.641453573696605384e-01
3.088784669253906712e-01 5.529416422702653211e-01 -5.875621274140303552e-01
3.581526160353678545e-01 5.461830953456782156e-01 -6.111715011423565214e-01
4.076802052105705232e-01 5.393718737843897770e-01 -6.346521481124260955e-01
4.569934286706127669e-01 5.326307498315833167e-01 -6.576765781542677214e-01
5.056808312730621813e-01 5.260691922196100156e-01 -6.799573904433604543e-01
5.533934260359054669e-01 5.197818838875178926e-01 -7.012514780201521969e-01
5.998446941375735753e-01 5.138487219810485840e-01 -7.213600277900698021e-01
6.448105849169241122e-01 5.083348178526384542e-01 -7.401285205235108577e-01
6.881295158732468886e-01 5.032904970614195950e-01 -7.574467308558472389e-01
7.297023726662660303e-01 4.987512993732178823e-01 -7.732487272874246642e-01
7.694925091161260999e-01 4.947379787605555856e-01 -7.875128721835581436e-01
8.075257472034148565e-01 4.912565034026489807e-01 -8.002618217745413043e-01
8.438877402144053796e-01 4.882986860227524484e-01 -8.115606161774628902e-01
8.786949677412497772e-01 4.858491175027538356e-01 -8.214956699277133900e-01
9.120657309839133031e-01 4.838921004256342973e-01 -8.301537627290600518e-01
9.441175159960348839e-01 4.824122793887658522e-01 -8.376201295483347575e-01
9.749669936849173491e-01 4.813946410039123269e-01 -8.439784606154308033e-01
1.004730019811530983e+00 4.808245138972288002e-01 -8.493109014233032328e-01
1.033521634990504312e+00 4.806875687092618255e-01 -8.536980527279686148e-01
1.061456064690138978e+00 4.809698180949494306e-01 -8.572189705485062650e-01
1.088646719232400750e+00 4.816576167236208406e-01 -8.599511661670571350e-01
1.115206193792920963e+00 4.827376612789965882e-01 -8.619706061288241461e-01
1.141247183926377806e+00 4.841968046630022449e-01 -8.633512550310691314e-01
1.166892555926663411e+00 4.860200123227635394e-01 -8.641600464113693425e-01
1.192285416872731041e+00 4.881883186413861764e-01 -8.644518537928352897e-01
1.217590030049216843e+00 4.906786411630311151e-01 -8.642690335254284983e-01
1.242991814946431406e+00 4.934637805929131815e-01 -8.636414247859609539e-01
1.268697347260372199e+00 4.965124207973031778e-01 -8.625863495780961010e-01
1.294934358892715798e+00 4.997891288035263835e-01 -8.611086127323482886e-01
1.321951737950822769e+00 5.032543547999633882e-01 -8.592005019060825477e-01
1.350019528747725683e+00 5.068644321360484817e-01 -8.568417875835148134e-01
1.379428931802146874e+00 5.105715773222719855e-01 -8.539997230757125912e-01
1.410488213988149830e+00 5.143245204908335477e-01 -8.506299850376253247e-01
1.443477720181450152e+00 5.180754404628434839e-01 -8.466870191554386471e-01
1.478604884905722727e+00 5.217868998155258398e-01 -8.421343858339245259e-01
1.516000142482255564e+00 5.254324753428702977e-01 -8.369457007134766258e-01
1.555716927029965113e+00 5.289967580556352855e-01 -8.311046346701056464e-01
1.597731672465386943e+00 5.324753531813460894e-01 -8.246049138154429858e-01
1.641943812502681732e+00 5.358748801642954085e-01 -8.174503194967386310e-01
1.688175780653619285e+00 5.392129726655428001e-01 -8.096546882968639336e-01
1.736173010227602065e+00 5.425182785629157900e-01 -8.012419120343083900e-01
1.785603934331649878e+00 5.458304599510089838e-01 -7.922459377631808630e-01
1.836064430927411673e+00 5.491992214679723983e-01 -7.827109226841594269e-01
1.887126720493019105e+00 5.526736214453700224e-01 -7.726929382358574960e-01
1.938388265211165917e+00 5.562913827244240217e-01 -7.622616742393732991e-01
1.989476214534816378e+00 5.600779208715958024e-01 -7.515005938269693209e-01
2.040047405187213503e+00 5.640463441785871224e-01 -7.405069334420719684e-01
2.089788361161864394e+00 5.681974536623380923e-01 -7.293917028392756796e-01
2.138415293722564225e+00 5.725197430650301733e-01 -7.182796850843367054e-01
2.185674101403377811e+00 5.769893988540830687e-01 -7.073094365541765516e-01
2.231340370008653817e+00 5.815703002221579432e-01 -6.966332869368813130e-01
2.275219372612999891e+00 5.862140190871536483e-01 -6.864173392317040046e-01
2.317147780340966801e+00 5.908606057826311098e-01 -6.768396450816255294e-01
2.357012481204254772e+00 5.954472317723304986e-01 -6.680701331531552212e-01
2.394769399134732968e+00 5.999168324546071407e-01 -6.602505373073064288e-01
2.430445204829343897e+00 6.042188928828232664e-01 -6.534925718625576030e-01
2.464137315750122514e+00 6.083094477653504528e-01 -6.478779315948486328e-01
2.496013896124179787e+00 6.121510814655685140e-01 -6.434582917375827327e-01
2.526313856943711134e+00 6.157129280018652784e-01 -6.402553079816272197e-01
2.555346855965994202e+00 6.189706710476363671e-01 -6.382606164753116262e-01
2.583493297713381320e+00 6.219065439312854160e-01 -6.374358338244293654e-01
2.611204333473316375e+00 6.245093296362254076e-01 -6.377125570922370645e-01
2.638995233062966683e+00 6.267741992997131195e-01 -6.389940254721061530e-01
2.667372475251738262e+00 6.287009357246959862e-01 -6.411733984331465797e-01
2.696760838942289240e+00 6.302921569101385124e-01 -6.441520336756689780e-01
2.727496775188038569e+00 6.315531545560195692e-01 -6.478411487404505120e-01
2.759828407193156696e+00 6.324918940633342812e-01 -6.521618210087355427e-01
2.793915530312568229e+00 6.331190145340908071e-01 -6.570449877022344065e-01
2.829829612051941723e+00 6.334478287713127820e-01 -6.624314458831237484e-01
2.867553792067706997e+00 6.334943232790386514e-01 -6.682718524540475213e-01
2.906982882167044036e+00 6.332771582623214490e-01 -6.745267241581155426e-01
2.947923366307887427e+00 6.328176676272283530e-01 -6.811664375789049375e-01
2.990098387917565770e+00 6.321396956696172520e-01 -6.881707595889841045e-01
3.033202608115013632e+00 6.312678007264134195e-01 -6.955236824986399391e-01
3.076957062220796235e+00 6.302254588829561133e-01 -7.032082593658004477e-01
3.121114146505040932e+00 6.290349006804599741e-01 -7.112061344982936184e-01
3.165457618187423883e+00 6.277171111160164685e-01 -7.194975434538449788e-01
3.209802595437192707e+00 6.262918296425924458e-01 -7.280613130400820365e-01
3.253995557373154490e+00 6.247775501690318034e-01 -7.368748613145316151e-01
3.297914344063679337e+00 6.231915210600538213e-01 -7.459141975846208528e-01
3.341468156526683053e+00 6.215497451362544945e-01 -7.551539224076738721e-01
3.384597556729657786e+00 6.198669796741058668e-01 -7.645672275909177751e-01
3.427272627864419885e+00 6.181567531475471444e-01 -7.741259012854115884e-01
3.469472737369591719e+00 6.164315493854890526e-01 -7.838003840193195071e-01
3.511166299953072834e+00 6.147029917293167500e-01 -7.935598247311821396e-01
3.552308937866805572e+00 6.129818597744830511e-01 -8.033720858638476736e-01
3.592843480906785736e+00 6.112780893705055396e-01 -8.132037433644758728e-01
3.632699966413054593e+00 6.096007726209683453e-01 -8.230200866845355234e-01
3.671795639269702871e+00 6.079581578835222544e-01 -8.327851187798057664e-01
3.710034951904862766e+00 6.063576497698847101e-01 -8.424615561103734329e-01
3.747309564290720374e+00 6.048058091458381469e-01 -8.520108286406369302e-01
3.783498343943506814e+00 6.033083531312323222e-01 -8.613930798393033550e-01
3.818469712539826588e+00 6.018700835590045095e-01 -8.705679143917773866e-01
3.852107459770398812e+00 6.004940999916686950e-01 -8.795026233786964465e-01
3.884336557999537920e+00 5.991810127132414232e-01 -8.881804097111969387e-01
3.915125509150013450e+00 5.979288711800755385e-01 -8.966011359288704741e-01
3.944486344703064251e+00 5.967331640208601851e-01 -9.047813241997662015e-01
3.972474625698386497e+00 5.955868190366209181e-01 -9.127541563203873665e-01
3.999189442734149225e+00 5.944802032007201475e-01 -9.205694737156960850e-01
4.024773415966980572e+00 5.934011226588555843e-01 -9.282937774391099017e-01
4.049412695111979765e+00 5.923348227290625712e-01 -9.360102281725042328e-01
4.073336959442702465e+00 5.912639879017121958e-01 -9.438186462262088128e-01
4.096815315434401583e+00 5.901689976018090755e-01 -9.518338139194629788e-01
4.120111170213524687e+00 5.890307396132830053e-01 -9.601668015063391515e-01
4.143437104537744275e+00 5.878334235325527457e-01 -9.689062929073888331e-01
4.166950770282675798e+00 5.865648365405783382e-01 -9.781168880253309217e-01
4.190754890441894531e+00 5.852163434028625488e-01 -9.878391027450562634e-01
4.214897259126922258e+00 5.837828864694488695e-01 -9.980893689336243213e-01
4.239370741567233480e+00 5.822629856749240718e-01 -1.008860034440264286e+00
4.264113274110251872e+00 5.806587385384155420e-01 -1.020119363096375187e+00
4.289007864221349386e+00 5.789758201635935020e-01 -1.031811534715523226e+00
4.313882590483854251e+00 5.772234832386696768e-01 -1.043856645093447222e+00
4.338515211635374236e+00 5.754142281854796037e-01 -1.056152779413893184e+00
4.362683865264139982e+00 5.735601748497154428e-01 -1.068598819396473498e+00
4.386217765977898253e+00 5.716694342289060371e-01 -1.081117250207241476e+00
4.409001814264424723e+00 5.697457786340800467e-01 -1.093656233785442522e+00
4.430976596491527530e+00 5.677886416897688360e-01 -1.106189608843513028e+00
4.452138384907041058e+00 5.657931183340031422e-01 -1.118716890867079039e+00
4.472539137638827711e+00 5.637499648183164069e-01 -1.131263272114954033e+00
4.492286498694779695e+00 5.616455987077419998e-01 -1.143879621619145581e+00
4.511543797962820790e+00 5.594620988808143291e-01 -1.156642485184849356e+00
4.530530051210898357e+00 5.571772055295687309e-01 -1.169654085390452236e+00
4.549514888764926823e+00 5.547648691497706341e-01 -1.183039580680372849e+00
4.568762773287471823e+00 5.522012891821183045e-01 -1.196916916641007855e+00
4.588477219297443455e+00 5.494709524649807886e-01 -1.211366678217629778e+00
4.608795722428369324e+00 5.465671821618011128e-01 -1.226429349120889301e+00
4.629789759428375007e+00 5.434921377610970605e-01 -1.242105311826807945e+00
4.651464788160208919e+00 5.402568150764599508e-01 -1.258354847576786284e+00
4.673760247601228102e+00 5.368810462465560818e-01 -1.275098136377600166e+00
4.696549557843405331e+00 5.333934997351259533e-01 -1.292215257001403161e+00
4.719640120093313129e+00 5.298316803309846001e-01 -1.309546186985718341e+00
4.742773316672147743e+00 5.262419291480211481e-01 -1.326890802633450051e+00
4.765630648577767303e+00 5.226784802330456392e-01 -1.344013025606613843e+00
4.787901248667322029e+00 5.191930832521064465e-01 -1.360686435457453491e+00
4.809349394839863123e+00 5.158246261768046903e-01 -1.376739882159553119e+00
4.829820647598405792e+00 5.125981918921432845e-01 -1.392061632701573570e+00
4.849241850049929248e+00 5.095250581965249381e-01 -1.406599371087256412e+00
4.867621127905372269e+00 5.066026978017528215e-01 -1.420360198335421487e+00
4.885047889479643857e+00 5.038147783330313434e-01 -1.433410632479968028e+00
4.901692825691602806e+00 5.011311623289654849e-01 -1.445876608569871102e+00
4.917807910064082577e+00 4.985079072415604662e-01 -1.457943478669186277e+00
4.933726398723871753e+00 4.958872654362223575e-01 -1.469856011857047839e+00
4.949856157172429327e+00 4.931988334942213337e-01 -1.481913462953048155e+00
4.966606251708749475e+00 4.903721950659138962e-01 -1.494415326238992314e+00
4.984313538561059076e+00 4.873495641185682237e-01 -1.507607087487544684e+00
5.003235989893768831e+00 4.840869343703630423e-01 -1.521675292123233270e+00
5.023552693807483038e+00 4.805540792903869596e-01 -1.536747545222450828e+00
5.045363854338988929e+00 4.767345520986397966e-01 -1.552892511513449758e+00
5.068690791461272660e+00 4.726256857660310895e-01 -1.570119915376352759e+00
5.093475941083501546e+00 4.682385930143806441e-01 -1.588380540843141953e+00
5.119582855051041825e+00 4.635981663164185917e-01 -1.607566231597668205e+00
5.146796201145440897e+00 4.587430778957864996e-01 -1.627509890975640028e+00
5.174827951784571667e+00 4.537245595271743315e-01 -1.647990101682961894e+00
5.203385460668395801e+00 4.485929801516673754e-01 -1.668781943402238399e+00
5.232239540132975542e+00 4.433844233524457668e-01 -1.689707810927983944e+00
5.261230650086689664e+00 4.381194671083786796e-01 -1.710642034061172767e+00
5.290268898010253906e+00 4.328031837940216620e-01 -1.731510877609252930e+00
5.319334038956692545e+00 4.274251401796174687e-01 -1.752292541386134550e+00
5.348475475551356162e+00 4.219593974310968387e-01 -1.773017160212195575e+00
5.377812257991916312e+00 4.163645111100768847e-01 -1.793766803914280228e+00
5.407533084048359306e+00 4.105835311738640914e-01 -1.814675477325694342e+00
5.437896299063004868e+00 4.045440019754507621e-01 -1.835929120286216243e+00
5.469224464917044948e+00 3.981589149936488603e-01 -1.857760791751352114e+00
5.501844619491452093e+00 3.913371887191647858e-01 -1.880397695729107532e+00
5.536028536749362239e+00 3.839941484316484188e-01 -1.904008207767864613e+00
5.571987295909829996e+00 3.760524788934780371e-01 -1.928697059249366408e+00
5.609871281447825098e+00 3.674422243497634244e-01 -1.954505337388714015e+00
5.649770183094227072e+00 3.581007885283434278e-01 -1.981410485234366359e+00
5.691712995835819910e+00 3.479729346397900658e-01 -2.009326301668131531e+00
5.735668019915310722e+00 3.370107853774030326e-01 -2.038102941405183000e+00
5.781542860831311081e+00 3.251738229172134731e-01 -2.067526914994048060e+00
5.829184429338351237e+00 3.124288889179814843e-01 -2.097321088816612722e+00
5.878380756302139076e+00 2.987491846524520378e-01 -2.127148796055673863e+00
5.928880955276911280e+00 2.841032729087996089e-01 -2.156659055456292329e+00
5.980415184459686451e+00 2.684440802353424416e-01 -2.185531788675825204e+00
6.032696461337877736e+00 2.517078971862100611e-01 -2.213481930781048934e+00
6.085420662689267957e+00 2.338143783213492144e-01 -2.240259430248151773e+00
6.138266524582042472e+00 2.146665422065150430e-01 -2.265649248962749329e+00
6.190895642374769636e+00 1.941507714132773288e-01 -2.289471362219871242e+00
6.242952470716412350e+00 1.721368125190163301e-01 -2.311580758723970952e+00
6.294064323546299633e+00 1.484777761069309976e-01 -2.331867440588911489e+00
6.343841374094168373e+00 1.230101367660276640e-01 -2.350256423337982348e+00
6.391881396252288461e+00 9.555797851050967795e-02 -2.366707373208670528e+00
6.437821919669217685e+00 6.597969439298526084e-02 -2.381210617505247651e+00
6.481392384843520205e+00 3.421468611767315010e-02 -2.393783154951358405e+00
6.522418884495929881e+00 2.876094597970668253e-04 -2.404468292994798251e+00
6.560824163569349388e+00 -3.569162573443143693e-02 -2.413335647807514750e+00
6.596627619228856432e+00 -7.352785554780166821e-02 -2.420481144285608455e+00
6.629945300861701085e+00 -1.129406619921102806e-01 -2.426027016049333795e+00
6.660989910077291576e+00 -1.535643730081470149e-01 -2.430121805443095084e+00
6.690070800707216492e+00 -1.949480624657156658e-01 -2.432940363535449180e+00
6.717593978805231458e+00 -2.365555501636205371e-01 -2.434683850119106374e+00
6.744053993887937359e+00 -2.777731804127919202e-01 -2.435577426778102961e+00
6.769944738870162126e+00 -3.179953900114219634e-01 -2.435844879570659760e+00
6.795670247216297533e+00 -3.567102788908536604e-01 -2.435683240919975123e+00
6.821536583252933106e+00 -3.935073895889251161e-01 -2.435260482417380246e+00
6.847751842168851688e+00 -4.280777072499744040e-01 -2.434715514822328064e+00
6.874426150015032988e+00 -4.602136596248296851e-01 -2.434158188062403028e+00
6.901571663704658022e+00 -4.898091170708260833e-01 -2.433669291233319765e+00
6.929102571013107337e+00 -5.168593925517935839e-01 -2.433300552598920419e+00
6.956835090577959235e+00 -5.414612416380626403e-01 -2.433074639591174648e+00
6.984487471898979116e+00 -5.638128625064551258e-01 -2.432985158810182291e+00
7.011686357649169032e+00 -5.842084566698761972e-01 -2.432998091642053495e+00
7.038036770066825376e+00 -6.029783961726870034e-01 -2.433067586274673566e+00
7.063192098075750991e+00 -6.204293901636065423e-01 -2.433151749877762615e+00
7.086860459838979942e+00 -6.368390454177870197e-01 -2.433214084275526989e+00
7.108804702758788174e+00 -6.524558663368225098e-01 -2.433223485946654829e+00
7.128842403476682854e+00 -6.674992549487439586e-01 -2.433154246024317402e+00
7.146845867873409475e+00 -6.821595109080196284e-01 -2.432986050296171765e+00
7.162742131068950968e+00 -6.965978314955577622e-01 -2.432703979204358102e+00
7.176512957422515271e+00 -7.109463116186989229e-01 -2.432298507845497948e+00
7.188194840532564633e+00 -7.253079438112273181e-01 -2.431765505970700403e+00
7.197879003236775652e+00 -7.397566182333616958e-01 -2.431106237985554142e+00
7.205711397612079239e+00 -7.543371226717617839e-01 -2.430327362950136738e+00
7.211892704974631307e+00 -7.690651425395198526e-01 -2.429440934579003564e+00
7.216678335879826989e+00 -7.839272608761704841e-01 -2.428464401241198001e+00
7.220378430122294411e+00 -7.988809583476846887e-01 -2.427420605960245226e+00
7.223357856735900917e+00 -8.138546132464723470e-01 -2.426337786414154429e+00
7.226036213993748625e+00 -8.287475014913777693e-01 -2.425249574935419705e+00
7.228887829408169985e+00 -8.434297966276862457e-01 -2.424194998511016497e+00
7.232441759730745545e+00 -8.577425698271206045e-01 -2.423218478782406038e+00
7.237281790952277305e+00 -8.714977898878412121e-01 -2.422369832045531801e+00
7.244046438302811808e+00 -8.844783232344437529e-01 -2.421704269250822161e+00
7.253428946251630371e+00 -8.964379339179656681e-01 -2.421282396003189508e+00
7.266177288507243759e+00 -9.071012836158796055e-01 -2.421170212562027579e+00
7.283094168017411718e+00 -9.161639316320980830e-01 -2.421439113841216351e+00
