-5.879334569710981562e+00 1.033407275884388632e+00 2.619814173936724222e-01
-5.581497910631137316e+00 1.021978749310495260e+00 2.143290513918846008e-01
-5.306041783432059233e+00 1.002670717630033570e+00 1.754620462405562797e-01
-5.051778726392390340e+00 9.777702069591992506e-01 1.442573696912682057e-01
-4.817515284978556522e+00 9.492390946095593529e-01 1.196936354422170889e-01
-4.602071238528004038e+00 9.187710295663509275e-01 1.008349525153747206e-01
-4.404291448592624114e+00 8.878426252689332054e-01 8.681629188593306679e-02
-4.223051547317692389e+00 8.577590143630527963e-01 7.683037918900498253e-02
-4.057258311097516668e+00 8.296939102881777384e-01 7.011609306635069316e-02
-3.905845255567496288e+00 8.047243248276346739e-01 6.594833674863548323e-02
-3.767763741231778152e+00 7.838600496080253555e-01 6.362935380912310146e-02
-3.642065949240311795e+00 7.675995413588339034e-01 6.262657623377712590e-02
-3.528164223779099107e+00 7.546618408715634052e-01 6.296437749204195078e-02
-3.425513978521968816e+00 7.435754085574338701e-01 6.473125577394267527e-02
-3.333517762749772739e+00 7.331133428064706692e-01 6.794769423743775294e-02
-3.251526491297070720e+00 7.222330667548718663e-01 7.258768700953246999e-02
-3.178839053512863888e+00 7.100234841821744247e-01 7.859741880096723921e-02
-3.114701472925172521e+00 6.956602939868443691e-01 8.591078755352574148e-02
-3.058306050655162256e+00 6.783701347266857251e-01 9.446156918616893661e-02
-3.008790413408887865e+00 6.574041420322843665e-01 1.041921074883182113e-01
-2.965236115465633038e+00 6.320213497629874055e-01 1.150584654338574209e-01
-2.926571085248998116e+00 6.019582629797270990e-01 1.269731786777407445e-01
-2.891330524933811041e+00 5.688074030159047112e-01 1.396071191508375386e-01
-2.858044151986862236e+00 5.345223472080294913e-01 1.525193770379774660e-01
-2.825370320518565403e+00 5.009679025450356482e-01 1.651955561495580260e-01
-2.792113332627401689e+00 4.699511579777521098e-01 1.770409495482101470e-01
-2.758023337341485970e+00 4.428020083539147556e-01 1.879191364393675290e-01
-2.726078672843382567e+00 4.190044460813605598e-01 1.998586730885403839e-01
-2.699906712314361190e+00 3.974167267141497373e-01 2.156269778171031604e-01
-2.682906819429837331e+00 3.766921458893652819e-01 2.382483391747239332e-01
-2.678201812055724496e+00 3.552858423556629064e-01 2.710175531838777130e-01
-2.688667384560003981e+00 3.312438437075075348e-01 3.172265561254667410e-01
-2.717125501706361579e+00 3.015585893374068127e-01 3.793340330762464685e-01
-2.766249173277981477e+00 2.629083735699895841e-01 4.596811155171708352e-01
-2.838606866008371643e+00 2.119301987053841263e-01 5.606398298958028548e-01
-2.936793642641532198e+00 1.452738982103101706e-01 6.844886124933652338e-01
-3.061341530034707326e+00 6.072326548870825985e-02 8.317486746766460382e-01
-3.204324898052838044e+00 -3.944555650664710589e-02 9.962792822918556945e-01
-3.356497130595501588e+00 -1.513824856397693319e-01 1.169613893617815314e+00
-3.509492932931316478e+00 -2.707441118598669649e-01 1.342654625568292293e+00
-3.655632447709314281e+00 -3.927943195963199963e-01 1.505934590655963801e+00
-3.787212663562049997e+00 -5.128793648627094637e-01 1.650783570026908453e+00
-3.894594081765234250e+00 -6.277467323026539869e-01 1.772404273717777645e+00
-3.966744120417187158e+00 -7.349167405272193365e-01 1.867758205546266037e+00
-3.991645383436931205e+00 -8.323628427657353557e-01 1.934683867368024446e+00
-3.956489993255239312e+00 -9.183709136025369757e-01 1.971651493356141760e+00
-3.851820581465558835e+00 -9.921681738922873972e-01 1.979244422555157090e+00
-3.683498769377971715e+00 -1.056168698517213400e+00 1.965200492701660639e+00
-3.461522230397850119e+00 -1.112900445773251201e+00 1.937956869150154304e+00
-3.196265465890251178e+00 -1.163973044008456137e+00 1.904447157640432930e+00
-2.898455375375421639e+00 -1.210086260010954318e+00 1.870050363099014845e+00
-2.580003947197327285e+00 -1.250760919474282140e+00 1.837732000009168143e+00
-2.256607071314957302e+00 -1.283968386747017965e+00 1.806241300511463255e+00
-1.944721655222433565e+00 -1.308726629296105504e+00 1.775227518095484847e+00
-1.660350932991098372e+00 -1.325841756089352730e+00 1.746885936513597359e+00
-1.418774576453325942e+00 -1.337845846711062547e+00 1.726016532152976790e+00
-1.231414534338469924e+00 -1.348275746137163944e+00 1.718119578236611433e+00
-1.097219801820096929e+00 -1.359639422881270487e+00 1.723530973453265780e+00
-1.012362616550185779e+00 -1.373928736635289916e+00 1.740741397236742039e+00
-9.735262456088970007e-01 -1.392768787643463790e+00 1.767408208436777262e+00
-9.780754170841332584e-01 -1.417246690214984506e+00 1.800006962422326717e+00
-1.023078024452301005e+00 -1.447688505784553881e+00 1.834213566364903070e+00
-1.101927454082475277e+00 -1.483378017096768531e+00 1.866951214192426933e+00
-1.206959990143480432e+00 -1.523013833909908854e+00 1.895252657399670859e+00
-1.330218093823492653e+00 -1.565101798386895560e+00 1.916300038622889890e+00
-1.463297493417282436e+00 -1.608232129899200613e+00 1.927944323489332756e+00
-1.598398148372607519e+00 -1.651208724752589285e+00 1.929495533504917981e+00
-1.731740957079735965e+00 -1.692825226681278217e+00 1.922950064458806008e+00
-1.860499370972550359e+00 -1.732112579131914520e+00 1.911440763178313462e+00
-1.981802167022913119e+00 -1.768422936670297707e+00 1.898739458043827266e+00
-2.092783937048107390e+00 -1.801382663462526068e+00 1.889183059295082900e+00
-2.191053629400669500e+00 -1.830915467491327941e+00 1.886914170855416684e+00
-2.276048629111526722e+00 -1.857438532541443976e+00 1.893628340482992334e+00
-2.347614398074726605e+00 -1.881388431387893023e+00 1.910170105152729780e+00
-2.405519777809261850e+00 -1.903096465659970926e+00 1.937138433036660556e+00
-2.449441492304748280e+00 -1.922800695090517653e+00 1.974887641652989023e+00
-2.478560609902533685e+00 -1.940533756440417479e+00 2.022973140823817850e+00
-2.490367313665434068e+00 -1.955781439581996795e+00 2.078487300070829935e+00
-2.481894035672857601e+00 -1.967900339876505589e+00 2.137695581613231255e+00
-2.450246773893167251e+00 -1.976197598204753714e+00 2.196524126763134799e+00
-2.392765673757555778e+00 -1.979845895965320901e+00 2.250494761329444149e+00
-2.307756843508778744e+00 -1.977293113054364504e+00 2.294531831764685670e+00
-2.196376328540374789e+00 -1.964789683387037078e+00 2.322611635974394240e+00
-2.061142190988193512e+00 -1.937970712186394495e+00 2.328453842272405261e+00
-1.905331998673136518e+00 -1.892480967483267218e+00 2.305881771825192494e+00
-1.732795303934503872e+00 -1.824120257974314097e+00 2.249011307701494378e+00
-1.548706771687514694e+00 -1.730198778053226860e+00 2.154233464174661439e+00
-1.361942821452836849e+00 -1.613421199387901517e+00 2.025943386830488357e+00
-1.180809712446457382e+00 -1.478513204209695786e+00 1.871296873553529361e+00
-1.011683947685669160e+00 -1.330979406007153809e+00 1.698259602744434771e+00
-8.590270157580792709e-01 -1.176968124025936646e+00 1.515387281986481538e+00
-7.251854029037745342e-01 -1.023281177781895313e+00 1.331680113362642359e+00
-6.100173876637072778e-01 -8.775112216210679827e-01 1.156508838904830361e+00
-5.135714000427256121e-01 -7.469409661171465542e-01 9.990116088337557265e-01
-4.370238897606137374e-01 -6.383065857331643445e-01 8.679333716061169435e-01
-3.829117071073971923e-01 -5.578558736461187717e-01 7.715619096491700413e-01
-3.539744458907115865e-01 -5.098825287074345569e-01 7.156217642443430949e-01
-3.490862932018856668e-01 -4.922316094947120080e-01 6.972616981581150064e-01
-3.662866797002014563e-01 -5.012044039110841176e-01 7.113271274695266433e-01
-4.036138753669096246e-01 -5.332533854925306516e-01 7.525098960055929265e-01
-4.588170812619484229e-01 -5.850755434132717259e-01 8.154610403825880427e-01
-5.292761906378380399e-01 -6.535746314625060505e-01 8.948952859589506259e-01
-6.123709819450015024e-01 -7.354930044674724554e-01 9.856600967171780248e-01
-7.052573582171305366e-01 -8.274980569822554255e-01 1.082802648867820405e+00
-8.047979665819682271e-01 -9.261768792455717936e-01 1.181636795543620666e+00
-9.075885483216423744e-01 -1.027975415573542328e+00 1.277802659823795706e+00
-1.010597762501760810e+00 -1.129674409768848475e+00 1.367696549835712094e+00
-1.113116843897961061e+00 -1.229914204294481284e+00 1.449526547963425172e+00
-1.214998872126575868e+00 -1.327665846437822150e+00 1.522004798219201316e+00
-1.316036590253278460e+00 -1.421735616852374484e+00 1.583950478188375310e+00
-1.415944991625111005e+00 -1.510788900337210361e+00 1.634292952070455440e+00
-1.514134297073256530e+00 -1.593478599794731609e+00 1.672165026626691642e+00
-1.609023756181581444e+00 -1.668813451247607604e+00 1.697231120830696938e+00
-1.698605173685072689e+00 -1.735957979234514781e+00 1.709481800284921471e+00
-1.780704391751794402e+00 -1.794153172330464674e+00 1.709130637756398841e+00
-1.853056789659558223e+00 -1.842717388270872503e+00 1.696578614382940442e+00
-1.913803113671492140e+00 -1.881472525540487162e+00 1.672796622073050132e+00
-1.962876421443225938e+00 -1.912040418106490058e+00 1.640491980168724107e+00
-2.000896577172953883e+00 -1.936546782732666117e+00 1.602639620240525309e+00
-2.028757409978964255e+00 -1.957170938011141059e+00 1.562022170523076348e+00
-2.047591296141822781e+00 -1.976130892674908157e+00 1.521242766818891257e+00
-2.059083471438003521e+00 -1.995591389241530234e+00 1.482359651265735101e+00
-2.066474342752821602e+00 -2.017397991384697775e+00 1.445726346315252986e+00
-2.073330116922412980e+00 -2.043322712355188475e+00 1.411243062311797969e+00
-2.083127458336628379e+00 -2.075166301539487890e+00 1.378833099635338622e+00
-2.099231182658484851e+00 -2.114766951143534524e+00 1.348491018102150107e+00
-2.123924742072303307e+00 -2.163155545481056485e+00 1.320123268056885291e+00
-2.155588276518673574e+00 -2.217970992800055718e+00 1.292941629925134617e+00
-2.191700193391814100e+00 -2.275872692427562960e+00 1.265806232694258071e+00
-2.229827080770837799e+00 -2.333358647206445369e+00 1.237338525495849550e+00
-2.267616269165410259e+00 -2.386770418051415543e+00 1.205920094623139871e+00
-2.302542491423889004e+00 -2.432362388148483934e+00 1.170056447426169433e+00
-2.331195175699368960e+00 -2.466521716174306711e+00 1.129460917147334431e+00
-2.349889036948212606e+00 -2.485711614500667466e+00 1.084228727112687807e+00
-2.354852627778680318e+00 -2.486464744659149684e+00 1.034575718838186109e+00
-2.342203894598008596e+00 -2.465416371743965662e+00 9.808796721507376803e-01
-2.309019411561634705e+00 -2.420225544656338101e+00 9.237172855674167238e-01
-2.256597768270197424e+00 -2.352260739706766746e+00 8.638593488314350033e-01
-2.187229822221659070e+00 -2.263899051756726788e+00 8.021678682764477042e-01
-2.103147720598080195e+00 -2.157604151350475785e+00 7.395244179202282719e-01
-2.006558362819056640e+00 -2.035897845316303467e+00 6.767751449428605071e-01
-1.899647899096927439e+00 -1.901394942088858953e+00 6.145687102326007345e-01
-1.784544151809777768e+00 -1.756923105243038075e+00 5.530471202319261481e-01
-1.663436430515908171e+00 -1.605244222715826563e+00 4.922925914251792823e-01
-1.538620386500438642e+00 -1.448965897559095106e+00 4.324496270993429259e-01
-1.412510566607899642e+00 -1.290527892281275735e+00 3.737064600869626219e-01
-1.287831811566411133e+00 -1.132862857282364022e+00 3.168154218316968085e-01
-1.168280770765820265e+00 -9.813968817927022359e-01 2.646721374879171251e-01
-1.058170918373761316e+00 -8.420457115595443298e-01 2.205325079563575930e-01
-9.622676436876257400e-01 -7.206078340171644392e-01 1.873034454396746984e-01
-8.857523911752620549e-01 -6.228574424521116093e-01 1.673538162185533307e-01
-8.341755384530717965e-01 -5.546061389185724666e-01 1.623793999220539130e-01
-8.134162918875952331e-01 -5.216518082323833294e-01 1.733658088085429649e-01
-8.295542171928316222e-01 -5.299012959466167239e-01 2.001632999135863344e-01
-8.888055516966338887e-01 -5.852901756167211422e-01 2.415303464569110714e-01
-9.974947687448556533e-01 -6.936246744631617833e-01 2.953832784316030025e-01
-1.158989948872925613e+00 -8.570560744018260735e-01 3.580258108476137013e-01
-1.364253259462635981e+00 -1.063862583645197146e+00 4.220177387288160942e-01
-1.600575641619368161e+00 -1.298554176858321973e+00 4.812336180781254802e-01
-1.854676704286881694e+00 -1.545386487626898564e+00 5.322258296872134364e-01
-2.112793246280210813e+00 -1.788567130083933421e+00 5.740266063569605670e-01
-2.360704364517799192e+00 -2.012638716328371213e+00 6.072547737421063463e-01
-2.583633845776367899e+00 -2.203265038762576289e+00 6.317214062025628962e-01
-2.766218108332477499e+00 -2.347054903118405811e+00 6.465451998072471174e-01
-2.892486534217553640e+00 -2.431502527910544220e+00 6.501736770776118668e-01
-2.945839876587043271e+00 -2.445042087952606913e+00 6.402188933570764906e-01
-2.914268666291405019e+00 -2.381624631309301687e+00 6.145545245827053193e-01
-2.806459046586568640e+00 -2.253875676870157552e+00 5.747301383140253073e-01
-2.636851070169528910e+00 -2.078545529515176238e+00 5.229898072577088275e-01
-2.420528699806178796e+00 -1.871691733701536187e+00 4.616221080581845992e-01
-2.173228273623335927e+00 -1.648547178337735675e+00 3.932675513423333769e-01
-1.911422240699788277e+00 -1.423282373602765771e+00 3.211990997023783656e-01
-1.652468657782580008e+00 -1.208693241043888200e+00 2.495562571848511935e-01
-1.414230954994188494e+00 -1.016875960837777981e+00 1.824927514876740764e-01
-1.215075587056439366e+00 -8.592827610595907828e-01 1.238467578675096492e-01
-1.074042410172503903e+00 -7.464732220605954094e-01 7.698699014448984190e-02
-1.005790404079447864e+00 -6.843329025251290165e-01 4.376158817751640839e-02
-1.004489470346420665e+00 -6.641158265541964312e-01 2.194914397173708398e-02
-1.058841374425541604e+00 -6.736815397842109698e-01 8.337211361986063274e-03
-1.157141150647970074e+00 -7.011285723538666081e-01 -2.392657810883491720e-04
-1.287126498363071914e+00 -7.349546187262387953e-01 -6.788705750993218047e-03
-1.435612679598840868e+00 -7.646517304488981148e-01 -1.393568851263737862e-02
-1.587732659008966873e+00 -7.823630712381604013e-01 -2.336161089797283985e-02
-1.727365032632079078e+00 -7.827963731993977659e-01 -3.577810948091530996e-02
-1.837509986969084075e+00 -7.631834446638215974e-01 -5.091889595471432717e-02
-1.900643754885737557e+00 -7.231613101118066211e-01 -6.759175436610564969e-02
-1.903206141409894858e+00 -6.655662696556550184e-01 -8.375592776918783233e-02
-1.848467099906854205e+00 -5.986337502850047620e-01 -9.677299960320684402e-02
-1.744765764108975326e+00 -5.300075922335163447e-01 -1.046318328090179994e-01
-1.601241246951879305e+00 -4.649774660377110624e-01 -1.062831001108349716e-01
-1.427544150811507873e+00 -4.064567504234434248e-01 -1.016553724480990795e-01
-1.233726455071309180e+00 -3.546632181604674749e-01 -9.181020201846357143e-02
-1.030349237323419320e+00 -3.066673873011892537e-01 -7.914904727741167711e-02
-8.278293867054266064e-01 -2.598099571267822872e-01 -6.580139388074601747e-02
-6.362872405172179668e-01 -2.129662831331434192e-01 -5.304650967130791761e-02
-4.654906247289973820e-01 -1.668340442226437237e-01 -4.122596359440083846e-02
-3.235106117337353537e-01 -1.236133691372776622e-01 -3.006086249275394251e-02
-2.129545301122743595e-01 -8.561738695176815406e-02 -1.966550302435658704e-02
-1.349039730132994275e-01 -5.547404598767248507e-02 -1.020613853574860175e-02
-9.032657525918971753e-02 -3.590351879188177775e-02 -1.932251909103427367e-03
-8.027829703506469960e-02 -2.919738694353910674e-02 4.561942700389488847e-03
-1.061191876407761858e-01 -3.672163099011629961e-02 8.088695922389421700e-03
-1.695767697171475796e-01 -5.873368852786012284e-02 6.782373613643255528e-03
-2.726418006795940929e-01 -9.452204156160187720e-02 -1.812504278681445480e-03
-4.173480402680165846e-01 -1.428353863538411039e-01 -2.048600325166352598e-02
-6.055729260653972545e-01 -2.023974671139213699e-01 -5.204000678221704090e-02
-8.366141042741178646e-01 -2.715412586813711338e-01 -9.829230533732791208e-02
-1.100199611856773618e+00 -3.463155397303947503e-01 -1.575721989725578087e-01
-1.383384500419385210e+00 -4.241990060848221944e-01 -2.258798508216813827e-01
-1.672986103420977422e+00 -5.051744346040346612e-01 -2.973915252312813173e-01
-1.955645030571637744e+00 -5.914551128411444925e-01 -3.646709772898086843e-01
-2.217873797410753411e+00 -6.859157137027185325e-01 -4.198183306718528129e-01
-2.446520065357818741e+00 -7.874747066810006135e-01 -4.577287155292457665e-01
-2.628602183416282934e+00 -8.917574961445220438e-01 -4.756600477099494073e-01
-2.751469860542770540e+00 -9.915846119539137860e-01 -4.728459921509398090e-01
-2.803171610936382230e+00 -1.077038233994515037e+00 -4.503608828764222860e-01
-2.777510843054593614e+00 -1.137885856888016134e+00 -4.117423179824677426e-01
-2.688130507363950095e+00 -1.171230312390456607e+00 -3.648575313929958153e-01
-2.553701953206317654e+00 -1.177642245687535283e+00 -3.174679765993723146e-01
-2.392737051237772139e+00 -1.159878919224781813e+00 -2.757938390148789720e-01
-2.223197095076873353e+00 -1.123033592124454749e+00 -2.444939268919309461e-01
-2.061945217196502700e+00 -1.074908186140737021e+00 -2.265446012634576567e-01
-1.923967316198856414e+00 -1.026916975259533071e+00 -2.228181832161209019e-01
-1.823678317020042350e+00 -9.909110256094528779e-01 -2.340459911634106271e-01
-1.775554934982091826e+00 -9.780377295074929034e-01 -2.615358000432994601e-01
-1.794332757641479592e+00 -9.985167280256491695e-01 -3.073686519331374489e-01
-1.889487266116193442e+00 -1.058469588743201406e+00 -3.732888538075411766e-01
-2.048377176937832278e+00 -1.150877150541389726e+00 -4.567885882617166438e-01
-2.252714078427875410e+00 -1.265726870859160913e+00 -5.541278963310698469e-01
-2.483984142321863597e+00 -1.393631881745655443e+00 -6.611506288424506828e-01
-2.723409119917590271e+00 -1.526069796819963464e+00 -7.730215276077061493e-01
-2.952193319268023419e+00 -1.654972837518988715e+00 -8.842350094905830904e-01
-3.152315811257740297e+00 -1.771010101050658259e+00 -9.891590375727876694e-01
-3.306237328080387172e+00 -1.864225993942611570e+00 -1.081742560673024212e+00
-3.396793277497498487e+00 -1.924321092551863899e+00 -1.155379077963099466e+00
-3.407203323497001612e+00 -1.940671275617887215e+00 -1.202896987149246311e+00
-3.326792409746306411e+00 -1.905694491636438670e+00 -1.218530026662568266e+00
-3.168049333289425284e+00 -1.824816703638196369e+00 -1.204237328291498876e+00
-2.948980827390901727e+00 -1.706954593903122985e+00 -1.164388043214759083e+00
-2.687226300802649348e+00 -1.561396932987262787e+00 -1.103865644615737995e+00
-2.400019182591516476e+00 -1.397837664864337359e+00 -1.028073065884531845e+00
-2.104119043716769166e+00 -1.226621432205805329e+00 -9.427289557895656147e-01
-1.815749190239967836e+00 -1.059187850679898846e+00 -8.534747193877090243e-01
-1.551116668262284337e+00 -9.064342736835288017e-01 -7.669079664514550920e-01
-1.326558940272541953e+00 -7.783246230357755424e-01 -6.906560868044778756e-01
-1.158558744007563091e+00 -6.840798365704947592e-01 -6.329762015604561975e-01
-1.059514062048212635e+00 -6.302471595917171765e-01 -6.004235231566269482e-01
-1.025002457230299147e+00 -6.143083765556651699e-01 -5.919297874917965885e-01
-1.046422466070368484e+00 -6.320890545035138253e-01 -6.036069579411432739e-01
-1.115143411039218657e+00 -6.802369512177270927e-01 -6.304156901429377458e-01
-1.222383739914125744e+00 -7.562456677678811579e-01 -6.662116396291044573e-01
-1.359030190151771400e+00 -8.579588787164867947e-01 -7.043979680476384342e-01
-1.515537190548319035e+00 -9.818265467640669986e-01 -7.401967120893746532e-01
-1.682188171497069895e+00 -1.123162054015838685e+00 -7.704865168438639333e-01
-1.849380913752079802e+00 -1.276102621801546100e+00 -7.939883589384468809e-01
-2.007938340229339147e+00 -1.433444907246131494e+00 -8.115732930712308280e-01
-2.150738789813614105e+00 -1.587554649904835191e+00 -8.263465337927294874e-01
-2.276805096985058618e+00 -1.733384853716006369e+00 -8.433524746403644468e-01
-2.387018785699948076e+00 -1.866306623154193822e+00 -8.684984741583275936e-01
-2.482531602415769978e+00 -1.981350413046462311e+00 -9.080961431011155272e-01
-2.564404818165936462e+00 -2.073230994961580365e+00 -9.685423599186392396e-01
-2.632964546097543934e+00 -2.137350595075397486e+00 -1.054252127229944325e+00
-2.687057773120828497e+00 -2.173214811142908598e+00 -1.161843483236679297e+00
-2.724889825849081681e+00 -2.182077706288017005e+00 -1.284754104917710471e+00
-2.744717957030012201e+00 -2.166108223775860875e+00 -1.415233830578921381e+00
-2.745312043085462950e+00 -2.128411084933409025e+00 -1.544768243882908232e+00
-2.726598937673760492e+00 -2.073239081479858026e+00 -1.664854422532325628e+00
-2.690732242841551436e+00 -2.006626053044227032e+00 -1.768510009779197034e+00
-2.641020226284371386e+00 -1.935076633468713503e+00 -1.849848622532168640e+00
-2.581369331187770566e+00 -1.864932893455220064e+00 -1.904001986725516016e+00
-2.515923677006373538e+00 -1.802075707854748021e+00 -1.927174295963200557e+00
-2.448270585212993122e+00 -1.750588456771883461e+00 -1.917969688900965641e+00
-2.379968969632886733e+00 -1.709527265037014132e+00 -1.881162964255732817e+00
-2.311591797930084624e+00 -1.676577062148381314e+00 -1.822726427901331547e+00
-2.243389462923214950e+00 -1.649435512246387958e+00 -1.748270298836047232e+00
-2.175557062580222745e+00 -1.626020671267137452e+00 -1.663011312568942746e+00
-2.108526780823486213e+00 -1.604645923111257089e+00 -1.571962953148487552e+00
-2.043422559625091228e+00 -1.584226049737671005e+00 -1.480546840598394809e+00
-1.981828711088101214e+00 -1.564269109146599668e+00 -1.393895383906325947e+00
-1.925673590998628448e+00 -1.544823701800533966e+00 -1.316638740945153208e+00
-1.877160571152302282e+00 -1.526381656822824784e+00 -1.252961850526124854e+00
-1.838721211842415881e+00 -1.510155443769604755e+00 -1.206083559024073493e+00
-1.813023109262164922e+00 -1.499113504276426978e+00 -1.176587553258783725e+00
-1.802663413615939181e+00 -1.496430469954546982e+00 -1.164598270258148993e+00
-1.810129409586411775e+00 -1.505050135139401224e+00 -1.170470367265588063e+00
-1.837829032268263552e+00 -1.527731694027683496e+00 -1.194777619297442195e+00
-1.886788747731516835e+00 -1.566060441834526529e+00 -1.237275446175961857e+00
-1.952695554587081661e+00 -1.617364977899573342e+00 -1.293854552281825665e+00
-2.029892199290554089e+00 -1.677964555467938768e+00 -1.359412693660991378e+00
-2.112726597182806199e+00 -1.744304610456445692e+00 -1.428732206197675270e+00
-2.195567495314939777e+00 -1.812987782689332361e+00 -1.496420666698155877e+00
-2.272856919471144099e+00 -1.880478698818815797e+00 -1.557167823360566139e+00
-2.339261846641625731e+00 -1.942147301983274676e+00 -1.606636234853357825e+00
-2.389544623448334626e+00 -1.992879222386340077e+00 -1.640893865841517085e+00
-2.418496217916562330e+00 -2.027309814913056396e+00 -1.656241076836524106e+00
-2.420898276091837609e+00 -2.039839736282451632e+00 -1.649265421251040253e+00
-2.393451010770751619e+00 -2.026340692099275476e+00 -1.618240164694203065e+00
-2.340671083786333373e+00 -1.989302490466997808e+00 -1.567074136834985421e+00
-2.268946476878488383e+00 -1.933076166638020732e+00 -1.500977017742248343e+00
-2.184571244646709598e+00 -1.862272838217473581e+00 -1.424998586920645627e+00
-2.093776736044401066e+00 -1.781768612640292959e+00 -1.343960978300272391e+00
-2.002619910063160091e+00 -1.696831165923204265e+00 -1.262447869233702891e+00
-1.916635964805031289e+00 -1.613462627935990934e+00 -1.184890433299612411e+00
-1.841495049365655889e+00 -1.537773020264328938e+00 -1.115382265055991029e+00
-1.783199079176308821e+00 -1.475778308096004077e+00 -1.057627664983868954e+00
-1.748058522353925115e+00 -1.433395440058925940e+00 -1.014963959719362485e+00
-1.740485215420372933e+00 -1.414706568446156831e+00 -9.892671232743597276e-01
-1.756366435559334915e+00 -1.416728066958130583e+00 -9.777874192850299906e-01
-1.789253747705439324e+00 -1.434731172503579621e+00 -9.769721344775342819e-01
-1.832469061750469530e+00 -1.464024484869814735e+00 -9.836603449300000968e-01
-1.879126753723312504e+00 -1.499950555109626382e+00 -9.950512167830043442e-01
-1.922371140543880363e+00 -1.537716119158621497e+00 -1.008497166631565856e+00
-1.956040478559888385e+00 -1.571902294727690830e+00 -1.020954763992306669e+00
-1.974245430681859537e+00 -1.596803848532322156e+00 -1.029263007535598629e+00
-1.971245093383760194e+00 -1.606552115953182147e+00 -1.030212711613215593e+00
-1.941462962305861684e+00 -1.595133101388806374e+00 -1.020510152552255523e+00
-1.881683730129108056e+00 -1.558306140747770296e+00 -9.977937101975790091e-01
-1.797587097002062206e+00 -1.499367676531961679e+00 -9.637298377100560476e-01
-1.696902950355589468e+00 -1.423715471243980568e+00 -9.210000267295382903e-01
-1.587130206197823634e+00 -1.336999896189592363e+00 -8.723448665357341758e-01
-1.475531461214763640e+00 -1.245095218929364034e+00 -8.206036355216340672e-01
-1.369040464048025818e+00 -1.154118994569453216e+00 -7.688326930550094529e-01
-1.274026361146735065e+00 -1.070536265788086805e+00 -7.205490884292982123e-01
-1.196887829116578983e+00 -1.000760447956648314e+00 -6.792708473565537419e-01
-1.144236931870075358e+00 -9.510093362918403681e-01 -6.484282351043961778e-01
-1.122895231769753144e+00 -9.272707942838485096e-01 -6.314452416667365453e-01
-1.137662925148718918e+00 -9.334245903699077695e-01 -6.310712621509326770e-01
-1.184619613431837637e+00 -9.657472449174145934e-01 -6.471121958549627129e-01
-1.257498252265303762e+00 -1.018700771972454566e+00 -6.787975412331790359e-01
-1.349792572427073845e+00 -1.086869936263417102e+00 -7.255485775013246208e-01
-1.454721408119317383e+00 -1.164987516992849637e+00 -7.869272122554247240e-01
-1.565361082926450820e+00 -1.247807760320245540e+00 -8.624740686830768555e-01
-1.675163516806353670e+00 -1.329643003231227416e+00 -9.513232587066204893e-01
-1.777729475372244350e+00 -1.404578344262333855e+00 -1.052219302414602264e+00
-1.866726894975317741e+00 -1.466589115584541858e+00 -1.163437339249223434e+00
-1.935898235623965791e+00 -1.509604354745856636e+00 -1.282641937919293484e+00
-1.980689800419441093e+00 -1.528954758177587081e+00 -1.406655296772484576e+00
-2.003225068269705922e+00 -1.525472258085922794e+00 -1.531360819515921623e+00
-2.007439461802901004e+00 -1.501513185240376691e+00 -1.652528392679230240e+00
-1.997451293830961427e+00 -1.459667514327103177e+00 -1.766077177833738077e+00
-1.977586243889836837e+00 -1.402773560131549191e+00 -1.868176469979382359e+00
-1.952408726101140690e+00 -1.334336721720508878e+00 -1.955055754126033385e+00
-1.926900102196084985e+00 -1.259806728249923680e+00 -2.022289479240694021e+00
-1.906765736500708242e+00 -1.185125778669311236e+00 -2.065890608004480544e+00
-1.898371777318265119e+00 -1.116142537408783220e+00 -2.082657838857356225e+00
-1.908525901911002798e+00 -1.058523128714715655e+00 -2.070098507866808379e+00
-1.942419859218058820e+00 -1.016426726968843397e+00 -2.027760668613002082e+00
-1.997719134407608843e+00 -9.886421698679351833e-01 -1.961176957322295689e+00
-2.069141326056721297e+00 -9.726482753970713269e-01 -1.876467463002923441e+00
-2.150270206365492154e+00 -9.659938521036962600e-01 -1.778767690582132133e+00
-2.233821675852707411e+00 -9.662721174908186494e-01 -1.672433300953954927e+00
-2.311818824498951930e+00 -9.703168917768421053e-01 -1.562096892543403559e+00
-2.375765138719287517e+00 -9.718816786294136589e-01 -1.455383985170747074e+00
-2.418253736461634773e+00 -9.633246499941011676e-01 -1.361395265865891435e+00
-2.433643723187025376e+00 -9.362231627570062331e-01 -1.290174324704747466e+00
-2.418269764958134171e+00 -8.814591170367541695e-01 -1.252654747897351317e+00
-2.371999253410078445e+00 -7.919744114984674788e-01 -1.257237567594127192e+00
-2.301768051800716197e+00 -6.710058852240263771e-01 -1.299613102999946257e+00
-2.214631267510639656e+00 -5.249793591495569567e-01 -1.371706658102114451e+00
-2.115402901453962592e+00 -3.609875509481058620e-01 -1.464649729851265070e+00
-2.006396094206200686e+00 -1.867074874338760515e-01 -1.568710136885341555e+00
-1.887908145580065922e+00 -1.055401605837867629e-02 -1.672809797727766945e+00
-1.760210963317557331e+00 1.576981419350680091e-01 -1.763406405360722573e+00
-1.623456735459977818e+00 3.078010828971228241e-01 -1.826454265649866127e+00
-1.477803525781943073e+00 4.293346781110488619e-01 -1.848019303108735967e+00
-1.323741453251772837e+00 5.117373164479799286e-01 -1.814335396691525215e+00
-1.162444144575061289e+00 5.474755598726187555e-01 -1.716068617160919851e+00
-9.963850457171388175e-01 5.414740843901758582e-01 -1.561027146977659985e+00
-8.287852531822135216e-01 5.017012706539175637e-01 -1.361556746714792654e+00
-6.630390859770829426e-01 4.360667269978606431e-01 -1.130351509664362375e+00
-5.023725307981544708e-01 3.524661943490775551e-01 -8.804554188716162688e-01
-3.495339822326292145e-01 2.588233312709354861e-01 -6.252919851370171145e-01
-2.067399574255421035e-01 1.631230486827068282e-01 -3.785965555803321170e-01
-7.650194613131131027e-02 7.343810166138294016e-02 -1.539070252602175726e-01
3.833480745988257499e-02 -2.016872744167136616e-03 3.550637425340150144e-02
1.348405962979045969e-01 -5.479576699830090991e-02 1.766056973654088202e-01
2.117631696940482366e-01 -7.809281445216610662e-02 2.602094734596901993e-01
2.740050254216595538e-01 -7.273855945879889595e-02 2.919269803546345465e-01
3.283230678739159636e-01 -4.147309068567697765e-02 2.811758985421024537e-01
3.818647211012070053e-01 1.295087638392379212e-02 2.376225886931885856e-01
4.420472123086521821e-01 8.771382370030499087e-02 1.713580852742462579e-01
5.163657243205799219e-01 1.798640631926878564e-01 9.299359461607897837e-02
6.120306167436645461e-01 2.861242763679490153e-01 1.324490047636650569e-02
7.352614821203640183e-01 4.027363737396897903e-01 -5.696407905650247017e-02
8.909573773940144825e-01 5.254396204642490797e-01 -1.065825102318783135e-01
1.082632662424603431e+00 6.495198443466606575e-01 -1.247259410970453786e-01
1.310089233424390986e+00 7.702864631832739839e-01 -1.033873323985666781e-01
1.562747363552463575e+00 8.845713765539362505e-01 -4.524372980473601036e-02
1.828226439525405311e+00 9.901873922902565406e-01 4.249109999597133758e-02
2.095230757032157332e+00 1.085617105400148885e+00 1.504165598502653634e-01
2.353671268459248900e+00 1.169931878906227851e+00 2.672705349745387871e-01
2.594475537706546486e+00 1.242573120838628364e+00 3.812968207400684317e-01
2.808753434536907179e+00 1.302827231032932964e+00 4.840318425112237755e-01
2.987325334572024538e+00 1.349624304686987797e+00 5.691662266286574567e-01
3.120572026444020874e+00 1.381427311304812555e+00 6.319835151317285682e-01
3.198382748083585803e+00 1.396135610846756858e+00 6.693632100582107558e-01
3.213397391806225301e+00 1.391930081259341812e+00 6.808976254586502908e-01
3.170766082556396803e+00 1.370106753365216257e+00 6.720930349388489766e-01
3.078857611278515982e+00 1.332745698120907152e+00 6.496465278934484555e-01
2.946190850633167990e+00 1.281987612297865287e+00 6.196465481147486187e-01
2.781465099778380079e+00 1.220138356942257030e+00 5.872317933070358986e-01
2.593616823794901993e+00 1.149827408714252375e+00 5.558301449995586285e-01
2.391977167979877361e+00 1.074262940008319678e+00 5.257594858589407227e-01
2.185911446810168357e+00 9.969180874439096396e-01 4.966611783017406134e-01
1.984687163770861851e+00 9.214674780318661274e-01 4.683477042791778233e-01
1.797433364524586352e+00 8.518348234506339933e-01 4.409287730904063451e-01
1.631807874660931024e+00 7.916001402433987533e-01 4.147568842497677544e-01
1.490137609230372417e+00 7.420057141266092060e-01 3.901050071748536352e-01
1.373352911082303507e+00 7.037804776289963149e-01 3.673870723888432721e-01
1.282283028404248348e+00 6.777957395327294243e-01 3.471451030457906040e-01
1.217654484312910679e+00 6.650938520019525901e-01 3.299250403649849339e-01
1.180101108171486501e+00 6.668459668918522709e-01 3.162629630409404258e-01
1.170202807557930491e+00 6.841750246038731387e-01 3.069050324344562708e-01
1.188493528278176781e+00 7.183719658890008741e-01 3.023788342414486241e-01
1.235482613043665356e+00 7.709043663631620635e-01 3.028852803956996187e-01
1.311685512495162298e+00 8.433407278783906502e-01 3.083230018292412167e-01
1.416431545613280107e+00 9.365616848901723301e-01 3.178850754358306663e-01
1.544272250272191949e+00 1.048374802064701017e+00 3.289522108946907331e-01
1.688783449109640955e+00 1.175280436465637512e+00 3.387455773513171620e-01
1.843823986553730698e+00 1.313139668424394113e+00 3.449087348176014256e-01
2.003542541167365076e+00 1.457215356566499143e+00 3.455966726333742356e-01
2.162217544805098868e+00 1.602445974439001386e+00 3.395487115722135574e-01
2.313677831469012958e+00 1.744252548526636470e+00 3.261650583940758352e-01
2.451566787461529007e+00 1.878194855297140586e+00 3.054982280817888363e-01
2.569486612689114047e+00 1.999823272999361912e+00 2.782369077849309313e-01
2.661045554585986572e+00 2.104665264273786196e+00 2.456730253770222916e-01
2.722010721428203439e+00 2.189684384358054903e+00 2.096945668080465452e-01
2.756528527748074442e+00 2.257887792721457121e+00 1.725426696994798448e-01
2.770738529859484434e+00 2.314001660903556967e+00 1.360336274056421768e-01
2.770652327930382963e+00 2.362966689910921403e+00 1.014311306654527289e-01
2.762109520524977935e+00 2.409941806410202059e+00 6.948494335799404453e-02
2.751139338907471643e+00 2.459860747917526513e+00 4.041454036003089278e-02
2.745231742294511612e+00 2.516069663089198105e+00 1.374661469153704019e-02
2.752103164054707563e+00 2.581842002328857077e+00 -1.133283546799868091e-02
2.779306698117508745e+00 2.660813066986155828e+00 -3.577246487003460373e-02
2.834330371525306091e+00 2.756830885548611221e+00 -6.053427180036918820e-02
2.922453795299784662e+00 2.871799666946511120e+00 -8.603776162122023230e-02
3.040184931487164288e+00 2.999447541105379589e+00 -1.106759776439878440e-01
3.182573770785231737e+00 3.130590384854083030e+00 -1.320464842955082485e-01
3.345412608595981219e+00 3.255028980927049176e+00 -1.475213485524238255e-01
3.524919843592365432e+00 3.361653150828723291e+00 -1.544121754337102193e-01
3.716040606329561236e+00 3.439929435833786187e+00 -1.504716959520726594e-01
3.908026295550823370e+00 3.484678764553047259e+00 -1.350891746816866856e-01
4.087616107034302004e+00 3.493502543444549246e+00 -1.084682625020927382e-01
4.240455302214053646e+00 3.465897206856708657e+00 -7.126883137298101190e-02
4.351500092542863740e+00 3.403270406152952621e+00 -2.449503454822554716e-02
4.408021653751186264e+00 3.310258731278592936e+00 3.019520887971482992e-02
4.407882887444316999e+00 3.198618723865910507e+00 8.937097141459116045e-02
4.352725766332200763e+00 3.080987530835478605e+00 1.495613883501047958e-01
4.245496329273422020e+00 2.968539271267691237e+00 2.077832944885977806e-01
4.090208168066956418e+00 2.870501233384144868e+00 2.615030011705785640e-01
3.892875858446754656e+00 2.791953694145533404e+00 3.091796807819229276e-01
3.664751859392182620e+00 2.728874523143701047e+00 3.518937065442870882e-01
3.417785013085456125e+00 2.675689457807773675e+00 3.911114396824255657e-01
3.163288566534168567e+00 2.628100349570412941e+00 4.279628640937978012e-01
2.911928112546926517e+00 2.583567198036676338e+00 4.631939943910938773e-01
2.672621612754376486e+00 2.540729827536492458e+00 4.973980645015227964e-01
2.449510816643606148e+00 2.496847605200954501e+00 5.318675145906424095e-01
2.245335580398247544e+00 2.449611193288895095e+00 5.679400362771438449e-01
2.062499021832702173e+00 2.397620929497993103e+00 6.067764240017248234e-01
1.903048431141926233e+00 2.340106387723598580e+00 6.493879474902833904e-01
1.767697797867661125e+00 2.277542381821946460e+00 6.961284077474905185e-01
1.653228343672624057e+00 2.213740815959087449e+00 7.452589612870176294e-01
1.555936850207231714e+00 2.152483699774668136e+00 7.948351318078672456e-01
1.472689142957422481e+00 2.096779111166087617e+00 8.432386501684185909e-01
1.400867835091795577e+00 2.049079201626050395e+00 8.891195898823847088e-01
1.338479655723076034e+00 2.011609899725363970e+00 9.316519938303238213e-01
1.284646859666289664e+00 1.986984296115905657e+00 9.714281527590772347e-01
1.238823899302883280e+00 1.977790763527297102e+00 1.009432917346036573e+00
1.200411570168625763e+00 1.986554011911141338e+00 1.046621585214831729e+00
1.168551196246826240e+00 2.015886822081501162e+00 1.083797113993574479e+00
1.142646249193228325e+00 2.067986292300069806e+00 1.121917733329486744e+00
1.124594883747637608e+00 2.142827019069172056e+00 1.163325635789301149e+00
1.116826117063566270e+00 2.240257445952419602e+00 1.210437960380611022e+00
1.121805953021140612e+00 2.360573548720700465e+00 1.265375535468597379e+00
1.142277611951460825e+00 2.504354344145092615e+00 1.330047605711859759e+00
1.180568778221312565e+00 2.671165980001247053e+00 1.405348125831503481e+00
1.236100740881717730e+00 2.855838969001695649e+00 1.488750734514389107e+00
1.308593315295634163e+00 3.051120180247838487e+00 1.577451048780207143e+00
1.399107424398283284e+00 3.248607727437171633e+00 1.669371004407254278e+00
1.509928869998283352e+00 3.438706467251253507e+00 1.763144913143515513e+00
1.642744658000231617e+00 3.611406675706481995e+00 1.857752889349870262e+00
1.793116292465790407e+00 3.759225550088431067e+00 1.951500500834088214e+00
1.953552898015711525e+00 3.875854916029473518e+00 2.042744540514267904e+00
2.114772948690567755e+00 3.955882144161204650e+00 2.130081513062501042e+00
2.265818538696193318e+00 3.995151540575446969e+00 2.212205044792214803e+00
2.395628047667369476e+00 3.992243246901540310e+00 2.288064934108203996e+00
2.497569523396614866e+00 3.951997620962717228e+00 2.357721965091267080e+00
2.566469122367436739e+00 3.881228142719026497e+00 2.421107317239895806e+00
2.597816636984158656e+00 3.787120890848933996e+00 2.477575942557359134e+00
2.588109556231685815e+00 3.676873826272933243e+00 2.525827021235367287e+00
2.536406252697620545e+00 3.556737690428565912e+00 2.563343804729472097e+00
2.448235032155462232e+00 3.429984886763515206e+00 2.585130268591465885e+00
2.331394102224243703e+00 3.298588130293181209e+00 2.585855568740194954e+00
2.194398497761368638e+00 3.163912391492329501e+00 2.560824662781976180e+00
2.046185051316245840e+00 3.026856977392777814e+00 2.506298002762602284e+00
1.895742906440576636e+00 2.888489694498956428e+00 2.420601156988418268e+00
1.751501112349146405e+00 2.751639910906809039e+00 2.306944305069330792e+00
1.620712585230208003e+00 2.619586642089987816e+00 2.170492596856009815e+00
1.509186081904350774e+00 2.495713491032417686e+00 2.017159658246524767e+00
1.421199368382659145e+00 2.383616573567229668e+00 1.853253216003961423e+00
1.359207550217551796e+00 2.287062947982362093e+00 1.685531356009275950e+00
1.323359811712276901e+00 2.209696043734164395e+00 1.522077388289370337e+00
1.313566225540879984e+00 2.155359972141037694e+00 1.370689015585993653e+00
1.330226917490781258e+00 2.128109024083955081e+00 1.238550365256735342e+00
1.374419181769016562e+00 2.132077648863727415e+00 1.132410835226938417e+00
1.446821184999447230e+00 2.169601525860624935e+00 1.057028207229172345e+00
1.544151981685715658e+00 2.235824176198923041e+00 1.010188929638881294e+00
1.662602645807530033e+00 2.323670862290930117e+00 9.883100002510081250e-01
1.798834094337744105e+00 2.425507141756498175e+00 9.883943241801096402e-01
1.949769006683107264e+00 2.533129866600543512e+00 1.008139457804765549e+00
2.111983747019341884e+00 2.638314659499033432e+00 1.045423761394442375e+00
2.280236086869712686e+00 2.734756500861170725e+00 1.096304714154060056e+00
2.448276175415040612e+00 2.817263159740015510e+00 1.155969671560378220e+00
2.609266380907500960e+00 2.881497635993181650e+00 1.219057537113487522e+00
2.755928087032012641e+00 2.924072199952573392e+00 1.279568551590861247e+00
2.881897797846630471e+00 2.943754122229152337e+00 1.331928928760724773e+00
2.985502125474117641e+00 2.944818866095090026e+00 1.374415473198989268e+00
3.066483593164578192e+00 2.932961734744518267e+00 1.406199890485359649e+00
3.124872486568081698e+00 2.913879964139884926e+00 1.426416256161280760e+00
3.160944791949155785e+00 2.893121662904016844e+00 1.434277420191459429e+00
3.175584087765002117e+00 2.875273090631671469e+00 1.429519220514978484e+00
3.171531446625209583e+00 2.861801622308070225e+00 1.413500898802865891e+00
3.151919924430496511e+00 2.853113043753136235e+00 1.388154863486688928e+00
3.119812085583088201e+00 2.849366345990540506e+00 1.355565863919821146e+00
3.078215215861305865e+00 2.850600403796367033e+00 1.317898803646824213e+00
3.029655572113786111e+00 2.856381524708383690e+00 1.276970871811801356e+00
2.974895023021214779e+00 2.864474266179171558e+00 1.233113097482294140e+00
2.914334034798719220e+00 2.872201197708880827e+00 1.186266047691915571e+00
2.848476648088362317e+00 2.876917136005408437e+00 1.136350027753272762e+00
2.777927394927021787e+00 2.876032372487023814e+00 1.083272628744136989e+00
2.703170260994769869e+00 2.867204819403737392e+00 1.026994982251667077e+00
2.623935148891500813e+00 2.848836355138050891e+00 9.677173267169565385e-01
2.539775646197292236e+00 2.819521214108710261e+00 9.057417886763842185e-01
2.450256686514988402e+00 2.777878188354916844e+00 8.414191087841134120e-01
2.354941840495117678e+00 2.722560564336362177e+00 7.751424061647059771e-01
2.254002894647474609e+00 2.653015405669557403e+00 7.074844351521492047e-01
2.150034931501897617e+00 2.571787502010427051e+00 6.395571488541331728e-01
2.046116611490349513e+00 2.482345475026985770e+00 5.724316650348233448e-01
1.945198003435038236e+00 2.388314551287159748e+00 5.069590142018355339e-01
1.850127894247924676e+00 2.293441849561279611e+00 4.437661728969670705e-01
1.763670725022935315e+00 2.201547737478145361e+00 3.833979188504198499e-01
1.688509941764040123e+00 2.116470808543831517e+00 3.266960130741578539e-01
1.627349601967197135e+00 2.042091206308661810e+00 2.743763722911662928e-01
1.582967929208493940e+00 1.982299086453832571e+00 2.269892361641092648e-01
1.558254957133571539e+00 1.940945229244982029e+00 1.850657969593658692e-01
1.555112442715815613e+00 1.920422439046804541e+00 1.492972733689362785e-01
1.571037170844307829e+00 1.917539077441373196e+00 1.206941922995886651e-01
1.602457843876694765e+00 1.927644471697414374e+00 1.006418576237186890e-01
1.645795319057418604e+00 1.946003796456947210e+00 9.082120966566509246e-02
1.697382361172724563e+00 1.967792798073988880e+00 9.306709209294972140e-02
1.753245566165337443e+00 1.988242525560595331e+00 1.085090625456410773e-01
1.808643021824800190e+00 2.003181491585725560e+00 1.352445806836158892e-01
1.858492704873175194e+00 2.008796448706072546e+00 1.699653145056083670e-01
1.897587698646413079e+00 2.001635849276478751e+00 2.085159065530253208e-01
1.920698239040558031e+00 1.978692144433928046e+00 2.459482029474506781e-01
1.924085804341646000e+00 1.938818866883311731e+00 2.770040697974875954e-01
1.909868153954717318e+00 1.886756632724301053e+00 2.976700634744491314e-01
1.881870231252481318e+00 1.828459893864918584e+00 3.051496194624447877e-01
1.844113186974063678e+00 1.769498033844870033e+00 2.976731485216830286e-01
1.800663422999105867e+00 1.714963076984714618e+00 2.743651148174452992e-01
1.755699769605464589e+00 1.669080122268963073e+00 2.358153842365460218e-01
1.714077968413953101e+00 1.634341579413953305e+00 1.860484184624033865e-01
1.680631829652359910e+00 1.613076881608424218e+00 1.294388881615193831e-01
1.660001645691385974e+00 1.608056207048204067e+00 6.970200381553359747e-02
1.656688701672250019e+00 1.622582216527468146e+00 9.863820534937062234e-03
1.673488159782300810e+00 1.658842428172794037e+00 -4.790556270374701775e-02
1.706810452971112113e+00 1.712757341463786886e+00 -1.025892918295032707e-01
1.751841968901881152e+00 1.778504242076841324e+00 -1.529294197207988759e-01
1.804247320384941178e+00 1.850046053475484342e+00 -1.969409764891347780e-01
1.860149323941888477e+00 1.921106628955193685e+00 -2.318732290195495427e-01
1.915618009814788802e+00 1.985452322485484977e+00 -2.551475782878205312e-01
1.965161860412379724e+00 2.037808334015032585e+00 -2.672648039935472397e-01
2.002633566669047127e+00 2.073172373077705632e+00 -2.698749570920537799e-01
2.021616425148106799e+00 2.086643326101038642e+00 -2.650594715078189445e-01
2.015495863398925280e+00 2.073459047754984574e+00 -2.552644523528571074e-01
1.979673077406252091e+00 2.031085977576415846e+00 -2.432244752395427145e-01
1.918009343031037206e+00 1.965482811430354193e+00 -2.319627378520594529e-01
1.836701849871257286e+00 1.884559949202010420e+00 -2.241301256585725987e-01
1.742224073770497927e+00 1.795966784849127862e+00 -2.218016380642049423e-01
1.641263936635788401e+00 1.707073709489354885e+00 -2.265570871590638635e-01
1.540882871807744081e+00 1.624814092101884988e+00 -2.391512151774578543e-01
1.449118049342807302e+00 1.555346598383580137e+00 -2.584171593761560581e-01
1.373720393144789664e+00 1.505098059624888629e+00 -2.837172619827920128e-01
1.321730339343542004e+00 1.481063148973977173e+00 -3.157452207706438196e-01
1.299439597539119307e+00 1.490751916449235548e+00 -3.565585188518368698e-01
1.310280952640872520e+00 1.539569882217753927e+00 -4.088171362224656269e-01
1.348867305959821516e+00 1.623038942211233682e+00 -4.730028134787661598e-01
1.408214801265722516e+00 1.733967167349888649e+00 -5.480081372025242814e-01
1.482154844159310203e+00 1.864955695156316873e+00 -6.313817248180897401e-01
1.565441723153795595e+00 2.008486659536633301e+00 -7.192187235260915079e-01
1.653525166604856267e+00 2.157022772935107469e+00 -8.066478895273001548e-01
1.741591898627947055e+00 2.303056526241489710e+00 -8.895877511026225593e-01
1.824884177041037114e+00 2.438991445478879250e+00 -9.640701581974326917e-01
1.898742428323095366e+00 2.557131196783004157e+00 -1.026094712107835871e+00
1.958449905154938220e+00 2.649699292551303653e+00 -1.071828609958960676e+00
2.000882051988792210e+00 2.711226747734831299e+00 -1.098760528409203019e+00
2.029755700324016754e+00 2.745667710801280581e+00 -1.108822596620600454e+00
2.050243403897216155e+00 2.759338317420425568e+00 -1.105365875093861527e+00
2.067304882354453976e+00 2.758550043406937213e+00 -1.091981652734077324e+00
2.085815960919646272e+00 2.749594943520236257e+00 -1.072341977538860291e+00
2.110583977594358451e+00 2.738817469226426660e+00 -1.050032704490550195e+00
2.146149785069628280e+00 2.732874339140200171e+00 -1.028330012768791546e+00
2.197179782527113545e+00 2.738425156725596832e+00 -1.010288629972999619e+00
2.268606072755991576e+00 2.762027759270976990e+00 -9.987650677778930897e-01
2.365620504444103211e+00 2.810148652994068463e+00 -9.964191524978756043e-01
2.491919302791274493e+00 2.887073829480883091e+00 -1.004665863435413753e+00
2.644341375583219023e+00 2.988666529766463409e+00 -1.020615765418963150e+00
2.817644622078780081e+00 3.108923021416700738e+00 -1.040543123979107420e+00
3.006143767077876117e+00 3.242170513091715112e+00 -1.061012317777415559e+00
3.203719402519572768e+00 3.383103727349591860e+00 -1.078879353250134621e+00
3.404114114021989490e+00 3.526574913023452496e+00 -1.091201228329675477e+00
3.601847548692239886e+00 3.666796798309634120e+00 -1.094967499629903473e+00
3.791712028734050222e+00 3.797753496537355833e+00 -1.087230671033011076e+00
3.968641459830071661e+00 3.913346663663772595e+00 -1.065109559129315597e+00
4.127800362497331399e+00 4.007362629699849244e+00 -1.025718337900048072e+00
4.265674429195602357e+00 4.074320378968099732e+00 -9.673602574536055432e-01
4.383141747681971623e+00 4.112073902100312317e+00 -8.932797803776133527e-01
4.482401210735037722e+00 4.119224621257821184e+00 -8.078359783427326857e-01
4.565910381587197087e+00 4.094260966643542332e+00 -7.152310943327471193e-01
4.636323907509291686e+00 4.035563886329360805e+00 -6.195161870924872360e-01
4.696506688445742483e+00 3.941391744612182446e+00 -5.239594895908952221e-01
4.749617433928043475e+00 3.809799989250518770e+00 -4.291213163545750664e-01
4.798585104918746680e+00 3.638660617890921323e+00 -3.348479938532955558e-01
4.845906984664502204e+00 3.425679294936680996e+00 -2.410497247568370582e-01
4.893567470443102252e+00 3.168399175629009079e+00 -1.478317068439400916e-01
4.942387150959845599e+00 2.866567963568293020e+00 -5.484617206010811152e-02
4.990196073171499158e+00 2.529234843793958909e+00 4.087219794946483908e-02
5.033511596592227022e+00 2.167693847619285741e+00 1.424607342083497041e-01
5.068166175500336657e+00 1.793147503666905340e+00 2.524413257841316982e-01
5.089406860183824044e+00 1.416744716688374650e+00 3.727414461008009550e-01
5.092020807516014713e+00 1.050353434146573228e+00 5.034430125392846955e-01
5.071069357799849797e+00 7.089222433485607988e-01 6.394143940463128395e-01
5.023149213840978788e+00 4.085879544297744692e-01 7.751127490858843450e-01
4.946521617907152724e+00 1.658872650494804257e-01 9.061224241332099805e-01
4.840856985521208244e+00 -2.419698569347754347e-03 1.029168548288777796e+00
4.707672284238091365e+00 -8.404769765212960486e-02 1.141638961152638077e+00
4.552284807925260246e+00 -8.487881663201853055e-02 1.240155344035846374e+00
4.380446246829259316e+00 -1.568374785939886246e-02 1.321033172416783641e+00
4.197124976898544801e+00 1.122378358220103012e-01 1.380410771339050768e+00
4.006319258300576003e+00 2.869361168071083990e-01 1.414187860601453739e+00
3.810701940352435813e+00 4.944524365860240578e-01 1.419252084761555288e+00
3.611298043369179034e+00 7.154226434562629411e-01 1.397196372250576468e+00
3.409489059931612776e+00 9.295629602944011083e-01 1.351267666943853474e+00
3.207910562305072766e+00 1.117279863353831892e+00 1.285542710393548171e+00
3.010691231066074725e+00 1.259937281606198001e+00 1.204987841975850404e+00
2.822643642485061832e+00 1.343356423645872377e+00 1.115454979834876514e+00
2.646400332654692544e+00 1.367759999935732385e+00 1.023562728656301379e+00
2.483676434048798232e+00 1.337672751499732415e+00 9.351489780838830868e-01
2.335567317568659096e+00 1.258409382796076503e+00 8.547208405905935003e-01
2.202250947735895803e+00 1.135837697439306071e+00 7.853026316814103458e-01
2.082684055496462516e+00 9.769624361435942372e-01 7.275776810253459237e-01
1.974573959887738761e+00 7.918347029466668019e-01 6.781009344810965400e-01
1.875563994238008236e+00 5.904996215615947452e-01 6.330063858085661632e-01
1.783874883766183750e+00 3.822748353263085708e-01 5.892332208691754003e-01
1.698589669301767247e+00 1.758808334000800944e-01 5.447087309434293090e-01
1.619759346236695929e+00 -2.048942753034718386e-02 4.984438430772076822e-01
1.548355648933645634e+00 -1.991309575709726831e-01 4.505353290881831674e-01
1.486097188024257942e+00 -3.527815388919228745e-01 4.020667846914238730e-01
1.435172093348653810e+00 -4.745379602306211697e-01 3.549036014919708104e-01
1.397872668739238877e+00 -5.577104738200371337e-01 3.113834736168494266e-01
1.375891583082568870e+00 -5.960734901310861256e-01 2.741694898328143615e-01
1.369093747630783620e+00 -5.849615244352652788e-01 2.465345852202423804e-01
1.376130101784541093e+00 -5.197146844280354783e-01 2.313786918125635417e-01
1.394810780110458115e+00 -3.953260706142162628e-01 2.311446778850966277e-01
1.422292462746926001e+00 -2.066086659301823447e-01 2.480561054571040480e-01
1.455336740675431395e+00 5.163299735997042839e-02 2.843676031339671950e-01
1.490653285235535419e+00 3.844471860877884950e-01 3.426123835793775108e-01
1.525332268644740363e+00 7.966107198781017251e-01 4.258334660973628338e-01
1.557361373175929486e+00 1.292542805731805133e+00 5.377899759500189836e-01
