-3.546870196132346997e+00 4.801480749960108874e+00 2.619814173936724222e-01
-3.344802338578803713e+00 4.583325785812352393e+00 2.211752464402310381e-01
-3.161275995189313903e+00 4.377373570774961031e+00 1.874822906601842365e-01
-2.995308173987571099e+00 4.183266004832691287e+00 1.603980748400099798e-01
-2.845915882997275936e+00 4.000644987970304989e+00 1.394181237661865636e-01
-2.712116130242124612e+00 3.829152420172560856e+00 1.240379622251920610e-01
-2.592925923745812433e+00 3.668430201424214054e+00 1.137531150035045319e-01
-2.487362271532037372e+00 3.518120231710025525e+00 1.080591068876021466e-01
-2.394442181624498289e+00 3.377864411014753543e+00 1.064514626639630757e-01
-2.313182662046891380e+00 3.247304639323159048e+00 1.084257071190654065e-01
-2.242600720822912841e+00 3.126082816619997207e+00 1.134773650393873234e-01
-2.181713365976261088e+00 3.013840842890027627e+00 1.211019612114069416e-01
-2.129537605530631872e+00 2.910220618118009472e+00 1.307950204216022927e-01
-2.085090447509723166e+00 2.814864042288700574e+00 1.420520674564516306e-01
-2.047388899937232054e+00 2.727413015386859652e+00 1.543686271024330425e-01
-2.015449970836855620e+00 2.647509437397246312e+00 1.672402241460245742e-01
-1.988290668232290503e+00 2.574795208304618388e+00 1.801623833737044655e-01
-1.964928000147235121e+00 2.508912228093735042e+00 1.926306295719509010e-01
-1.944378974605385890e+00 2.449502396749355437e+00 2.041404875272418429e-01
-1.925660599630439007e+00 2.396207614256236074e+00 2.141874820260555035e-01
-1.907789883246093332e+00 2.348669780599137447e+00 2.222671378548701226e-01
-1.889783833476044617e+00 2.306530795762817387e+00 2.278749798001635518e-01
-1.870659458343991055e+00 2.269432559732034616e+00 2.305065326484142529e-01
-1.849433765873628177e+00 2.237016972491547406e+00 2.296573211861000496e-01
-1.825123764088654621e+00 2.208925934026114923e+00 2.248228701996992096e-01
-1.796746461012767693e+00 2.184801344320496330e+00 2.154987044756900005e-01
-1.764217892829103684e+00 2.164470601199070199e+00 2.016982720035487564e-01
-1.731050216396512020e+00 2.148503095503182969e+00 1.855067182153452843e-01
-1.701654620752258262e+00 2.137653716743045162e+00 1.695271140614501570e-01
-1.680442294933609970e+00 2.132677354428865080e+00 1.563625304922338921e-01
-1.671824427977832928e+00 2.134328898070851466e+00 1.486160384580668403e-01
-1.680212208922194694e+00 2.143363237179213954e+00 1.488907089093195468e-01
-1.710016826803960832e+00 2.160535261264162621e+00 1.597896127963625568e-01
-1.765649470660398901e+00 2.186599859835905768e+00 1.839158210695663320e-01
-1.851521329528775794e+00 2.222311922404653473e+00 2.238724046793014177e-01
-1.972043592446355964e+00 2.268426338480613591e+00 2.822624345759379150e-01
-2.129164058451987973e+00 2.324648582106765726e+00 3.605197889415725498e-01
-2.314976940161491914e+00 2.386486454198146756e+00 4.554015623411096780e-01
-2.519113046977579540e+00 2.448398334573042234e+00 5.624956502991232954e-01
-2.731203188302960605e+00 2.504842603049739491e+00 6.773899483401881749e-01
-2.940878173540348417e+00 2.550277639446527633e+00 7.956723519888789786e-01
-3.137768812092451398e+00 2.579161823581689994e+00 9.129307567697689807e-01
-3.311505913361985076e+00 2.585953535273517900e+00 1.024753058207434453e+00
-3.451720286751656985e+00 2.565111154340295130e+00 1.126727151826448781e+00
-3.548042741664180877e+00 2.511093060600311233e+00 1.214440933151387014e+00
-3.590104087502264285e+00 2.418357633871850876e+00 1.283482297706822095e+00
-3.571026481971589561e+00 2.283707981796534003e+00 1.330704956118577975e+00
-3.497897488475730121e+00 2.113326131694706511e+00 1.358025883944373291e+00
-3.381296024964254965e+00 1.915738842902747319e+00 1.368627874106633113e+00
-3.231801009386729984e+00 1.699472874757038454e+00 1.365693719527780070e+00
-3.059991359692722845e+00 1.473054986593960392e+00 1.352406213130239010e+00
-2.876445993831797665e+00 1.245011937749892938e+00 1.331948147836432339e+00
-2.691743829753523443e+00 1.023870487561217235e+00 1.307502316568784462e+00
-2.516463785407466069e+00 8.181573953643138664e-01 1.282251512249718894e+00
-2.361184778743191881e+00 6.363994204955636391e-01 1.259378527801659375e+00
-2.236485727710267213e+00 4.871233222913467498e-01 1.242066156147029199e+00
-2.150455526655930427e+00 3.766124020199976830e-01 1.232829369637744588e+00
-2.101222939897965158e+00 3.021760965846830849e-01 1.231511848790423524e+00
-2.084426690341724786e+00 2.588803687740005022e-01 1.237289448774533618e+00
-2.095705500892563578e+00 2.417911813765509232e-01 1.249338024759542920e+00
-2.130698094455837577e+00 2.459744971809339487e-01 1.266833431914919261e+00
-2.185043193936899275e+00 2.664962789757489015e-01 1.288951525410130916e+00
-2.254379522241104716e+00 2.984224895495957708e-01 1.314868160414646159e+00
-2.334345802273806392e+00 3.368190916910737132e-01 1.343759192097931932e+00
-2.420580756940359901e+00 3.767520481887826622e-01 1.374800475629457619e+00
-2.508723109146118624e+00 4.132873218313218855e-01 1.407167866178689941e+00
-2.595067111733107446e+00 4.424521234872446640e-01 1.440202316085588574e+00
-2.678529141978748918e+00 4.641186632203052609e-01 1.473905167552944206e+00
-2.758681109441495583e+00 4.791204026119085801e-01 1.508442860544473518e+00
-2.835094923679802648e+00 4.882908032434596368e-01 1.543981835023892968e+00
-2.907342494252125764e+00 4.924633266963637235e-01 1.580688530954919901e+00
-2.974995730716917031e+00 4.924714345520253000e-01 1.618729388301270333e+00
-3.037626542632632987e+00 4.891485883918499367e-01 1.658270847026661610e+00
-3.094806839557724842e+00 4.833282497972421488e-01 1.699479347094809967e+00
-3.146108531050649582e+00 4.758438803496070069e-01 1.742521328469431863e+00
-3.191103526669858859e+00 4.675289416303493040e-01 1.787563231114243312e+00
-3.228966970122093993e+00 4.590221242222650155e-01 1.834236975059327035e+00
-3.257286941707234540e+00 4.501830347137110722e-01 1.880036400600217705e+00
-3.273254755873446609e+00 4.406765086944359755e-01 1.921920828098818035e+00
-3.274061727068894534e+00 4.301673817541875611e-01 1.956849577917028959e+00
-3.256899169741746647e+00 4.183204894827141640e-01 1.981781970416752303e+00
-3.218958398340166394e+00 4.048006674697634533e-01 1.993677325959888336e+00
-3.157430727312320773e+00 3.892727513050838750e-01 1.989494964908338881e+00
-3.069507471106374563e+00 3.714015765784231538e-01 1.966194207624005319e+00
-2.952379944170493875e+00 3.508519788795294025e-01 1.920734374468788586e+00
-2.803239460952842599e+00 3.272887937981507345e-01 1.850074785804589172e+00
-2.621151074261463432e+00 3.005844968142505347e-01 1.752717404657836209e+00
-2.412674776941877486e+00 2.714421214834982776e-01 1.633334753679232199e+00
-2.186244293498485813e+00 2.407723405092022373e-01 1.498141992667098021e+00
-1.950293348435685692e+00 2.094858265946702436e-01 1.353354281419751892e+00
-1.713255666257877730e+00 1.784932524432106815e-01 1.205186779735514913e+00
-1.483564971469460536e+00 1.487052907581314365e-01 1.059854647412706408e+00
-1.269654988574833165e+00 1.210326142427407270e-01 9.235730442496465908e-01
-1.079959442078394449e+00 9.638589560034652171e-02 8.025571300446545653e-01
-9.229120564845449959e-01 7.567580753425715012e-02 7.030220645960512105e-01
-8.069465562976804174e-01 5.981302274778030337e-02 6.311830077021542973e-01
-7.381799350150778372e-01 4.942646572615247424e-02 5.916417994968474758e-01
-7.134622952465570211e-01 4.401807211275594878e-02 5.825470245349440024e-01
-7.273270251653067842e-01 4.280803134811431154e-02 6.004339592461401809e-01
-7.743075129445150528e-01 4.501653287275111937e-02 6.418378800601320933e-01
-8.489371467573704200e-01 4.986376612718994294e-02 7.032940634066160435e-01
-9.457493147770609232e-01 5.656992055195435298e-02 7.813377857152881134e-01
-1.059277405176774822e+00 6.435518558756789242e-02 8.725043234158444960e-01
-1.184054806129700710e+00 7.243975067455413197e-02 9.733289529379813843e-01
-1.314614905809026180e+00 8.004380525343665620e-02 1.080346950711394971e+00
-1.445491092387940046e+00 8.638753876473902193e-02 1.190093593165781449e+00
-1.572022734321864901e+00 9.086220177976060686e-02 1.299443936903632357e+00
-1.692773132724818774e+00 9.354329183995752084e-02 1.406632164079222758e+00
-1.807111574757895411e+00 9.467736884109055617e-02 1.510232239449929237e+00
-1.914407347582189445e+00 9.451099267892063005e-02 1.608818127773128381e+00
-2.014029738358793065e+00 9.329072324920847925e-02 1.700963793806196112e+00
-2.105348034248800460e+00 9.126312044771500709e-02 1.785243202306509236e+00
-2.187731522413305818e+00 8.867474417020104749e-02 1.860230318031444785e+00
-2.260549490013400664e+00 8.577215431242746213e-02 1.924499105738376681e+00
-2.323171224210182295e+00 8.280191077015502943e-02 1.976623530184685507e+00
-2.374966012164741791e+00 8.001057343914456943e-02 2.015177556127744740e+00
-2.415835739428760842e+00 7.764280574064680307e-02 2.039249625694905976e+00
-2.447812707973030744e+00 7.593568511648346453e-02 2.049986112572506070e+00
-2.473461829587375593e+00 7.512439249327176882e-02 2.049047878856460780e+00
-2.495348016061618601e+00 7.544410879762893096e-02 2.038095786642686313e+00
-2.516036179185585642e+00 7.713001495617222147e-02 2.018790698027098873e+00
-2.538091230749098148e+00 8.041729189551882762e-02 1.992793475105614664e+00
-2.564078082541979775e+00 8.554112054228593665e-02 1.961764979974149670e+00
-2.596561646354055508e+00 9.273668182309084684e-02 1.927366074728620537e+00
-2.638106833975147669e+00 1.022391566645507177e-01 1.891257621464943028e+00
-2.691278557195079912e+00 1.142837259932827643e-01 1.855100482279032459e+00
-2.757426780819451473e+00 1.289348013648382585e-01 1.820164012448939994e+00
-2.833041681716955029e+00 1.455737168505041590e-01 1.786151539981244429e+00
-2.913398489772056621e+00 1.634110371505015091e-01 1.752374886064659076e+00
-2.993772434869226284e+00 1.816573269650513245e-01 1.718145871887899023e+00
-3.069438746892930503e+00 1.995231509943746206e-01 1.682776318639676472e+00
-3.135672655727636204e+00 2.162190739386924132e-01 1.645578047508705399e+00
-3.187749391257813425e+00 2.309556604982257177e-01 1.605862879683699784e+00
-3.220944183367927316e+00 2.429434753731956331e-01 1.562942636353372272e+00
-3.230532261942445693e+00 2.513930832638229806e-01 1.516129138706437063e+00
-3.211788856865836816e+00 2.555150488703289424e-01 1.464734207931607024e+00
-3.161349645970355393e+00 2.548063762378139918e-01 1.408281960469281113e+00
-3.081292040495623219e+00 2.499098144983199488e-01 1.347145684655921327e+00
-2.975053870437321279e+00 2.417545459825126697e-01 1.281910959524364735e+00
-2.846072965791118570e+00 2.312697530210574004e-01 1.213163364107442410e+00
-2.697787156552696519e+00 2.193846179446200251e-01 1.141488477437990978e+00
-2.533634272717731672e+00 2.070283230838662059e-01 1.067471878548844844e+00
-2.357052144281898798e+00 1.951300507694615216e-01 9.916991464728380778e-01
-2.171478601240876660e+00 1.846189833320718565e-01 9.147558602428063068e-01
-1.980351473590340694e+00 1.764243031023627339e-01 8.372275988915836020e-01
-1.787108591325967888e+00 1.714751924109997883e-01 7.596999414520043681e-01
-1.595692327503301700e+00 1.703293820873676701e-01 6.833849115598137347e-01
-1.412063220199822222e+00 1.720588022693729235e-01 6.120003023010509580e-01
-1.242686346944112952e+00 1.753639342504597076e-01 5.498903468840000697e-01
-1.094026785264759827e+00 1.789452593240721534e-01 5.013992785169452127e-01
-9.725496126903483418e-01 1.815032587836543920e-01 4.708713304081706963e-01
-8.847199067494637692e-01 1.817384139226505546e-01 4.626507357659609410e-01
-8.370027449706911593e-01 1.783512060345047168e-01 4.810817277986002005e-01
-8.358632048826163397e-01 1.700421164126610929e-01 5.305085397143728398e-01
-8.877663640138240275e-01 1.555116263505637586e-01 6.152754047215627242e-01
-9.991772998929000504e-01 1.334602171416569560e-01 7.397265560284543850e-01
-1.172796531679485943e+00 1.031418913838712398e-01 9.054807248158037725e-01
-1.396266291204911969e+00 6.602474481128364769e-02 1.103254595165562346e+00
-1.653464225005247812e+00 2.413039842156488798e-02 1.321039329637773818e+00
-1.928267979616565819e+00 -2.051952678761454971e-02 1.546826090792483122e+00
-2.204555201574934564e+00 -6.590340981858400227e-02 1.768606041189733080e+00
-2.466203537416425728e+00 -1.099996296736728552e-01 1.974370343389568072e+00
-2.697090633677110549e+00 -1.507865653552106222e-01 2.152110159952032920e+00
-2.881094136893054714e+00 -1.862425958655258285e-01 2.289816653437168004e+00
-3.002091693600338118e+00 -2.143461002069495525e-01 2.375480986405023920e+00
-3.043960950335026450e+00 -2.330754573818102915e-01 2.397094321415641271e+00
-2.996113965145023261e+00 -2.410532801275348802e-01 2.346906353367099740e+00
-2.870100679638011076e+00 -2.394791437696004444e-01 2.234201089266982354e+00
-2.683005565690368410e+00 -2.301968711924860245e-01 2.072521159840079896e+00
-2.451913095178473334e+00 -2.150502852806707998e-01 1.875409195811184038e+00
-2.193907739978704807e+00 -1.958832089186339220e-01 1.656407827905084229e+00
-1.926073971967439347e+00 -1.745394649908544593e-01 1.429059686846571031e+00
-1.665496263021055245e+00 -1.528628763818115077e-01 1.206907403360435449e+00
-1.429259085015931685e+00 -1.326972659759842466e-01 1.003493608171467599e+00
-1.234446909828444516e+00 -1.158864566578517025e-01 8.323609320044578208e-01
-1.098144209334973587e+00 -1.042742713118930409e-01 7.070520055841971185e-01
-1.032440434432231324e+00 -9.919427081606453644e-02 6.372347926810333352e-01
-1.029444952098267363e+00 -9.993896802223095621e-02 6.170785892475416645e-01
-1.076272108331467248e+00 -1.052906137757341903e-01 6.368780242818546933e-01
-1.160036249130216524e+00 -1.140314589219161984e-01 6.869277267821053412e-01
-1.267851720492899181e+00 -1.249437543061188705e-01 7.575223257464267501e-01
-1.386832868417900988e+00 -1.368097507736841245e-01 8.389564501729508406e-01
-1.504094038903607711e+00 -1.484116991699539201e-01 9.215247290598110874e-01
-1.606749577948403340e+00 -1.585318503402701751e-01 9.955217914051397443e-01
-1.681913831550672755e+00 -1.659524551299746964e-01 1.051242266207069731e+00
-1.716701145708801945e+00 -1.694557643844095129e-01 1.078980782463733412e+00
-1.701649256550920253e+00 -1.681476673003492461e-01 1.071589147528713371e+00
-1.640989313808956185e+00 -1.624285925913226403e-01 1.032147772435788813e+00
-1.542375783887391494e+00 -1.530226003778403787e-01 9.662941917036853567e-01
-1.413463133190701049e+00 -1.406537507804124787e-01 8.796659398511220695e-01
-1.261905828123365270e+00 -1.260461039195493738e-01 7.779005513968236807e-01
-1.095358335089861690e+00 -1.099237199157614975e-01 6.666355608595126991e-01
-9.214751204946701746e-01 -9.301065888955921401e-02 5.515085027579124111e-01
-7.479106507422692562e-01 -7.603098096145292917e-02 4.381569116107459361e-01
-5.823193922371376896e-01 -5.970874625195304181e-02 3.322183219367361162e-01
-4.323558113837538963e-01 -4.476801488156989528e-02 2.393302682546058491e-01
-3.047446857300223910e-01 -3.185768688539365734e-02 1.641913538930564465e-01
-2.024920506968310163e-01 -2.132602303200521049e-02 1.077444708521960448e-01
-1.276742594981223333e-01 -1.344612454215009072e-02 6.999358665784614908e-02
-8.236766534783879212e-02 -8.491092636573844415e-03 5.094266883582819483e-02
-6.864862145992289832e-02 -6.734028536022021449e-03 5.059568491196374251e-02
-8.859348104831631099e-02 -8.448033461240078007e-03 6.895660241207363095e-02
-1.442785973269639643e-01 -1.390620863297379467e-02 1.060293888619812108e-01
-2.377803235098033818e-01 -2.338165527196821650e-02 1.618180117875046842e-01
-3.711750128107854096e-01 -3.714747459896974857e-02 2.363264387144705103e-01
-5.465390184438406740e-01 -5.547676783472270390e-02 3.295586371686935467e-01
-7.635802401325534339e-01 -7.838100723117638613e-02 4.405914507905393518e-01
-1.012532899162005728e+00 -1.048251641355077285e-01 5.647932807285737100e-01
-1.281262831087974341e+00 -1.335125884112578487e-01 6.966054307707656434e-01
-1.557635871466191979e+00 -1.631466299219630767e-01 8.304692047050632464e-01
-1.829517855852437203e+00 -1.924306385311647105e-01 9.608259063194362071e-01
-2.084774619802443052e+00 -2.200679641023992050e-01 1.082116839401832564e+00
-2.311271998871986533e+00 -2.447619564992075947e-01 1.188783307740221229e+00
-2.496875828616803350e+00 -2.652159655851266673e-01 1.275266615122551572e+00
-2.629451944592665402e+00 -2.801333412236969855e-01 1.336008065336790507e+00
-2.696866182355317498e+00 -2.882174332784561144e-01 1.365448962170891178e+00
-2.691767695093354895e+00 -2.886729690570761231e-01 1.360123904501635561e+00
-2.625938769675388418e+00 -2.827101712992861060e-01 1.324940611671648005e+00
-2.515944942177437138e+00 -2.720406330167369768e-01 1.266900068167757576e+00
-2.378351748675537003e+00 -2.583759472210808150e-01 1.193003258476801998e+00
-2.229724725245703532e+00 -2.434277069239678681e-01 1.110251167085607449e+00
-2.086629407963974447e+00 -2.289075051370505487e-01 1.025644778481012764e+00
-1.965631332906362605e+00 -2.165269348719788267e-01 9.461850771498430124e-01
-1.883296036148906838e+00 -2.079975891404052257e-01 8.788730475789379160e-01
-1.856189053767625108e+00 -2.050310609539801598e-01 8.307096742551235424e-01
-1.900875921838545146e+00 -2.093389433243551256e-01 8.086959416652363952e-01
-2.027865456823273238e+00 -2.220076868742522636e-01 8.175199346059264238e-01
-2.223439596725762524e+00 -2.416231726706798422e-01 8.526181391131303355e-01
-2.467823559935521605e+00 -2.661461393917146645e-01 9.071141415325997270e-01
-2.741242564842097273e+00 -2.935373257154373361e-01 9.741315282100949657e-01
-3.023921829834990582e+00 -3.217574703199237440e-01 1.046793885491364540e+00
-3.296086573303750544e+00 -3.487673118832548269e-01 1.118224799722169482e+00
-3.537962013637881320e+00 -3.725275890835067494e-01 1.181547857248258948e+00
-3.729773369226927038e+00 -3.909990405987599504e-01 1.229886644415392860e+00
-3.851745858460396743e+00 -4.021424051070912054e-01 1.256364747569322038e+00
-3.884104699727827015e+00 -4.039184212865798984e-01 1.254105753055804184e+00
-3.813587194949898507e+00 -3.949649943102163663e-01 1.218437531702409204e+00
-3.652979166484793261e+00 -3.766287147045963568e-01 1.153505155329277665e+00
-3.421578613378642331e+00 -3.509333491782437031e-01 1.065658011771142943e+00
-3.138683534677541243e+00 -3.199026644396782970e-01 9.612454888627249838e-01
-2.823591929427630376e+00 -2.855604271974252484e-01 8.466169744387592733e-01
-2.495601796674997708e+00 -2.499304041600037274e-01 7.281218563339636463e-01
-2.174011135465787614e+00 -2.150363620359389272e-01 6.121095223830754772e-01
-1.878117944846087406e+00 -1.829020675337501012e-01 5.049293604208117126e-01
-1.627220223862041015e+00 -1.555512873619624425e-01 4.129307582819095046e-01
-1.440615971559739750e+00 -1.350077882290956210e-01 3.424631038010877426e-01
-1.332775634194247383e+00 -1.227697715358940095e-01 2.982056825519820431e-01
-1.298859170619558911e+00 -1.182331473786768922e-01 2.781572754991247787e-01
-1.329198848779244546e+00 -1.202682455092262681e-01 2.786465135632641421e-01
-1.414126936616873609e+00 -1.277453956793238588e-01 2.960020276651461613e-01
-1.543975702076004985e+00 -1.395349276407505112e-01 3.265524487255155872e-01
-1.709077413100209553e+00 -1.545071711452881413e-01 3.666264076651191695e-01
-1.899764337633062183e+00 -1.715324559447190811e-01 4.125525354047053783e-01
-2.106368743618113548e+00 -1.894811117908234421e-01 4.606594628650164114e-01
-2.319222898998949400e+00 -2.072234684353843892e-01 5.072758209668027929e-01
-2.528659071719116636e+00 -2.236298556301817841e-01 5.487302406308063318e-01
-2.726448418794347184e+00 -2.377662939777140105e-01 5.820669303925106730e-01
-2.910117571195619313e+00 -2.494815562858974933e-01 6.071923683009415873e-01
-3.078632007799735337e+00 -2.588201006146864658e-01 6.247285895473173589e-01
-3.230957207483463378e+00 -2.658263850240328297e-01 6.352976293228512761e-01
-3.366058649123603086e+00 -2.705448675738904019e-01 6.395215228187606238e-01
-3.482901811596927022e+00 -2.730200063242116393e-01 6.380223052262602446e-01
-3.580452173780231728e+00 -2.732962593349498870e-01 6.314220117365657581e-01
-3.657675214550291543e+00 -2.714180846660581015e-01 6.203426775408934501e-01
-3.713536412783899010e+00 -2.674299403774890727e-01 6.054063378304580523e-01
-3.747001247357834686e+00 -2.613762845291962011e-01 5.872350277964764054e-01
-3.757576526694142771e+00 -2.533477695322107759e-01 5.664237440598702822e-01
-3.746934361908391242e+00 -2.436198238802551319e-01 5.434593297339738172e-01
-3.717288185917675403e+00 -2.325140697573178650e-01 5.188015897486112360e-01
-3.670851431639098550e+00 -2.203521293473896525e-01 4.929103290336117604e-01
-3.609837531989755099e+00 -2.074556248344591458e-01 4.662453525188000603e-01
-3.536459919886747905e+00 -1.941461784025169945e-01 4.392664651340051352e-01
-3.452932028247169605e+00 -1.807454122355515724e-01 4.124334718090512664e-01
-3.361467289988127050e+00 -1.675749485175538622e-01 3.862061774737678976e-01
-3.264279138026711102e+00 -1.549564094325122099e-01 3.610443870579792547e-01
-3.163581005280027725e+00 -1.432114171644173761e-01 3.374079054915145592e-01
-3.061799657708844435e+00 -1.325854533262511570e-01 3.156662853378873757e-01
-2.962215193448616724e+00 -1.230194372469664427e-01 2.958280696953642375e-01
-2.868321043678488724e+00 -1.143781476845102674e-01 2.778115492959021826e-01
-2.783610639577585033e+00 -1.065263633968279028e-01 2.615350148714549738e-01
-2.711577412325045344e+00 -9.932886314186611942e-02 2.469167571539793160e-01
-2.655714793099998250e+00 -9.265042567757041103e-02 2.338750668754292772e-01
-2.619516213081582556e+00 -8.635582976188747872e-02 2.223282347677614790e-01
-2.606475103448927744e+00 -8.030985415276281625e-02 2.121945515629300727e-01
-2.620084895381168177e+00 -7.437727760814302758e-02 2.033923079928912914e-01
-2.663839020057439999e+00 -6.842287888597375911e-02 1.958397947895998692e-01
-2.739269798942877809e+00 -6.234201641420998585e-02 1.894255984390663117e-01
-2.840065058538656206e+00 -5.615236817573381056e-02 1.839194875936706330e-01
-2.957951487577842542e+00 -4.990219226088562360e-02 1.790615262349228576e-01
-3.084655774793520600e+00 -4.363974676000474673e-02 1.745917783443320104e-01
-3.211904608918752846e+00 -3.741328976343157031e-02 1.702503079034080324e-01
-3.331424678686623952e+00 -3.127107936150541612e-02 1.657771788936600876e-01
-3.434942672830200383e+00 -2.526137364456665368e-02 1.609124552965980337e-01
-3.514185280082562368e+00 -1.943243070295462213e-02 1.553962010937309235e-01
-3.560879189176780368e+00 -1.383250862700969100e-02 1.489684802665688090e-01
-3.566751088845930617e+00 -8.509865507071211546e-03 1.413693567966206321e-01
-3.526444944579745666e+00 -3.499206177305397292e-03 1.324363260231513351e-01
-3.446273995823692537e+00 1.218978328348019899e-03 1.223966142915501876e-01
-3.335468842245060017e+00 5.677750619889866505e-03 1.115748820925364232e-01
-3.203260083511117795e+00 9.910173307321790831e-03 1.002957899168273742e-01
-3.058878319289159542e+00 1.394930900064466663e-02 8.888399825514221864e-02
-2.911554149246456724e+00 1.782822030985993511e-02 7.766416759819874671e-02
-2.770518173050285249e+00 2.157996984496900542e-02 6.696095843671472092e-02
-2.645000990367937455e+00 2.523762021597280095e-02 5.709903126140938173e-02
-2.544233200866683475e+00 2.883423403287289216e-02 4.840304656300011693e-02
-2.477445404213812097e+00 3.240287390567021114e-02 4.119766483220594494e-02
-2.450870314774621583e+00 3.596269791718757769e-02 3.569713725489592065e-02
-2.458749277245654508e+00 3.947724683714993327e-02 3.167408411517182859e-02
-2.492325836790439286e+00 4.289615730591012088e-02 2.879071955107641648e-02
-2.542843538572495010e+00 4.616906596382036598e-02 2.670925770065300103e-02
-2.601545927755352761e+00 4.924560945123349076e-02 2.509191270194447224e-02
-2.659676549502530296e+00 5.207542440850174842e-02 2.360089869299407395e-02
-2.708478948977558698e+00 5.460814747597793339e-02 2.189842981184474471e-02
-2.739196671343958389e+00 5.679341529401435440e-02 1.964672019653972146e-02
-2.743073261765256010e+00 5.858086450296372955e-02 1.650798398512188375e-02
-2.711352265404975981e+00 5.992013174317842306e-02 1.214443531563459168e-02
-2.638353606088412295e+00 6.077575616669916164e-02 6.366579716840682114e-03
-2.530702634272374407e+00 6.117188654595601821e-02 -4.219159622511199593e-04
-2.398101035067791820e+00 6.114757395188660793e-02 -7.669095603223214340e-03
-2.250250493585613576e+00 6.074186945542853211e-02 -1.482300308765679107e-02
-2.096852694936769179e+00 5.999382412751936428e-02 -2.133168229713430092e-02
-1.947609324232209893e+00 5.894248903909676124e-02 -2.664317711323700710e-02
-1.812222066582861446e+00 5.762691526109820633e-02 -3.020553141754715037e-02
-1.700392607099675768e+00 5.608615386446143269e-02 -3.146678909164628279e-02
-1.621822630893582362e+00 5.435925592012390284e-02 -2.987499401711630337e-02
-1.586213823075527385e+00 5.248527249902334296e-02 -2.487819007553920131e-02
-1.600308777517538861e+00 5.055918298971006503e-02 -1.627638453938855603e-02
-1.659013723136029128e+00 4.889968005118549427e-02 -5.277438244704415332e-03
-1.754275797608495280e+00 4.788138466006409272e-02 6.558824581579881033e-03
-1.878042138612447509e+00 4.787891779296006567e-02 1.767257971253297089e-02
-2.022259883825377358e+00 4.926690042648768086e-02 2.650400292122151100e-02
-2.178876170924798572e+00 5.241995353726140727e-02 3.149326998071380612e-02
-2.339838137588201139e+00 5.771269810189525590e-02 3.108055666407707335e-02
-2.497092921493099915e+00 6.551975509700400102e-02 2.370603874437885589e-02
-2.642587660316983111e+00 7.621574549920120956e-02 7.809891994687415129e-03
-2.768269491737366472e+00 9.017529028510218314e-02 -1.816770781193105533e-02
-2.867919758413041809e+00 1.074794688277684457e-01 -5.475659834353534261e-02
-2.942656675405240563e+00 1.270351856877356689e-01 -9.836664156444691054e-02
-2.995432688995181447e+00 1.474557996228084422e-01 -1.443776981459279074e-01
-3.029200245464093832e+00 1.673546693907947969e-01 -1.881696287592479755e-01
-3.046911791093198651e+00 1.853451537494992529e-01 -2.251222940756691937e-01
-3.051519772163723943e+00 2.000406114567296334e-01 -2.506155547664601912e-01
-3.045976634956892415e+00 2.100544012702910412e-01 -2.600292715028849622e-01
-3.033234825753928110e+00 2.139998819479904668e-01 -2.487433049562096654e-01
-3.016246790836058178e+00 2.104904122476339845e-01 -2.121375157977013481e-01
-2.997964976484505328e+00 1.981393509270274467e-01 -1.455917646986224501e-01
-2.980702506017817388e+00 1.764742453693631530e-01 -4.691419076959543050e-02
-2.964215174321209734e+00 1.486794497700366369e-01 7.637381417316708998e-02
-2.947619435025784718e+00 1.188535331053530292e-01 2.143225103994852720e-01
-2.930031741762642028e+00 9.109506435161257576e-02 3.569821581792020360e-01
-2.910568548162882241e+00 6.950261248512043522e-02 4.944030177821356897e-01
-2.888346307857606821e+00 5.817474648217772770e-02 6.166353494781241507e-01
-2.862481474477913679e+00 6.121003531908743300e-02 7.137294135370024772e-01
-2.832090501654905612e+00 8.270704797215207293e-02 7.757354702285929049e-01
-2.796289843019682753e+00 1.267643534176762787e-01 7.927037798227323240e-01
-2.754195952203346565e+00 1.974805206319589501e-01 7.546846025892495202e-01
-2.704860971525437030e+00 2.968763828582130504e-01 6.556231890619791391e-01
-2.647079801739169902e+00 4.186619492953940203e-01 5.050445279592603587e-01
-2.579583034126131658e+00 5.544695528530267925e-01 3.163684868284460938e-01
-2.501101259967914547e+00 6.959315264406132906e-01 1.030149332169184723e-01
-2.410365070546102828e+00 8.346802029676794188e-01 -1.215962653279736294e-01
-2.306105057142293635e+00 9.623479153437272116e-01 -3.440452412588449471e-01
-2.187051811038067228e+00 1.070566996478282462e+00 -5.509121270283486860e-01
-2.051935923515023408e+00 1.150969779280848648e+00 -7.287770550891006227e-01
-1.899487985854740213e+00 1.195188596660947455e+00 -8.642201578937491746e-01
-1.728438589338819886e+00 1.194855781528088468e+00 -9.438215678949173348e-01
-1.538631317421156330e+00 1.144582371385215458e+00 -9.583539225590453903e-01
-1.334361690402104728e+00 1.050894136887877472e+00 -9.153597594596650788e-01
-1.121038204832938145e+00 9.232955106746355556e-01 -8.265740612102695506e-01
-9.040693572649668441e-01 7.712909253840687374e-01 -7.037318104243639461e-01
-6.888636442494625589e-01 6.043848136547326222e-01 -5.585679897154344209e-01
-4.808295623377348837e-01 4.320816081252098484e-01 -4.028175816969901679e-01
-2.853756080810568863e-01 2.638857414340542995e-01 -2.482155689825150946e-01
-1.079102780307369946e-01 1.093016462198491273e-01 -1.064969341855196150e-01
4.615793126194965568e-02 -2.216624487885104910e-02 1.060334008051175281e-02
1.714205232456983974e-01 -1.210134992234660339e-01 9.135027120207189766e-02
2.646876250399803898e-01 -1.803247660126359730e-01 1.267854001818930210e-01
3.316438584472799489e-01 -2.035410217938010136e-01 1.190563624875905918e-01
3.801924689408276992e-01 -1.966923249516011052e-01 7.308731720300468138e-02
4.182367019938650898e-01 -1.658087338706773217e-01 -6.197576588029291705e-03
4.536798030796250769e-01 -1.169203069356740399e-01 -1.138741598016647094e-01
4.944250176713480549e-01 -5.605710253122933584e-02 -2.450182733540714475e-01
5.483755912422670908e-01 1.075082095800993995e-02 -3.947057581613984123e-01
6.234347692656236894e-01 7.747340514740770623e-02 -5.580124551398194521e-01
7.275057972146479202e-01 1.380805916523163146e-01 -7.300142052054804376e-01
8.684919205625862837e-01 1.865423220880990385e-01 -9.057868492745571043e-01
1.051166817905656803e+00 2.182129123528818437e-01 -1.080645835236950347e+00
1.267785810794137324e+00 2.339842150832927015e-01 -1.250865045732853176e+00
1.507474609132131604e+00 2.361324770025018671e-01 -1.412957973803813161e+00
1.759358922823782923e+00 2.269339448336814280e-01 -1.563438112491407850e+00
2.012564461773191926e+00 2.086648653000037767e-01 -1.698818954837187478e+00
2.256216935884502561e+00 1.836014851246391688e-01 -1.815613993882726263e+00
2.479442055061817030e+00 1.540200510307613846e-01 -1.910336722669577325e+00
2.671365529209275724e+00 1.221968097415396665e-01 -1.979500634239311996e+00
2.821113068230986620e+00 9.040800798014855810e-02 -2.019619221633487616e+00
2.917810382031083005e+00 6.092989246975698270e-02 -2.027205977893670852e+00
2.953780949242466924e+00 3.559960289318578330e-02 -2.000231110972690463e+00
2.934139506392303698e+00 1.449782564575130377e-02 -1.942491771822933533e+00
2.867198650226749912e+00 -2.733872480712341933e-03 -1.859241867985606866e+00
2.761270977491955492e+00 -1.645392469437445548e-02 -1.755735307001904166e+00
2.624669084934082797e+00 -2.702076420340157256e-02 -1.637225996413034013e+00
2.465705569299283972e+00 -3.479282421596211622e-02 -1.508967843760194105e+00
2.292693027333712941e+00 -4.012853794022382126e-02 -1.376214756584583476e+00
2.113944055783508524e+00 -4.338633858435465146e-02 -1.244220642427392276e+00
1.937771251394857952e+00 -4.492465935652179693e-02 -1.118239408829844184e+00
1.772487210913898714e+00 -4.510193346489334981e-02 -1.003524963333127351e+00
1.625262730361207275e+00 -4.428126144838776673e-02 -9.044397282598465315e-01
1.498701468188927910e+00 -4.284441290186127849e-02 -8.217802360690403818e-01
1.394265314790373411e+00 -4.117782461738973832e-02 -7.554515595064044131e-01
1.313416160558819934e+00 -3.966793338704863170e-02 -7.053587713176118212e-01
1.257615895887558288e+00 -3.870117600291349963e-02 -6.714069442483435735e-01
1.228326411169875509e+00 -3.866398925705998718e-02 -6.535011510442793048e-01
1.227009596799066626e+00 -3.994280994156370473e-02 -6.515464644511034242e-01
1.255127343168418008e+00 -4.292407484850017940e-02 -6.654479572144944566e-01
1.314141540671218245e+00 -4.799422076994497299e-02 -6.951107020801333691e-01
1.405514079700767027e+00 -5.553968449797445917e-02 -7.404397717937057921e-01
1.529337034787509264e+00 -6.578756141309986816e-02 -8.007978927221608423e-01
1.680223452150032326e+00 -7.832760860176125883e-02 -8.733784988154924545e-01
1.851416679711281432e+00 -9.259025541463136721e-02 -9.548327241929335241e-01
2.036160065394220009e+00 -1.080059312023842893e-01 -1.041811702973724163e+00
2.227696957121760857e+00 -1.240050653156899024e-01 -1.130966569277081613e+00
2.419270702816864294e+00 -1.400180871052222886e-01 -1.218948457222245763e+00
2.604124650402476870e+00 -1.554754259216540035e-01 -1.302408500928448731e+00
2.775502147801559794e+00 -1.698075111156590600e-01 -1.377997834514930631e+00
2.926646542937025863e+00 -1.824447720379075155e-01 -1.442367592100908480e+00
3.050801183731838950e+00 -1.928176380390734246e-01 -1.492168907805623723e+00
3.143461861781092104e+00 -2.006257578305924993e-01 -1.525263488989057725e+00
3.209134143368475911e+00 -2.066456575669529672e-01 -1.544355335974190835e+00
3.254576038449831898e+00 -2.119230827634065728e-01 -1.553359022324753091e+00
3.286545556980992266e+00 -2.175037789352037287e-01 -1.556189121604473424e+00
3.311800708917798541e+00 -2.244334915975961797e-01 -1.556760207377082761e+00
3.337099504216091361e+00 -2.337579662658351987e-01 -1.558986853206310697e+00
3.369199952831712253e+00 -2.465229484551734462e-01 -1.566783632655888825e+00
3.414860064720494748e+00 -2.637741836808599194e-01 -1.584065119289544965e+00
3.480837849838279041e+00 -2.865574174581468903e-01 -1.614745886671010044e+00
3.573891318140904438e+00 -3.159183953022856040e-01 -1.662740508364013436e+00
3.698246426945634990e+00 -3.523821231652229380e-01 -1.730367652846763304e+00
3.848000488350382220e+00 -3.943905593528748699e-01 -1.813562094294186799e+00
4.014718544477352324e+00 -4.398648779105052142e-01 -1.906662564812188876e+00
4.189965637448745284e+00 -4.867262528833753432e-01 -2.004007796506670491e+00
4.365306809386775733e+00 -5.328958583167501262e-01 -2.099936521483540375e+00
4.532307102413606792e+00 -5.762948682558822755e-01 -2.188787471848678834e+00
4.682531558651454873e+00 -6.148444567460371601e-01 -2.264899379707996818e+00
4.807545220222516846e+00 -6.464657978324758192e-01 -2.322610977167393287e+00
4.898913129248997578e+00 -6.690800655604607350e-01 -2.356260996332769864e+00
4.948200327853079727e+00 -6.806084339752490608e-01 -2.360188169310021067e+00
4.949418785473215898e+00 -6.795649695215040254e-01 -2.330412979879075586e+00
4.906368320828150331e+00 -6.668353421673040016e-01 -2.269683014747255978e+00
4.825295749961013847e+00 -6.438981312431545367e-01 -2.182427660411888404e+00
4.712447888914963912e+00 -6.122319160795681725e-01 -2.073076303370325224e+00
4.574071553733137563e+00 -5.733152760070521214e-01 -1.946058330119896373e+00
4.416413560458674503e+00 -5.286267903561138182e-01 -1.805803127157938004e+00
4.245720725134719764e+00 -4.796450384572623071e-01 -1.656740080981786711e+00
4.068239863804396172e+00 -4.278485996410007486e-01 -1.503298578088764659e+00
3.890217792510879402e+00 -3.747160532378468467e-01 -1.349908004976235310e+00
3.717901327297295389e+00 -3.217259785783044279e-01 -1.200997748141522381e+00
3.556482547339368416e+00 -2.701048212578394669e-01 -1.060233206454612498e+00
3.406934644695237768e+00 -2.200705063588491717e-01 -9.282238719914943648e-01
3.269176104731495780e+00 -1.715888324422020772e-01 -8.048152710583909020e-01
3.143125412814694819e+00 -1.246255980687537568e-01 -6.898529299614893917e-01
3.028701054311402796e+00 -7.914660179936422457e-02 -5.831823750069894396e-01
2.925821514588175631e+00 -3.511764219488955341e-02 -4.846491325010820472e-01
2.834405279011598999e+00 7.495482183802630594e-03 -3.940987287499839731e-01
2.754370832948229708e+00 4.872697277585621989e-02 -3.113766900598857745e-01
2.685636661764633892e+00 8.861103102041134605e-02 -2.363285427369866687e-01
2.628121250827373245e+00 1.271818583566114436e-01 -1.687998130874806546e-01
2.582109290418638015e+00 1.643993388120484345e-01 -1.084531456325179138e-01
2.549350227621166809e+00 1.999260995253150652e-01 -5.421968914605177631e-02
2.531959683003047523e+00 2.333504566019002635e-01 -4.847726313176739001e-03
2.532053277132367164e+00 2.642607261472955105e-01 4.091446018101675686e-02
2.551746630577212294e+00 2.922452242669842937e-01 8.431858765142619117e-02
2.593155363905670363e+00 3.168922670664582886e-01 1.266163734129613916e-01
2.658395097685827491e+00 3.377901706512063118e-01 1.690595347805278204e-01
2.749581452485780453e+00 3.545272511267186788e-01 2.128997890690350614e-01
2.868830048873599381e+00 3.666918245984811531e-01 2.593888535933809303e-01
3.018256507417378831e+00 3.738722071719844942e-01 3.097784456684748444e-01
3.198340508550876482e+00 3.759088992145914743e-01 3.649440757964130810e-01
3.403017972170531369e+00 3.736511381411611321e-01 4.242564272280552884e-01
3.624588878038473183e+00 3.682003456284257958e-01 4.867099764014571894e-01
3.855353205916773884e+00 3.606579433531196255e-01 5.512991997546581313e-01
4.087610935567560944e+00 3.521253529919751157e-01 6.170185737257136704e-01
4.313662046752943624e+00 3.437039962217254274e-01 6.828625747526740897e-01
4.525806519235053393e+00 3.364952947191028332e-01 7.478256792735955560e-01
4.716344332775958215e+00 3.316006701608418261e-01 8.109023637265165840e-01
4.877575467137790000e+00 3.301215442236746234e-01 8.710871045494933407e-01
5.001799902082656679e+00 3.331593385843342192e-01 9.273743781805761088e-01
5.083095665609183023e+00 3.414268000746866205e-01 9.786966957914019494e-01
5.122653283890754139e+00 3.540819094252321553e-01 1.023738696850653218e+00
5.123441483954938924e+00 3.698939391599441739e-01 1.061123050241858934e+00
5.088428992829301833e+00 3.876321618027953608e-01 1.089472424848544341e+00
5.020584537541395775e+00 4.060658498777600656e-01 1.107409489554234128e+00
4.922876845118792311e+00 4.239642759088075863e-01 1.113556913242449209e+00
4.798274642589051453e+00 4.400967124199123837e-01 1.106537364796716938e+00
4.649746656979732329e+00 4.532324319350470310e-01 1.084973513100560893e+00
4.480261615318380741e+00 4.621407069781849342e-01 1.047488027037501768e+00
4.292788244632590455e+00 4.655908100732970567e-01 9.927035754910702448e-01
4.090979587074044410e+00 4.626662914113439107e-01 9.199726977988339494e-01
3.881225984448094302e+00 4.537078298344735527e-01 8.315674568783653076e-01
3.670602113262905419e+00 4.393703908435037109e-01 7.304898069833333230e-01
3.466182650026698564e+00 4.203089399392566650e-01 6.197417023674338665e-01
3.275042271247637693e+00 3.971784426225507536e-01 5.023250972843369411e-01
3.104255653433904971e+00 3.706338643942054256e-01 3.812419459877204320e-01
2.960897473093683896e+00 3.413301707550402964e-01 2.594942027312625576e-01
2.852042406735149083e+00 3.099223272058718726e-01 1.400838217686309894e-01
2.784765130866502680e+00 2.770652992475252652e-01 2.601275735352513718e-02
2.766140321995916196e+00 2.434140523808173695e-01 -7.971703626038748047e-02
2.800591375132893468e+00 2.095589519492390973e-01 -1.747682707108487443e-01
2.881936710998688866e+00 1.758319663633889085e-01 -2.594622831690718279e-01
3.001343544668539920e+00 1.425004657247447570e-01 -3.347850576816962520e-01
3.149979091217704585e+00 1.098318201347754236e-01 -4.017225782953842694e-01
3.319010565721436823e+00 7.809339969495285305e-02 -4.612608290567904445e-01
3.499605183255004359e+00 4.755257450674626324e-02 -5.143857940125735606e-01
3.682930158893627848e+00 1.847671467163294889e-02 -5.620834572093785786e-01
3.860152707712577236e+00 -8.866809708917986615e-03 -6.053398026938653365e-01
4.022440044787103375e+00 -3.421062853343464355e-02 -6.451408145126877880e-01
4.160959385192470883e+00 -5.728737170044712751e-02 -6.824724767125037728e-01
4.268872842926696443e+00 -7.789499266409123657e-02 -7.181329554371418400e-01
4.347321785239249614e+00 -9.609272788766549944e-02 -7.521691774595515856e-01
4.399442307086171233e+00 -1.120051317835528693e-01 -7.844402677697080994e-01
4.428370503423509241e+00 -1.257567587641375828e-01 -8.148053513575891360e-01
4.437242469207300033e+00 -1.374721632418001716e-01 -8.431235532131643451e-01
4.429194299393589773e+00 -1.472758996289249833e-01 -8.692539983264118142e-01
4.407362088938424627e+00 -1.552925223378950059e-01 -8.930558116873060781e-01
4.374881932797844541e+00 -1.616465857810938100e-01 -9.143881182858247803e-01
4.334889925927895682e+00 -1.664626443709032733e-01 -9.331100431119384586e-01
4.290522163284622437e+00 -1.698652525197069940e-01 -9.490807111556245346e-01
4.244178849732185732e+00 -1.719722680033866080e-01 -9.621612849803562462e-01
4.195316629767224192e+00 -1.728747620518178429e-01 -9.722210774435984248e-01
4.142656257794487651e+00 -1.726571092583749634e-01 -9.791314389763140502e-01
4.084918488218745480e+00 -1.714036842164323726e-01 -9.827637200094657688e-01
4.020824075444748402e+00 -1.691988615193644185e-01 -9.829892709740166712e-01
3.949093773877252023e+00 -1.661270157605454489e-01 -9.796794423009297370e-01
3.868448337921008395e+00 -1.622725215333493953e-01 -9.727055844211673907e-01
3.777608521980787337e+00 -1.577197534311512717e-01 -9.619390477656937222e-01
3.675295080461337793e+00 -1.525530860473250927e-01 -9.472511827654710448e-01
3.560228767767418034e+00 -1.468568939752452063e-01 -9.285133398514624492e-01
3.432068998259990789e+00 -1.407441686089813959e-01 -9.058959586878593262e-01
3.294229987260041792e+00 -1.344423734578941154e-01 -8.807658872149521923e-01
3.151064690614028496e+00 -1.282075912883432756e-01 -8.547890882783927280e-01
3.006926064168421231e+00 -1.222959048666894394e-01 -8.296315247238348345e-01
2.866167063769676560e+00 -1.169633969592925871e-01 -8.069591593969301924e-01
2.733140645264286572e+00 -1.124661503325141421e-01 -7.884379551433362554e-01
2.612199764498711385e+00 -1.090602477527141262e-01 -7.757338748087050373e-01
2.507697377319415111e+00 -1.070017719862529915e-01 -7.705128812386892179e-01
2.423986439572864526e+00 -1.065468057994912870e-01 -7.744409372789441415e-01
2.365419907105541508e+00 -1.079514319587895482e-01 -7.891840057751221549e-01
2.334709785229553081e+00 -1.113694278239207858e-01 -8.157289985154227985e-01
2.328004183222987855e+00 -1.165453432743043527e-01 -8.523465842023372208e-01
2.339810212880937712e+00 -1.231214198557498557e-01 -8.966283610528217318e-01
2.364634985998492311e+00 -1.307398991140650280e-01 -9.461659272838207624e-01
2.396985614370742645e+00 -1.390430225950593790e-01 -9.985508811122907336e-01
2.431369209792781039e+00 -1.476730318445418910e-01 -1.051374820755183848e+00
2.462292884059698928e+00 -1.562721684083215046e-01 -1.102229344429451974e+00
2.484263748966588192e+00 -1.644826738322078263e-01 -1.148706050352052088e+00
2.491788916308535828e+00 -1.719467896620083813e-01 -1.188396536739927623e+00
2.479375497880635937e+00 -1.783067574435329150e-01 -1.218892401810035775e+00
2.443374211218686032e+00 -1.833367584606668266e-01 -1.238614602160292621e+00
2.387510091330089068e+00 -1.873387254000036528e-01 -1.249301480456545876e+00
2.317351726217742325e+00 -1.907465269114402839e-01 -1.253520714017810844e+00
2.238467703884526205e+00 -1.939940316448745539e-01 -1.253839980163104828e+00
2.156426612333329551e+00 -1.975151082502041577e-01 -1.252826956211445131e+00
2.076797039567029213e+00 -2.017436253773269017e-01 -1.253049319481848833e+00
2.005147573588528243e+00 -2.071134516761396482e-01 -1.257074747293332573e+00
1.947046802400704824e+00 -2.140584557965403423e-01 -1.267470916964913430e+00
1.908063314006444910e+00 -2.230125063884263459e-01 -1.286805505815607598e+00
1.893765696408635124e+00 -2.344094721016964922e-01 -1.317646191164435709e+00
1.907694037801934028e+00 -2.484636286363867963e-01 -1.361464303151396438e+00
1.945274775355672947e+00 -2.645109175879178931e-01 -1.415345971396874569e+00
1.999906020531019513e+00 -2.816677064488555815e-01 -1.475281072438435981e+00
2.064985884789146464e+00 -2.990503627117668817e-01 -1.537259482813651212e+00
2.133912479591209443e+00 -3.157752538692142896e-01 -1.597271079060074150e+00
2.200083916398380968e+00 -3.309587474137650198e-01 -1.651305737715276001e+00
2.256898306671828003e+00 -3.437172108379846214e-01 -1.695353335316821308e+00
2.297753761872721512e+00 -3.531670116344394761e-01 -1.725403748402278836e+00
2.316048393462219135e+00 -3.584245172956934122e-01 -1.737446853509206690e+00
2.305180312901494499e+00 -3.586060953143130337e-01 -1.727472527175174744e+00
2.261002656474227823e+00 -3.532054700440925843e-01 -1.693129283432796006e+00
2.189188659754160327e+00 -3.432257932837403103e-01 -1.638700186294879124e+00
2.097866583137536711e+00 -3.300475736931913762e-01 -1.570126937269272549e+00
1.995164687020628991e+00 -3.150513199323854430e-01 -1.493351237863847381e+00
1.889211231799683421e+00 -2.996175406612578418e-01 -1.414314789586452292e+00
1.788134477870954919e+00 -2.851267445397454026e-01 -1.338959293944944173e+00
1.700062685630691295e+00 -2.729594402277839560e-01 -1.273226452447174362e+00
1.633124115475162785e+00 -2.644961363853126080e-01 -1.223057966601011515e+00
1.595447027800615425e+00 -2.611173416722666896e-01 -1.194395537914305194e+00
1.595159683003303464e+00 -2.642035647485830863e-01 -1.193180867894911623e+00
1.637721011575098862e+00 -2.746755867123021888e-01 -1.223383119985022249e+00
1.717912166159626164e+00 -2.916151994947111525e-01 -1.281080966748275651e+00
1.827844740375874188e+00 -3.136444280047755440e-01 -1.360380373371082641e+00
1.959630327842831754e+00 -3.393852971514602634e-01 -1.455387305039852031e+00
2.105380522179499003e+00 -3.674598318437328204e-01 -1.560207726941001960e+00
2.257206917004836999e+00 -3.964900569905528971e-01 -1.668947604260922590e+00
2.407221105937846772e+00 -4.250979975008880585e-01 -1.775712902186032727e+00
2.547534682597515143e+00 -4.519056782837031494e-01 -1.874609585902740072e+00
2.670259240602839590e+00 -4.755351242479649021e-01 -1.959743620597460989e+00
2.767506373572785172e+00 -4.946083603026339981e-01 -2.025220971456589414e+00
2.833863166982676596e+00 -5.082354936282537095e-01 -2.066995499808624182e+00
2.873818815382915837e+00 -5.174789884201607126e-01 -2.088412757288609534e+00
2.894338076005634086e+00 -5.238894051096139037e-01 -2.094666244543158307e+00
2.902385706082958539e+00 -5.290173041278702915e-01 -2.090949462218883781e+00
2.904926462847021718e+00 -5.344132459061891050e-01 -2.082455910962403678e+00
2.908925103529953038e+00 -5.416277908758285742e-01 -2.074379091420329946e+00
2.921346385363884135e+00 -5.522114994680469291e-01 -2.071912504239278530e+00
2.949155065580946644e+00 -5.677149321141041760e-01 -2.080249650065863598e+00
2.999315901413266872e+00 -5.896886492452558803e-01 -2.104584029546699320e+00
3.078793650092976897e+00 -6.196832112927614933e-01 -2.150109143328400307e+00
3.192380665835871767e+00 -6.588680884523423487e-01 -2.220092144949405988e+00
3.336179815097430446e+00 -7.068884117835781966e-01 -2.310094909741149838e+00
3.504121623468819280e+00 -7.630082330134216884e-01 -2.413753021039310109e+00
3.690136616541238368e+00 -8.264916038688376876e-01 -2.524702062179587259e+00
3.888155319905880258e+00 -8.966025760767878383e-01 -2.636577616497677301e+00
4.092108259153952154e+00 -9.726052013642396687e-01 -2.743015267329281581e+00
4.295925959876608857e+00 -1.053763531458141500e+00 -2.837650598010077019e+00
4.493538947665060235e+00 -1.139341618085460750e+00 -2.914119191875768067e+00
4.678877748110494394e+00 -1.228603512973158729e+00 -2.966056632262047188e+00
4.845872886804116320e+00 -1.320813267848204742e+00 -2.987098502504611286e+00
4.989180821064394422e+00 -1.415634876215984272e+00 -2.972524749439919400e+00
5.106361610507290649e+00 -1.514332030042586430e+00 -2.924192491639876490e+00
5.195701184171515052e+00 -1.618568328746727847e+00 -2.845603070046359040e+00
5.255485471095783900e+00 -1.730007371747135148e+00 -2.740257825601233321e+00
5.284000400318792146e+00 -1.850312758462505647e+00 -2.611658099246394471e+00
5.279531900879256057e+00 -1.981148088311565303e+00 -2.463305231923710537e+00
5.240365901815884797e+00 -2.124176960713029860e+00 -2.298700564575058891e+00
5.164788332167380425e+00 -2.281062975085632161e+00 -2.121345438142298701e+00
5.051085120972464537e+00 -2.453469730848059083e+00 -1.934741193567339090e+00
4.897542197269840969e+00 -2.643060827419041914e+00 -1.742389171792040781e+00
4.704342038961269346e+00 -2.849801696464238976e+00 -1.547645635670505726e+00
4.479253319400708477e+00 -3.066865098637078013e+00 -1.353286535705735538e+00
4.231941260805140992e+00 -3.285725626837947555e+00 -1.161942744312939979e+00
3.972071085391621903e+00 -3.497857873967179287e+00 -9.762451339073811019e-01
3.709308015377139167e+00 -3.694736432925161296e+00 -7.988245769042677802e-01
3.453317272978699393e+00 -3.867835896612264346e+00 -6.323119457188272063e-01
3.213764080413291424e+00 -4.008630857928868529e+00 -4.793381127662738606e-01
3.000313659897967611e+00 -4.108595909775319299e+00 -3.425339504618614694e-01
2.822631233649711913e+00 -4.159205645051999412e+00 -2.245303312208030422e-01
2.690382023885534046e+00 -4.151934656659279632e+00 -1.279581274583252992e-01
2.609987702691620282e+00 -4.081369015255132737e+00 -5.452542525874862211e-02
2.574895184826682115e+00 -3.954541236660032766e+00 -2.249006972634902748e-03
2.575307556510500362e+00 -3.781595581523788496e+00 3.177721058716082708e-02
2.601427903962868715e+00 -3.572676310496213592e+00 5.045931060777612831e-02
2.643459313403580424e+00 -3.337927684227097291e+00 5.670337627634846472e-02
2.691604871052420300e+00 -3.087493963366294558e+00 5.341549078001441714e-02
2.736067663129182481e+00 -2.831519408563599516e+00 4.350173730591255783e-02
2.767050775853658440e+00 -2.580148280468823607e+00 2.986819904118035232e-02
2.774757295445639205e+00 -2.343524839731760512e+00 1.542095917295406918e-02
2.749390308124914029e+00 -2.131793347002265193e+00 3.066100888373883560e-03
2.683697836655949409e+00 -1.952922344386656572e+00 -4.864542516553082771e-03
2.580607795605382115e+00 -1.806177375320884293e+00 -8.336170169412101053e-03
2.445593108896764623e+00 -1.688648202448720381e+00 -7.888247518573535816e-03
2.284126700453692038e+00 -1.597424588413965951e+00 -4.060240012408036087e-03
2.101681494199721278e+00 -1.529596295860390365e+00 2.608386900713758651e-03
1.903730414058420806e+00 -1.482253087431774308e+00 1.157816777242130779e-02
1.695746383953358860e+00 -1.452484725771899132e+00 2.230963715434410716e-02
1.483202327808085919e+00 -1.437380973524545080e+00 3.426332959811274198e-02
1.271571169546207303e+00 -1.434031593333494836e+00 4.689977965535442606e-02
1.066325833091272823e+00 -1.439526347842527976e+00 5.967952187769978711e-02
8.729392423668520529e-01 -1.450954999695424075e+00 7.206309081677815531e-02
6.968843212964981326e-01 -1.465407311535967150e+00 8.351102102422001960e-02
5.436339938038105002e-01 -1.479973046007933890e+00 9.348384705165280195e-02
4.186611838123426299e-01 -1.491741965755107202e+00 1.014421034507070468e-01
3.274388152456608747e-01 -1.497803833421267772e+00 1.068463247730121884e-01
2.754398120273326978e-01 -1.495248411650195397e+00 1.091570455701977305e-01
2.681370980809356652e-01 -1.481165463085672096e+00 1.078348003938927741e-01
3.110035973300311340e-01 -1.452644750371477889e+00 1.023401237957270449e-01
4.095122336981884548e-01 -1.406776036151393905e+00 9.213355032733010208e-02
5.691359311089925210e-01 -1.340649083069195058e+00 7.667561454032971457e-02
7.953476134859842617e-01 -1.251353653768672247e+00 5.542685098635809909e-02
1.093620204752743241e+00 -1.135979510893602829e+00 2.784779421704362823e-02
1.469426628832837700e+00 -9.916164170877670436e-01 -6.601021215984284596e-03
1.928239809649881398e+00 -8.153541349949287032e-01 -4.845906076110022276e-02
