3.767916202545166016e+00 6.343472003936767578e-01 -2.343181520700454712e-01 -0.000000000000000000e+00 -0.000000000000000000e+00 2.662202417850494385e-01 9.639122486114501953e-01
3.635969400405883789e+00 6.211116909980773926e-01 -2.203029543161392212e-01 -2.436099573969841003e-02 -1.341970823705196381e-02 2.102573066949844360e-01 9.772503972053527832e-01
3.400757789611816406e+00 6.199395060539245605e-01 -1.753810048103332520e-01 2.035844139754772186e-02 9.833978489041328430e-03 2.391772568225860596e-01 9.707126617431640625e-01
3.312284708023071289e+00 6.180859208106994629e-01 -1.554274708032608032e-01 5.705038085579872131e-02 2.606612071394920349e-02 2.391267418861389160e-01 9.689603447914123535e-01
3.225421667098999023e+00 6.145989894866943359e-01 -1.345470398664474487e-01 2.297010272741317749e-02 6.875926628708839417e-04 2.368939071893692017e-01 9.712637066841125488e-01
3.104630470275878906e+00 6.069594621658325195e-01 -1.036495193839073181e-01 1.075391769409179688e-01 6.873956322669982910e-02 2.902552485466003418e-01 9.483997821807861328e-01
2.812057971954345703e+00 5.762045383453369141e-01 -2.153877168893814087e-02 1.906982623040676117e-02 7.688482105731964111e-02 2.386719435453414917e-01 9.678640365600585938e-01
2.412701129913330078e+00 5.196760296821594238e-01 9.904190152883529663e-02 8.034008741378784180e-02 1.367135643959045410e-01 2.435591369867324829e-01 9.568353891372680664e-01
1.952036142349243164e+00 4.537289440631866455e-01 2.398807406425476074e-01 5.731632933020591736e-02 1.042743399739265442e-01 2.220349013805389404e-01 9.677510857582092285e-01
1.545352339744567871e+00 4.374794661998748779e-01 3.082183003425598145e-01 1.507435180246829987e-02 9.619405865669250488e-02 2.083401530981063843e-01 9.731976985931396484e-01
1.155004262924194336e+00 4.357910156250000000e-01 2.924272119998931885e-01 -2.170296199619770050e-02 9.612485766410827637e-02 1.697094589471817017e-01 9.805548191070556641e-01
9.579983353614807129e-01 4.341823458671569824e-01 2.691469490528106689e-01 2.034201472997665405e-02 1.076422706246376038e-01 1.945005655288696289e-01 9.747660756111145020e-01
8.365082144737243652e-01 4.342950284481048584e-01 2.532582879066467285e-01 1.291932910680770874e-02 9.867551922798156738e-02 1.897882819175720215e-01 9.767684936523437500e-01
5.652462840080261230e-01 4.414538443088531494e-01 2.210448384284973145e-01 -1.040184572339057922e-01 1.181056052446365356e-01 1.675088852643966675e-01 9.732276797294616699e-01
4.456603825092315674e-01 4.490630924701690674e-01 2.106419354677200317e-01 -1.334624886512756348e-01 5.336564034223556519e-02 1.536680608987808228e-01 9.776123166084289551e-01
2.739057838916778564e-01 4.663251340389251709e-01 2.024914473295211792e-01 -1.140383258461952209e-01 8.408191800117492676e-02 2.128228098154067993e-01 9.667636156082153320e-01
1.392955034971237183e-01 4.827488660812377930e-01 2.015232741832733154e-01 -9.605648368597030640e-02 1.416678279638290405e-01 2.446975708007812500e-01 9.543722867965698242e-01
-1.752239912748336792e-01 5.154236555099487305e-01 2.154699712991714478e-01 -1.093628406524658203e-01 1.396464109420776367e-01 2.308259159326553345e-01 9.566912055015563965e-01
-5.808298587799072266e-01 5.049231648445129395e-01 2.594158053398132324e-01 -7.760485261678695679e-02 1.996875852346420288e-01 2.862462997436523438e-01 9.338979721069335938e-01
-8.905295133590698242e-01 4.972289800643920898e-01 3.036157190799713135e-01 -7.294827699661254883e-02 2.261385321617126465e-01 3.785906136035919189e-01 8.945441246032714844e-01
-1.160077929496765137e+00 5.526501536369323730e-01 3.415529429912567139e-01 -6.890773028135299683e-02 2.278690338134765625e-01 3.804169297218322754e-01 8.936499953269958496e-01
-1.288406610488891602e+00 5.976029634475708008e-01 3.396338522434234619e-01 -1.642308086156845093e-01 1.778551340103149414e-01 3.519804477691650391e-01 9.041601419448852539e-01
-1.218250036239624023e+00 5.708487629890441895e-01 3.140723407268524170e-01 -1.811939775943756104e-01 1.780911087989807129e-01 3.233746886253356934e-01 9.115267395973205566e-01
-1.026552438735961914e+00 5.455003976821899414e-01 1.803184449672698975e-01 -1.504998654127120972e-01 1.851781904697418213e-01 3.650295436382293701e-01 8.998956084251403809e-01
-8.425610661506652832e-01 5.492898225784301758e-01 3.028579615056514740e-02 -1.741810739040374756e-01 1.895975768566131592e-01 3.583729863166809082e-01 8.973753452301025391e-01
-7.664627432823181152e-01 5.507706403732299805e-01 -2.920989878475666046e-02 -1.788416206836700439e-01 1.876739710569381714e-01 3.457182049751281738e-01 9.018164873123168945e-01
-5.796283483505249023e-01 5.537933111190795898e-01 -1.682365387678146362e-01 -2.077643871307373047e-01 1.618789136409759521e-01 2.982981503009796143e-01 9.174133539199829102e-01
-2.866362631320953369e-01 5.574215650558471680e-01 -3.638402819633483887e-01 -2.736052870750427246e-01 1.472012400627136230e-01 2.759563922882080078e-01 9.095713496208190918e-01
-1.102535203099250793e-01 5.590997934341430664e-01 -4.660018682479858398e-01 -2.507480680942535400e-01 1.426198482513427734e-01 3.075985610485076904e-01 9.067349433898925781e-01
-6.223975867033004761e-02 5.594951510429382324e-01 -4.914386570453643799e-01 -2.836408913135528564e-01 1.420773863792419434e-01 2.865439057350158691e-01 9.040213227272033691e-01
1.413757260888814926e-02 5.600665211677551270e-01 -5.295416116714477539e-01 -3.049024343490600586e-01 1.486075222492218018e-01 2.719654440879821777e-01 9.005471467971801758e-01
3.059005737304687500e-02 5.601793527603149414e-01 -5.373372435569763184e-01 -3.432258367538452148e-01 1.417148858308792114e-01 2.152573317289352417e-01 9.032038450241088867e-01
6.637992709875106812e-02 5.604106783866882324e-01 -5.537396669387817383e-01 -3.318915665149688721e-01 1.428211182355880737e-01 2.311356365680694580e-01 9.033418893814086914e-01
2.884953916072845459e-01 5.616189241409301758e-01 -6.396051049232482910e-01 -3.584706783294677734e-01 4.556992650032043457e-02 1.701336503028869629e-01 9.167751669883728027e-01
3.919742405414581299e-01 5.621893405914306641e-01 -6.708965897560119629e-01 -2.769351005554199219e-01 4.993956908583641052e-02 2.010852992534637451e-01 9.382845163345336914e-01
6.258505582809448242e-01 5.639358162879943848e-01 -7.236513495445251465e-01 -2.958739995956420898e-01 6.230918318033218384e-02 1.629975736141204834e-01 9.391528367996215820e-01
1.043104887008666992e+00 5.702555179595947266e-01 -7.699187994003295898e-01 -3.178027570247650146e-01 5.766777321696281433e-02 1.438075304031372070e-01 9.354118108749389648e-01
1.387574315071105957e+00 5.797250270843505859e-01 -7.793549299240112305e-01 -3.354129791259765625e-01 4.832777753472328186e-02 1.184379458427429199e-01 9.333461523056030273e-01
1.788462758064270020e+00 5.943996310234069824e-01 -7.756029963493347168e-01 -3.463416695594787598e-01 2.790891565382480621e-02 3.088330384343862534e-03 9.376881122589111328e-01
2.006077766418457031e+00 6.034183502197265625e-01 -7.714561223983764648e-01 -3.833701610565185547e-01 -1.962585002183914185e-02 -1.680150441825389862e-02 9.232333302497863770e-01
2.217773675918579102e+00 6.126546859741210938e-01 -7.680495381355285645e-01 -3.301728367805480957e-01 1.745522022247314453e-02 1.463956385850906372e-02 9.436454772949218750e-01
2.522388935089111328e+00 6.264395117759704590e-01 -7.670218348503112793e-01 -3.180958330631256104e-01 1.489103399217128754e-02 2.408830076456069946e-02 9.476355314254760742e-01
2.938034534454345703e+00 6.457525491714477539e-01 -7.749380469322204590e-01 -3.171478509902954102e-01 2.834133803844451904e-02 5.481460690498352051e-02 9.463663697242736816e-01
3.206979036331176758e+00 6.584742665290832520e-01 -7.842747569084167480e-01 -3.540709614753723145e-01 -4.232723265886306763e-02 1.320865098387002945e-02 9.341669082641601562e-01
3.428474903106689453e+00 6.690542697906494141e-01 -7.938761115074157715e-01 -3.691328465938568115e-01 -5.311264842748641968e-02 -6.208350881934165955e-03 9.278368949890136719e-01
3.599729537963867188e+00 6.772832274436950684e-01 -8.021317124366760254e-01 -4.101422727108001709e-01 -4.769694060087203979e-02 -3.863184154033660889e-02 9.099538326263427734e-01
3.802417278289794922e+00 6.833254694938659668e-01 -8.182402849197387695e-01 -4.748471975326538086e-01 -5.824321880936622620e-02 -8.465413004159927368e-02 8.740489482879638672e-01
3.859114885330200195e+00 6.730154752731323242e-01 -8.430120944976806641e-01 -4.632160663604736328e-01 -5.586487799882888794e-02 -6.241248548030853271e-02 8.822780847549438477e-01
4.036354064941406250e+00 6.196861267089843750e-01 -9.583340883255004883e-01 -4.749627113342285156e-01 -6.817075610160827637e-02 -6.792561709880828857e-02 8.747281432151794434e-01
4.278371810913085938e+00 5.690482258796691895e-01 -1.105582952499389648e+00 -4.591608047485351562e-01 -4.540773108601570129e-02 -4.043329507112503052e-02 8.862700462341308594e-01
4.457099437713623047e+00 5.628103017807006836e-01 -1.213686466217041016e+00 -4.500039219856262207e-01 -3.624758124351501465e-02 -2.938690036535263062e-02 8.918066024780273438e-01
4.475025653839111328e+00 5.627572536468505859e-01 -1.225062966346740723e+00 -3.982696533203125000e-01 3.628195263445377350e-04 1.433414500206708908e-02 9.171562790870666504e-01
4.508378505706787109e+00 5.627221465110778809e-01 -1.246429443359375000e+00 -3.773136436939239502e-01 -4.162192344665527344e-04 5.343521386384963989e-02 9.245425462722778320e-01
4.607642650604248047e+00 5.629280209541320801e-01 -1.311364531517028809e+00 -3.542806208133697510e-01 2.107333391904830933e-02 1.042964905500411987e-01 9.290658831596374512e-01
4.615116596221923828e+00 5.629575848579406738e-01 -1.316324949264526367e+00 -3.252143561840057373e-01 3.125173971056938171e-02 1.420021057128906250e-01 9.343951940536499023e-01
4.694152832031250000e+00 5.628463625907897949e-01 -1.369060754776000977e+00 -3.492931425571441650e-01 -2.197518385946750641e-02 6.516378372907638550e-02 9.344865679740905762e-01
4.822914123535156250e+00 5.594360232353210449e-01 -1.455147385597229004e+00 -4.079934954643249512e-01 -2.629399672150611877e-02 4.884608834981918335e-02 9.112980365753173828e-01
4.891563892364501953e+00 5.554019212722778320e-01 -1.500818014144897461e+00 -3.035702705383300781e-01 -6.993212737143039703e-03 6.718793511390686035e-02 9.504114985466003418e-01
4.977282047271728516e+00 5.477226376533508301e-01 -1.557398319244384766e+00 -3.203805983066558838e-01 -1.090603880584239960e-02 5.659821256995201111e-02 9.455336928367614746e-01
5.097706794738769531e+00 5.311620831489562988e-01 -1.635733246803283691e+00 -3.133536577224731445e-01 5.915552377700805664e-03 9.418366104364395142e-02 9.449359178543090820e-01
5.339444637298583984e+00 4.723290801048278809e-01 -1.787145853042602539e+00 -2.479619383811950684e-01 1.717236265540122986e-02 1.643726378679275513e-01 9.545688629150390625e-01
5.414680004119873047e+00 4.453314244747161865e-01 -1.832164168357849121e+00 -2.847962379455566406e-01 -2.528443187475204468e-02 1.390367001295089722e-01 9.481142163276672363e-01
5.613160133361816406e+00 3.466840982437133789e-01 -1.943943738937377930e+00 -3.162469863891601562e-01 -4.367722198367118835e-03 7.614716887474060059e-02 9.456057548522949219e-01
5.894970417022705078e+00 1.303817778825759888e-01 -2.085335016250610352e+00 -3.170599937438964844e-01 -4.560170695185661316e-03 7.520134001970291138e-02 9.454082250595092773e-01
6.222848892211914062e+00 -2.662262022495269775e-01 -2.232455015182495117e+00 -3.692245781421661377e-01 -1.449274271726608276e-02 3.777682408690452576e-02 9.284589886665344238e-01
6.352971553802490234e+00 -6.383171677589416504e-01 -2.302515745162963867e+00 -3.594147264957427979e-01 2.842863649129867554e-02 5.673213303089141846e-02 9.310179352760314941e-01
6.305296421051025391e+00 -8.928120136260986328e-01 -2.314340353012084961e+00 -3.679765462875366211e-01 -6.238878145813941956e-02 -1.701891608536243439e-02 9.275835156440734863e-01
6.278428077697753906e+00 -9.583030343055725098e-01 -2.315298795700073242e+00 -3.520148098468780518e-01 -2.772336080670356750e-02 5.910420790314674377e-02 9.337149262428283691e-01
6.231771945953369141e+00 -1.060000538825988770e+00 -2.318168401718139648e+00 -3.747799098491668701e-01 -2.458299882709980011e-02 3.055173531174659729e-02 9.262841343879699707e-01
6.197202682495117188e+00 -1.132008314132690430e+00 -2.322821617126464844e+00 -3.976646959781646729e-01 -4.989270120859146118e-02 1.972392946481704712e-02 9.159610271453857422e-01
6.256984233856201172e+00 -1.120824456214904785e+00 -2.377603292465209961e+00 -3.914588093757629395e-01 -3.214906156063079834e-02 5.934899300336837769e-02 9.177168011665344238e-01
6.257808208465576172e+00 -1.119780898094177246e+00 -2.377868175506591797e+00 -4.580579996109008789e-01 -7.631446421146392822e-02 3.181783482432365417e-03 8.856347203254699707e-01
6.307552814483642578e+00 -1.050470232963562012e+00 -2.392268419265747070e+00 -4.529958367347717285e-01 -8.000031858682632446e-02 1.337756775319576263e-02 8.878151774406433105e-01
6.320258617401123047e+00 -1.030725836753845215e+00 -2.395492553710937500e+00 -4.834984242916107178e-01 -8.880835771560668945e-02 -3.850255161523818970e-03 8.708199858665466309e-01
6.393716812133789062e+00 -8.952826261520385742e-01 -2.410322427749633789e+00 -4.943565428256988525e-01 -8.608768880367279053e-02 -1.276312395930290222e-02 8.648916482925415039e-01
6.435937881469726562e+00 -7.907176613807678223e-01 -2.414678096771240234e+00 -4.287219941616058350e-01 -3.809832781553268433e-02 7.737089693546295166e-02 8.993106484413146973e-01
6.480499744415283203e+00 -6.390920877456665039e-01 -2.412979125976562500e+00 -3.825373649597167969e-01 -3.440387174487113953e-02 9.722808748483657837e-02 9.181656241416931152e-01
6.521020889282226562e+00 -3.333345055580139160e-01 -2.385246515274047852e+00 -4.257665872573852539e-01 -4.043062403798103333e-02 9.230995923280715942e-02 8.992035388946533203e-01
6.476146697998046875e+00 -1.948066614568233490e-02 -2.313182592391967773e+00 -4.107123017311096191e-01 -4.436700791120529175e-02 1.039396971464157104e-01 9.047338962554931641e-01
6.293045520782470703e+00 2.897854447364807129e-01 -2.177944421768188477e+00 -4.208288192749023438e-01 -5.111011117696762085e-02 9.320011734962463379e-02 9.008910059928894043e-01
6.029286861419677734e+00 4.555273354053497314e-01 -2.044600009918212891e+00 -4.449277222156524658e-01 -8.376580476760864258e-02 9.090304374694824219e-04 8.916399478912353516e-01
5.782547950744628906e+00 5.485793352127075195e-01 -1.893622279167175293e+00 -3.911323547363281250e-01 -1.021576821804046631e-01 5.039296299219131470e-02 9.132578372955322266e-01
5.536340713500976562e+00 5.624978542327880859e-01 -1.704653143882751465e+00 -3.852528035640716553e-01 -9.361638873815536499e-02 6.079667434096336365e-02 9.160349369049072266e-01
5.176962375640869141e+00 5.625000000000000000e-01 -1.558998823165893555e+00 -4.860102832317352295e-01 -9.166452288627624512e-02 3.993555903434753418e-03 8.691235184669494629e-01
4.787492752075195312e+00 5.625196099281311035e-01 -1.387486696243286133e+00 -4.946117103099822998e-01 -9.906977415084838867e-02 -3.793256357312202454e-02 8.626155853271484375e-01
4.385555267333984375e+00 6.342468857765197754e-01 -1.087701320648193359e+00 -4.638308286666870117e-01 -5.942201986908912659e-02 -1.247092522680759430e-02 8.838407397270202637e-01
4.062927722930908203e+00 6.547495722770690918e-01 -6.835678815841674805e-01 -4.248074591159820557e-01 -3.552117943763732910e-02 2.387344464659690857e-02 9.042715430259704590e-01
3.767942667007446289e+00 6.343493461608886719e-01 -2.343588918447494507e-01 -3.929613530635833740e-01 -3.036409430205821991e-02 4.843783378601074219e-02 9.177761673927307129e-01
