6.119676589965820312e+00 -1.284569501876831055e+00 -1.807067513465881348e+00 -0.000000000000000000e+00 -0.000000000000000000e+00 6.132476925849914551e-01 7.898906469345092773e-01
6.097499847412109375e+00 -1.307665348052978516e+00 -2.095008373260498047e+00 4.698232561349868774e-02 -1.492768339812755585e-02 6.675612926483154297e-01 7.429209947586059570e-01
6.208364009857177734e+00 -1.220072031021118164e+00 -2.293949127197265625e+00 2.295936830341815948e-02 -2.397892624139785767e-02 6.618995666503906250e-01 7.488570809364318848e-01
6.279068946838378906e+00 -1.090357661247253418e+00 -2.370969772338867188e+00 3.682127594947814941e-02 -2.638727985322475433e-02 7.005540728569030762e-01 7.121601104736328125e-01
6.317738533020019531e+00 -9.430401921272277832e-01 -2.361534357070922852e+00 3.546227142214775085e-02 -2.584616094827651978e-02 6.997827887535095215e-01 7.130066752433776855e-01
6.311962127685546875e+00 -8.384697437286376953e-01 -2.347319841384887695e+00 8.886665850877761841e-02 -3.233103826642036438e-02 7.481675148010253906e-01 6.567363739013671875e-01
6.279575824737548828e+00 -6.524348258972167969e-01 -2.319129943847656250e+00 5.419996380805969238e-02 -2.085345983505249023e-02 7.171015739440917969e-01 6.945450305938720703e-01
6.234544754028320312e+00 -4.774891138076782227e-01 -2.290708065032958984e+00 -1.232378184795379639e-03 -1.939106918871402740e-02 6.576532125473022461e-01 7.530702352523803711e-01
6.234269142150878906e+00 -4.765111505985260010e-01 -2.290545701980590820e+00 -1.028483919799327850e-02 -1.989572495222091675e-02 6.554555892944335938e-01 7.549015283584594727e-01
6.226044654846191406e+00 -4.476966261863708496e-01 -2.285749673843383789e+00 3.858124837279319763e-04 -1.623983867466449738e-02 6.586765050888061523e-01 7.522508502006530762e-01
6.183600425720214844e+00 -3.066056668758392334e-01 -2.261895895004272461e+00 -7.342897355556488037e-02 -2.192474529147148132e-02 6.547698378562927246e-01 7.519335150718688965e-01
6.122676849365234375e+00 -1.192342340946197510e-01 -2.229308843612670898e+00 -5.393005907535552979e-02 -1.491400413215160370e-02 6.570716500282287598e-01 7.517486214637756348e-01
6.072477817535400391e+00 2.539630793035030365e-02 -2.203363180160522461e+00 -1.132399514317512512e-01 -4.830360412597656250e-04 6.019656658172607422e-01 7.904517054557800293e-01
6.016974449157714844e+00 1.759820133447647095e-01 -2.175360918045043945e+00 -1.168742850422859192e-01 1.517225056886672974e-03 6.014750003814697266e-01 7.902948856353759766e-01
5.923314094543457031e+00 4.014300405979156494e-01 -2.129543066024780273e+00 -9.878841042518615723e-02 -4.885680973529815674e-04 6.100938320159912109e-01 7.861464619636535645e-01
5.878313541412353516e+00 4.869154393672943115e-01 -2.107447147369384766e+00 -1.735017299652099609e-01 -5.768738687038421631e-03 5.595675706863403320e-01 8.103998303413391113e-01
5.818742752075195312e+00 5.606591701507568359e-01 -2.073209762573242188e+00 -1.664178669452667236e-01 -9.421378374099731445e-03 5.629207491874694824e-01 8.095286488533020020e-01
5.699535846710205078e+00 5.938198566436767578e-01 -1.965445876121520996e+00 -2.326812744140625000e-01 -1.392297446727752686e-02 4.634434282779693604e-01 8.549185395240783691e-01
5.470448017120361328e+00 5.944170355796813965e-01 -1.743125557899475098e+00 -2.497224062681198120e-01 -3.633403033018112183e-02 4.256588816642761230e-01 8.689839243888854980e-01
5.357386589050292969e+00 5.926486253738403320e-01 -1.661200404167175293e+00 -2.064194977283477783e-01 -4.403522238135337830e-02 4.612799882888793945e-01 8.617845773696899414e-01
5.110793113708496094e+00 5.897149443626403809e-01 -1.524743437767028809e+00 -2.599133253097534180e-01 -4.300262033939361572e-02 4.185706377029418945e-01 8.691343069076538086e-01
4.834635734558105469e+00 5.875991582870483398e-01 -1.408112168312072754e+00 -2.696263492107391357e-01 -3.647369891405105591e-02 3.979848325252532959e-01 8.761160969734191895e-01
4.488637447357177734e+00 5.858290195465087891e-01 -1.289314508438110352e+00 -2.346457540988922119e-01 -3.675263375043869019e-02 4.723629057407379150e-01 8.488014340400695801e-01
3.975603818893432617e+00 5.842582583427429199e-01 -1.145917534828186035e+00 -2.745009064674377441e-01 -4.044289886951446533e-02 4.618925452232360840e-01 8.424186110496520996e-01
3.626443386077880859e+00 5.834318399429321289e-01 -1.062030673027038574e+00 -2.964301407337188721e-01 -3.346604108810424805e-02 4.545939564704895020e-01 8.392577767372131348e-01
3.400926113128662109e+00 5.827468633651733398e-01 -1.011521100997924805e+00 -2.946615219116210938e-01 -3.144009411334991455e-02 4.554833769798278809e-01 8.394765853881835938e-01
3.168666839599609375e+00 5.817492604255676270e-01 -9.618207216262817383e-01 -3.664873540401458740e-01 -2.827324718236923218e-02 3.826921284198760986e-01 8.476051092147827148e-01
2.743813514709472656e+00 5.782992243766784668e-01 -8.757987022399902344e-01 -4.165410995483398438e-01 -4.388168454170227051e-02 2.976304292678833008e-01 8.578951358795166016e-01
2.196546554565429688e+00 5.590311884880065918e-01 -7.776208519935607910e-01 -4.942907094955444336e-01 -6.528256088495254517e-02 2.443985193967819214e-01 8.316755294799804688e-01
1.818347930908203125e+00 5.043487548828125000e-01 -7.407322525978088379e-01 -4.522629380226135254e-01 -4.460270702838897705e-02 3.256123065948486328e-01 8.291232585906982422e-01
1.392726421356201172e+00 4.023011624813079834e-01 -7.293413281440734863e-01 -4.731419980525970459e-01 -3.363475203514099121e-02 2.515753507614135742e-01 8.436321020126342773e-01
8.061814904212951660e-01 2.224463969469070435e-01 -7.421782612800598145e-01 -4.421766996383666992e-01 -6.256330013275146484e-02 2.899292409420013428e-01 8.464671373367309570e-01
2.797812521457672119e-01 3.997898101806640625e-02 -7.685834169387817383e-01 -3.948229551315307617e-01 -5.058829486370086670e-02 3.123030662536621094e-01 8.625673651695251465e-01
-7.793815433979034424e-02 -9.499888867139816284e-02 -7.941396832466125488e-01 -3.596416115760803223e-01 -5.232972651720046997e-02 3.596364557743072510e-01 8.594074249267578125e-01
-3.546272814273834229e-01 -2.141610085964202881e-01 -8.285744190216064453e-01 -4.167608618736267090e-01 -1.878588646650314331e-02 3.088094294071197510e-01 8.547480106353759766e-01
-5.458246469497680664e-01 -3.054369986057281494e-01 -8.686567544937133789e-01 -3.717529177665710449e-01 -3.074690699577331543e-03 3.777802288532257080e-01 8.479813933372497559e-01
-5.605736374855041504e-01 -2.984723448753356934e-01 -8.972179889678955078e-01 -3.741020560264587402e-01 -2.237409353256225586e-05 3.587602376937866211e-01 8.551834225654602051e-01
-4.630791246891021729e-01 -2.366761118173599243e-01 -8.944556117057800293e-01 -3.455809056758880615e-01 1.521345227956771851e-02 3.835342228412628174e-01 8.562965989112854004e-01
-4.513831138610839844e-01 -2.294714152812957764e-01 -8.938047885894775391e-01 -3.536393940448760986e-01 1.500210911035537720e-02 3.749602138996124268e-01 8.568074107170104980e-01
-2.725405097007751465e-01 -1.225382238626480103e-01 -8.812089562416076660e-01 -3.843948841094970703e-01 2.024170756340026855e-02 3.498562276363372803e-01 8.540675640106201172e-01
-4.451675340533256531e-02 6.581649649888277054e-03 -8.621231913566589355e-01 -3.071321845054626465e-01 -1.204989105463027954e-02 3.949050009250640869e-01 8.657796978950500488e-01
1.697895824909210205e-01 1.205032318830490112e-01 -8.432053923606872559e-01 -3.453826606273651123e-01 1.908794045448303223e-03 3.939687311649322510e-01 8.517605066299438477e-01
3.289439380168914795e-01 1.996211558580398560e-01 -8.290594816207885742e-01 -3.972682952880859375e-01 -3.792418539524078369e-02 3.550234436988830566e-01 8.453981876373291016e-01
3.632416427135467529e-01 2.159395515918731689e-01 -8.260291814804077148e-01 -3.795639276504516602e-01 -2.633658796548843384e-02 3.852394521236419678e-01 8.407307863235473633e-01
4.928303360939025879e-01 2.747595012187957764e-01 -8.147137165069580078e-01 -4.454666674137115479e-01 1.688583195209503174e-02 3.253925144672393799e-01 8.339028358459472656e-01
6.890230178833007812e-01 3.548417687416076660e-01 -7.982357740402221680e-01 -4.405779242515563965e-01 1.838205754756927490e-02 3.289516270160675049e-01 8.350712656974792480e-01
1.057895302772521973e+00 4.748251140117645264e-01 -7.710293531417846680e-01 -4.843093156814575195e-01 1.661941409111022949e-02 3.121803998947143555e-01 8.171362876892089844e-01
1.528893351554870605e+00 5.709768533706665039e-01 -7.477304935455322266e-01 -4.906998872756958008e-01 2.026230096817016602e-02 2.990903258323669434e-01 8.181368708610534668e-01
1.940098881721496582e+00 6.122649908065795898e-01 -7.410976886749267578e-01 -4.757587611675262451e-01 2.511290460824966431e-02 3.199245631694793701e-01 8.189451694488525391e-01
2.532144308090209961e+00 6.324328184127807617e-01 -7.645970582962036133e-01 -3.938441574573516846e-01 -1.074793934822082520e-02 3.890708684921264648e-01 8.327035307884216309e-01
2.937090635299682617e+00 6.360866427421569824e-01 -8.310926556587219238e-01 -3.614395260810852051e-01 2.112701535224914551e-03 4.706653058528900146e-01 8.048796057701110840e-01
3.218230247497558594e+00 6.377121806144714355e-01 -9.167601466178894043e-01 -3.566624522209167480e-01 -1.101687550544738770e-03 4.799816608428955078e-01 8.015037178993225098e-01
3.413413524627685547e+00 6.388688683509826660e-01 -9.872216582298278809e-01 -3.726679980754852295e-01 -2.682298421859741211e-03 4.526111185550689697e-01 8.100953698158264160e-01
3.428811550140380859e+00 6.389689445495605469e-01 -9.929348826408386230e-01 -4.285266399383544922e-01 9.788453578948974609e-03 4.098348319530487061e-01 8.051735162734985352e-01
3.535448789596557617e+00 6.397074460983276367e-01 -1.032741665840148926e+00 -4.775120615959167480e-01 4.463501274585723877e-02 3.537722527980804443e-01 8.030161857604980469e-01
3.666683197021484375e+00 6.405519247055053711e-01 -1.082349658012390137e+00 -4.897313416004180908e-01 5.793125927448272705e-02 3.320525586605072021e-01 8.040822148323059082e-01
3.767459630966186523e+00 6.410381197929382324e-01 -1.120928525924682617e+00 -5.070098042488098145e-01 6.768698245286941528e-02 2.922180294990539551e-01 8.080644607543945312e-01
3.975970745086669922e+00 6.412962079048156738e-01 -1.202113389968872070e+00 -4.902346730232238770e-01 5.110582709312438965e-02 3.293860256671905518e-01 8.053340911865234375e-01
4.296155452728271484e+00 6.382816433906555176e-01 -1.331291437149047852e+00 -4.640096426010131836e-01 6.572540104389190674e-02 3.498322367668151855e-01 8.111674785614013672e-01
4.602372169494628906e+00 6.268759965896606445e-01 -1.464047789573669434e+00 -4.835363924503326416e-01 4.207691550254821777e-02 3.057777285575866699e-01 8.190983533859252930e-01
4.751801013946533203e+00 6.133884787559509277e-01 -1.536850452423095703e+00 -5.060902833938598633e-01 3.624647110700607300e-02 2.802223861217498779e-01 8.148829936981201172e-01
4.875566005706787109e+00 5.956132411956787109e-01 -1.604416131973266602e+00 -4.474082291126251221e-01 2.185659110546112061e-02 3.545615375041961670e-01 8.207523226737976074e-01
5.101461410522460938e+00 5.542919635772705078e-01 -1.744259476661682129e+00 -4.550229907035827637e-01 1.865226030349731445e-02 3.502430915832519531e-01 8.184961080551147461e-01
5.390366077423095703e+00 5.393379330635070801e-01 -1.899769663810729980e+00 -4.135618507862091064e-01 2.968406677246093750e-02 4.139434695243835449e-01 8.103926181793212891e-01
5.659513473510742188e+00 5.243327021598815918e-01 -2.023751735687255859e+00 -4.471866786479949951e-01 4.904465377330780029e-02 3.752216696739196777e-01 8.104488253593444824e-01
5.784025192260742188e+00 4.537251889705657959e-01 -2.067742347717285156e+00 -4.109244942665100098e-01 -3.054648637771606445e-03 4.557494521141052246e-01 7.895721197128295898e-01
5.962890625000000000e+00 1.927530616521835327e-01 -2.108376979827880859e+00 -3.891896903514862061e-01 -1.277299225330352783e-02 4.743171930313110352e-01 7.895514369010925293e-01
6.149619102478027344e+00 -1.678770482540130615e-01 -2.129552841186523438e+00 -4.070965349674224854e-01 -4.140742123126983643e-02 4.585877656936645508e-01 7.888314723968505859e-01
6.258244991302490234e+00 -4.469641745090484619e-01 -2.097358942031860352e+00 -3.832886517047882080e-01 -3.899447619915008545e-02 5.310564637184143066e-01 7.546842098236083984e-01
6.269560337066650391e+00 -5.925465822219848633e-01 -2.043252468109130859e+00 -3.917638957500457764e-01 -2.993497252464294434e-02 5.225667357444763184e-01 7.566695809364318848e-01
6.228263378143310547e+00 -8.408234715461730957e-01 -1.949508309364318848e+00 -3.736260235309600830e-01 -4.245169460773468018e-02 5.284584164619445801e-01 7.611394524574279785e-01
6.191215038299560547e+00 -1.000442028045654297e+00 -1.896736741065979004e+00 -4.007190465927124023e-01 -5.045062303543090820e-02 5.062363147735595703e-01 7.619736194610595703e-01
6.119686603546142578e+00 -1.284530401229858398e+00 -1.807079911231994629e+00 -3.628627359867095947e-01 -9.308919310569763184e-03 5.317308902740478516e-01 7.651838064193725586e-01
