9.745584821055000013e-01 -2.927972921802854245e+01 -7.042333089379074984e+00
9.644186752602250667e-01 -2.373658611208296776e+01 -7.536291022156181185e+00
8.576038752754361338e-01 -1.857439254420517827e+01 -7.993489390589883392e+00
6.576724247089784647e-01 -1.379295029539503226e+01 -8.425237029241735343e+00
3.741770074416882474e-01 -9.391181527268454232e+00 -8.836034495732940641e+00
2.179663000888509838e-02 -5.366967594007836517e+00 -9.225090492512052265e+00
-3.805544235204248449e-01 -1.717037400851591400e+00 -9.587752470837621388e+00
-8.106689418600895314e-01 1.563050607468301045e+00 -9.916807665048182230e+00
-1.244051143619238964e+00 4.478805431435842976e+00 -1.020362273340825254e+01
-1.654979888695756740e+00 7.036568106321777982e+00 -1.043910445191739100e+01
-2.017617853689420038e+00 9.243147606513831605e+00 -1.061448052863492464e+01
-2.308824062813419786e+00 1.110393275752401898e+01 -1.072302067438046969e+01
-2.514845488662412976e+00 1.261797028801336928e+01 -1.076518164617850815e+01
-2.627740829999699379e+00 1.378174863342037426e+01 -1.074726120651891925e+01
-2.643682619594983407e+00 1.459077090406764832e+01 -1.067937153768878744e+01
-2.562715921124843366e+00 1.503980847285652267e+01 -1.057416225654538344e+01
-2.388533236900735268e+00 1.512313808030802420e+01 -1.044559154834679049e+01
-2.128298880480710586e+00 1.483473616508058335e+01 -1.030772055828742140e+01
-1.792548058407407829e+00 1.416841942880433614e+01 -1.017351147188069937e+01
-1.395178476449797866e+00 1.311793624871401676e+01 -1.005361401941547150e+01
-9.535448161569762826e-01 1.167702954885005084e+01 -9.955127956345375395e+00
-4.899338229217442553e-01 9.840540565246925553e+00 -9.879238918970212779e+00
-3.373267250195316480e-02 7.607927423817200996e+00 -9.818715158223744410e+00
3.867266383962186804e-01 4.980886258518594900e+00 -9.764507501027203773e+00
7.482766338395604455e-01 1.962466201150342204e+00 -9.708048508049849090e+00
1.035459608240236529e+00 -1.443133763855717344e+00 -9.641865246945901191e+00
1.219848346058434396e+00 -4.546226265435766578e+00 -9.574450620197676898e+00
1.309249496801925261e+00 -6.656360534228034531e+00 -9.521069475555805184e+00
1.344392968278960598e+00 -7.768681736414065675e+00 -9.487772266374323138e+00
1.353375217315558654e+00 -7.879492487293583203e+00 -9.482098609569543868e+00
1.344929907980689343e+00 -6.985810628188775517e+00 -9.511234457269509335e+00
1.301409822657722426e+00 -5.086249803029366134e+00 -9.579482122058086802e+00
1.177196272961210877e+00 -2.184581417555516047e+00 -9.686001878309625113e+00
9.097665737915099360e-01 1.712446993902888792e+00 -9.828495716024802320e+00
4.291484944857844042e-01 6.595346571115273449e+00 -1.000528044737457734e+01
-3.336141853784710953e-01 1.245173315526529834e+01 -1.021675201647765263e+01
-1.296200807953112433e+00 1.799087801547031518e+01 -1.042279361894307854e+01
-2.266247094688703889e+00 2.193298597855290666e+01 -1.058501282052387360e+01
-3.133361550925423344e+00 2.428478622313841129e+01 -1.070910196692294569e+01
-3.786347855557266051e+00 2.505809163734693001e+01 -1.079866811280363592e+01
-4.126044378798242818e+00 2.426739208671688885e+01 -1.085173203342747428e+01
-4.083231571651228187e+00 2.192605472954345203e+01 -1.085468707608912098e+01
-3.640043379491479048e+00 1.804254063180711398e+01 -1.077389875415407694e+01
-2.802980894948318369e+00 1.262170248355763214e+01 -1.056075354706980463e+01
-1.587256605463155168e+00 5.667377900238799171e+00 -1.015479311297445442e+01
-7.567188916136946553e-03 -2.814996180942100690e+00 -9.485713557889855707e+00
1.595329091487924567e+00 -1.120958707481331551e+01 -8.624804615738137059e+00
2.884748461189232227e+00 -1.790512296867728992e+01 -7.720132184796120178e+00
3.867757365214517851e+00 -2.289973947057115211e+01 -6.821429338085022387e+00
4.556411884177127725e+00 -2.619284841370593142e+01 -5.990857534604451473e+00
4.957797327406977317e+00 -2.778742982406505391e+01 -5.300029188067391317e+00
5.059767703502949132e+00 -2.769289237655831215e+01 -4.826741806843879878e+00
4.810509359772543903e+00 -2.592915382894450360e+01 -4.651176382025694167e+00
4.136038890841193805e+00 -2.252406606822273716e+01 -4.848406883237309728e+00
2.954724450586010853e+00 -1.750999487611601424e+01 -5.482872060333653152e+00
1.187900040053996076e+00 -1.092001340359462702e+01 -6.604549788216820261e+00
-8.492130897288512337e-01 -4.038296487818650249e+00 -7.993640775632487205e+00
-2.761013199229504611e+00 1.886667703708301946e+00 -9.369436868156940434e+00
-4.489617410255239527e+00 6.882023762003838030e+00 -1.068197269389879622e+01
-5.971905348019033610e+00 1.097894649558913827e+01 -1.188787352460447622e+01
-7.145101207051877346e+00 1.420982352455717646e+01 -1.295137569774789910e+01
-7.957151275010543756e+00 1.660178397224418845e+01 -1.384575616516040242e+01
-8.389882612167525622e+00 1.816228701952894653e+01 -1.455757239448898943e+01
-8.450083609996131173e+00 1.888572443253759303e+01 -1.508434996306328912e+01
-8.160725286974095383e+00 1.875872825493791751e+01 -1.543161154811597058e+01
-7.555750787901510890e+00 1.776308000781528307e+01 -1.561079239238633143e+01
-6.851933943978994357e+00 1.630881541453092609e+01 -1.569949252362145131e+01
-6.251926266721552494e+00 1.481321467058361918e+01 -1.577033511730769533e+01
-5.771346604094955701e+00 1.326780451990943455e+01 -1.582939772263297229e+01
-5.422628232212126420e+00 1.166475303205189107e+01 -1.588071332531986535e+01
-5.214690879268610857e+00 9.996263956947309737e+00 -1.592542255061452749e+01
-5.149486379024498461e+00 8.256500687108182746e+00 -1.596052762784058743e+01
-5.214225775970298571e+00 6.448777062715962849e+00 -1.597872381435500699e+01
-5.393914770966522276e+00 4.577949321760291568e+00 -1.597218099589432860e+01
-5.675099179176669395e+00 2.648265057478736750e+00 -1.593372621319734606e+01
-6.046062386310923742e+00 6.637217835212450012e-01 -1.585727070737041799e+01
-6.381565055779358175e+00 -1.344440448470137106e+00 -1.589179235600202844e+01
-6.561532221293405520e+00 -3.344582673167597608e+00 -1.619026635116880186e+01
-6.585493387037833379e+00 -5.331896209075229542e+00 -1.675537891912764721e+01
-6.455237103453386638e+00 -7.301172162516133213e+00 -1.759182019758254256e+01
-6.174159876491817300e+00 -9.246657680915062016e+00 -1.870589239974088613e+01
-5.746534909388788748e+00 -1.116346094245415799e+01 -2.010425465895710317e+01
-5.175996024042115451e+00 -1.305245539240800667e+01 -2.179030095829737945e+01
-4.464183076379493187e+00 -1.491604624608951468e+01 -2.376547523930258521e+01
-3.610702389492489672e+00 -1.675668770441924948e+01 -2.603004328252720612e+01
-2.613246784592104355e+00 -1.857691821321276393e+01 -2.858317098231723818e+01
-1.558477068751303207e+00 -2.025685688640269078e+01 -3.080941809616944127e+01
-5.304344696892915323e-01 -2.167557000460471173e+01 -3.209247909177279467e+01
4.773297090676340559e-01 -2.283379277918509587e+01 -3.242919058502528173e+01
1.469559147962412382e+00 -2.373108413036002418e+01 -3.181626700504694583e+01
2.449070348835032718e+00 -2.436487012247992467e+01 -3.025056665754152974e+01
3.415599627539023686e+00 -2.473019366716302869e+01 -2.772885609455339306e+01
4.363538268043159363e+00 -2.482027113495590953e+01 -2.424673147651034810e+01
5.286368423284192097e+00 -2.462174175263465159e+01 -1.980095126371259084e+01
6.178870997390209396e+00 -2.411153756128481973e+01 -1.439072990474744529e+01
7.038152303639207297e+00 -2.325453179313958785e+01 -8.018622914509949240e+00
7.813575524203754341e+00 -2.212154864948413291e+01 -1.701965947144528535e+00
8.456291784396904987e+00 -2.081072350756675249e+01 3.541627815435127502e+00
8.965464321040714779e+00 -1.932432584251387908e+01 7.704388849763692093e+00
9.335020977435631195e+00 -1.767644703859662059e+01 1.077664656550237510e+01
9.552171917792621869e+00 -1.589645984337036921e+01 1.274755970012620310e+01
9.592262024837001633e+00 -1.403731275547734647e+01 1.360454245654509187e+01
9.408831956177234446e+00 -1.219262765497472500e+01 1.333275741410084336e+01
8.954798133833635987e+00 -1.047747333916628421e+01 1.192777172360167981e+01
8.194669059145089918e+00 -9.009817055578071887e+00 9.397374314389686845e+00
7.110445936073726436e+00 -7.895154751677004867e+00 5.758045070497949780e+00
5.844823381624125069e+00 -7.096008729207913923e+00 1.956222773900429868e+00
4.566238085236390631e+00 -6.462024170739303131e+00 -1.076182621323010347e+00
3.307023617086817247e+00 -5.909337364945830728e+00 -3.344727945910838329e+00
2.091472079671341078e+00 -5.360094190779256529e+00 -4.857690316357306415e+00
9.330774544561333261e-01 -4.752181661890045206e+00 -5.623029911668589342e+00
-1.681179475484606556e-01 -4.051528595540642819e+00 -5.643306517239804698e+00
-1.229524740813043415e+00 -3.269377292635117893e+00 -4.908532840023847044e+00
-2.284244270506891716e+00 -2.453002241487042934e+00 -3.404818155502970178e+00
-3.374949512285756015e+00 -1.670622567592847663e+00 -1.120725775166056870e+00
-4.547154782189625877e+00 -9.977370569068974016e-01 1.949655123314134819e+00
-5.700132189176141395e+00 -5.552161040662777491e-01 5.024144805942222902e+00
-6.669632758280727103e+00 -3.711016600450798286e-01 7.322744611119606617e+00
-7.401886415939937791e+00 -3.758734285972065159e-01 8.855008608283155169e+00
-7.846131085727435561e+00 -5.041460849595087446e-01 9.636297644287193265e+00
-7.961549100526939426e+00 -7.041323230776828090e-01 9.684640772952400667e+00
-7.728014520288639666e+00 -9.484636100224057564e-01 9.012894595993600433e+00
-7.160464220955795156e+00 -1.244887006501652182e+00 7.615055258852299502e+00
-6.292360552187743927e+00 -1.623774186714945555e+00 5.476961859251270326e+00
-5.163690260523189579e+00 -2.128792649658955316e+00 2.583572673058155189e+00
-3.812646446530150612e+00 -2.809557795873576680e+00 -1.077351836998787782e+00
-2.386423660924464230e+00 -3.676889880575308300e+00 -4.861890248797467784e+00
-9.911998712888678842e-01 -4.689700145629769779e+00 -8.118876981170325635e+00
4.074327446126666530e-01 -5.809488582894061004e+00 -1.084643341275750927e+01
1.844936923572251253e+00 -6.990880038117858852e+00 -1.304392142010061129e+01
3.351545272355814564e+00 -8.189863510776747901e+00 -1.471149917566490473e+01
4.943222268451615165e+00 -9.377214067748893100e+00 -1.584650977338147015e+01
6.607115758438526498e+00 -1.055920396383091209e+01 -1.643726335914705317e+01
8.311820269945233264e+00 -1.175948618086266428e+01 -1.647166123541502358e+01
1.001625102974450776e+01 -1.300710414038106677e+01 -1.594125336292842299e+01
1.167639822133564209e+01 -1.432961473340863812e+01 -1.484245519577707562e+01
1.307441617603801376e+01 -1.564916785447816494e+01 -1.343250489972681017e+01
1.402969131826979776e+01 -1.685676434108357213e+01 -1.198181565894937251e+01
1.456538549914621328e+01 -1.792419340317539778e+01 -1.050741424516449740e+01
1.471514758137772105e+01 -1.882138079229070371e+01 -9.019681056518511042e+00
1.452053452165901248e+01 -1.952040305915268803e+01 -7.519827532379267154e+00
1.402291942718255058e+01 -2.000189024907648871e+01 -6.000039931927743098e+00
1.323995069927259038e+01 -2.026850988878473458e+01 -4.451104640485334052e+00
1.217228852077514745e+01 -2.033746531313408568e+01 -2.864173987039115410e+00
1.081016894901850200e+01 -2.023451101898525195e+01 -1.231046569991194772e+00
9.135989284950040812e+00 -1.999083259885857444e+01 4.548981907693852023e-01
7.381464381472999214e+00 -1.959662134289575519e+01 2.033157406007474854e+00
5.761503843635179756e+00 -1.903162277286258330e+01 3.322463219319128136e+00
4.227178507019659470e+00 -1.831347843791795427e+01 4.293299527215356903e+00
2.731567266412821660e+00 -1.745812002448588274e+01 4.913975478718101364e+00
1.234939796894585662e+00 -1.647680335685341646e+01 5.152358532916322176e+00
-2.848833460637251180e-01 -1.537123211532049716e+01 4.979763735650437617e+00
-1.815663668592960356e+00 -1.413005766817581943e+01 4.382100176431160676e+00
-3.330049144841050079e+00 -1.273518575231774008e+01 3.355170091967401458e+00
-4.793624645099606063e+00 -1.116370078768570373e+01 1.902579040956697831e+00
-6.167604533664708732e+00 -9.388654485579415621e+00 3.600087894091608121e-02
-7.398969051421512511e+00 -7.515080260566222137e+00 -1.980336032690945824e+00
-8.451288103615926417e+00 -5.654546489967932743e+00 -3.878152234335374704e+00
-9.315167065898251053e+00 -3.793170488496797610e+00 -5.632150581884920015e+00
-9.988618427281073409e+00 -1.924392386806778266e+00 -7.216043921042743392e+00
-1.047606088760127641e+01 -4.850749674533716416e-02 -8.603745007525340327e+00
-1.078592165306551998e+01 1.826741681411034435e+00 -9.772260808616373140e+00
-1.092477332523457889e+01 3.682564545065000861e+00 -1.070950751013848468e+01
-1.089938435403283279e+01 5.492853722379974712e+00 -1.141272701785130295e+01
-1.071803288574518120e+01 7.227487099686826788e+00 -1.188695006890466921e+01
-1.039066269178603896e+01 8.854690914267250079e+00 -1.214436940846460544e+01
-9.873228751207456355e+00 1.002493225423372003e+01 -1.215660398061743308e+01
-9.142302728794190259e+00 1.038437020747962514e+01 -1.192712713448875483e+01
-8.235708146766649307e+00 9.901628357500033673e+00 -1.151701252325807445e+01
-7.182893218624647247e+00 8.554901958394861339e+00 -1.097678622072312038e+01
-6.001468397911642327e+00 6.332128667210199069e+00 -1.033946964150225156e+01
-4.693427978830894354e+00 3.233745681799361282e+00 -9.612897215256424488e+00
-3.245233224903808278e+00 -7.215885320337234177e-01 -8.778016307102030069e+00
-1.635794414967094657e+00 -5.510906483969728598e+00 -7.803363819729955075e+00
1.587857126462770552e-01 -1.111138404984934525e+01 -6.652611551287265890e+00
2.161447637240393682e+00 -1.750138298396987935e+01 -5.289851062957331429e+00
4.019897313299797048e+00 -2.349819943343651119e+01 -3.922426015873891281e+00
5.358570100546909742e+00 -2.793356032275698553e+01 -2.793332193856389090e+00
6.154130454258613270e+00 -3.081498579905494140e+01 -1.937062263331432277e+00
6.377503770860411869e+00 -3.215469486086734463e+01 -1.398563687812849565e+00
6.000710992173841518e+00 -3.196526323944679859e+01 -1.223881771644812488e+00
5.006438125304178755e+00 -3.025442894909675928e+01 -1.446875378926666400e+00
3.400526147359783646e+00 -2.702091559132347243e+01 -2.071050203026961967e+00
1.201257497619321324e+00 -2.225645944572754686e+01 -3.083185711638804172e+00
-1.566372254161360722e+00 -1.594799970183008853e+01 -4.459811166416245420e+00
-4.873333106311283913e+00 -8.079543314240741125e+00 -6.169415212205718646e+00
-8.105483347588139154e+00 -1.848215785515305853e-02 -7.900489481882512877e+00
-1.067258309591193921e+01 6.853344691434545055e+00 -9.360089823857322244e+00
-1.258537566763766158e+01 1.252755250101030526e+01 -1.054716218266637995e+01
-1.386009640778599383e+01 1.699201771998806265e+01 -1.146910410866429331e+01
-1.451640407098646612e+01 2.023243370338506608e+01 -1.214010305571867576e+01
-1.457427479807060600e+01 2.223485638173197998e+01 -1.257869824795228730e+01
-1.404858938021538428e+01 2.299027814168557526e+01 -1.280338223787811280e+01
-1.295090859510979797e+01 2.249196951996331606e+01 -1.283313505654541764e+01
-1.129067183539652675e+01 2.073418923212562603e+01 -1.268876482774975756e+01
-9.075494445994154447e+00 1.771194455978994853e+01 -1.239386230773623332e+01
-6.735629173396182168e+00 1.439281561888873107e+01 -1.208805286537658930e+01
-4.691433868256447148e+00 1.175191067077133589e+01 -1.188580835509466382e+01
-2.935145143302770876e+00 9.795708014170354971e+00 -1.177400664218430926e+01
-1.459815844077160030e+00 8.530338736266244837e+00 -1.173684563349292098e+01
-2.592539014352192028e-01 7.961566921757277981e+00 -1.175524014519727167e+01
6.717987993469451968e-01 8.093984263571096349e+00 -1.180670681903778529e+01
1.337035089526440235e+00 8.928668137781786029e+00 -1.186672878094737804e+01
1.739010746764789950e+00 1.046502621779431230e+01 -1.190853022164342789e+01
1.879171580369000338e+00 1.270127808499321631e+01 -1.190430229009375651e+01
1.757717807158465817e+00 1.563435506296594291e+01 -1.182694254099385134e+01
1.527128242336062147e+00 1.834476878891783969e+01 -1.161228678460517827e+01
1.336489419956781610e+00 1.990970737492628473e+01 -1.125514439481541373e+01
1.181315805091472715e+00 2.032195239327521463e+01 -1.081942047088696413e+01
1.059183447107004516e+00 1.957679967569762169e+01 -1.036814640509837027e+01
9.698954428681288986e-01 1.767194831325554105e+01 -9.960753096264921780e+00
9.148148806147780032e-01 1.460756636864352309e+01 -9.649748053089739486e+00
8.945152783928911333e-01 1.038694947394728985e+01 -9.477745076296354654e+00
9.100384208284104659e-01 5.014580446320399787e+00 -9.480710587989326754e+00
9.625560496832838986e-01 -1.504653362896325230e+00 -9.689470576704097837e+00
1.052235003732505447e+00 -9.165701129816113735e+00 -1.013047631420484684e+01
1.180740634092834362e+00 -1.648460449782121273e+01 -1.072247986299265499e+01
1.343108194243418207e+00 -2.198226777030397727e+01 -1.131886587639381325e+01
1.527563895725933207e+00 -2.566180806943811987e+01 -1.185186348144610591e+01
1.723022219396998178e+00 -2.752725655762916901e+01 -1.226179230979888501e+01
1.920915022437236885e+00 -2.758326701887041210e+01 -1.249605049741063212e+01
2.118808713709990688e+00 -2.583514016150245496e+01 -1.250729297670844886e+01
2.326852675736079679e+00 -2.228935417011581421e+01 -1.225045295694851433e+01
2.562331221972351525e+00 -1.695268003850744520e+01 -1.168548168940312593e+01
2.847059403349304851e+00 -9.831616218971667820e+00 -1.077924364133687085e+01
3.206314632157808653e+00 -9.320027856774165675e-01 -9.506734831198130564e+00
3.595379984804970341e+00 7.978288179588529871e+00 -8.127206014975072890e+00
3.946011684912809958e+00 1.513931585899325505e+01 -6.944530227423419966e+00
4.246486739215684203e+00 2.055772661925470146e+01 -6.002157454671896986e+00
4.481237814591024105e+00 2.423963105309190880e+01 -5.335619616200032667e+00
4.632139589197863394e+00 2.619017781367587006e+01 -4.971502909858936725e+00
4.680623298879326377e+00 2.641350559247443996e+01 -4.923814581231273024e+00
4.611067167356484475e+00 2.491367849309829197e+01 -5.186304422534922409e+00
4.408902609622725066e+00 2.169451590579257427e+01 -5.746169404923870516e+00
4.059221198815041731e+00 1.676086589947372829e+01 -6.595811353470987015e+00
3.545921676868000638e+00 1.012030524983571134e+01 -7.742177845055877583e+00
2.969261372938080790e+00 3.172608332283667565e+00 -8.965292826722912167e+00
2.449742323833280722e+00 -2.683730456941147757e+00 -1.004544306329577275e+01
2.000611605670309601e+00 -7.439725437797411800e+00 -1.100548924665224604e+01
1.636283135544146949e+00 -1.108669893315876109e+01 -1.186212776887882292e+01
1.373058988387389601e+00 -1.361723150816503214e+01 -1.261979181908809089e+01
1.228177464572373978e+00 -1.502987131214083405e+01 -1.326087886886446299e+01
1.214988912192296322e+00 -1.534221372943988548e+01 -1.372816383012767361e+01
1.344616933717192264e+00 -1.458412844129292907e+01 -1.393691933262448046e+01
1.624886356078953042e+00 -1.279409528097789561e+01 -1.378986122440550766e+01
2.058892660987225121e+00 -1.001693286470727173e+01 -1.318929516556712578e+01
2.576423200331504848e+00 -6.837878632993840355e+00 -1.225970319199949010e+01
3.099221788204987504e+00 -3.817198704470052828e+00 -1.119897082001018163e+01
3.615691429645161215e+00 -9.597924093312903970e-01 -1.003532484803283253e+01
4.116427384261164946e+00 1.736433233836119028e+00 -8.807745367503162726e+00
4.594710130134095571e+00 4.280512749997360977e+00 -7.564348821871815787e+00
5.047735965585435913e+00 6.689323321367579567e+00 -6.358170074495870239e+00
5.478771410407476949e+00 8.988371587475318947e+00 -5.231621990188980220e+00
5.890613178170300834e+00 1.120040073044791029e+01 -4.214779777983855169e+00
6.283573694252236663e+00 1.334270699106986235e+01 -3.327909224494874252e+00
6.655377379822740025e+00 1.542743566941830302e+01 -2.582399177687360492e+00
6.920098978662539757e+00 1.704299307113805284e+01 -2.160093382633903047e+00
6.988772721612266814e+00 1.776158566708386033e+01 -2.204471811134549597e+00
6.856330243322352302e+00 1.756457731172929826e+01 -2.653546082815424256e+00
6.524676575012984259e+00 1.643232063596089176e+01 -3.438556231042205091e+00
6.004986302369863083e+00 1.434721369831246918e+01 -4.491840252996553318e+00
5.320447533074476709e+00 1.129478155590586397e+01 -5.756525213303929966e+00
4.507730362445506067e+00 7.260738562313542310e+00 -7.195143608387134293e+00
3.607815726942737555e+00 2.233879511705241683e+00 -8.782904990833596770e+00
2.660363540046672526e+00 -3.792680829030947720e+00 -1.050603827887508501e+01
1.699410669652529737e+00 -1.082149446023334072e+01 -1.236191321378619534e+01
9.065309107504013753e-01 -1.749964633600691499e+01 -1.401051768041357803e+01
4.082511139926512378e-01 -2.245738616706768198e+01 -1.515532844043715599e+01
1.483382905894452541e-01 -2.567402374051922109e+01 -1.585325365127796715e+01
7.541209988877461967e-02 -2.713563717890116322e+01 -1.614259293064703371e+01
1.503631734937749265e-01 -2.683478114196583775e+01 -1.604329556712183091e+01
3.553452510607724157e-01 -2.477022401205366364e+01 -1.555731880774521159e+01
7.022149778700748080e-01 -2.094657093790830160e+01 -1.466912099221702803e+01
1.220328012659242845e+00 -1.537383436891539112e+01 -1.334635794151869348e+01
1.946841060686356650e+00 -8.067250465178284813e+00 -1.154054167361480587e+01
2.919012387420181653e+00 9.528573631730727911e-01 -9.187858648105049042e+00
4.018963023821804370e+00 1.005911899163006318e+01 -6.640557870122386852e+00
5.086772181047827246e+00 1.763996268775292720e+01 -4.302280243973630292e+00
6.083897737181009902e+00 2.369901533515364633e+01 -2.186836843446841705e+00
6.966303008005065855e+00 2.824515149176372475e+01 -3.227436857390646452e-01
7.691143963207863976e+00 3.129230329828627788e+01 1.247721944370343117e+00
8.226852504679216693e+00 3.285825519956183882e+01 2.467716828190010148e+00
8.570294761237642334e+00 3.296184104092095168e+01 3.261180952462732208e+00
8.737642653752061506e+00 3.162418137481475355e+01 3.544784923707191560e+00
8.757048194251492390e+00 2.886756367643864607e+01 3.237966338874955774e+00
8.663900152696072610e+00 2.471294444354288800e+01 2.270488583759886936e+00
8.516541018699921750e+00 2.020918379133422604e+01 9.621295105413105730e-01
8.348200136119270809e+00 1.638474119607491630e+01 -3.083197322461517231e-01
8.154360924832818824e+00 1.322573187360639047e+01 -1.510757923707091166e+00
7.925942955444144289e+00 1.071715010650186528e+01 -2.617750885096462810e+00
7.651329413177748506e+00 8.843978680620011801e+00 -3.607351119374857085e+00
7.318459107049571699e+00 7.593481337534458753e+00 -4.463732232130242394e+00
6.917672677439053786e+00 6.960532918726281437e+00 -5.174925233121426160e+00
6.443514122603282601e+00 6.945850180881797620e+00 -5.740718600771572255e+00
5.894082335174140042e+00 7.554018116631122659e+00 -6.171905127589964124e+00
5.269988224576902525e+00 8.792211087324918850e+00 -6.487032939639457041e+00
4.653610439335027493e+00 1.013050936545271341e+01 -6.788904344837420446e+00
4.126122537062973272e+00 1.103454607917992192e+01 -7.149221437425404169e+00
3.687731528683646953e+00 1.150687835716473018e+01 -7.541954395575327652e+00
3.339275934547395686e+00 1.155143649805571293e+01 -7.940423919822279686e+00
3.082630426983949512e+00 1.117362633046837317e+01 -8.319481724567340919e+00
2.921223667294480464e+00 1.037957891354238882e+01 -8.658329109662677325e+00
2.860524622754394564e+00 9.173854036553265701e+00 -8.944039999524120432e+00
2.906370291887653057e+00 7.560667129101959816e+00 -9.169993964378409856e+00
3.063908887621789923e+00 5.544048986100655441e+00 -9.335776117414233966e+00
3.336863267164748237e+00 3.127479051566259827e+00 -9.447788226276884416e+00
3.635147351155412210e+00 9.357957582027384147e-01 -9.494221235178766705e+00
3.866143352427759083e+00 -4.073353636359986485e-01 -9.464773821470858550e+00
4.029178689049112805e+00 -9.016767810763592905e-01 -9.363417577314304907e+00
4.125583148736531314e+00 -5.483335173923431505e-01 -9.179259229898201866e+00
4.159511717062709835e+00 6.497482318597589401e-01 -8.884900836349576281e+00
4.137272737888403995e+00 2.685205140519863587e+00 -8.435873281373289956e+00
4.062939287757651563e+00 5.541024266020652789e+00 -7.777141451991522736e+00
3.939176903567744414e+00 9.196203141984092611e+00 -6.851605464265913881e+00
3.766556339547840082e+00 1.362865229074140316e+01 -5.608503127983331282e+00
3.542534399418925339e+00 1.881758024903597715e+01 -4.011949065833151806e+00
3.354899009042925151e+00 2.357529191598035112e+01 -2.347215347301762733e+00
3.281521070657667405e+00 2.674288360779747720e+01 -1.008050196960749822e+00
3.306319512840544483e+00 2.834871277630495001e+01 -1.291617087361522920e-01
3.418793197076308576e+00 2.841934374511210137e+01 1.785697740437335312e-01
3.613591385940318812e+00 2.697124896848489684e+01 -1.562073586131118574e-01
3.891533832855438746e+00 2.400260588209983226e+01 -1.140132360692279967e+00
4.263902006415625223e+00 1.949165945569545499e+01 -2.683337815198139964e+00
4.744878777015544280e+00 1.340601051774488539e+01 -4.649077436483498360e+00
5.349432431683116995e+00 5.712253490203407225e+00 -6.881469476859204626e+00
6.093174412681234386e+00 -3.616276164184314190e+00 -9.222590199389969712e+00
6.846589282765409123e+00 -1.288684128210285706e+01 -1.115709989704310701e+01
7.465301582564557670e+00 -2.036415688890207321e+01 -1.234543675858187228e+01
7.939955884808743036e+00 -2.600217619722726070e+01 -1.292859096831096011e+01
8.258360883597323010e+00 -2.975944372560475770e+01 -1.306573976646572000e+01
8.407314532157311504e+00 -3.160288998324331189e+01 -1.291277925140836302e+01
8.376064925623134982e+00 -3.151191911005426860e+01 -1.259196663101701574e+01
8.161427069504822995e+00 -2.948603427193848248e+01 -1.214900925769997642e+01
7.765987498322246552e+00 -2.553185639110348504e+01 -1.157913529235585415e+01
7.195841556828242780e+00 -1.965834357030347235e+01 -1.084572619123001225e+01
6.458693635623325768e+00 -1.187622126982448734e+01 -9.890977804211994240e+00
5.718726811180156133e+00 -3.823090894875394330e+00 -8.860359783416949853e+00
5.134165226580845953e+00 2.866872137601964354e+00 -7.934456214577329192e+00
4.701700063442962652e+00 8.188997361327464475e+00 -7.116714777122475688e+00
4.416454557747441001e+00 1.214105239719322604e+01 -6.428646947866708317e+00
4.273486999862866398e+00 1.472277563854174076e+01 -5.902250981405771313e+00
4.269293770923788145e+00 1.593560451178051984e+01 -5.571086512957370118e+00
4.403208859542159459e+00 1.578292666075014594e+01 -5.458847018218456526e+00
4.677466766166461731e+00 1.426777511295702539e+01 -5.580042445628621728e+00
5.095909944243112832e+00 1.139218985586855126e+01 -5.942115690670796369e+00
5.662544081558618103e+00 7.157192637653088774e+00 -6.546636393021588063e+00
6.234277789460580088e+00 2.686620155414151778e+00 -7.219838513955357584e+00
6.661335137777586013e+00 -8.969211947950299635e-01 -7.785957505103441534e+00
6.936499271363604890e+00 -3.594661306497859421e+00 -8.242900227792404166e+00
7.052561896845521261e+00 -5.407319087570355620e+00 -8.591756741612389447e+00
7.003062796719669691e+00 -6.335105296098738847e+00 -8.835752040090092407e+00
6.784327661623161809e+00 -6.377548639078584714e+00 -8.978301074241144875e+00
6.400076035198908109e+00 -5.533006593627945335e+00 -9.019693804777697110e+00
5.857089731932305199e+00 -3.799388248275504587e+00 -8.959887795956241519e+00
5.162746082848698848e+00 -1.174549972657673136e+00 -8.799486507697595883e+00
4.323810752870204333e+00 2.343495180231491837e+00 -8.539739908528792611e+00
3.541009101599644104e+00 5.782899299870544851e+00 -8.270437467174671653e+00
3.011061618494677461e+00 8.170674718016934790e+00 -8.077334880340144352e+00
2.734293489127576748e+00 9.507046833361387783e+00 -7.956064929568242405e+00
2.712960256804037407e+00 9.792744185730276385e+00 -7.902056551043215471e+00
2.952403102804703749e+00 9.029274540346003519e+00 -7.910326858326548916e+00
3.461261794541711900e+00 7.218494397338380608e+00 -7.976314740307904216e+00
4.248697277454802190e+00 4.360395104031178803e+00 -8.098101702607108265e+00
5.324817895870842754e+00 4.545386878864288160e-01 -8.270839113207935966e+00
6.699360720559110582e+00 -4.499884099732847531e+00 -8.483239075265625928e+00
8.379600215845087519e+00 -1.050464975431258630e+01 -8.715196881507900173e+00
9.996395042967902711e+00 -1.622056947991808684e+01 -8.879205858225239112e+00
1.115927314608503629e+01 -2.031312261570847255e+01 -8.908404335635902171e+00
1.184150443333597735e+01 -2.279143060209603888e+01 -8.813397866113598766e+00
1.202027918062760747e+01 -2.366299057697111863e+01 -8.617798006174043124e+00
1.167957897032698433e+01 -2.293305978158215908e+01 -8.361516693233731701e+00
1.081537450483106966e+01 -2.060225647225171741e+01 -8.106294268828138527e+00
9.443357441032347310e+00 -1.666130376028243631e+01 -7.941604460513767449e+00
7.585201882921363215e+00 -1.110132298736722944e+01 -7.968602417834127039e+00
5.261424289544512689e+00 -3.917884496123499538e+00 -8.287503090783173931e+00
2.488264267008995390e+00 4.888905599451228490e+00 -8.987065091388272364e+00
-2.093537243818390792e-01 1.355779865443652277e+01 -9.962403786072808742e+00
-2.322227337745913278e+00 2.033574687903572098e+01 -1.097162490891142284e+01
-3.861268405145855009e+00 2.523657344874184716e+01 -1.188252941342277680e+01
-4.834066095072397928e+00 2.827862460265984978e+01 -1.257214002845323364e+01
-5.243338266571276662e+00 2.948204860121688853e+01 -1.293875577120855880e+01
-5.086410472270406657e+00 2.886216093926550386e+01 -1.292045166686573054e+01
-4.356123729283558177e+00 2.641724722136192227e+01 -1.252260144058658398e+01
-3.042253401433519855e+00 2.213750423644289000e+01 -1.179195698156965832e+01
-1.132879095553874116e+00 1.601019963983013739e+01 -1.079868353175938012e+01
1.384469790142758505e+00 8.022087053681602242e+00 -9.624897826851693594e+00
4.025481111899159359e+00 -2.404997613823295077e-01 -8.546653214310671487e+00
6.290584042288708488e+00 -7.185884681882397373e+00 -7.770122563529708870e+00
8.167394139526695795e+00 -1.281758696330562408e+01 -7.259593840301951317e+00
9.641940747079509322e+00 -1.713914619414215323e+01 -6.965895742212078190e+00
1.069967117212456031e+01 -2.015508969601529188e+01 -6.834627694579143764e+00
1.132765534801388263e+01 -2.186973088571068757e+01 -6.817590485465864880e+00
1.151911183896299917e+01 -2.228222304563688638e+01 -6.891180021168663572e+00
1.127161103989758750e+01 -2.139032507099172875e+01 -7.049810178683766360e+00
1.058609969128931283e+01 -1.919142148279060933e+01 -7.298851587730116997e+00
9.466702244891109785e+00 -1.568222860502191907e+01 -7.650094620721445082e+00
8.203432114789446672e+00 -1.174540876856150007e+01 -8.032239297704359515e+00
7.083977610878416264e+00 -8.263755780843471399e+00 -8.367843604335728713e+00
6.110300411399363973e+00 -5.233447204476297188e+00 -8.657854532820000060e+00
5.283221674702547332e+00 -2.650676609476332768e+00 -8.899504850416640522e+00
4.602515244096346159e+00 -5.118016418865789507e-01 -9.087868272276969250e+00
4.067023939329352800e+00 1.185413679311676738e+00 -9.217531177368327278e+00
3.674504111614288249e+00 2.438223648375343444e+00 -9.285843164642693992e+00
3.421489856989915701e+00 3.241992872852820451e+00 -9.294795003666939337e+00
3.304043435250038740e+00 3.591754204465046119e+00 -9.249403278966548569e+00
3.318648839178416132e+00 3.482732666445024439e+00 -9.155696333599314229e+00
3.371590798285503343e+00 3.261708897527947570e+00 -9.033852993034324541e+00
3.371377172696397473e+00 3.276586388760303947e+00 -8.899925897504246564e+00
3.317645127283610940e+00 3.524751610750676445e+00 -8.754758800465854307e+00
3.208268451035752200e+00 4.003590954625011022e+00 -8.601979693284299344e+00
3.038893354207973463e+00 4.710369133457531277e+00 -8.449031291217934836e+00
2.802776533950829041e+00 5.642738423362724909e+00 -8.307582698536290167e+00
2.492030810045188893e+00 6.800662174830117479e+00 -8.191542608748223486e+00
2.098307016759627164e+00 8.183930181776565504e+00 -8.117072436125774004e+00
1.613398193782469958e+00 9.791307102819091668e+00 -8.102245492633061374e+00
1.029971265618554011e+00 1.162052470598381149e+01 -8.166279066973768153e+00
4.480303869379027581e-01 1.333605809094070871e+01 -8.328265591649090638e+00
-1.740905383909963078e-02 1.460618402692263551e+01 -8.578737656353823127e+00
-3.492128899686166577e-01 1.543471667651503232e+01 -8.890859819225134686e+00
-5.301895380803633984e-01 1.582700388486500032e+01 -9.234155312851743957e+00
-5.443947771913180134e-01 1.578976295626727477e+01 -9.575954874213257639e+00
-3.797128642294809175e-01 1.533049951734471783e+01 -9.883034342589832377e+00
-3.245974195783007943e-02 1.445659759304932734e+01 -1.012348678256958756e+01
4.976126003687677546e-01 1.317595752697432943e+01 -1.026693634135715527e+01
1.209880937237240772e+00 1.149737836476891495e+01 -1.028514517355380775e+01
2.104006839296928000e+00 9.430672035030045919e+00 -1.015284500087181385e+01
3.060733870663042033e+00 7.163871800213928331e+00 -9.895696901957592218e+00
3.960358141566599155e+00 4.880447086343464136e+00 -9.556825178195953896e+00
4.804592097021311403e+00 2.584292577193778584e+00 -9.141388834725001189e+00
5.597634437372182248e+00 2.792741090296870787e-01 -8.656617119529490978e+00
6.346214027045229855e+00 -2.031010341702560673e+00 -8.111872677572698365e+00
7.059270815375779051e+00 -4.344763324609391297e+00 -7.518251401930193367e+00
7.745304750861675913e+00 -6.666149618261432153e+00 -6.885382690977632336e+00
8.410598079926588255e+00 -9.001065684764856911e+00 -6.219486975191736988e+00
9.059133109507016002e+00 -1.135548874092517124e+01 -5.523278453755483319e+00
9.692551180061407479e+00 -1.373523422866623100e+01 -4.795855153045698316e+00
1.028049226039828845e+01 -1.591287870794433879e+01 -4.090364630134467383e+00
1.078048318419457274e+01 -1.766386344560661570e+01 -3.464611923298461349e+00
1.117340113170700633e+01 -1.899802976674617838e+01 -2.920011928028739767e+00
1.143993747612773504e+01 -1.992515462987138264e+01 -2.456707751889759095e+00
1.156167378216435004e+01 -2.045491831989486542e+01 -2.075093165481892044e+00
1.152392949860775673e+01 -2.059554759599222251e+01 -1.780706007459217588e+00
1.132190347821472542e+01 -2.035033215548876839e+01 -1.595740004913276167e+00
1.095487226976238482e+01 -1.972227063594186092e+01 -1.548380353208640869e+00
1.042379561219553707e+01 -1.871505625031489117e+01 -1.667124782443915265e+00
9.730884428427064137e+00 -1.733230734631614922e+01 -1.978355700714665488e+00
8.963460306953022538e+00 -1.576451685010516890e+01 -2.435361794183553030e+00
8.211354229898439883e+00 -1.419613234739086671e+01 -2.977168493808028060e+00
7.481022553124975438e+00 -1.261952920795840427e+01 -3.602778724775963504e+00
6.778670590442898103e+00 -1.102465825888275042e+01 -4.307034702192402698e+00
6.110275023338607170e+00 -9.398603364967499374e+00 -5.080244006952018054e+00
5.479893667960963555e+00 -7.727588744173077728e+00 -5.906108714857487563e+00
4.884562434914435869e+00 -6.005612904377432670e+00 -6.759936552658289521e+00
4.318450232662896404e+00 -4.231322796014828747e+00 -7.619152363608701961e+00
3.774262957627980697e+00 -2.406794210245208010e+00 -8.466276881696730428e+00
3.243344226590755497e+00 -5.377946470691639114e-01 -9.289639108092881514e+00
2.763440539859677969e+00 1.215092496726188909e+00 -1.000403751706729949e+01
2.373310008709291985e+00 2.683734325214627070e+00 -1.054031377864055052e+01
2.066170443504905307e+00 3.847781185601321763e+00 -1.091925061592331758e+01
1.837149985443755185e+00 4.687415254267953912e+00 -1.116412664661862841e+01
1.683356967210926314e+00 5.184484893114179371e+00 -1.129756869149569987e+01
1.605745467616828570e+00 5.326688107929615335e+00 -1.133630546388482152e+01
1.614900434025220655e+00 5.118306300717998525e+00 -1.128253834652248067e+01
1.724504150161919380e+00 4.570039517178321020e+00 -1.112936861282115331e+01
1.949092381068299851e+00 3.695240240720080394e+00 -1.086439173017107507e+01
2.303918029858299299e+00 2.509591902890423665e+00 -1.047149875528036489e+01
2.705820631746491678e+00 1.233829557513856479e+00 -1.002630570014742162e+01
3.062823314570205735e+00 8.139157421318721219e-02 -9.613248494691850610e+00
3.376905070097214523e+00 -9.423853648302344954e-01 -9.230153203311356691e+00
3.649450037439686767e+00 -1.833382249639654127e+00 -8.877681910653681285e+00
3.881311384332118308e+00 -2.588585110570373438e+00 -8.558771484902941040e+00
4.071808742855959729e+00 -3.207134159229921178e+00 -8.278135237450040762e+00
4.215661917471596354e+00 -3.693577421302568276e+00 -8.041543450695497697e+00
4.306594420229451714e+00 -4.053912523297208637e+00 -7.854654632627340760e+00
4.338603222862053244e+00 -4.294289428107392226e+00 -7.722888233418724546e+00
4.306088639453712119e+00 -4.420943255018553231e+00 -7.651489278396607752e+00
4.249342063345141085e+00 -4.501686365547714175e+00 -7.604670756816657828e+00
4.211064865502354593e+00 -4.600483238006902731e+00 -7.542959802150906334e+00
4.189561085496747772e+00 -4.717839394562074240e+00 -7.465878231641328355e+00
4.183017648884786333e+00 -4.854292646400899969e+00 -7.372828141094789345e+00
4.189492374505610073e+00 -5.010416097364450039e+00 -7.263098615061064578e+00
4.207514437544531027e+00 -5.186103156948789206e+00 -7.136026027321719312e+00
4.237951434024870956e+00 -5.378459821587702194e+00 -6.991574895556357028e+00
4.282255775544980381e+00 -5.584017877132350094e+00 -6.830067842096359421e+00
4.341900581357957201e+00 -5.799472094934875699e+00 -6.652074981022717992e+00
4.418413156437883238e+00 -6.021691356817487240e+00 -6.458425821213464424e+00
4.517670038239000263e+00 -6.246610891954055944e+00 -6.252336138196930904e+00
4.645645458331747690e+00 -6.470495584413887613e+00 -6.037360206925267647e+00
4.804160158246439494e+00 -6.690929757306394166e+00 -5.815179192643652684e+00
4.995160028666044028e+00 -6.905569988346792698e+00 -5.587649557080663243e+00
5.220718401101452244e+00 -7.112082745388597083e+00 -5.356773284504451560e+00
5.482291544202785971e+00 -7.309196545513344745e+00 -5.123849398557394963e+00
5.778417915473974986e+00 -7.499951912532440090e+00 -4.886843410227111661e+00
6.106828644723506727e+00 -7.688222796668716441e+00 -4.642567695145118023e+00
6.465178316675432413e+00 -7.877627287945383472e+00 -4.387501187782620882e+00
6.851044195651217805e+00 -8.071563959964594304e+00 -4.117814949524806423e+00
7.177369800524033394e+00 -8.214823036486158969e+00 -3.894657924094903745e+00
7.356766028094822829e+00 -8.254944418785530758e+00 -3.781184416983572660e+00
7.386390175990531048e+00 -8.199660442214014466e+00 -3.776721272205676883e+00
7.263683873653271839e+00 -8.057385083298147066e+00 -3.881351447550958067e+00
6.986481273394876013e+00 -7.837471610675383893e+00 -4.096177963686963963e+00
6.553805278518140653e+00 -7.549026608442124697e+00 -4.424958740393400092e+00
5.967931981398866270e+00 -7.196413005872484447e+00 -4.878100599183746056e+00
5.231969030381738328e+00 -6.782918186869800081e+00 -5.467319760904121750e+00
4.348993419807873906e+00 -6.311621028718916726e+00 -6.203593418242762780e+00
3.321951849093415898e+00 -5.784720855969843534e+00 -7.096701603167177019e+00
2.290344999683473048e+00 -5.306218175461797415e+00 -7.988378445760391244e+00
1.392037621626176946e+00 -4.966370527593389816e+00 -8.710515142222755358e+00
6.273456875706719948e-01 -4.745404544018853699e+00 -9.257539399262409319e+00
-3.348887312509152281e-03 -4.624185020950865699e+00 -9.625138640711753624e+00
-4.995036123897613756e-01 -4.585449806793651106e+00 -9.810743868698324377e+00
-8.608197791221074979e-01 -4.617426609766242862e+00 -9.812707948849688222e+00
-1.088595640170454626e+00 -4.721694110818971168e+00 -9.626876118726482190e+00
-1.184377037057043225e+00 -4.905447274196397700e+00 -9.249538542682302023e+00
-1.149454396214517615e+00 -5.177938175177010827e+00 -8.678073113812473593e+00
-9.847969147192205952e-01 -5.549219482455453267e+00 -7.910452525309214167e+00
-7.188808219346674022e-01 -5.952855188155021793e+00 -7.090580480466126545e+00
-3.799546804047104764e-01 -6.318714620700848883e+00 -6.360733044666504910e+00
3.155971781201172277e-02 -6.649591609825908023e+00 -5.715921899590824751e+00
5.151323305006672015e-01 -6.946775551452773811e+00 -5.150532310843241923e+00
1.070110987764750110e+00 -7.210700832370207536e+00 -4.658636353398746266e+00
1.695958778529955913e+00 -7.440651309205572161e+00 -4.235790947374276527e+00
2.392909151502648157e+00 -7.633136147602709976e+00 -3.883937735976799033e+00
3.161131800853913987e+00 -7.785616848345961571e+00 -3.607253181591343338e+00
4.000565504831326002e+00 -7.897215402304951226e+00 -3.410425762625662216e+00
4.911026716228505506e+00 -7.968329384548759720e+00 -3.298326354046042574e+00
5.662938508758527334e+00 -8.015401758195663362e+00 -3.228130100123802748e+00
6.027090017398238686e+00 -8.053007629914302967e+00 -3.154619619474058556e+00
6.003808403347574263e+00 -8.079190861771337495e+00 -3.079474720827827472e+00
5.593401046317990399e+00 -8.091647962527373394e+00 -3.005353753933580840e+00
4.796160229001738884e+00 -8.087725721908984866e+00 -2.936336169007304875e+00
3.612329198731507152e+00 -8.064744330564634467e+00 -2.877438567364916544e+00
2.041986727050754347e+00 -8.021057518177078904e+00 -2.831762951402699180e+00
8.521837854949199098e-02 -7.955202245572452036e+00 -2.802276178544018226e+00
-2.257836533497816323e+00 -7.865763445814752508e+00 -2.792102423861234861e+00
-4.986998117605806691e+00 -7.751584644874208507e+00 -2.803996968243355870e+00
-7.710698517083119263e+00 -7.621177690320553921e+00 -2.751464667964392596e+00
-1.003854077443110526e+01 -7.487668536173901934e+00 -2.541863890541313786e+00
-1.197206527709533752e+01 -7.357672688406253769e+00 -2.167316883966868613e+00
-1.351254032467667621e+01 -7.237977910456787178e+00 -1.619305939359058755e+00
-1.466068937135642436e+01 -7.134861049515656362e+00 -8.892334230127394434e-01
-1.541652614504458185e+01 -7.053092978571025462e+00 3.031768359592956763e-02
-1.577974081731546718e+01 -6.994530657509915983e+00 1.142798536745703641e+00
-1.574972636561912509e+01 -6.958843471367311295e+00 2.449598620950496297e+00
-1.532562651437758028e+01 -6.943779656123076904e+00 3.951005820905238775e+00
-1.450646606111932257e+01 -6.945151311484767831e+00 5.646484332388832073e+00
-1.339247648743759811e+01 -6.891937675795757556e+00 7.311048655169516408e+00
-1.208471363945473520e+01 -6.711878804712741342e+00 8.719492542107396105e+00
-1.058393477303707719e+01 -6.398522221530566156e+00 9.869866826108680158e+00
-8.891385365682385356e+00 -5.947156189919447833e+00 1.075933829345882309e+01
-7.008560416059617992e+00 -5.355244999189350708e+00 1.138414541898902144e+01
-4.936621339128460129e+00 -4.624490406928803310e+00 1.173908271061988984e+01
-2.675255536296539560e+00 -3.765840682949371576e+00 1.181654519280950666e+01
-2.239089823569315740e-01 -2.793537570281007909e+00 1.160926298767295073e+01
2.417610048823315871e+00 -1.721613887852035951e+00 1.111158525753236326e+01
5.248884841485653929e+00 -5.619046224356489816e-01 1.032005433076103351e+01
8.123045162569988875e+00 4.885226704481573368e-01 9.343951785016855638e+00
1.089319182696360855e+01 1.239589579292944554e+00 8.298242674186520063e+00
1.355811375531247798e+01 1.695951219932322562e+00 7.188018439449026964e+00
1.611650973919551433e+01 1.866663479578827500e+00 6.014432839762802629e+00
1.856709182271843517e+01 1.765499769955893417e+00 4.773085457996467440e+00
2.090854823297007314e+01 1.411696957435546906e+00 3.453042251745288560e+00
2.313954357826091979e+01 8.276330567099341451e-01 2.039073343618328593e+00
2.525930902608505590e+01 3.172598383411528999e-02 5.147022569215362608e-01
2.726756332123670035e+01 -9.631554168457663323e-01 -1.135346929310147246e+00
2.916435356940953483e+01 -2.150448965520350697e+00 -2.922910470985214282e+00
3.068418423746418711e+01 -3.365629723198694023e+00 -4.807663667816854058e+00
3.156166496956462453e+01 -4.458222352244982645e+00 -6.724733987455898898e+00
3.179800820285306173e+01 -5.454016235306569982e+00 -8.643742471565882823e+00
3.139554248887220567e+01 -6.385758129502660196e+00 -1.053383354086387769e+01
3.035758071901679500e+01 -7.291589499643890804e+00 -1.236528124520315153e+01
2.868787491378627408e+01 -8.207018718603407592e+00 -1.411459864855450874e+01
2.638921276750812339e+01 -9.141479959456914273e+00 -1.577848707559277486e+01
2.346369387728483957e+01 -1.009099537761846932e+01 -1.736321780462001385e+01
1.991305580367124506e+01 -1.104524991514916721e+01 -1.887981228452112958e+01
1.573881209089696576e+01 -1.198959652946297716e+01 -2.034307716610609518e+01
1.157293851365602322e+01 -1.285696284260817635e+01 -2.149408280946327210e+01
8.044382231228349056e+00 -1.357216778264656654e+01 -2.207039037376815571e+01
5.149702548300008509e+00 -1.410320288000242783e+01 -2.208463308552810744e+01
2.885431248937869952e+00 -1.441622596779136600e+01 -2.155048479861105193e+01
1.248440902630131077e+00 -1.447842986057531789e+01 -2.048226045551525942e+01
2.358873267753835989e-01 -1.426349016915018098e+01 -1.889209194393693991e+01
-1.557972786484951300e-01 -1.375967069341064430e+01 -1.678339597555363127e+01
6.971392274573151582e-02 -1.295886389409252359e+01 -1.415741130727028363e+01
9.090557237402787649e-01 -1.185400673409635175e+01 -1.101517749378048450e+01
2.359364595090104544e+00 -1.043974458824213514e+01 -7.357362863577555423e+00
4.066717683886444057e+00 -8.960113601623984181e+00 -3.577481285271581601e+00
5.680343911008310265e+00 -7.674195873582017491e+00 -6.275779111587542758e-02
7.202544998281998900e+00 -6.599459093851707259e+00 3.195069857939910385e+00
8.635248214069374484e+00 -5.751612457771965836e+00 6.203088177228258004e+00
9.979670746771734713e+00 -5.144730264947604326e+00 8.967290202053691317e+00
1.123644150944680042e+01 -4.790731555845026968e+00 1.149247354813779509e+01
1.240685415637605082e+01 -4.697192760234848663e+00 1.378162594983622391e+01
1.349177074108871643e+01 -4.868702304516421719e+00 1.583643981991777849e+01
1.449171148975940859e+01 -5.307613463521660080e+00 1.765750501987243481e+01
1.540744438380091097e+01 -6.014266823345711721e+00 1.924432270207136142e+01
1.605805329859170172e+01 -6.823019107721242982e+00 2.023282762919302513e+01
1.626404316914914716e+01 -7.564941351449506968e+00 2.025868967855984693e+01
1.602887712422154465e+01 -8.232408844656495361e+00 1.932058003502525523e+01
1.535574837006889659e+01 -8.816465597651536257e+00 1.741772885661622894e+01
1.424719418213915567e+01 -9.307930273360366158e+00 1.455002447528763732e+01
1.270353364109197969e+01 -9.700083335141044927e+00 1.071805252994479929e+01
1.071932207099473899e+01 -9.991939573742756764e+00 5.922698713517118740e+00
8.287619067440941123e+00 -1.017826193306501814e+01 1.647418741279400578e-01
5.402056244081856917e+00 -1.024450308706292567e+01 -6.555237566978092012e+00
2.057658709696909227e+00 -1.016371723732691734e+01 -1.423681785920249609e+01
-1.189701286108257428e+00 -9.928917099098546473e+00 -2.163424122291974072e+01
-3.780709449553347312e+00 -9.552259875224020647e+00 -2.750264013114126982e+01
-5.713848912213244091e+00 -9.031112860652072527e+00 -3.184190412782029256e+01
-6.988276460364966525e+00 -8.375679022801108431e+00 -3.465041381423370126e+01
-7.604373865179361758e+00 -7.613780096092382266e+00 -3.592510503872192373e+01
-7.564352766900135805e+00 -6.802615880796317072e+00 -3.566069212385130527e+01
-6.873193971155599158e+00 -6.051338588011171638e+00 -3.384810245303425802e+01
-5.540440487427115812e+00 -5.490185058623069381e+00 -3.048183869354631170e+01
-3.580374904325635654e+00 -5.247842712079624938e+00 -2.556176052619521499e+01
-1.011324439107667672e+00 -5.435535644963674251e+00 -1.909132281616726345e+01
1.740511114100345313e+00 -5.984466460982211800e+00 -1.229627667203234331e+01
4.266483412519105123e+00 -6.709578509453938189e+00 -6.394810700618540622e+00
6.574909806987127681e+00 -7.519988196122078250e+00 -1.376009272405346984e+00
8.677278971493267434e+00 -8.324713548835330101e+00 2.775094414813323418e+00
1.058750806922548193e+01 -9.040861197953987016e+00 6.075382623740075871e+00
1.232012546819512977e+01 -9.605623261276889480e+00 8.537344261678402546e+00
1.388637948822555046e+01 -1.000207229965243982e+01 1.015476927676579955e+01
1.529462400187220794e+01 -1.025561230467745055e+01 1.091219771681234008e+01
1.655087801409295167e+01 -1.041958041026294524e+01 1.079138762248781802e+01
1.765917850143933876e+01 -1.056220992901173084e+01 9.774207817350028193e+00
1.857160669503099371e+01 -1.075679736514192086e+01 8.368125328280560993e+00
1.923769903532903669e+01 -1.102547904433685133e+01 7.081675999223541851e+00
1.965691930243360019e+01 -1.135938213225331950e+01 5.897594044568212901e+00
1.982920225681322890e+01 -1.174615962740301001e+01 4.795495383760739472e+00
1.975484222036287818e+01 -1.217126629570368124e+01 3.751453838324314560e+00
1.943412692055174418e+01 -1.261791202807734358e+01 2.743713021964175880e+00
1.886635217578251655e+01 -1.306832770584968628e+01 1.772086702937961888e+00
1.805033524935429767e+01 -1.351208028148396245e+01 8.440981597066166131e-01
1.698467006157026304e+01 -1.394672551948203854e+01 -3.028801146687953860e-02
1.566777965928845262e+01 -1.437663132036590241e+01 -8.389315378134050150e-01
1.409796245551261507e+01 -1.481172068858832702e+01 -1.567893699575066080e+00
1.227341148130764736e+01 -1.526608236534008967e+01 -2.201726401567057678e+00
1.019219108567576271e+01 -1.575641503905504948e+01 -2.723524090532960962e+00
7.852161295391758777e+00 -1.630028286176798957e+01 -3.114644852726715207e+00
5.250846417738472383e+00 -1.691415785969466157e+01 -3.354068211923297405e+00
2.385931161605086892e+00 -1.760997674718805683e+01 -3.423275468663585563e+00
-7.426413694549172106e-01 -1.839022972857824101e+01 -3.324484214109141078e+00
-4.134308884491985303e+00 -1.925306218940986724e+01 -3.065833808163227481e+00
-7.788423229314322960e+00 -2.019499728062855581e+01 -2.656314826692646403e+00
-1.170414758857805460e+01 -2.121226729651730381e+01 -2.106212211976573379e+00
-1.588034906991111050e+01 -2.230209378374817319e+01 -1.427554871050870311e+00
-2.031549031353508639e+01 -2.346390627486349345e+01 -6.345486741947556908e-01
-2.500752068256249316e+01 -2.470048140318324670e+01 2.560057330098655104e-01
-2.995376460297363863e+01 -2.601897589617658113e+01 1.224285626350622991e+00
