-2.913276062479476991e+01 -3.087809206302352116e+00 2.757666910620924838e+00
-2.361513325178609790e+01 -2.521433549487525738e+00 2.242278096935683251e+00
-1.846751273031562590e+01 -1.993148363015551983e+00 1.761483433541738641e+00
-1.368989906038334325e+01 -1.502953646886430183e+00 1.315282920439090120e+00
-9.282292241989255288e+00 -1.050849401100160563e+00 9.036765576277385748e-01
-5.244692275133362891e+00 -6.368356256567437867e-01 5.266643451076838955e-01
-1.577099159815664509e+00 -2.609123205561788006e-01 1.842462828789256657e-01
1.720487103963846742e+00 7.692051420153440955e-02 -1.235776290585364479e-01
4.648066516205160426e+00 3.766628786163950249e-01 -3.968073907047014459e-01
7.205639076908277652e+00 6.383147726884030870e-01 -6.354430020595694950e-01
9.393204786073207302e+00 8.618761964175594148e-01 -8.394844631231414001e-01
1.121076364369993073e+01 1.047347149803862898e+00 -1.008931773895416217e+00
1.265831564978847368e+01 1.194727632847314647e+00 -1.143784934376394613e+00
1.373586080433881662e+01 1.304017645547913995e+00 -1.244043944566076698e+00
1.444339910735096666e+01 1.375217187905660721e+00 -1.309708804464461807e+00
1.478093055882492202e+01 1.408326259920555490e+00 -1.340779514071549938e+00
1.474845515876068269e+01 1.403344861592598303e+00 -1.337256073387341759e+00
1.434597290715825224e+01 1.360272992921788049e+00 -1.299138482411836382e+00
1.357348380401763066e+01 1.279110653908126505e+00 -1.226426741145035582e+00
1.243098784933880729e+01 1.159857844551611894e+00 -1.119120849586936917e+00
1.091848504312179635e+01 1.002514564852245771e+00 -9.772208077375424962e-01
9.035975385366590729e+00 8.070808148100270252e-01 -8.007266155968509880e-01
6.783458876073192201e+00 5.735565944249563231e-01 -5.896382731648632802e-01
4.160935515241591887e+00 3.019419036970327763e-01 -3.439557804415778186e-01
1.168405302871809326e+00 -7.763257373742282752e-03 -6.367913742699693458e-02
-2.194131761036173245e+00 -3.555588887873701864e-01 2.511916558788811482e-01
-5.248610494307060392e+00 -6.664944118166123976e-01 5.353261794820726172e-01
-7.316963693971967331e+00 -8.656190243638917092e-01 7.233938186885893185e-01
-8.399191360030513920e+00 -9.529327264291669319e-01 8.153945734983946148e-01
-8.495293492482700159e+00 -9.284355180124380658e-01 8.113284439114886171e-01
-7.605270091328534043e+00 -7.921273991137049997e-01 7.111954299278717695e-01
-5.729121156568005802e+00 -5.440083697329671786e-01 5.149955315475432949e-01
-2.866846688201119875e+00 -1.840784298702256017e-01 2.227287487705036373e-01
9.815533137721264012e-01 2.876624204745208413e-01 -1.656049184032479804e-01
5.816078849351731250e+00 8.712141813012712621e-01 -6.500054699737101149e-01
1.163672991853766447e+01 1.566576852610022552e+00 -1.230472905940880768e+00
1.717394521937148610e+01 2.222016396445042119e+00 -1.780358537675273745e+00
2.115815890958455370e+01 2.685798232206773939e+00 -2.173013223615881007e+00
2.358937098917586539e+01 2.957922359895096331e+00 -2.408436963762600858e+00
2.446758145814541408e+01 3.038388779510010629e+00 -2.486629758115434630e+00
2.379279031649320331e+01 2.927197491051515943e+00 -2.407591606674381879e+00
2.156499756421923664e+01 2.624348494519613162e+00 -2.171322509439443049e+00
1.778420320132350696e+01 2.129841789914301842e+00 -1.777822466410617475e+00
1.245040722780600895e+01 1.443677377235581094e+00 -1.227091477587904267e+00
5.563609643666755034e+00 5.658552564834509191e-01 -5.191295429713047582e-01
-2.876189551094260111e+00 -5.036245723420873510e-01 3.460633374391814954e-01
-1.124077395797247902e+01 -1.567598518045071998e+00 1.210773744415732045e+00
-1.790192523747736075e+01 -2.428902754392126440e+00 1.917288070721402837e+00
-2.285964338960883069e+01 -3.087537281383246679e+00 2.465606316356188987e+00
-2.611392841436687107e+01 -3.543502099018426499e+00 2.855728481320084722e+00
-2.766478031175146768e+01 -3.796797207297665455e+00 3.087654565613091595e+00
-2.751219908176260631e+01 -3.847422606220962660e+00 3.161384569235208275e+00
-2.565618472440031894e+01 -3.695378295788319445e+00 3.076918492186435650e+00
-2.209673723966458425e+01 -3.340664275999735811e+00 2.834256334466774163e+00
-1.683385662755540224e+01 -2.783280546855209980e+00 2.433398096076221595e+00
-9.867542888072776464e+00 -2.023227108354744175e+00 1.874343777014779944e+00
-2.519694637200145859e+00 -1.226437894636398296e+00 1.251650260371052426e+00
3.887783205765823258e+00 -5.588476310740720931e-01 6.598748801166717248e-01
9.354890640823390058e+00 -2.045631766798675089e-02 9.901763625176018824e-02
1.388162766797248437e+01 3.887360455818494875e-01 -4.309214712236759115e-01
1.746799428721310576e+01 6.687294586754370940e-01 -9.299424423096362968e-01
2.011399049854525245e+01 8.195239216127760962e-01 -1.398045277006121356e+00
2.181961630196893154e+01 8.411194343938660500e-01 -1.835229975313131368e+00
2.258487169748412526e+01 7.335159970187068446e-01 -2.241496537230664998e+00
2.240975668509084784e+01 4.967136094872989238e-01 -2.616844962758723803e+00
2.129427126478909926e+01 1.307122717996420658e-01 -2.961275251897306671e+00
1.969426404246599560e+01 -2.538977323938962916e-01 -3.294732691592262341e+00
1.806558471083721784e+01 -5.465258557749705925e-01 -3.637162616342742627e+00
1.640823326990294362e+01 -7.471720983435413688e-01 -3.988565026148756409e+00
1.472220971966317826e+01 -8.558364600996082316e-01 -4.348939921010297915e+00
1.300751406011789513e+01 -8.725189410431732906e-01 -4.718287300927376471e+00
1.126414629126710487e+01 -7.972195411742349913e-01 -5.096607165899987635e+00
9.492106413110814600e+00 -6.299382604927938889e-01 -5.483899515928132296e+00
7.691394425649018984e+00 -3.706750989988486511e-01 -5.880164351011808677e+00
5.862010328881719801e+00 -1.943005669240038813e-02 -6.285401671151017666e+00
4.003954122808915272e+00 4.237968664265514551e-01 -6.699611476345758376e+00
2.154205214459286033e+00 7.973563118963393759e-01 -7.223647663552801745e+00
3.497430108615087185e-01 9.395989212552955383e-01 -7.958364129728913383e+00
-1.409432487984417337e+00 8.505246945034203865e-01 -8.903760874874093290e+00
-3.123321282078490135e+00 5.301336316407130322e-01 -1.005983789898834146e+01
-4.791923371420712563e+00 -2.157426733282452602e-02 -1.142659520207166324e+01
-6.415238756011081733e+00 -8.045990024171940647e-01 -1.300403278412404973e+01
-7.993267435849583435e+00 -1.818940573612383149e+00 -1.479215064514548672e+01
-9.526009410936250532e+00 -3.064598980918412874e+00 -1.679094878513600975e+01
-1.101346468127106704e+01 -4.541574224335275467e+00 -1.900042720409560459e+01
-1.245563324685401874e+01 -6.249866303862861905e+00 -2.142058590202406521e+01
-1.382947849620466840e+01 -7.894049795473352837e+00 -2.349292488599035522e+01
-1.511196387276603303e+01 -9.178699979486861338e+00 -2.465894549462896990e+01
-1.630308937653812151e+01 -1.010381685590338918e+01 -2.491864772793993410e+01
-1.740285500752091963e+01 -1.066940042472293548e+01 -2.427203158592322296e+01
-1.841126076571444159e+01 -1.087545068594550024e+01 -2.271909706857884714e+01
-1.932830665111868385e+01 -1.072196763957108523e+01 -2.025984417590681375e+01
-2.015399266373364284e+01 -1.020895128559968867e+01 -1.689427290790710856e+01
-2.088831880355931503e+01 -9.336401624031312352e+00 -1.262238326457973692e+01
-2.153128507059570751e+01 -8.104318654865968696e+00 -7.444175245924768092e+00
-2.208289146484266041e+01 -6.512702378104071599e+00 -1.359648851943445980e+00
-2.243299676106814289e+01 -4.870430763315428457e+00 4.666665245006341500e+00
-2.247146025923267132e+01 -3.486380307229731912e+00 9.670240971792329887e+00
-2.219828195933625281e+01 -2.360551009846986403e+00 1.365107832841451874e+01
-2.161346186137888736e+01 -1.492942871167187713e+00 1.660917731487291249e+01
-2.071699996536057142e+01 -8.835558911903393930e-01 1.854453793116750404e+01
-1.950889627128130144e+01 -5.323900699164390016e-01 1.945716017729829517e+01
-1.798915077914108451e+01 -4.394454073454878706e-01 1.934704405326528587e+01
-1.615776348893991710e+01 -6.047219034774855562e-01 1.821418955906847970e+01
-1.401473440067780452e+01 -1.028219558312431836e+00 1.605859669470787665e+01
-1.156006351435473967e+01 -1.709938371850326488e+00 1.288026546018347140e+01
-9.090763677888986649e+00 -2.372397679320080055e+00 9.531946288157199021e+00
-6.903849155468535059e+00 -2.738115492817717822e+00 6.866393677527964812e+00
-4.999319947093807670e+00 -2.807091812342843884e+00 4.883607628296985581e+00
-3.377176052764804481e+00 -2.579326637895461793e+00 3.583588140464255556e+00
-2.037417472481524605e+00 -2.054819969475567554e+00 2.966335214029778733e+00
-9.800442062439682633e-01 -1.233571807083164273e+00 3.031848848993553336e+00
-2.050562540521358446e-01 -1.155821507182501762e-01 3.780129045355579809e+00
2.875463840939648241e-01 1.299148999619140099e+00 5.211175803115819960e+00
4.977637081943558361e-01 3.010621643929069169e+00 7.324989122274335074e+00
4.255957182490231472e-01 5.018835782211506391e+00 1.012156900283109806e+01
2.236574000125275130e-01 6.949073313477295954e+00 1.291482910907004289e+01
4.456592242407789173e-02 8.426610776327869701e+00 1.501867329068743295e+01
-1.116787145143734727e-01 9.451448170758435907e+00 1.643310154767449305e+01
-2.450765108028268857e-01 1.002358549676899635e+01 1.715811388003123028e+01
-3.556274664412821807e-01 1.014302275435954748e+01 1.719371028775763932e+01
-4.433315814297393298e-01 9.809759943530091064e+00 1.653989077085370951e+01
-5.081888557681984997e-01 9.023797064280625335e+00 1.519665532931946217e+01
-5.501992894566596348e-01 7.785134116611156507e+00 1.316400396315488663e+01
-5.693628824951225686e-01 6.093771100521674811e+00 1.044193667235998291e+01
-5.656796348835873012e-01 3.949708016012186018e+00 7.030453456934746548e+00
-6.592950701177628936e-01 1.662937590475451977e+00 3.502978286892188375e+00
-9.703547116933575190e-01 -4.565474486957691314e-01 4.329351322453088291e-01
-1.498858559610371177e+00 -2.408747101501474752e+00 -2.179676007005890703e+00
-2.244806613868804313e+00 -4.193661367941666995e+00 -4.334855130861411610e+00
-3.208198874468656037e+00 -5.811290248016344862e+00 -6.032602239321251503e+00
-4.389035341409927682e+00 -7.261633741725506574e+00 -7.272917332385411271e+00
-5.787316014692619248e+00 -8.544691849069156575e+00 -8.055800410053892691e+00
-7.403040894316728959e+00 -9.660464570047292199e+00 -8.381251472326695762e+00
-9.236209980282259480e+00 -1.060895190465991256e+01 -8.249270519203818708e+00
-1.128682327258620965e+01 -1.139015385290606552e+01 -7.659857550688019323e+00
-1.332062951153794295e+01 -1.192971243591289898e+01 -6.828643702233542889e+00
-1.510338078840501197e+01 -1.215327073849651107e+01 -5.971257024696824622e+00
-1.663507710318739541e+01 -1.206082876065691423e+01 -5.087697518077886727e+00
-1.791571845588515188e+01 -1.165238650239409957e+01 -4.177965182376687459e+00
-1.894530484649824231e+01 -1.092794396370806354e+01 -3.242060017593249022e+00
-1.972383627502668446e+01 -9.887501144598815017e+00 -2.279982023727570528e+00
-2.025131274147044991e+01 -8.531058045066339801e+00 -1.291731200779649535e+00
-2.052773424582956707e+01 -6.858614665110652986e+00 -2.773075487494893743e-01
-2.055310078810401819e+01 -4.870171004731746578e+00 7.632889323629128420e-01
-2.032741236829380682e+01 -2.565727063930032692e+00 1.830058242557414783e+00
-1.984782720253643973e+01 -2.356142627775388299e-01 2.824646620648866513e+00
-1.911150352052008117e+01 1.829837363057261745e+00 3.648700774437857675e+00
-1.811844132224471693e+01 3.630627813574369700e+00 4.302220703924388268e+00
-1.686864060771035412e+01 5.166757088773783479e+00 4.785206409108456072e+00
-1.536210137691698918e+01 6.438225188655504638e+00 5.097657889990064639e+00
-1.359882362986462567e+01 7.445032113219531844e+00 5.239575146569210418e+00
-1.157880736655326359e+01 8.187177862465867761e+00 5.210958178845898736e+00
-9.302052586982901161e+00 8.664662436394509726e+00 5.011806986820123377e+00
-6.768559291153535717e+00 8.877485835005456849e+00 4.642121570491887894e+00
-3.978327479065173478e+00 8.825648058298710907e+00 4.101901929861190510e+00
-1.155092136161584015e+00 8.620829029215158812e+00 3.515895119029405436e+00
1.477410685260324819e+00 8.374709203227849841e+00 3.008848786939097852e+00
3.919180985200233724e+00 8.087288580336947419e+00 2.580762933590444952e+00
6.170218763658146699e+00 7.758567160542446217e+00 2.231637558983445402e+00
8.230524020634057081e+00 7.388544943844345347e+00 1.961472663118100979e+00
1.010009675612797153e+01 6.977221930242649250e+00 1.770268245994410572e+00
1.177893697013988650e+01 6.524598119737353485e+00 1.658024307612374404e+00
1.326704466266977178e+01 6.030673512328473151e+00 1.624740847971992475e+00
1.456441983371769311e+01 5.495448108015985156e+00 1.670417867073263452e+00
1.567106248328361495e+01 4.918921906799899268e+00 1.795055364916188223e+00
1.627287012005232114e+01 4.340783534240300945e+00 1.918741890917069703e+00
1.605573575941631503e+01 3.800722183650153685e+00 1.961564851344626437e+00
1.501965940137157851e+01 3.298737855029966415e+00 1.923524246197836129e+00
1.316464104591811335e+01 2.834830548379740023e+00 1.804620075476699448e+00
1.049068069305592310e+01 2.409000263699473621e+00 1.604852339181215726e+00
6.997778342785004213e+00 2.021247000989166764e+00 1.324221037311385629e+00
2.685933995105351357e+00 1.671570760248820786e+00 9.627261698672082701e-01
-2.444852349983028361e+00 1.359971541478434798e+00 5.203677368486847588e-01
-8.394580692480138495e+00 1.086449344678008355e+00 -2.854261744186015193e-03
-1.516325103238597549e+01 8.510041698475422356e-01 -6.069398259114033856e-01
-2.151348840369598037e+01 7.028595420979000252e-01 -1.172063709309922874e+00
-2.620791784040557815e+01 6.912389865399456435e-01 -1.578400665596699559e+00
-2.924653934251476883e+01 8.161425031736790903e-01 -1.825950694771732774e+00
-3.062935291002355598e+01 1.077570091999100255e+00 -1.914713796835022963e+00
-3.035635854293195379e+01 1.475521753016209248e+00 -1.844689971786571014e+00
-2.842755624123993741e+01 2.009997486225006291e+00 -1.615879219626375374e+00
-2.484294600494752103e+01 2.680997291625490941e+00 -1.228281540354437373e+00
-1.960252783405471178e+01 3.488521169217663420e+00 -6.818969339707567912e-01
-1.270630172856148832e+01 4.432569119001523283e+00 2.327459952466703896e-02
-4.154267688487118804e+00 5.513141140974497922e+00 8.872330601297865327e-01
4.548066297540309222e+00 6.528983611780884821e+00 1.749881870941370376e+00
1.189521377714548578e+01 7.278845786992852673e+00 2.451126745233575654e+00
1.788717475032828474e+01 7.762727666610392596e+00 2.990967683006390487e+00
2.252394921708899034e+01 7.980629250633530347e+00 3.369404684259840188e+00
2.580553717742744269e+01 7.932550539062248163e+00 3.586437748993911434e+00
2.773193863134364889e+01 7.618491531896548707e+00 3.642066877208601561e+00
2.830315357883759475e+01 7.038452229136427540e+00 3.536292068903912789e+00
2.751918201990929091e+01 6.192432630781888214e+00 3.269113324079844674e+00
2.538002395455873739e+01 5.080432736832930729e+00 2.840530642736397215e+00
2.188567938278740854e+01 3.702452547289832641e+00 2.250544024873751603e+00
1.807657398897496037e+01 2.254663695198851681e+00 1.627067336650903862e+00
1.499312849638106826e+01 9.332368781900745036e-01 1.098013834288004809e+00
1.263534290500572688e+01 -2.618279037364997786e-01 6.633835177850553322e-01
1.100321721484893445e+01 -1.330530650580870944e+00 3.231763871420547662e-01
1.009675142591069452e+01 -2.272871362343038548e+00 7.739244235900397118e-02
9.915945538191001773e+00 -3.088850039022986049e+00 -7.396831656409541544e-02
1.046079955168986864e+01 -3.778466680620764073e+00 -1.309058896272502492e-01
1.173131346640724715e+01 -4.341721287136310892e+00 -9.342027683045528441e-02
1.372748728234325100e+01 -4.778613858569675799e+00 3.848852182629269869e-02
1.644932099947667936e+01 -5.089144394919892456e+00 2.648205063411699367e-01
1.897232408019281635e+01 -5.232400248781947205e+00 5.058742429428537690e-01
2.037202361990291521e+01 -5.167469553087381762e+00 6.819498180242556939e-01
2.064841961860708608e+01 -4.894352307836187244e+00 7.930472315853904774e-01
1.980151207630531118e+01 -4.413048513028389408e+00 8.391664836262491267e-01
1.783130099299751947e+01 -3.723558168663945622e+00 8.203075741468350834e-01
1.473778636868387615e+01 -2.825881274742918059e+00 7.364705031471506791e-01
1.052096820336410765e+01 -1.720017831265224562e+00 5.876552706271879201e-01
5.180846497038592346e+00 -4.059678382309659384e-01 3.738618765869600180e-01
-1.282578750293136949e+00 1.116268704359975938e+00 9.509032102644821016e-02
-8.869307538622290821e+00 2.846691796505686156e+00 -2.486593960539163761e-01
-1.613197753179919403e+01 4.472126802719572858e+00 -5.859179219167425234e-01
-2.162324019670532849e+01 5.679402074161250980e+00 -8.452165854049751292e-01
-2.534309553334115606e+01 6.468517610830823550e+00 -1.026555386518636537e+00
-2.729154354170635344e+01 6.839473412728221291e+00 -1.129934325257710981e+00
-2.746858422180111958e+01 6.792269479853480618e+00 -1.155353401622207565e+00
-2.587421757362540475e+01 6.326905812206601531e+00 -1.102812615612124292e+00
-2.250844359717907395e+01 5.443382409787544063e+00 -9.723119672274556091e-01
-1.737126229246244691e+01 4.141699272596389036e+00 -7.638514564682145069e-01
-1.046267365947504402e+01 2.421856400633016548e+00 -4.774310833343813343e-01
-1.782677698217487006e+00 2.838537938975829178e-01 -1.130508478259820704e-01
6.934460474093808280e+00 -1.852691671388611905e+00 2.547337058862950698e-01
1.395447574024244730e+01 -3.568163119004266193e+00 5.513670336317620935e-01
1.927736810022778613e+01 -4.862560548949224959e+00 7.768491354103924662e-01
2.290313755405032126e+01 -5.735883961223610328e+00 9.311800112222066161e-01
2.483178410170971517e+01 -6.188133355827335258e+00 1.014359661067190554e+00
2.506330774320613841e+01 -6.219308732760444158e+00 1.026388084945351498e+00
2.359770847853958742e+01 -5.829410092022939693e+00 9.672652828566891126e-01
2.043498630770992364e+01 -5.018437433614778342e+00 8.369912548011977371e-01
1.557514123071740819e+01 -3.786390757536035601e+00 6.355660007788881405e-01
9.018173247561637851e+00 -2.133270063786603554e+00 3.629895207897436693e-01
2.135998745823030731e+00 -4.010900550337880288e-01 7.708539966628337459e-02
-3.699452803265879997e+00 1.068131304339286602e+00 -1.643222263086978885e-01
-8.488181399696776097e+00 2.274394014330545666e+00 -3.612333571348502192e-01
-1.223018704347008523e+01 3.217698074940098962e+00 -5.136479928121914229e-01
-1.492546973458547122e+01 3.898043486167859673e+00 -6.215661333407076494e-01
-1.657402947304317564e+01 4.315430248013890413e+00 -6.849877787204085022e-01
-1.717586625884305107e+01 4.469858360478150772e+00 -7.039129289512883192e-01
-1.673098009198514902e+01 4.361327823560658068e+00 -6.783415840333489877e-01
-1.523937097246951566e+01 3.989838637261420740e+00 -6.082737439665927281e-01
-1.270103890029601423e+01 3.355390801580405036e+00 -4.937094087510130458e-01
-9.680781614843912308e+00 2.596383444164719112e+00 -3.605178706230328656e-01
-6.743407628218161420e+00 1.851218332430951463e+00 -2.345689152395862564e-01
-3.888916940431869307e+00 1.119895466382316407e+00 -1.158625426012725723e-01
-1.117309551484778174e+00 4.024148460187483289e-01 -4.398752708081141161e-03
1.571414538622862622e+00 -3.012235286596890438e-01 9.982245443997798950e-02
4.177255329891179869e+00 -9.910196576530279078e-01 1.968010788429100655e-01
6.700212822320281703e+00 -1.666973540961297795e+00 2.865371205007187783e-01
9.140287015909946078e+00 -2.329085178584438420e+00 3.690305794133961759e-01
1.149747791066038793e+01 -2.977354570522509736e+00 4.442814555809496690e-01
1.377178550656127065e+01 -3.611781716772609396e+00 5.122897490031107504e-01
1.551767370963940706e+01 -4.107319856130595248e+00 5.615416675916188316e-01
1.628961492373642628e+01 -4.338924612438638029e+00 5.805236388634796851e-01
1.608760914885240823e+01 -4.306595985696761275e+00 5.692356628186950873e-01
1.491165638498736001e+01 -4.010333975904967652e+00 5.276777394572657043e-01
1.276175663214117684e+01 -3.450138583063228737e+00 4.558498687791879278e-01
9.637909890314055872e+00 -2.626009807171594268e+00 3.537520507844683637e-01
5.540116159505716453e+00 -1.537947648229994080e+00 2.213842854730977971e-01
4.683754397165245109e-01 -1.859521062385232071e-01 5.874657284508805200e-02
-5.577312269053967597e+00 1.429976818802939587e+00 -1.341610870995753046e-01
-1.259694696679752823e+01 3.309839126892200056e+00 -3.573386943606248201e-01
-1.923407396596343233e+01 5.092718636861863324e+00 -5.667083207860799110e-01
-2.413225151507500854e+01 6.417702609486596543e+00 -7.181924585810487427e-01
-2.729147961413267964e+01 7.284791044766513401e+00 -8.117911077455444158e-01
-2.871175826313616142e+01 7.693983942701533962e+00 -8.475042682795586035e-01
-2.839308746208559953e+01 7.645281303291704411e+00 -8.253319401830947477e-01
-2.633546721098101528e+01 7.138683126537019419e+00 -7.452741234561546246e-01
-2.253889750982220619e+01 6.174189412437435465e+00 -6.073308180987309068e-01
-1.700337835860953106e+01 4.751800160993044919e+00 -4.115020241108365839e-01
-9.728909757342496079e+00 2.871515372203713667e+00 -1.577877414924536703e-01
-7.154917060217371727e-01 5.333350460696122397e-01 1.538120297563954075e-01
8.420955275240938676e+00 -1.862748422589774577e+00 4.698002128788805187e-01
1.606451066633376001e+01 -3.916742638954973543e+00 7.366797311181724206e-01
2.221517446725603051e+01 -5.628647603025798141e+00 9.544505844742471323e-01
2.687294667800832570e+01 -6.998463314802407353e+00 1.123112772947124860e+00
3.003782729859020861e+01 -8.026189774284674172e+00 1.242666296536790060e+00
3.170981632900195635e+01 -8.711826981472690079e+00 1.313111155243253059e+00
3.188891376924345167e+01 -9.055374936366394678e+00 1.334447349066508304e+00
3.057511961931468392e+01 -9.056833638965823496e+00 1.306674878006557128e+00
2.776843387921576323e+01 -8.716203089270967652e+00 1.229793742063402195e+00
2.346885654894646933e+01 -8.033483287281804053e+00 1.103803941237036845e+00
1.875829406995378434e+01 -7.192655056778526124e+00 9.535097100876488430e-01
1.471866320157859676e+01 -6.377700976124300425e+00 8.037155197277229268e-01
1.134996394382741158e+01 -5.588621045320244285e+00 6.544213701574131958e-01
8.652196296699923295e+00 -4.825415264366286650e+00 5.056272613767063273e-01
6.625360260196382356e+00 -4.088083633262497685e+00 3.573331933856157550e-01
5.269455834316602250e+00 -3.376626152008809889e+00 2.095391661841281006e-01
4.584483019060703768e+00 -2.691042820605287655e+00 6.224517977225668686e-02
4.570441814428627403e+00 -2.031333639051869255e+00 -8.454876585001175338e-02
5.227332220420374043e+00 -1.397498607348613531e+00 -2.308426706826641195e-01
6.555154237036001419e+00 -7.895377254954643043e-01 -3.766365347257133456e-01
8.004269418754192955e+00 -2.287637937980034619e-01 -5.078547975128673286e-01
9.025028836470001536e+00 2.635099809264622728e-01 -6.104216301062479477e-01
9.617432490170841675e+00 6.872835986774041839e-01 -6.843370325055257997e-01
9.781480379856766660e+00 1.042557059454860990e+00 -7.296010047107081009e-01
9.517172505527755177e+00 1.329330363258799830e+00 -7.462135467217900775e-01
8.824508867183835648e+00 1.547603510089238910e+00 -7.341746585387747270e-01
7.703489464824937016e+00 1.697376499946182893e+00 -6.934843401616592740e-01
6.154114298451169418e+00 1.778649332829618679e+00 -6.241425915904480481e-01
4.176383368062387191e+00 1.791422008739553595e+00 -5.261494128251343882e-01
1.770296673673056098e+00 1.735694527676591603e+00 -3.995048038662594170e-01
-4.357334751365493641e-01 1.638097565418429769e+00 -2.676223376235888352e-01
-1.813306754642184160e+00 1.525261289809607179e+00 -1.539151404343042928e-01
-2.362423164843971080e+00 1.397185700850114731e+00 -5.838321229839561061e-02
-2.083082705741860163e+00 1.253870798539963305e+00 1.897344678412875296e-02
-9.752853773358252099e-01 1.095316582879139800e+00 7.815483681327567433e-02
9.609688203740320844e-01 9.215230538676590921e-01 1.191609577890397897e-01
3.725679887387885358e+00 7.324902115055051954e-01 1.419918097114248601e-01
7.318847823705486810e+00 5.282180557926954290e-01 1.466473925804288869e-01
1.174047262932715618e+01 3.087065867292110299e-01 1.331277063960521756e-01
1.699055430424561663e+01 7.395580431529889809e-02 1.014327511583625885e-01
2.185719848897150541e+01 -1.360764340884474677e-01 6.329041262080481456e-02
2.512852238146411565e+01 -2.814326521867220321e-01 3.042846469172801049e-02
2.680452598172371736e+01 -3.621128499795372435e-01 2.846907371129279302e-03
2.688520928975017910e+01 -3.781170274668861908e-01 -1.945425934098893653e-02
2.537057230554350440e+01 -3.294451846487704838e-01 -3.647503544462862846e-02
2.226061502910382472e+01 -2.160973215251941193e-01 -4.821542093978825605e-02
1.755533746043084875e+01 -3.807343809614716079e-02 -5.467541582646888443e-02
1.125473959952503478e+01 2.046264656383544045e-01 -5.585502010466995154e-02
3.358821446385785947e+00 5.120023896783326700e-01 -5.175423377439154066e-02
-6.132416998986180090e+00 8.840543340237595471e-01 -4.237305683563401260e-02
-1.546659353523676295e+01 1.251844835056456162e+00 -3.080414179342414599e-02
-2.289132596101184447e+01 1.546436429158242198e+00 -2.014014115278829967e-02
-2.840661427631075142e+01 1.767829116329090899e+00 -1.038105491372744507e-02
-3.201245848113399006e+01 1.916022896569023137e+00 -1.526883076240693592e-03
-3.370885857548121578e+01 1.991017769878024479e+00 6.422374359671161569e-03
-3.349581455935260266e+01 1.992813736256101809e+00 1.346671739400881994e-02
-3.137332643274815780e+01 1.921410795703255348e+00 1.960614602677166612e-02
-2.734139419566770002e+01 1.776808948219479545e+00 2.484066025796024396e-02
-2.140001784811156682e+01 1.559008193804785281e+00 2.917026008757407987e-02
-1.354919739007926438e+01 1.268008532459155235e+00 3.259494551561356590e-02
-5.434932120105925080e+00 9.588971789561366865e-01 3.435281852691167426e-02
1.296762965755257291e+00 6.867618734234136602e-01 3.368197384025445329e-02
6.645887867494339574e+00 4.516026158613226649e-01 3.058241145563762170e-02
1.061244258511180050e+01 2.534194062698432170e-01 2.505413137306092275e-02
1.319642711860727857e+01 9.221224464899281659e-02 1.709713359252484563e-02
1.439784146798100473e+01 -3.201886900124273350e-02 6.711418114028658288e-03
1.421668563323287771e+01 -1.192739346808525114e-01 -6.103015062426692117e-03
1.265295961436287797e+01 -1.695529523898441915e-01 -2.134616593684234703e-02
9.706663411371142303e+00 -1.828559221282134162e-01 -3.901803450921696725e-02
5.377797024257411351e+00 -1.591828438959612679e-01 -5.911862077955209321e-02
8.123601845890043860e-01 -1.008950885952986931e-01 -7.623950169415327771e-02
-2.843625517727031315e+00 -1.035407216827348431e-02 -8.497215104123118090e-02
-5.590160082664310970e+00 1.124402053850525607e-01 -8.531656882066204761e-02
-7.427243510223084932e+00 2.674877440646904470e-01 -7.727275503244596111e-02
-8.354875800403180008e+00 4.547885438706263384e-01 -6.084070967658355977e-02
-8.373056953204709885e+00 6.743426048028665631e-01 -3.602043275307473258e-02
-7.481786968627601730e+00 9.261499268614226121e-01 -2.811924261917744805e-03
-5.681065846671947916e+00 1.210210510046272558e+00 3.878481579688435044e-02
-2.970893587337579689e+00 1.526524354357441382e+00 8.876978742333531402e-02
6.487298093526798759e-01 1.875091459792961768e+00 1.471429906171175250e-01
4.184700792417682003e+00 2.170618362336282026e+00 2.001301638236408775e-01
6.643934752574277347e+00 2.327813224793182645e+00 2.339573082080501076e-01
8.026431689822688398e+00 2.346676047163677392e+00 2.486244237703483240e-01
8.332191604162792586e+00 2.227206829447764491e+00 2.441315105105340555e-01
7.561214495594613894e+00 1.969405571645432840e+00 2.204785684286069136e-01
5.713500364118223374e+00 1.573272273756706419e+00 1.776655975245691188e-01
2.789049209733450496e+00 1.038806935781549035e+00 1.156925977984167853e-01
-1.212138967559432956e+00 3.660095577200088712e-01 3.455956925015557513e-02
-6.290064167760791136e+00 -4.451198604279738014e-01 -6.573348812022200560e-02
-1.244472639086233201e+01 -1.394581318661195057e+00 -1.851865743125396813e-01
-1.829660916205784460e+01 -2.283084268783807769e+00 -2.943897375323177856e-01
-2.246620916254820344e+01 -2.911340063170128722e+00 -3.639333064583759603e-01
-2.495352639233375314e+01 -3.279348701820212320e+00 -3.938172810907200616e-01
-2.575856085141429475e+01 -3.387110184734023921e+00 -3.840416614293477027e-01
-2.488131253978989577e+01 -3.234624511911577294e+00 -3.346064474742579398e-01
-2.232178145746063436e+01 -2.821891683352883540e+00 -2.455116392254549362e-01
-1.807996760442626538e+01 -2.148911699057905356e+00 -1.167572366829311425e-01
-1.215587098068719030e+01 -1.215684559026704470e+00 5.165676015330200599e-02
-4.549491586242865537e+00 -2.221026325919606137e-02 2.597303512832599415e-01
4.739170578906019671e+00 1.431511188244512400e+00 5.074635367069237901e-01
1.389382913478264214e+01 2.854871127476139581e+00 7.491190842062646071e-01
2.109819770141012896e+01 3.957260886427398816e+00 9.389597615632525596e-01
2.635227627878784062e+01 4.738680465098190631e+00 1.076985568777870439e+00
2.965606486691626387e+01 5.199129863488588299e+00 1.163196505850131235e+00
3.100956346579507539e+01 5.338609081598544748e+00 1.197592572780026288e+00
3.041277207542441019e+01 5.157118119428075964e+00 1.180173769567558928e+00
2.786569069580433933e+01 4.654656976977200600e+00 1.110940096212731598e+00
2.336831932693461056e+01 3.831225654245868917e+00 9.898915527155373040e-01
1.692065796881561468e+01 2.686824151234155522e+00 8.170281390759868145e-01
8.522706621446822339e+00 1.221452467941961828e+00 5.923498552940651418e-01
-1.650571995553266058e-01 -2.840463053398143423e-01 3.554410743292769626e-01
-7.482140142980959752e+00 -1.548826399984116309e+00 1.458865466482121009e-01
-1.342854220881999616e+01 -2.572887815989234106e+00 -3.631372774888591559e-02
-1.800426339707297529e+01 -3.356230553355262103e+00 -1.911597488620334906e-01
-2.120930370773947615e+01 -3.898854612082127247e+00 -3.186515166912166630e-01
-2.304366314081979183e+01 -4.200759992169878387e+00 -4.187890312364467849e-01
-2.350734169631374471e+01 -4.261946693618489768e+00 -4.915722924977149466e-01
-2.260033937422139161e+01 -4.082414716427965828e+00 -5.370013004750275876e-01
-2.032265617454281781e+01 -3.662164060598323889e+00 -5.550760551683808774e-01
-1.667429209727780304e+01 -3.001194726129525314e+00 -5.457965565777762595e-01
-1.257564375668145829e+01 -2.262381150675139008e+00 -5.200101439996093200e-01
-8.947125322285073068e+00 -1.608600878490487718e+00 -4.885643636280840307e-01
-5.788736794109907713e+00 -1.039853909579334212e+00 -4.514592154634498034e-01
-3.100478172155674006e+00 -5.561402439416266441e-01 -4.086946995057033627e-01
-8.823494564226156411e-01 -1.574598815774088667e-01 -3.602708157548483170e-01
8.656493530893990540e-01 1.561871775133427676e-01 -3.061875642108831119e-01
2.143518256380369635e+00 3.848009333306282032e-01 -2.464449448738075810e-01
2.951257253450347395e+00 5.283813858744563774e-01 -1.810429577436158954e-01
3.288866344299189670e+00 5.869285351448022547e-01 -1.099816028203194074e-01
3.156345528935165845e+00 5.604423811427565738e-01 -3.326088010368290215e-02
2.913412473756207266e+00 4.961966751500481720e-01 5.922559750081153596e-02
2.919777984180257135e+00 4.414642667849797419e-01 1.775840243261856410e-01
3.175442060207314565e+00 3.962451560475606649e-01 3.218144003724185964e-01
3.680404701837369341e+00 3.605393429377858339e-01 4.919167256395196586e-01
4.434665909070421463e+00 3.343468274556551378e-01 6.878910001274889385e-01
5.438225681906569520e+00 3.176676096011676331e-01 9.097372238363469199e-01
6.691084020345637207e+00 3.105016893743262063e-01 1.157455396766054578e+00
8.193240924387701796e+00 3.128490667751289700e-01 1.431045518916630455e+00
9.944696394032764175e+00 3.247097418035759242e-01 1.730507590288074438e+00
1.194545042921060585e+01 3.460837144547977418e-01 2.055841610869820091e+00
1.385143909214527547e+01 3.531638487805787152e-01 2.355263955645229945e+00
1.531861813178337783e+01 3.221443710343702138e-01 2.576993962563992380e+00
1.634698754812491117e+01 2.530252812161722931e-01 2.721031631626106062e+00
1.693654734116990923e+01 1.458065793259736009e-01 2.787376962831573657e+00
1.708729751091827254e+01 4.882653637933720425e-04 2.776029956180384062e+00
1.679923805737006148e+01 -1.829296606703764705e-01 2.686990611672545715e+00
1.607236898052528673e+01 -4.044471987765356213e-01 2.520258929308059059e+00
1.490669028038381860e+01 -6.640643489547093381e-01 2.275834909086899227e+00
1.330220195694586671e+01 -9.617811112048506583e-01 1.953718551009109072e+00
1.125890401021134934e+01 -1.297597485526981842e+00 1.553909855074671054e+00
8.983147647887747667e+00 -1.612509964345390401e+00 1.121472583238960041e+00
6.681284077682557943e+00 -1.847515040084365401e+00 7.014704974573527929e-01
4.353313299595564345e+00 -2.002612712743916834e+00 2.939035977298129487e-01
1.999235313627185207e+00 -2.077802982324016945e+00 -1.012281159435866607e-01
-3.809498802227868630e-01 -2.073085848824682831e+00 -4.839246435628829501e-01
-2.787242281954350087e+00 -1.988461312245915380e+00 -8.541859851280756422e-01
-5.219641891567723846e+00 -1.823929372587695052e+00 -1.212012140639196378e+00
-7.678148709062475596e+00 -1.579490029850052935e+00 -1.557403110096181820e+00
-1.016276273443881806e+01 -1.255143284032976148e+00 -1.890358893499063386e+00
-1.267348396769675389e+01 -8.508891351364656908e-01 -2.210879490847841744e+00
-1.497902050706193222e+01 -4.315250286167363614e-01 -2.491543576622424538e+00
-1.684806721589393419e+01 -6.185211773599244567e-02 -2.704928256213755766e+00
-1.828062409414566147e+01 2.581295974925446601e-01 -2.851033529616250117e+00
-1.927669114181710697e+01 5.284201170688759275e-01 -2.929859396829908924e+00
-1.983626835890830264e+01 7.490194409930177599e-01 -2.941405857854729966e+00
-1.995935574541913837e+01 9.199275692649311331e-01 -2.885672912690710135e+00
-1.964595330134970652e+01 1.041144501884638807e+00 -2.762660561337855203e+00
-1.889606102669998577e+01 1.112670238852139670e+00 -2.572368803796163839e+00
-1.770967892146986600e+01 1.134504780167433946e+00 -2.314797640065610729e+00
-1.608680698565954970e+01 1.106648125830517637e+00 -1.989947070146241170e+00
-1.423906589744709805e+01 1.046242297535943999e+00 -1.643294048618464620e+00
-1.237808037137882522e+01 9.704296439383262030e-01 -1.320316397471948955e+00
-1.050385040745937282e+01 8.792101650380450550e-01 -1.021014116707702035e+00
-8.616376005689071249e+00 7.725838608351169867e-01 -7.453872063257774849e-01
-6.715657166067757977e+00 6.505507313295344485e-01 -4.934356663261473819e-01
-4.801693888595430337e+00 5.131107765212975513e-01 -2.651594967088118926e-01
-2.874486173272087886e+00 3.602639964104061288e-01 -6.055869747377090606e-02
-9.340340200975623119e-01 1.920103909968446931e-01 1.203667313789904270e-01
1.019662570927807543e+00 8.349960280642998445e-03 2.776167898494402708e-01
2.986603599800194964e+00 -1.907172957376388756e-01 4.111914779375993034e-01
4.791089712369521081e+00 -3.799335984747973516e-01 5.212646408787373620e-01
6.257424905641093105e+00 -5.340416510952165074e-01 6.080101205923389429e-01
7.385609179614651687e+00 -6.530414535988692259e-01 6.714279170783888917e-01
8.175642534290338048e+00 -7.369330059857704951e-01 7.115180303368956460e-01
8.627524969668161958e+00 -7.857163082559206480e-01 7.282804603678596500e-01
8.741256485748108318e+00 -7.993913604093190184e-01 7.217152071712787942e-01
8.516837082530159364e+00 -7.779581624459632749e-01 6.918222707471546329e-01
7.954266760014345294e+00 -7.214167143658564152e-01 6.386016510954876102e-01
7.053545518200660780e+00 -6.297670161689981061e-01 5.620533482162773931e-01
5.814673357138647525e+00 -5.030090678602255894e-01 4.621773621132720944e-01
4.480358980612849429e+00 -3.648446881104034367e-01 3.573373236471154013e-01
3.293297205050347731e+00 -2.389743394147677280e-01 2.658958129443715346e-01
2.253488030451140656e+00 -1.253980217733184910e-01 1.878528300050403554e-01
1.360931456815156260e+00 -2.411573518604727406e-02 1.232083748291168263e-01
6.156274841425537492e-01 6.487252034702786774e-02 7.196244741661243782e-02
1.757611243324633254e-02 1.415667448259166072e-01 3.411504776752076473e-02
-4.332226583127658515e-01 2.059669382506188473e-01 9.666175881841855555e-03
-7.367688280955029256e-01 2.580731006211386958e-01 -1.384168240424671348e-03
-8.930623969149110719e-01 2.978852319374668545e-01 9.640154007231199751e-04
-9.021033647710239300e-01 3.254033321996085970e-01 1.671072680528367521e-02
-8.500303757094009871e-01 3.460389949441545210e-01 3.727441751001697723e-02
-8.229820737756027293e-01 3.652038137076952240e-01 5.407353905168297420e-02
-8.209584589696296009e-01 3.828977884902321493e-01 6.710809143028272084e-02
-8.439595312914820457e-01 3.991209192917622994e-01 7.637807464581385097e-02
-8.919852907411587317e-01 4.138732061122872841e-01 8.188348869827770382e-02
-9.650357373186597698e-01 4.271546489518069367e-01 8.362433358767427938e-02
-1.063110871023995152e+00 4.389652478103224231e-01 8.160060931400323070e-02
-1.186210691857147115e+00 4.493050026878316894e-01 7.581231587726491861e-02
-1.334335199818123430e+00 4.581739135843356792e-01 6.625945327745931535e-02
-1.507484394906924097e+00 4.655719804998343925e-01 5.294202151458645561e-02
-1.706061269523218238e+00 4.674640457519823600e-01 3.311566028107963688e-02
-1.930468839126443514e+00 4.598147207607296560e-01 4.035852233013045853e-03
-2.180707103716698292e+00 4.426240055252511629e-01 -3.429740263017624219e-02
-2.456776063293983459e+00 4.158919000455468806e-01 -8.188410430848827581e-02
-2.758675717858326770e+00 3.796184043216132564e-01 -1.387242528019284882e-01
-3.086406067409673604e+00 3.338035183534565631e-01 -2.048178481104867832e-01
-3.439967111948051048e+00 2.784472421410741916e-01 -2.801648902341677960e-01
-3.819358851473458660e+00 2.135495756844659754e-01 -3.647653791729715822e-01
-4.224581285985933299e+00 1.391105189836250033e-01 -4.586193149269067737e-01
-4.655634415485403466e+00 5.513007203856440386e-02 -5.617266974959567172e-01
-4.993601287697908120e+00 -2.572081547085514064e-02 -6.512965578021289170e-01
-5.119562682175078372e+00 -9.077095218414168998e-02 -7.045374920615956604e-01
-5.033518598914193731e+00 -1.400203381010106940e-01 -7.214495002738391394e-01
-4.735469037915268409e+00 -1.734689732214536873e-01 -7.020325824388558011e-01
-4.225413999178305069e+00 -1.911168575454754437e-01 -6.462867385566493095e-01
-3.503353482703304600e+00 -1.929639910730761021e-01 -5.542119686272193313e-01
-2.569287488490265225e+00 -1.790103738042556625e-01 -4.258082726505659221e-01
-1.423216016539076367e+00 -1.492560057390108219e-01 -2.610756506266728727e-01
-6.513906684994275054e-02 -1.037008868773467291e-01 -6.001410255556938189e-02
1.504943360571834088e+00 -4.234501721911835409e-02 1.773763715621363979e-01
3.049685098012571594e+00 4.111047166197066144e-02 4.237772814450929126e-01
4.331744504718198385e+00 1.529643280524227711e-01 6.518706578639844595e-01
5.351121580688485757e+00 2.932165519522181296e-01 8.616565008187706542e-01
6.107816325923558942e+00 4.618671433613655286e-01 1.053134810309472869e+00
6.601828740423422381e+00 6.589161022798647460e-01 1.226305586336090547e+00
6.833158824188079628e+00 8.843634287077370981e-01 1.381168828898636569e+00
6.801806577217489824e+00 1.138209122644942894e+00 1.517724537997084067e+00
6.507771999511691163e+00 1.420453184091500454e+00 1.635972713631447473e+00
5.951055091070676539e+00 1.731095613047409776e+00 1.735913355801726343e+00
5.131655851925576606e+00 2.070136409499202301e+00 1.817546464504895321e+00
4.202099139880743905e+00 2.371599941799547917e+00 1.866055041032438133e+00
3.314901085541257952e+00 2.569514353308637311e+00 1.866622934477978113e+00
2.470061688907118302e+00 2.663879644026468707e+00 1.819250144841515260e+00
1.667580949978253901e+00 2.654695813953038996e+00 1.723936672123039360e+00
9.074588687548096333e-01 2.541962863088347735e+00 1.580682516322567066e+00
1.896954452367098920e-01 2.325680791432399808e+00 1.389487677440091939e+00
-4.857093205760435461e-01 2.005849598985194326e+00 1.150352155475613980e+00
-1.118755428683506192e+00 1.582469285746689991e+00 8.632759504291058761e-01
-1.709442879085564249e+00 1.055539851716961408e+00 5.282590623006184760e-01
-2.257771671782277334e+00 4.250612968959763815e-01 1.453014910901280210e-01
-2.678906392077378129e+00 -1.187689653708038084e-01 -1.772599604271812290e-01
-2.888011625274602423e+00 -3.857535217379167714e-01 -3.310884894761255692e-01
-2.885087371373940002e+00 -3.758923722053494343e-01 -3.161840960566963954e-01
-2.670133630375390421e+00 -8.918551677310282422e-02 -1.325467801688960945e-01
-2.243150402278964339e+00 4.743670445588104023e-01 2.198234581872691162e-01
-1.604137687084660868e+00 1.314765311790390800e+00 7.409266190117991258e-01
-7.530954847923947426e-01 2.432009284921750947e+00 1.430762702304762879e+00
3.099762045976817149e-01 3.826098963952691001e+00 2.289331708066037585e+00
1.585077381085636006e+00 5.497034348883298449e+00 3.316633636295677423e+00
3.072208044671467686e+00 7.444815439713573291e+00 4.512668486993681505e+00
4.486979081823568194e+00 9.413753500662505047e+00 5.755739551427712541e+00
5.544985105843336370e+00 1.114814516506009490e+01 6.924143157199033283e+00
6.246226116672712436e+00 1.264799043285419877e+01 8.017879304282852004e+00
6.590702114311700832e+00 1.391328930404482556e+01 9.036947992679172259e+00
6.578413098760282018e+00 1.494404177863205163e+01 9.981349222388072207e+00
6.209359070018457771e+00 1.574024785661568870e+01 1.085108299340938487e+01
5.483540028086244966e+00 1.630190753799584868e+01 1.164614930574319729e+01
4.400955972963641827e+00 1.662902082277252447e+01 1.236654815938950946e+01
2.961606904650505356e+00 1.672158771094571961e+01 1.301227955434837469e+01
1.165492823147091350e+00 1.657960820251540923e+01 1.358334349061968105e+01
-7.362052634634936865e-01 1.617688235880917702e+01 1.405148712701508984e+01
-2.492301556171963917e+00 1.548720974142742968e+01 1.438845708346281249e+01
-4.102796054972746020e+00 1.451059035036946909e+01 1.459425335996222017e+01
-5.567688759865554005e+00 1.324702418563547113e+01 1.466887595651327914e+01
-6.886979670850537971e+00 1.169651124722536473e+01 1.461232487311600714e+01
-8.060668787927697920e+00 9.859051535139146338e+00 1.442460010977040952e+01
-9.088756111097033852e+00 7.734645049376815074e+00 1.410570166647648271e+01
-9.971241640358615044e+00 5.323291789938148000e+00 1.365562954323418587e+01
-1.070812537571228695e+01 2.624991756823568778e+00 1.307438374004359360e+01
-1.129940731715942270e+01 -3.602550499613230151e-01 1.236196425690395984e+01
-1.180166068304336946e+01 -3.377455472973533546e+00 1.148687632143040460e+01
-1.227145761267316537e+01 -6.171621218315011426e+00 1.041762576194518175e+01
-1.270879810604872873e+01 -8.742752285985261551e+00 9.154212578448479576e+00
-1.311368216317010038e+01 -1.109084867598454238e+01 7.696636770940210148e+00
-1.348610978403728566e+01 -1.321591038831285303e+01 6.044898339420377020e+00
-1.382608096865030589e+01 -1.511793742297035337e+01 4.198997283888806109e+00
-1.413359571700910244e+01 -1.679692977995670589e+01 2.158933604345824264e+00
-1.440865402911371440e+01 -1.825288745927208822e+01 -7.529269920872128097e-02
-1.465125590496413110e+01 -1.948581046091650038e+01 -2.503681626774834079e+00
-1.486140134452555728e+01 -2.049569878487013952e+01 -5.126233178301892401e+00
-1.486893073160215195e+01 -2.118539654802822270e+01 -7.694402753360334302e+00
-1.450369418622648787e+01 -2.145775342637178085e+01 -9.959659972797977545e+00
-1.376569170839855971e+01 -2.131276941990081042e+01 -1.192200483661482657e+01
-1.265492329811825734e+01 -2.075044452861525457e+01 -1.358143734481101461e+01
-1.117138895538577792e+01 -1.977077875251520922e+01 -1.493795749738624679e+01
-9.315088680201037974e+00 -1.837377209160064240e+01 -1.599156529434068119e+01
-7.086022472564037500e+00 -1.655942454587155055e+01 -1.674226073567431783e+01
-4.484190332474527807e+00 -1.432773611532771696e+01 -1.719004382138718867e+01
-1.509592259932975189e+00 -1.167870679996955019e+01 -1.733491455147920846e+01
1.837771745060841511e+00 -8.612336599796854841e+00 -1.717687292595043758e+01
5.017398048725773663e+00 -5.556336921810174800e+00 -1.675527879780414864e+01
7.488783017280674414e+00 -2.938419173010053953e+00 -1.610949202004364267e+01
9.251926650725678769e+00 -7.585833533963121100e-01 -1.523951259266882730e+01
1.030682894906046165e+01 9.831705370306595970e-01 -1.414534051567985706e+01
1.065348991228522024e+01 2.286842498271075996e+00 -1.282697578907666092e+01
1.029190954039995098e+01 3.152432530324936089e+00 -1.128441841285924419e+01
9.222087833404524204e+00 3.579940633192258748e+00 -9.517668387027436339e+00
7.444024791299137966e+00 3.569366806872968034e+00 -7.526725711581552680e+00
4.957720414083719440e+00 3.120711051367122124e+00 -5.311590386521448437e+00
1.763174701758273066e+00 2.233973366674720129e+00 -2.872262411847120056e+00
-1.701080557745359600e+00 1.198123851390118677e+00 -4.611415053931057773e-01
-4.996488483055475882e+00 3.021491394053341661e-01 1.669358172319433953e+00
-8.123049074082643983e+00 -4.539507692205941303e-01 3.519236621239074658e+00
-1.108076233082687168e+01 -1.070175874487669265e+00 5.088493841365817616e+00
-1.386962825328839344e+01 -1.546526176395925267e+00 6.377129832699761636e+00
-1.648964684146671544e+01 -1.883001674945277593e+00 7.385144595240680232e+00
-1.894081809536209704e+01 -2.079602370135776646e+00 8.112538128988701303e+00
-2.122314201497452757e+01 -2.136328261967419984e+00 8.559310433943821295e+00
-2.333661860030419177e+01 -2.053179350440195616e+00 8.725461510106045537e+00
-2.528124785135072372e+01 -1.830155635554117755e+00 8.610991357475342056e+00
-2.662617317389836558e+01 -1.542615938729450464e+00 8.235002384496697303e+00
-2.694052975574486908e+01 -1.265920518750471846e+00 7.616597363966762124e+00
-2.622431759688031860e+01 -1.000069375618871881e+00 6.755776295885883798e+00
-2.447753669730485271e+01 -7.450625093346975314e-01 5.652539180254215978e+00
-2.170018705701844652e+01 -5.008999198979252609e-01 4.306886017071692052e+00
-1.789226867602111071e+01 -2.675816073085545699e-01 2.718816806338311576e+00
-1.305378155431283282e+01 -4.510757156658573575e-02 8.883315480540749931e-01
-7.184725691893053323e+00 1.665221873279994491e-01 -1.184569757781209987e+00
-2.851010887628042667e-01 3.673076693751636812e-01 -3.499887111167178766e+00
7.645092255048679952e+00 5.572488745746562167e-01 -6.057620512094961107e+00
1.529980642909607624e+01 7.244809746408408246e-01 -8.460071953636779440e+00
2.137301843349472108e+01 8.571393675887627461e-01 -1.030955101425299958e+01
2.586472826824355309e+01 9.552240534183986664e-01 -1.160605769394329378e+01
2.877493593334317268e+01 1.018735032129761464e+00 -1.234959199270784858e+01
3.010364142879359406e+01 1.047672303722851694e+00 -1.254015391054666750e+01
2.985084475459469999e+01 1.042035868197666915e+00 -1.217774344745969195e+01
2.801654591074655443e+01 1.001825725554208013e+00 -1.126236060344698409e+01
2.460074489724919644e+01 9.270418757924767661e-01 -9.794005378508540360e+00
1.960344171410263314e+01 8.176843189124725075e-01 -7.772677772644357219e+00
1.302463636155060911e+01 6.737530549096768517e-01 -5.198377785957034369e+00
6.058749900429624802e+00 4.732371713163561755e-01 -2.573731610949991033e+00
-9.986495105848358644e-02 1.941270150897127789e-01 -4.013366807558406135e-01
-5.451208192913718165e+00 -1.635774137702537545e-01 1.318807004625415669e+00
-9.995279825136451635e+00 -5.998761152635856408e-01 2.586699445193874070e+00
-1.373207984772586343e+01 -1.114769089390205137e+00 3.402340640949303108e+00
-1.666160826068240297e+01 -1.708256336150147492e+00 3.765730591891840895e+00
-1.878386506400606848e+01 -2.380337855543412928e+00 3.676869298021483878e+00
-2.009885025769693812e+01 -3.131013647570071612e+00 3.135756759338166333e+00
-2.060656384175478095e+01 -3.960283712229989650e+00 2.142392975841983294e+00
-2.030700581617974976e+01 -4.868148049523231435e+00 6.967779475329063388e-01
-1.959391917623708324e+01 -5.698597950226415243e+00 -8.884563439356700787e-01
-1.886104691719202364e+01 -6.295624705116159348e+00 -2.300677916910350618e+00
-1.810838903904450703e+01 -6.659228314192486842e+00 -3.539886771391238085e+00
-1.733594554179466840e+01 -6.789408777455333777e+00 -4.606082907378112878e+00
-1.654371642544243670e+01 -6.686166094904741897e+00 -5.499266324871093126e+00
-1.573170168998781016e+01 -6.349500266540712090e+00 -6.219437023870179715e+00
-1.489990133543071948e+01 -5.779411292363180408e+00 -6.766595004375406397e+00
-1.404831536177131035e+01 -4.975899172372252544e+00 -7.140740266386686130e+00
-1.317694376900950815e+01 -3.938963906567884088e+00 -7.341872809904066877e+00
-1.228578655714531642e+01 -2.668605494950078594e+00 -7.369992634927555741e+00
-1.137484372617864814e+01 -1.164823937518686847e+00 -7.225099741457126967e+00
-1.044411527610967561e+01 5.723807657260149284e-01 -6.907194129492811641e+00
-9.493601206938302894e+00 2.543008614784156407e+00 -6.416275799034597327e+00
-8.523301518664542442e+00 4.747059609655737589e+00 -5.752344750082487579e+00
-7.533216211288303654e+00 7.184533750340985847e+00 -4.915400982636401572e+00
-6.523345284809757061e+00 9.855431036839465975e+00 -3.905444496696485857e+00
-5.493688739228819173e+00 1.275975146915138581e+01 -2.722475292262677371e+00
-4.444246574545491768e+00 1.589749504727674534e+01 -1.366493369334969010e+00
-3.375018790759675813e+00 1.926866177121584656e+01 1.625012720867733407e-01
-2.286005387871562267e+00 2.287325164096810326e+01 1.864508632002285005e+00
-1.177206365881057870e+00 2.671126465653379967e+01 3.739528710411691215e+00
-4.862172478816129129e-02 3.078270081791292867e+01 5.787561507314992859e+00
1.099748535407229610e+00 3.508756012510589528e+01 8.008607022712396883e+00
2.267904414704910998e+00 3.962584257811192145e+01 1.040266525660350361e+01
