9.745584821055000013e-01 -2.927972921802854245e+01 2.757666910620924394e+00
1.059903938762592146e+00 -2.372370810372905225e+01 2.263235329732196544e+00
1.058899696032351345e+00 -1.854042663826030690e+01 1.804384170024132539e+00
9.704844088867765617e-01 -1.373260996192706251e+01 1.369583423768710784e+00
7.996592508546003231e-01 -9.302240707482059889e+00 9.543206761245164316e-01
5.566354556884118843e-01 -5.250402445350331071e+00 5.596098093195875922e-01
2.559515029684931164e-01 -1.577162435116328254e+00 1.905549082288121587e-01
-8.447091852417049074e-02 1.718460816712463979e+00 -1.449867447812908106e-01
-4.443451141515813996e-01 4.638416520911018637e+00 -4.376105192775704977e-01
-8.021100664546325643e-01 7.185414940647110171e+00 -6.774213139425846464e-01
-1.136080981004133683e+00 9.362598884152786738e+00 -8.549403686495827825e-01
-1.426202694568655671e+00 1.117293612011183157e+01 -9.630914709349194247e-01
-1.657465452046636756e+00 1.261807656535528643e+01 -1.002758818748943348e+00
-1.819686459742269502e+00 1.369848113352395025e+01 -9.809868576093583314e-01
-1.906888891513871087e+00 1.441375578022287662e+01 -9.087113425847445081e-01
-1.917019307429529640e+00 1.476289305747450875e+01 -7.993786918936210961e-01
-1.851683247310064395e+00 1.474449361260361080e+01 -6.676357059555321216e-01
-1.715933095309488676e+00 1.435694129094036064e+01 -5.280648119195836543e-01
-1.518133606063783336e+00 1.359852148543696515e+01 -3.939453750392540865e-01
-1.269922496429247927e+00 1.246748840530486291e+01 -2.760259455358231584e-01
-9.862756134216226211e-01 1.096210308747750162e+01 -1.812950925329525065e-01
-6.866629818571122756e-01 9.080618210954892078e+00 -1.107274840855803077e-01
-3.963577120713036028e-01 6.821407433602010073e+00 -5.706112903026827610e-02
-1.392422018795476668e-01 4.183700035887973456e+00 -1.115674831114438215e-02
6.593341571250267708e-02 1.167757011110948984e+00 3.581340784073686057e-02
2.080395002331369425e-01 -2.225316207704555183e+00 9.176545230503171946e-02
2.628514112319064178e-01 -5.309186558468620198e+00 1.488229261954228111e-01
2.422416062800989422e-01 -7.396946897878016181e+00 1.924791035958880459e-01
1.908855144154093242e-01 -8.487379334246371698e+00 2.175301151463766569e-01
1.407499191998540233e-01 -8.580397976656367831e+00 2.172968036173497097e-01
1.044355944505234307e-01 -7.676465885536842393e+00 1.853716074108965328e-01
6.703672782970668265e-02 -5.776295436181003495e+00 1.179484699561244021e-01
-1.904735484298417103e-02 -2.881265800521600529e+00 1.573157780372164138e-02
-2.194816303803221458e-01 1.005572293336117973e+00 -1.194727656413138855e-01
-6.074239056869430442e-01 5.878533834314533024e+00 -2.866541473484077729e-01
-1.255126167376681146e+00 1.172899050855422232e+01 -4.869802445572650740e-01
-2.083705994193610689e+00 1.726979007080062090e+01 -6.811373040397279421e-01
-2.904376688497889880e+00 2.122442855261305894e+01 -8.315141151540705877e-01
-3.610427210057841840e+00 2.360256313323285937e+01 -9.445241464293123723e-01
-4.094378954264143999e+00 2.441852403546042538e+01 -1.024412636050094472e+00
-4.260736069917104629e+00 2.368889231704349285e+01 -1.069748790504216673e+00
-4.043176713319891924e+00 2.142811908739720650e+01 -1.067427209067887572e+00
-3.424103795782638127e+00 1.764316269921229008e+01 -9.844213746846304236e-01
-2.409605398251468245e+00 1.233690353054297972e+01 -7.727943483930839186e-01
-1.014492705015618945e+00 5.511376675487380083e+00 -3.727889659593717764e-01
7.468659838172677645e-01 -2.829614810556603910e+00 2.851930982781171187e-01
2.533917737245223289e+00 -1.107170137182294312e+01 1.129170926929900842e+00
4.010020866975176013e+00 -1.760489810519098697e+01 2.010419035156497003e+00
5.182089184301532647e+00 -2.242844304383368126e+01 2.878591875679408219e+00
6.061807414341227940e+00 -2.554265595053817250e+01 3.670976352324150316e+00
6.655652911878556566e+00 -2.695121993601124188e+01 4.315481169547528140e+00
6.950129557272591185e+00 -2.666462735226999570e+01 4.734074220129860677e+00
6.890031079076890386e+00 -2.470616940488098834e+01 4.847239197292761759e+00
6.397770921353922446e+00 -2.110780316719892724e+01 4.581267958311384447e+00
5.388497500385873273e+00 -1.590615480765917944e+01 3.873646831694531834e+00
3.780739526357281832e+00 -9.138686522457117434e+00 2.676832540984118491e+00
1.887325214078019009e+00 -2.094058218937556504e+00 1.213492093269538774e+00
1.018364207139461353e-01 3.974694041757225182e+00 -2.324659223126027685e-01
-1.519569134671131749e+00 9.090133420766385086e+00 -1.607664732650213590e+00
-2.915320233402873384e+00 1.327884241692069089e+01 -2.865248286451810955e+00
-4.024172626934601205e+00 1.656862125568184041e+01 -3.966061119980001326e+00
-4.794821462731817974e+00 1.898377493331717858e+01 -4.881059337060761116e+00
-5.206378561238186542e+00 2.053595370702161915e+01 -5.598163462287933712e+00
-5.262320908802939456e+00 2.122551254766836948e+01 -6.117546712340415915e+00
-4.982483260814353443e+00 2.104505656798145452e+01 -6.447654710055829241e+00
-4.397680727368381781e+00 1.998233896694896217e+01 -6.602935645908333484e+00
-3.721445283777129909e+00 1.845335600750931349e+01 -6.663952340908773309e+00
-3.152997128376418878e+00 1.688132769730799865e+01 -6.706144767132539819e+00
-2.704304852715203822e+00 1.526369198164013774e+01 -6.738210333991180079e+00
-2.383947753167490191e+00 1.359849652050866453e+01 -6.766600254531017100e+00
-2.196845844290288507e+00 1.188379847032034853e+01 -6.794714757366390856e+00
-2.141785000173392017e+00 1.011812803605416455e+01 -6.821158063734236165e+00
-2.206424003918467491e+00 8.303274072010548679e+00 -6.837937779086523449e+00
-2.377244502443883967e+00 6.441116085033928407e+00 -6.836081713200206522e+00
-2.642361651863833316e+00 4.532940345756717448e+00 -6.807363183590060096e+00
-2.991666619516552217e+00 2.579787724202876831e+00 -6.744677343747278009e+00
-3.301522728610608581e+00 6.099376065120243329e-01 -6.795983118718462279e+00
-3.453420055182307991e+00 -1.347941786102697881e+00 -7.113203834529792324e+00
-3.448394067448461886e+00 -3.292025928755112574e+00 -7.697921378597929909e+00
-3.289669947250886572e+00 -5.220104406508692563e+00 -8.553659899464442162e+00
-2.982012736523117269e+00 -7.129436169581609306e+00 -9.685494974530810097e+00
-2.530799104659357646e+00 -9.017390302941862501e+00 -1.109906592998509822e+01
-1.939913867137802672e+00 -1.088405737017730068e+01 -1.279775836507317521e+01
-1.211068495860564198e+00 -1.273029296695414736e+01 -1.478328574404230267e+01
-3.439677833205232460e-01 -1.455699659272126212e+01 -1.705620330033701038e+01
6.635778934325040623e-01 -1.636514824188791550e+01 -1.961598114249369473e+01
1.724775945055879944e+00 -1.803330662174027310e+01 -2.184749453770020722e+01
2.755441059535611359e+00 -1.943897799113027247e+01 -2.313476296701736956e+01
3.761864521979166653e+00 -2.058134087025555914e+01 -2.347495742630465543e+01
4.748615302301693930e+00 -2.145840442799175918e+01 -2.286513759546219404e+01
5.718310994178428253e+00 -2.206605626580076773e+01 -2.130252103544200537e+01
6.670709550609577931e+00 -2.239762054095408672e+01 -1.878439624503674565e+01
7.601191606946515300e+00 -2.244382589634285097e+01 -1.530748604498978693e+01
8.504407571585439030e+00 -2.218864216603695638e+01 -1.086986787804774046e+01
9.376203303639856657e+00 -2.160635022920127568e+01 -5.472148035718014114e+00
1.021461359852475859e+01 -2.065919763450552438e+01 8.816205791884790255e-01
1.096975417845121825e+01 -1.941542015726268389e+01 7.172458253109812887e+00
1.159330683804370032e+01 -1.797062001112082541e+01 1.238091221422380883e+01
1.208469101128496881e+01 -1.632461522832032230e+01 1.649712227492576844e+01
1.243775676459895863e+01 -1.448916521139553204e+01 1.950901538438821703e+01
1.263923593923567523e+01 -1.249148268614889012e+01 2.140297224294077694e+01
1.266292852156160720e+01 -1.038504432493667906e+01 2.216444564391637329e+01
1.245843229307212141e+01 -8.273933911661313090e+00 2.178164947941490581e+01
1.197508794371588436e+01 -6.285937350913487265e+00 2.025536894750145223e+01
1.117507982438164227e+01 -4.551335751548074349e+00 1.759975787845672457e+01
1.003937447774850256e+01 -3.187380256439030113e+00 1.383877751872005923e+01
8.710811256521381551e+00 -2.167702698588072074e+00 9.927290028007497824e+00
7.358893829995364122e+00 -1.352431874984223459e+00 6.806275146557834610e+00
6.017546623809177042e+00 -6.677155976224988798e-01 4.479495100395483931e+00
4.712646070646049345e+00 -4.553696771845805458e-02 2.947751915307088577e+00
3.458611882259975179e+00 5.661256154871203705e-01 2.211335637460111414e+00
2.255627220491216001e+00 1.194887991059795374e+00 2.271273216406710649e+00
1.087282987922165489e+00 1.839714681660604034e+00 3.126987127362200969e+00
-7.853284725767895047e-02 2.467613802425229874e+00 4.778235972739190096e+00
-1.283163186594031169e+00 3.024941940655142325e+00 7.222900769480517624e+00
-2.569800800691744325e+00 3.451431193387459295e+00 1.045465207289778320e+01
-3.834045300796692590e+00 3.642217896241467301e+00 1.368089174333613123e+01
-4.906537934168872184e+00 3.585969086029652697e+00 1.611325584493015839e+01
-5.727124064838424289e+00 3.369420913614415092e+00 1.775489295346037721e+01
-6.237766809059767326e+00 3.075441128928337431e+00 1.861625976735374621e+01
-6.390068914380973908e+00 2.773339186529652167e+00 1.871113743136977092e+01
-6.158987254629437302e+00 2.502690222027791123e+00 1.804991239320653307e+01
-5.564478323063638321e+00 2.246971968238196560e+00 1.663169265392692608e+01
-4.648150006927384226e+00 1.961506625454640940e+00 1.444815649434548632e+01
-3.458352449667513540e+00 1.588082770160937240e+00 1.148956279568936800e+01
-2.041298287999778527e+00 1.062444256607883553e+00 7.749308109257802890e+00
-5.514887794354429440e-01 3.591884884896188179e-01 3.877851473900124191e+00
8.984718287238919743e-01 -4.949606233945772482e-01 5.340590065028156808e-01
2.337394261529128769e+00 -1.475521576838683568e+00 -2.271354489876107774e+00
3.795686431784510706e+00 -2.550733088111643454e+00 -4.528073170010660675e+00
5.298537078696793579e+00 -3.689835045400733371e+00 -6.226278688438499742e+00
6.857986813344664867e+00 -4.872388681879026073e+00 -7.356502412934544211e+00
8.463541117796150814e+00 -6.096530492363652520e+00 -7.912110552763093274e+00
1.008748324691917375e+01 -7.373778356692819003e+00 -7.889552644094389500e+00
1.169265762512989326e+01 -8.721212846652116824e+00 -7.289039961417406843e+00
1.323974078337344373e+01 -1.015454841387755636e+01 -6.115211572430796494e+00
1.451659022989852055e+01 -1.158422037894927570e+01 -4.632713082895977053e+00
1.534932711011331818e+01 -1.288968582393890294e+01 -3.118359819622661178e+00
1.576867166946384557e+01 -1.403140397678358653e+01 -1.594598030628576968e+00
1.581625080322523580e+01 -1.496819396723149431e+01 -7.649801097889907808e-02
1.554144051484156819e+01 -1.566120762020476853e+01 1.430276462384569847e+00
1.499062187154712511e+01 -1.608369385109422467e+01 2.930317785768095096e+00
1.417748361573556792e+01 -1.624467493756149494e+01 4.435389849236848647e+00
1.309609398658083279e+01 -1.617102946623637294e+01 5.957809678499676131e+00
1.173006806873967989e+01 -1.589813015202930302e+01 7.509067078367995585e+00
1.005567825674495275e+01 -1.546675626107505330e+01 9.099370730205555091e+00
8.299395828536768605e+00 -1.487663325414261983e+01 1.057242636186780516e+01
6.672009732235321344e+00 -1.411689183590137731e+01 1.175195898384151327e+01
5.121680822745873662e+00 -1.321429505024848794e+01 1.261424865493367165e+01
3.599712463919916061e+00 -1.219352948435132689e+01 1.313409776252697014e+01
2.065487222700559400e+00 -1.107418415085599150e+01 1.328635488701403133e+01
4.973528112011985081e-01 -9.864270543873020713e+00 1.304831260424311523e+01
-1.088390553531829230e+00 -8.552056142984486797e+00 1.240687262186987638e+01
-2.660129476492977929e+00 -7.117540055759913997e+00 1.135724885100906434e+01
-4.179837728993403445e+00 -5.536104983532350587e+00 9.902168473339614252e+00
-5.605612112803733282e+00 -3.779351750522403020e+00 8.052227381814741847e+00
-6.881665579845624769e+00 -1.951136825561938126e+00 6.070436015402844276e+00
-7.969022633851220228e+00 -1.621326161102696339e-01 4.223749385341855955e+00
-8.855851572652728265e+00 1.602162941307679445e+00 2.536044228408163903e+00
-9.537736550272411407e+00 3.348665440291429540e+00 1.032081119538510006e+00
-1.001658996998212103e+01 5.077191801510414493e+00 -2.637154404480903658e-01
-1.029942238307279290e+01 6.780761911670378339e+00 -1.330637622375602680e+00
-1.039611910889091817e+01 8.444805084125142969e+00 -2.160730418198710812e+00
-1.031767585926917974e+01 1.004866311905584908e+01 -2.755578759430428626e+00
-1.007623716160383687e+01 1.156813612191516505e+01 -3.124138629971268344e+00
-9.685238910647186117e+00 1.297786296795743333e+01 -3.281986573996664269e+00
-9.103757187276617202e+00 1.393518507252777283e+01 -3.203513094821329510e+00
-8.311138038549962914e+00 1.409353284459930222e+01 -2.894338097370340535e+00
-7.347682401040796840e+00 1.342910818966115549e+01 -2.417106133155779268e+00
-6.245097849191578732e+00 1.192788604711147649e+01 -1.823452501124865011e+00
-5.023146806684418486e+00 9.585670779580475198e+00 -1.147225596266518099e+00
-3.685355189019593247e+00 6.408507127592065977e+00 -3.963534480544128602e-01
-2.217340685282953139e+00 2.411559259035108926e+00 4.505709003914487587e-01
-5.968697979831177891e-01 -2.388203988504502551e+00 1.427528052946270387e+00
1.200856648827363093e+00 -7.974145905736496509e+00 2.572995474328450882e+00
3.199557839841249862e+00 -1.433091921538349567e+01 3.924837575262470679e+00
5.047687808494177197e+00 -2.028214987031404348e+01 5.277610500658412640e+00
6.370464576567434811e+00 -2.466588484285679428e+01 6.390260051417690157e+00
7.145407029704462509e+00 -2.749592075137107727e+01 7.230335293239114058e+00
7.344375785283476787e+00 -2.879069111726293784e+01 7.755049659971787079e+00
6.940388912261243881e+00 -2.856892297438729145e+01 7.920618116836559253e+00
5.917055904298940128e+00 -2.684311258659009525e+01 7.694989635143106632e+00
4.280738532787276895e+00 -2.361135076611406802e+01 7.074445620559355774e+00
2.050089903558895976e+00 -1.886342623088963677e+01 6.071420186467002544e+00
-7.495613495810126148e-01 -1.258435870788307298e+01 4.708544150105786308e+00
-4.088866999033631267e+00 -4.756255065498513623e+00 3.016463523239491629e+00
-7.353363019779814991e+00 3.255381264412401165e+00 1.305819947244670098e+00
-9.952468008750702921e+00 1.007059444493054023e+01 -1.312904282223317232e-01
-1.189655318644024895e+01 1.568288281016224239e+01 -1.294626625882813631e+00
-1.320144353851293850e+01 2.008200936925443258e+01 -2.192352090567523337e+00
-1.388634510132933286e+01 2.325555998852549422e+01 -2.839364743151890025e+00
-1.397101919834948092e+01 2.519095572072262001e+01 -3.254666964251860417e+00
-1.347123374847604182e+01 2.587841859225858343e+01 -3.456441283091737926e+00
-1.239973021506342477e+01 2.530990991526004308e+01 -3.463214335326672444e+00
-1.076714431845488740e+01 2.347837290829048129e+01 -3.295396162011396957e+00
-8.582301878369396064e+00 2.037749147147158979e+01 -2.976239425455153409e+00
-6.276679321183987526e+00 1.697351257143604997e+01 -2.645099499386298625e+00
-4.271870856059409860e+00 1.424019959575656991e+01 -2.416257937857739790e+00
-2.561361853132288147e+00 1.218267245377875874e+01 -2.276497136212005223e+00
-1.139466068297297463e+00 1.080568899614892331e+01 -2.210033091198956079e+00
-1.264013452345436311e-03 1.011362471548612341e+01 -2.197934642590924526e+00
8.573599982722828194e-01 1.011024947792628659e+01 -2.218159398972816110e+00
1.439519527911803820e+00 1.079814642064594032e+01 -2.247240858516780015e+00
1.747349675162911398e+00 1.217884139098080176e+01 -2.259552658480119991e+00
1.781897781394122138e+00 1.425270959272367577e+01 -2.228373493081337475e+00
1.542989727947230216e+00 1.701887563207168697e+01 -2.127612943247348731e+00
1.182755765381062751e+00 1.956007985823704232e+01 -1.894034544520744046e+00
8.499610118141427417e-01 2.095577022216402341e+01 -1.523287294153735871e+00
5.398268615485825039e-01 2.120101330658329886e+01 -1.080029122039430689e+00
2.496657938954611744e-01 2.029340795208007719e+01 -6.279639762442253970e-01
-2.095184176440460788e-02 1.823296628315583234e+01 -2.271268194868120149e-01
-2.701080411431037165e-01 1.502173584039047327e+01 6.953285231502615016e-02
-4.936374352312229430e-01 1.066314726727896911e+01 2.195095260442873619e-01
-6.861745599290458575e-01 5.161379056523208497e+00 1.873064935069576609e-01
-8.422719013651237541e-01 -1.478992956869954689e+00 -5.713245916082981823e-02
-9.575554043230676271e-01 -9.253241642177542303e+00 -5.391740473391327670e-01
-1.026238739458588567e+00 -1.667775055185142108e+01 -1.176174994273493812e+00
-1.049264215832817149e+00 -2.227379081194634125e+01 -1.819836001311958107e+00
-1.034486407359108018e+00 -2.604487837040912268e+01 -2.400453248630270764e+00
-9.891700493667003879e-01 -2.799548254670357750e+01 -2.856220688657840512e+00
-9.181453963678845032e-01 -2.813074212435966359e+01 -3.132290197870515769e+00
-8.212172648403235353e-01 -2.645634791546098086e+01 -3.179359219875097065e+00
-6.898102991207405443e-01 -2.297861580191757369e+01 -2.951815266455676934e+00
-5.091888918404150477e-01 -1.770401822926826441e+01 -2.409639133950391976e+00
-2.600083074631891478e-01 -1.063875181702522710e+01 -1.519942243996941666e+00
8.060492303880545384e-02 -1.788340882848089120e+00 -2.581336462808506704e-01
4.655831347223915451e-01 7.079680213992566529e+00 1.116000971854804069e+00
8.243717744376106715e-01 1.420573603289761699e+01 2.297969054569287017e+00
1.142964498060290435e+00 1.959686953731187486e+01 3.243647181309448513e+00
1.403526709076352130e+00 2.325962078517903464e+01 3.916800295681235333e+00
1.585672060152422347e+00 2.519960067621990873e+01 4.290127212815003865e+00
1.668423249664964025e+00 2.542060664959392113e+01 4.348768799506792959e+00
1.633147313481989160e+00 2.392304497386409068e+01 4.097586926165242005e+00
1.462075526002326820e+00 2.070624896873677656e+01 3.547889912745864738e+00
1.137055571967445999e+00 1.577058595588623469e+01 2.705817196551784320e+00
6.387019870843460012e-01 9.119168388356547084e+00 1.562971195121923618e+00
6.395124087644882271e-02 2.147344941424095488e+00 3.378253610624728509e-01
-4.700478245965606927e-01 -3.750743091883142366e+00 -7.515574643653593068e-01
-9.534273700030845289e-01 -8.570343044134077104e+00 -1.729964595267613259e+00
-1.375167905598476015e+00 -1.230682588327884552e+01 -2.616455654186903512e+00
-1.722357358171410890e+00 -1.495655019308103206e+01 -3.418453704352197420e+00
-1.979487794271841183e+00 -1.651930304319994036e+01 -4.121268554101685133e+00
-2.128359769297907267e+00 -1.700502244291067910e+01 -4.667419557366007332e+00
-2.151256514467415837e+00 -1.643391365793845083e+01 -4.970472796423108797e+00
-2.033676929954447488e+00 -1.483515923614038101e+01 -4.930460984376559885e+00
-1.765831815792501036e+00 -1.224480168737724917e+01 -4.445835713742743778e+00
-1.411296511310611290e+00 -9.239937110295691980e+00 -3.636002908884168328e+00
-1.041812195689192144e+00 -6.373377071361232993e+00 -2.692632612480982957e+00
-6.626242127376887892e-01 -3.643223629001619557e+00 -1.636800444696205670e+00
-2.769505430007168645e-01 -1.041117413959329774e+00 -4.997105344527387194e-01
1.145588876357343244e-01 1.447942815719605480e+00 6.785142979286169496e-01
5.136559128348895387e-01 3.844544482499935523e+00 1.850931668885101633e+00
9.222837118021194325e-01 6.169200189986050020e+00 2.973906175872995217e+00
1.340551449208478019e+00 8.437991604892168596e+00 4.013587866068236920e+00
1.766155057150752272e+00 1.066200153517700500e+01 4.945345704244749285e+00
2.194209295379495384e+00 1.284741700177639245e+01 5.753156172555614845e+00
2.536134781357811896e+00 1.457677799450939560e+01 6.250533295120844990e+00
2.700235058450858094e+00 1.541638909507597965e+01 6.289555369790209127e+00
2.678624857385664804e+00 1.534158606397112123e+01 5.928125527116183235e+00
2.470319558528204062e+00 1.432651130094348169e+01 5.231377807197890917e+00
2.083566550943837026e+00 1.234714471554753601e+01 4.263854533672720493e+00
1.538408205309171439e+00 9.383875646770306389e+00 3.080024856133085187e+00
8.674777080385975836e-01 5.423046719464873711e+00 1.716166581636043187e+00
1.074941014685376200e-01 4.553563583139294546e-01 1.962154511188706763e-01
-7.061667392989388059e-01 -5.524403664087953914e+00 -1.466812100667612251e+00
-1.543789966266971403e+00 -1.251732663663075051e+01 -3.270939511004599787e+00
-2.228166896881606185e+00 -1.916922962332336411e+01 -4.876725406580069588e+00
-2.637175714559137241e+00 -2.410923832230182740e+01 -5.988171853513087228e+00
-2.831484581892782071e+00 -2.731561543770655831e+01 -6.662724159004008939e+00
-2.866923173722657925e+00 -2.877338133992006419e+01 -6.939307799743478888e+00
-2.787040841046027673e+00 -2.847391333899253496e+01 -6.838682414140553334e+00
-2.612644909539004079e+00 -2.641500737995077941e+01 -6.363531662108658615e+00
-2.329026326035913197e+00 -2.260177953070406787e+01 -5.497869132638127709e+00
-1.902486529577797958e+00 -1.704495680678501657e+01 -4.208777346391691765e+00
-1.291498372294793251e+00 -9.760368498295219908e+00 -2.447329422559979317e+00
-4.544261873518401496e-01 -7.689192098475786663e-01 -1.493080112586017971e-01
4.952189124058108960e-01 8.301362444503409321e+00 2.333489118739132007e+00
1.401860746401867530e+00 1.583809949666955674e+01 4.597984738566738727e+00
2.231268128635465864e+00 2.184391674793795701e+01 6.631091163237528896e+00
2.943676273314558944e+00 2.632645873072189957e+01 8.405205228071036316e+00
3.500476341404832326e+00 2.929818728793656746e+01 9.879164826116053177e+00
3.873908693582160723e+00 3.077629465929395636e+01 1.099750700651206436e+01
4.063012670832491402e+00 3.078330091934817148e+01 1.168604718856467883e+01
4.085657841375726740e+00 2.934503898039848835e+01 1.186371197299632563e+01
3.971574836576794887e+00 2.648842762479359436e+01 1.145252392834674104e+01
3.757583315667885060e+00 2.223897378175349004e+01 1.038513732904141662e+01
3.503298313454718205e+00 1.765001782130504182e+01 8.984477490786892062e+00
3.243072017144520203e+00 1.375445283058797408e+01 7.632665723176706329e+00
2.973389460666234108e+00 1.054281900635703018e+01 6.363219040587343223e+00
2.686098802382865358e+00 8.004580051730259882e+00 5.206953387244180220e+00
2.370505889570448055e+00 6.129299831506466845e+00 4.189021220290003455e+00
2.014965427515682084e+00 4.907404596478404990e+00 3.327156454810535458e+00
1.608059719316207170e+00 4.330724209444213102e+00 2.630977430089160851e+00
1.142157270080788267e+00 4.395465567947262286e+00 2.097084270462149735e+00
6.132776791749534606e-01 5.101746748828618117e+00 1.710953955498689005e+00
1.998233852505768016e-02 6.452237829561166649e+00 1.450344671975822619e+00
-5.574216119146873094e-01 7.912418608335938686e+00 1.208921506857609351e+00
-1.039890459950616908e+00 8.943188448876064456e+00 9.117048726742289499e-01
-1.429426465477132480e+00 9.542220564485925038e+00 5.817648155042203229e-01
-1.727486508824556122e+00 9.708411862974406503e+00 2.431681116098188822e-01
-1.934571122712398505e+00 9.442000119479670772e+00 -8.120767746612433946e-02
-2.049599059245585053e+00 8.744515235241570039e+00 -3.723476838318016124e-01
-2.069109475790253061e+00 7.618555156976816178e+00 -6.181915112525432354e-01
-1.989161038760771882e+00 6.067032058681915530e+00 -8.127918448260161854e-01
-1.806474782081902486e+00 4.092680275933739509e+00 -9.564627936965883759e-01
-1.519172563689445532e+00 1.697714540316312526e+00 -1.056442121400118728e+00
-1.219162310632798230e+00 -4.942294084543791821e-01 -1.101920851481996033e+00
-1.000861401961086639e+00 -1.860589891478677149e+00 -1.083824233383532398e+00
-8.667181015481069117e-01 -2.402089410131251768e+00 -1.007643731739473525e+00
-8.171488291953954430e-01 -2.120594095365816223e+00 -8.643691362601828576e-01
-8.497037360369181780e-01 -1.019544752477705041e+00 -6.289198845262470305e-01
-9.586360239706993580e-01 8.949726239176806208e-01 -2.586621781115032714e-01
-1.136041038712578111e+00 3.613142843959326722e+00 3.033212072530767633e-01
-1.374317137283025403e+00 7.122399365619392242e+00 1.117467190377088304e+00
-1.667975990295634592e+00 1.140868452936366495e+01 2.238636573483027803e+00
-2.014710028714524537e+00 1.645869768757258100e+01 3.707682235414570648e+00
-2.321998457056591025e+00 2.109161566588687720e+01 5.245161582495292407e+00
-2.507398458062760849e+00 2.415478458045626198e+01 6.463907653206417692e+00
-2.582604479697844457e+00 2.568227443610472704e+01 7.236344437348853020e+00
-2.553913419813739427e+00 2.570600640057286768e+01 7.458993945978126483e+00
-2.422619525519683403e+00 2.424773368390700767e+01 7.067823533281097248e+00
-2.185179381593503667e+00 2.130896461855130752e+01 6.061107341793005254e+00
-1.832543681399998903e+00 1.686293489408435420e+01 4.525209691387135358e+00
-1.353862858934377078e+00 1.087053995019286567e+01 2.590863133646085892e+00
-7.373795838234509237e-01 3.291888096202320035e+00 4.077383571517597671e-01
2.938798573015149324e-02 -5.906223926529387214e+00 -1.872309020138757552e+00
8.138440953480469142e-01 -1.503783813625962118e+01 -3.739607191478754089e+00
1.468560911981731110e+00 -2.237479471307169376e+01 -4.859687840150509253e+00
1.981146305430057541e+00 -2.787854935276475032e+01 -5.377974292973568993e+00
2.336380885312724587e+00 -3.151549566645378420e+01 -5.457426255512224600e+00
2.518036564923469278e+00 -3.326068018480741983e+01 -5.257184129391259120e+00
2.512845308094961982e+00 -3.309985805390279268e+01 -4.901641174494253406e+00
2.317154248724490717e+00 -3.103118179379516661e+01 -4.435579778409428187e+00
1.933571694180547862e+00 -2.705782301313522353e+01 -3.852923299662202705e+00
1.368199942118966339e+00 -2.118514140617598684e+01 -3.116076679196258414e+00
6.287499103701715830e-01 -1.342016150268306518e+01 -2.166471042111127510e+00
-1.205770712481980811e-01 -5.396719654177312364e+00 -1.148925241351833826e+00
-7.215177338904884552e-01 1.254804776497063790e+00 -2.434084387729193166e-01
-1.177315310310284469e+00 6.533539000851991574e+00 5.472682507752754111e-01
-1.492752834499920356e+00 1.044102384052167309e+01 1.202288178440577004e+00
-1.672652493292033249e+00 1.298072385184670452e+01 1.690421848396409077e+00
-1.719950171729814237e+00 1.415710738465916663e+01 1.979138977993762261e+00
-1.633038367374356703e+00 1.397401434565525769e+01 2.046588055902213377e+00
-1.407032820718314037e+00 1.243427568163028241e+01 1.880329167938868062e+00
-1.035503906781579220e+00 9.539721006774408707e+00 1.475034931407630534e+00
-5.119196229779497953e-01 5.291163847528689956e+00 8.312992610612988109e-01
2.310331375934127768e-02 8.122433474973824730e-01 1.250932906525814570e-01
4.222289880768075876e-01 -2.774614367454956820e+00 -4.655871044944520643e-01
6.806708458462535916e-01 -5.470797498523932489e+00 -9.364151837059516703e-01
7.936740721782707952e-01 -7.277158644498643802e+00 -1.286277754606933943e+00
7.572956550003826504e-01 -8.194017148439229459e+00 -1.516268483400609046e+00
5.695322632894282977e-01 -8.221147741863436664e+00 -1.628643905021567972e+00
2.320588497164173258e-01 -7.357782372620973455e+00 -1.626064293097181146e+00
-2.513177919895874801e-01 -5.602864389070515649e+00 -1.511744985075289982e+00
-8.762335783125329014e-01 -2.955289263902475039e+00 -1.289513656302064382e+00
-1.639017595622970891e+00 5.858819744274107455e-01 -9.637598461745279232e-01
-2.342147839832037892e+00 4.047740916931594768e+00 -6.272908776736619840e-01
-2.792227276059347396e+00 6.456223348398577144e+00 -3.687361420765115083e-01
-2.992371096185697965e+00 7.810458340166090530e+00 -1.864510258999227676e-01
-2.943864319901550619e+00 8.110054041167295225e+00 -7.844551867649482424e-02
-2.644977296038117043e+00 7.355368634956152896e+00 -4.220308638757797048e-02
-2.089566012123566185e+00 5.547881430368915012e+00 -7.458309620956726782e-02
-1.266344939373638789e+00 2.690419132145577930e+00 -1.712177246543065967e-01
-1.618653296887115900e-01 -1.213792199704553543e+00 -3.239542372409209836e-01
1.236985656822384039e+00 -6.161866010643898051e+00 -5.182987245240349150e-01
2.940870905005182667e+00 -1.215184123029991348e+01 -7.310260588835755247e-01
4.584049008957491012e+00 -1.784073526057266079e+01 -8.716111350060555818e-01
5.779479160114598280e+00 -2.189015905281969054e+01 -8.703216821332698805e-01
6.503933743956783253e+00 -2.430526998254567417e+01 -7.351165225306683926e-01
6.738235379109192458e+00 -2.508948367717788841e+01 -4.872918279645095940e-01
6.470202850878967737e+00 -2.424383939432386370e+01 -1.649163459589262359e-01
5.698609977688407824e+00 -2.176653611419979129e+01 1.703701371460340508e-01
4.436848048819877377e+00 -1.765363818030023424e+01 4.244063035563058750e-01
2.702835884688345125e+00 -1.190376910166287061e+01 4.906281909712594813e-01
5.130646356549919407e-01 -4.520269186117597648e+00 2.641174154469133062e-01
-2.120578059384237157e+00 4.488733325823051956e+00 -3.477112635915699523e-01
-4.677856191891539339e+00 1.335376260292746942e+01 -1.242836423666327406e+00
-6.654563261662114648e+00 2.031340348234034110e+01 -2.181268476151184910e+00
-8.066855333378342152e+00 2.537303979180462221e+01 -3.031856245448991238e+00
-8.927733967470178555e+00 2.854256523279241264e+01 -3.672015383580922609e+00
-9.245402945087581870e+00 2.983370305026221203e+01 -4.000085990002925307e+00
-9.021310321388025244e+00 2.925592426290550563e+01 -3.953762555361412190e+00
-8.246937437972903240e+00 2.681186835005895119e+01 -3.536732375823789631e+00
-6.909174501139649038e+00 2.249869537395267471e+01 -2.794376074968600854e+00
-4.993095333390771273e+00 1.631069075816208525e+01 -1.795993062519420036e+00
-2.483169128465468667e+00 8.241663961967427454e+00 -6.230560610453940162e-01
1.393565951852649143e-01 -1.149705487003208071e-01 4.490278970537510128e-01
2.377943011201041568e+00 -7.160445329194421227e+00 1.214897915088249736e+00
4.223179746225869557e+00 -1.289119332067350499e+01 1.711345626879492876e+00
5.663998966076311703e+00 -1.730368743731448689e+01 1.988930072187909959e+00
6.688679402168087762e+00 -2.039541786186558880e+01 2.103727153715958753e+00
7.286566479870279167e+00 -2.216539753331063167e+01 2.105535760041528093e+00
7.451146059876692540e+00 -2.261431537372851253e+01 2.018442255101270622e+00
7.179788411125850089e+00 -2.174316098297709843e+01 1.848082515313222984e+00
6.473269389954992903e+00 -1.955253729964908516e+01 1.589017801456523493e+00
5.335563286641110459e+00 -1.604236950638447112e+01 1.229319179681987340e+00
4.056545923855533253e+00 -1.209852219211468594e+01 8.401135936964461148e-01
2.923772948651888193e+00 -8.606987465776381185e+00 4.986601699175026714e-01
1.939071278690001510e+00 -5.567139313450121918e+00 2.038325017601169686e-01
1.103118872366015912e+00 -2.978367294145858324e+00 -4.177605703630421496e-02
4.155323167353093261e-01 -8.402254183047452862e-01 -2.334167483783538277e-01
-1.250617070531514774e-01 8.473500377985019316e-01 -3.658572730900701009e-01
-5.212922355901459248e-01 2.083538169778023974e+00 -4.365781542557806150e-01
-7.770345228565905815e-01 2.866650692977366521e+00 -4.476761913167405238e-01
-8.966119099129541414e-01 3.194666735561672244e+00 -4.042454955692671437e-01
-8.839030365885748308e-01 3.065757483192455446e+00 -3.123548029312355756e-01
-8.329695468248600188e-01 2.829649382303316862e+00 -1.921904299396827442e-01
-8.356463493891322925e-01 2.837190475710469784e+00 -5.979669504265544555e-02
-8.926540456161207171e-01 3.088709059536366208e+00 8.397684261174406806e-02
-1.006516123652970274e+00 3.584528281509157033e+00 2.354394698519070017e-01
-1.182053488523498785e+00 4.324840441736125030e+00 3.869732005585815315e-01
-1.426405098822677964e+00 5.309508668695683831e+00 5.266111326865556830e-01
-1.747246931566454053e+00 6.537890061637139816e+00 6.401885378619466271e-01
-2.152570808093320132e+00 8.008465969857168076e+00 7.112484703948409592e-01
-2.650215464783447050e+00 9.718695978074970654e+00 7.213776971373201397e-01
-3.247104103041809520e+00 1.166501354808114854e+01 6.510134332060732998e-01
-3.842754522774291637e+00 1.351060613743571537e+01 4.807467160986369503e-01
-4.321582783860983490e+00 1.492247807846276864e+01 2.197875936383519857e-01
-4.665777372528885358e+00 1.590319122417525577e+01 -1.052008987972694598e-01
-4.857346108250026440e+00 1.645686593916953910e+01 -4.638081241832807677e-01
-4.879410029846320995e+00 1.658902048792367268e+01 -8.233078370399327106e-01
-4.718994153337970232e+00 1.630569079384752840e+01 -1.150357784499191904e+00
-4.372340888386235136e+00 1.561160467126713236e+01 -1.413068291811405697e+00
-3.839380892698152081e+00 1.451170410898710905e+01 -1.580955192993061864e+00
-3.120982520817096706e+00 1.301183854228020920e+01 -1.625466653053054156e+00
-2.217804778201556193e+00 1.111889218109861410e+01 -1.520819915107560094e+00
-1.249500925461223044e+00 9.018003386117436904e+00 -1.291972588357431118e+00
-3.362406470302457540e-01 6.889787307509386949e+00 -9.811741402028020254e-01
5.231689369641725484e-01 4.735328869003978980e+00 -5.925609270032752285e-01
1.332376120377540163e+00 2.555728014397137482e+00 -1.322210056663314925e-01
2.097558983329800064e+00 3.518551643176549004e-01 3.917078800353980261e-01
2.827323782182130874e+00 -1.875991040044496794e+00 9.691385216686831949e-01
3.530616700811956221e+00 -4.128675751678183126e+00 1.590325599022391456e+00
4.214375545270832468e+00 -6.407636303434705027e+00 2.248443142830065966e+00
4.883225767591570232e+00 -8.714428385280267975e+00 2.939971398965251392e+00
5.539409326845731840e+00 -1.105047661706091588e+01 3.664847495907022079e+00
6.153106102251958198e+00 -1.318399479582723721e+01 4.368824225526017457e+00
6.682315771309546903e+00 -1.488609188252503124e+01 4.992870503482128797e+00
7.108326612411566714e+00 -1.616231533029665712e+01 5.534211441831248024e+00
7.412196135694239629e+00 -1.701820075493780493e+01 5.991186593068141164e+00
7.575855009628993386e+00 -1.745926063952995833e+01 6.361688435020485421e+00
7.584347187541929713e+00 -1.749158670880745348e+01 6.638624014886049807e+00
7.430080492721410579e+00 -1.712413902674881427e+01 6.799817853005219348e+00
7.108970235942980054e+00 -1.636750109767633177e+01 6.817894737379131875e+00
6.618657000707403704e+00 -1.523287408134700804e+01 6.665661515636953638e+00
5.958049828741289744e+00 -1.373127035261677698e+01 6.318526343368070286e+00
5.211172896735074112e+00 -1.206044807755279002e+01 5.825401712861194348e+00
4.464561331587741932e+00 -1.041200424425267101e+01 5.249733564452311541e+00
3.721383321504342589e+00 -8.785392080053071595e+00 4.595056680529324034e+00
2.984580006631953442e+00 -7.177644298866954209e+00 3.868866485644980369e+00
2.256918204151117990e+00 -5.583032484869975498e+00 3.082663568353065209e+00
1.540982132579738151e+00 -3.992333566212447504e+00 2.253109671235575817e+00
8.389605719674095852e-01 -2.392896190334882878e+00 1.402255769910270455e+00
1.518059638845052906e-01 -7.738827818209741416e-01 5.493961051039251142e-01
-5.210473455050159686e-01 8.722342510683648298e-01 -2.908085923756180691e-01
-1.181636277216265185e+00 2.549479080529210240e+00 -1.108667987754623052e+00
-1.785763481650883389e+00 4.107263761307540229e+00 -1.819901145586062308e+00
-2.288441935582393061e+00 5.387631631722223702e+00 -2.355143764172090481e+00
-2.690479912553751074e+00 6.380549289928376666e+00 -2.733936747786641419e+00
-2.991030535132513268e+00 7.076617675251910100e+00 -2.977528778621670202e+00
-3.187481068601258460e+00 7.468188407528726813e+00 -3.106131999001764399e+00
-3.275275675548475984e+00 7.550925746191415655e+00 -3.134573968126573185e+00
-3.247277695143281129e+00 7.326617098443783505e+00 -3.065325481999424451e+00
-3.094864144437185161e+00 6.800798009204440220e+00 -2.893021983928813157e+00
-2.808445659887331747e+00 5.981579530636424558e+00 -2.607365362268106335e+00
-2.377662880568714776e+00 4.879299549218456100e+00 -2.194585934061338950e+00
-1.890559810192439016e+00 3.709222667337177981e+00 -1.732590261045318769e+00
-1.444009202245472689e+00 2.679184084415002776e+00 -1.307832506355550706e+00
-1.040942328016537077e+00 1.788791622449724006e+00 -9.197202042954824019e-01
-6.848842475808318842e-01 1.036329733568218003e+00 -5.699566239624578312e-01
-3.798615172053587119e-01 4.189005019699457155e-01 -2.619386076198484403e-01
-1.302750714023864775e-01 -6.739638509866589799e-02 -1.802769757219234437e-04
5.933311438259954163e-02 -4.270826799385406547e-01 2.104225565814365762e-01
1.845812045229073828e-01 -6.649034864526829347e-01 3.650548998152014502e-01
2.414050477347387813e-01 -7.857227487270656008e-01 4.589775055234297518e-01
2.261757813322502197e-01 -7.944558394236148624e-01 4.874848642497921491e-01
1.811794697674019294e-01 -7.575632331046548984e-01 4.867812192701791996e-01
1.511317288502853906e-01 -7.376291492965573182e-01 4.966484728366450940e-01
1.363696909414887359e-01 -7.337567490811660598e-01 5.177753801507717357e-01
1.371348166763404763e-01 -7.450684538274224833e-01 5.508773458103006782e-01
1.535666021283089988e-01 -7.707211372599560573e-01 5.966908099251571063e-01
1.857313068299731307e-01 -8.099464933007477496e-01 6.559258016302951244e-01
2.337314175899494195e-01 -8.621505093025380040e-01 7.291227578780949958e-01
2.976429388366971240e-01 -9.268549876028872037e-01 8.167415815736971396e-01
3.775110536210057322e-01 -1.003671459858452408e+00 9.191806573090220978e-01
4.733747000884671041e-01 -1.092300112331499706e+00 1.036757534563039318e+00
5.895589743996422216e-01 -1.191416515913101382e+00 1.167566374005421403e+00
7.304268275379247610e-01 -1.299937062762578810e+00 1.309502228649801259e+00
8.961366405257652490e-01 -1.418019325377045448e+00 1.462441830863466352e+00
1.086934878756391054e+00 -1.545834479862040478e+00 1.626157444544859887e+00
1.303177539577245359e+00 -1.683533863357757454e+00 1.800302279836749397e+00
1.545256925043233975e+00 -1.831077457165207312e+00 1.984594148479817299e+00
1.813266327446432680e+00 -1.987762988263251485e+00 2.179509690710224490e+00
2.107164827768776671e+00 -2.152567541730272538e+00 2.385889479072814900e+00
2.426836664105006758e+00 -2.324283167626219448e+00 2.604792125460990260e+00
2.772072896563874345e+00 -2.501523224948368096e+00 2.837516771642891289e+00
3.058006473296341010e+00 -2.624322215836390360e+00 3.020336389178669645e+00
3.199413961821978347e+00 -2.635501826342085518e+00 3.087460918691389278e+00
3.195604452884535540e+00 -2.538141635574243882e+00 3.036832853584704672e+00
3.046176663087191816e+00 -2.336117211253890158e+00 2.865479428137071682e+00
2.751155237442211465e+00 -2.034429457121829987e+00 2.569158872007239580e+00
2.311175377488827731e+00 -1.639866745353389721e+00 2.141769610570506188e+00
1.727607649902236364e+00 -1.161689856670018672e+00 1.574942564796911970e+00
1.002015602434723318e+00 -6.097285436308381712e-01 8.603356995335346147e-01
1.358969068489005172e-01 6.649371708924871338e-03 -9.299518243316508975e-03
-8.694434003677425915e-01 6.792969392739206524e-01 -1.039583492583035618e+00
-1.876223728873315899e+00 1.298665387140228278e+00 -2.067633716025603086e+00
-2.748380074633134384e+00 1.769370382167770206e+00 -2.920287539004321253e+00
-3.487473835218915408e+00 2.106459977835836384e+00 -3.586541879511704778e+00
-4.095064539410305571e+00 2.324678139916326103e+00 -4.056371829835150322e+00
-4.572596680842368144e+00 2.437111434989410963e+00 -4.321340762610224928e+00
-4.921295071800265042e+00 2.452946304466652627e+00 -4.375579363720211390e+00
-5.142021174451685717e+00 2.373977204118511430e+00 -4.217514785961742341e+00
-5.235348798843522999e+00 2.197570390201506463e+00 -3.847986187621779575e+00
-5.201555585225078104e+00 1.918802422833842947e+00 -3.269122306256189603e+00
-5.040569815619944549e+00 1.531843399243585147e+00 -2.483735779269905741e+00
-4.779810148917488455e+00 1.107338871206495101e+00 -1.640579301988531302e+00
-4.446461631714263341e+00 7.196729229581950715e-01 -8.867379770567138664e-01
-4.039886601024596402e+00 3.703703559905286991e-01 -2.219744233837133152e-01
-3.559568890635402827e+00 6.251172508422175866e-02 3.546199879990719062e-01
-3.005135934949907384e+00 -1.999646913359258704e-01 8.442666331802909374e-01
-2.376410312528068225e+00 -4.132412658150403928e-01 1.247941182138357696e+00
-1.673590963756859562e+00 -5.756205132387998136e-01 1.565378724213723149e+00
-8.972134032006091608e-01 -6.876072349756744417e-01 1.795347463767395846e+00
-4.802161121681908229e-02 -7.513535924811834965e-01 1.936124654107658216e+00
8.731474815740329909e-01 -7.702213601638254747e-01 1.985873883987288258e+00
1.636095845280800543e+00 -7.635138257841076470e-01 1.990553601667221617e+00
2.011022545686089735e+00 -7.485401777984965754e-01 1.998627638676517826e+00
1.997690116050235165e+00 -7.259461993680627057e-01 2.011773574337086146e+00
1.595856595444504977e+00 -6.959096811812580663e-01 2.030785008761725408e+00
8.052653171021744161e-01 -6.581678580290826197e-01 2.055099270766961528e+00
-3.742571123795714327e-01 -6.117685609646237310e-01 2.082428543941291288e+00
-1.942479206113548074e+00 -5.543491195833898377e-01 2.109117225025752163e+00
-3.899043775023792513e+00 -4.831998722907766552e-01 2.130758954644936587e+00
-6.243556809921821049e+00 -3.957289657026801244e-01 2.142734832223244013e+00
-8.975586766988438825e+00 -2.896467693883817418e-01 2.140762250202587591e+00
-1.170330610173278174e+01 -1.723532514319163766e-01 2.209795167361042090e+00
-1.403604191229678655e+01 -5.586549995949230407e-02 2.440935351217966787e+00
-1.597503704142342507e+01 5.432090769863417989e-02 2.840533751314922029e+00
-1.752123817082877366e+01 1.525590985568454627e-01 3.415602629488581954e+00
-1.867502343649634611e+01 2.337398849062370942e-01 4.173260259224702118e+00
-1.943608526643156154e+01 2.942251658694194916e-01 5.119527892857377083e+00
-1.980396122334099474e+01 3.330602348623230569e-01 6.256707202116165156e+00
-1.977794125062859365e+01 3.514282197881541947e-01 7.585103721880605221e+00
-1.935707507942011318e+01 3.524413620913762202e-01 9.103925509856548359e+00
-1.854030389254166167e+01 3.411497750149958819e-01 1.081155633833979302e+01
-1.742778610265945005e+01 3.894306315112405770e-01 1.248192400491865683e+01
-1.612051403332684174e+01 5.703856137753060551e-01 1.388872267047706366e+01
-1.461918880464403792e+01 8.912840097474230561e-01 1.502888320627461027e+01
-1.292500383452863488e+01 1.357617734358143480e+00 1.589842381162026186e+01
-1.103940168860777149e+01 1.972652785612284632e+00 1.649239685084138429e+01
-8.963531414648251427e+00 2.734617084264234776e+00 1.680539618066333674e+01
-6.697244342289462971e+00 3.629526311535206773e+00 1.683373096387238377e+01
-4.240195768137812848e+00 4.639459475901516861e+00 1.657514612824359546e+01
-1.592406015014449672e+00 5.746839633457127228e+00 1.602910222931882345e+01
1.245496135246543901e+00 6.936421846074711794e+00 1.519734651376525747e+01
4.126436679653132877e+00 8.007827610743866842e+00 1.419443360119982245e+01
6.903334760787458890e+00 8.767696390978677812e+00 1.314062312426839441e+01
9.574838913814275543e+00 9.217324683547371222e+00 1.204625502878006671e+01
1.213957334833888879e+01 9.362193749112273977e+00 1.091759538261085005e+01
1.459627116837475036e+01 9.212115089324194983e+00 9.755103484498068411e+00
1.694383176252819112e+01 8.783398767705890009e+00 8.550005634923930842e+00
1.918144651670469969e+01 8.101518542991374972e+00 7.279689489050490181e+00
2.130884156548935238e+01 7.189775413493728173e+00 5.918047073359242738e+00
2.332606601214425268e+01 6.066422271334766414e+00 4.440461217340121891e+00
2.523330103585228557e+01 4.744076384411874514e+00 2.826206520132206634e+00
2.676498266361839029e+01 3.394053438970540348e+00 1.107278645566291075e+00
2.765546882611526414e+01 2.174323392123072907e+00 -6.591780658798320758e-01
2.790558135627656711e+01 1.067178384307893246e+00 -2.449952518947049462e+00
2.751718820243082320e+01 4.834896556532619627e-02 -4.240930083950089191e+00
2.649316428625911257e+01 -9.116905630193414822e-01 -6.008932042029266896e+00
2.483692195788009016e+01 -1.842210378674442595e+00 -7.734992381129520034e+00
2.255097513222711569e+01 -2.755709033930566321e+00 -9.412180332918897108e+00
1.963727587306535938e+01 -3.654021345033635626e+00 -1.104151783065624315e+01
1.609747241755253100e+01 -4.532970942983179263e+00 -1.262908864543264542e+01
1.193295932689488481e+01 -5.384165852605006464e+00 -1.418484931127956017e+01
7.775497759448565915e+00 -6.146732988974170198e+00 -1.544492922985535621e+01
4.253680200694320845e+00 -6.751497161526970103e+00 -1.614172860285381006e+01
1.363547985415978658e+00 -7.172159976209119492e+00 -1.628241989643130339e+01
-8.990508284592246824e-01 -7.380229629150687032e+00 -1.587488342708264355e+01
-2.538075286349088522e+00 -7.347868726781622506e+00 -1.492731733538980876e+01
-3.557011752399628968e+00 -7.052336696193023613e+00 -1.344661839569054251e+01
-3.958886141799189851e+00 -6.481181988792380722e+00 -1.143548822805802700e+01
-3.746449725648774542e+00 -5.624617537559453595e+00 -8.895688643507615012e+00
-2.922072711444886117e+00 -4.473986602248952948e+00 -5.828872666001582381e+00
-1.487569123256292425e+00 -3.022412177836073077e+00 -2.236398024781121485e+00
2.042267529031064344e-01 -1.512466670039938954e+00 1.487468762906409836e+00
1.803659071403954428e+00 -2.018165791708499412e-01 4.954697972001228301e+00
3.314162033961505660e+00 8.934459165539729852e-01 8.172705082403391330e+00
4.738806141581129339e+00 1.758952463164570545e+00 1.114769673040423470e+01
6.079958965650790859e+00 2.381937581164554452e+00 1.388476101116765093e+01
7.338928834606875284e+00 2.751407339104091854e+00 1.638793428628674320e+01
8.515780672609883695e+00 2.859276084244427807e+00 1.866008121214476390e+01
9.609661117746407299e+00 2.700080299203519996e+00 2.070293288679657806e+01
1.061936454867107216e+01 2.270586002907879042e+00 2.251711632272895969e+01
1.154392508304478149e+01 1.569570115499299590e+00 2.410216542263105666e+01
1.220068925735646204e+01 7.617913411317536188e-01 2.509404076053747445e+01
1.240842785440440643e+01 1.528757780248746201e-02 2.512842888357247162e+01
1.216888183101968757e+01 -6.632225512484479779e-01 2.420400661808588794e+01
1.148354518169822924e+01 -1.265716735980957353e+00 2.231999711691701904e+01
1.035329222119541903e+01 -1.783991421346244444e+00 1.947626763511145853e+01
8.777531835349236644e+00 -2.212086419950558991e+00 1.567349519628677612e+01
6.752755042617707204e+00 -2.548703338582302802e+00 1.091314762689020412e+01
4.274653793090614329e+00 -2.788019097071416041e+00 5.196681910724533004e+00
1.339461826837947900e+00 -2.914886343238789035e+00 -1.474681988143084155e+00
-2.055243570152082810e+00 -2.901736676041464680e+00 -9.099924521403352173e+00
-5.351105605458572612e+00 -2.740939845405732989e+00 -1.643273210620300517e+01
-7.986408437218358358e+00 -2.444002435797987260e+00 -2.222772096588404978e+01
-9.957329448029073049e+00 -2.007656292516934116e+00 -2.648429917992878302e+01
-1.126082566514370953e+01 -1.441516592611074898e+00 -2.920039411844493671e+01
-1.189519289302879201e+01 -7.729066240187165704e-01 -3.037250905041843652e+01
-1.186137282041683605e+01 -5.821063488825473087e-02 -2.999601062012638408e+01
-1.116591533281563642e+01 5.960412306630908930e-01 -2.806667660317423696e+01
-9.820542436239776407e+00 1.062984762955974993e+00 -2.458466203031874997e+01
-7.841576926291608629e+00 1.217690093597115109e+00 -1.955517723228252436e+01
-5.249222084091405449e+00 9.530754280023869818e-01 -1.298674485294845127e+01
-2.471378043651977663e+00 3.424131544282154049e-01 -6.109954335222496979e+00
8.177821942150825807e-02 -4.245320256847721629e-01 -1.476967154472369759e-01
2.417185744535816916e+00 -1.252079744120726756e+00 4.906239867659334841e+00
4.545065103161084252e+00 -2.044551415537569916e+00 9.061935603029874997e+00
6.478116076046112504e+00 -2.714694492569324158e+00 1.233098109727367131e+01
8.229889313445941212e+00 -3.198185877276009226e+00 1.472238382246461441e+01
9.811581169941209879e+00 -3.486097804161305103e+00 1.623573096381959857e+01
1.123155284456790426e+01 -3.614148832576052239e+00 1.686387107137614549e+01
1.249567242362056874e+01 -3.645641709999466684e+00 1.659733819961765633e+01
1.360772711602488982e+01 -3.658124095247900165e+00 1.542746709600025312e+01
1.451950269413014283e+01 -3.733380508128473441e+00 1.387194843758401142e+01
1.518024015609363175e+01 -3.901178373093318719e+00 1.245022956503927070e+01
1.558914573470819676e+01 -4.159550737907252049e+00 1.115645761902071165e+01
1.574596521410399497e+01 -4.502638312486742400e+00 9.981878922740561322e+00
1.565089775105065151e+01 -4.922451893367199460e+00 8.914043261596400924e+00
1.530441729253444727e+01 -5.406989303502479416e+00 7.938719455884267973e+00
1.470676840177597988e+01 -5.934467613213730175e+00 7.049008438734098547e+00
1.385791253968698733e+01 -6.488674464067747394e+00 6.241816432027794903e+00
1.275756848138757782e+01 -7.061494209305357650e+00 5.516350793807875519e+00
1.140522623168056882e+01 -7.651255596858035801e+00 4.874207674076963315e+00
9.800161030456118638e+00 -8.261147442005631447e+00 4.319286699558070985e+00
7.941428327331266246e+00 -8.897648742379519859e+00 3.857726968466423934e+00
5.827826610749492708e+00 -9.568928823977595144e+00 3.497997995599019028e+00
3.457821005716596563e+00 -1.028317848712900151e+01 3.251219453338723309e+00
8.294267061365423466e-01 -1.104682770635095679e+01 3.131722765707855238e+00
-2.059440434588284408e+00 -1.186371434022945692e+01 3.153892593818285572e+00
-5.209315470547393190e+00 -1.273773509277010874e+01 3.319168912506517355e+00
-8.620209940439607976e+00 -1.367128462930851995e+01 3.624491369718417566e+00
-1.229197956361723421e+01 -1.466551766379939004e+01 4.065503045790278769e+00
-1.622424300858486035e+01 -1.572154663015503573e+01 4.636244607167008702e+00
-2.041629150526497227e+01 -1.684162523259130140e+01 5.328813193596204201e+00
-2.486699238572324333e+01 -1.803030329515240737e+01 6.133005355566789163e+00
-2.957468672570260182e+01 -1.929553198277079673e+01 7.035940548122104232e+00
-3.453707837601073294e+01 -2.064969136187070475e+01 8.021639409077565119e+00
