7.989869009091424279e-02 -9.058127309233705571e-01 -9.334401943393637602e-01
1.684434153497482156e-01 -1.036285481666912478e+00 -9.977469745235096887e-01
2.259351731471354319e-01 -1.120460938737775525e+00 -1.039581630857330019e+00
2.521500041174894458e-01 -1.158612921179681399e+00 -1.058697784405438824e+00
2.468717638799688419e-01 -1.151017486783300514e+00 -1.054844666858800073e+00
2.098922153792261436e-01 -1.097952813173123099e+00 -1.027767228825863466e+00
1.410099156569187273e-01 -9.996992933774649925e-01 -9.772074699983367418e-01
4.002786045669019105e-02 -8.565398954861112024e-01 -9.029069444980952763e-01
-9.325013498318227012e-02 -6.687608193842905502e-01 -8.046104094903174797e-01
-2.590243166687474785e-01 -4.366524530106017932e-01 -6.820706142624195500e-01
-4.575050994367286794e-01 -1.605105859928867562e-01 -5.350542705400679333e-01
-6.520261535053818447e-01 1.250283490334352932e-01 -3.754808722079713834e-01
-8.057057222841889077e-01 3.856397020554742650e-01 -2.155027327776673496e-01
-9.184758144559845849e-01 6.214422390231997273e-01 -5.519940483028581285e-02
-9.903108932170231471e-01 8.324902441260201291e-01 1.054187913476376526e-01
-1.021227424461912392e+00 1.018773213584495352e+00 2.664112044779729516e-01
-1.011284682525070533e+00 1.180215636461394046e+00 4.279064470831730471e-01
-9.605866061664585231e-01 1.316677214151618980e+00 5.901015626957601956e-01
-8.692844944939444041e-01 1.427953872087330378e+00 7.532611805105150493e-01
-7.375803328221758326e-01 1.513779913038630465e+00 9.177170770858368298e-01
-5.657305391779176018e-01 1.573831656450941363e+00 1.083868567287216589e+00
-3.870795630491763450e-01 1.601251012674171914e+00 1.219807192711505506e+00
-2.344120882750117540e-01 1.589809965172684025e+00 1.292936912652139281e+00
-1.071982236207955630e-01 1.540027002101973963e+00 1.302735097580114187e+00
-4.922277894226223527e-03 1.452333618425249995e+00 1.248753095879610031e+00
7.291389861801415850e-02 1.327072819173292340e+00 1.130612229541687386e+00
1.267853130503333592e-01 1.164500951152841246e+00 9.479996264516634685e-01
1.571369400810408157e-01 9.647924803746671385e-01 7.006637254484374688e-01
1.643764347739627152e-01 7.280472629898632198e-01 3.884093504467499014e-01
1.488672224707370262e-01 4.542997883887944233e-01 1.109232217489701869e-02
1.109225955494978766e-01 1.435298202481931629e-01 -4.313863514083707829e-01
7.284281236041055541e-02 -1.720155432929353079e-01 -8.649840015876204546e-01
5.665890250288073415e-02 -4.598951312954519532e-01 -1.215641934172621896e+00
6.234313285968585971e-02 -7.198244099961370601e-01 -1.483450798386474201e+00
9.000117467984508624e-02 -9.514547852117617444e-01 -1.668561688844571567e+00
1.398667214517695101e-01 -1.154372528504238105e+00 -1.771187790291610220e+00
2.122969858829948930e-01 -1.328097559329687982e+00 -1.791607842274715923e+00
3.077698509972035534e-01 -1.472083496395018898e+00 -1.730171128380280754e+00
4.268835083557433463e-01 -1.585720324880718346e+00 -1.587303743504416387e+00
5.703594648560229574e-01 -1.668340992069156981e+00 -1.363515931188474584e+00
7.390498037340544890e-01 -1.719233262579269672e+00 -1.059410295632716936e+00
9.155355946191457983e-01 -1.752723878190412199e+00 -7.442015484076612841e-01
1.081081130253550571e+00 -1.784028706862698321e+00 -4.865406833609208226e-01
1.234667468416120517e+00 -1.813803075308433543e+00 -2.862368276268130174e-01
1.375269850578033193e+00 -1.842768419803036295e+00 -1.430642568075510546e-01
1.501853286249995145e+00 -1.871702166852037719e+00 -5.675597660211922219e-02
1.613370610206805722e+00 -1.901431252534939942e+00 -2.699762276929905391e-02
1.708763431816371359e+00 -1.932829351245277438e+00 -5.342181148493235776e-02
1.786966324907030890e+00 -1.966817929142171462e+00 -1.356030465294816023e-01
1.846914580431724850e+00 -2.004371249071152050e+00 -2.730532728589588065e-01
1.887555864018748863e+00 -2.046525425568463952e+00 -4.652181610558493441e-01
1.899460228927885685e+00 -2.073433593121294827e+00 -6.587971760572940427e-01
1.874450093045995525e+00 -2.064022278769421348e+00 -8.008445827671420991e-01
1.813323278598391042e+00 -2.017584092131511575e+00 -8.913145732427762979e-01
1.716811332310489657e+00 -1.933465987613217640e+00 -9.301959014172787032e-01
1.585576957897490535e+00 -1.811068625334536941e+00 -9.175059264948750570e-01
1.420214094268849259e+00 -1.649848038359876146e+00 -8.532818300884869034e-01
1.221250442955505999e+00 -1.449319080926613657e+00 -7.375695584838191099e-01
9.891521370160067939e-01 -1.209060229728497582e+00 -5.704110460640454683e-01
7.243301068649297125e-01 -9.287194409950179086e-01 -3.518302671101403156e-01
4.271475477137697263e-01 -6.080209181213921399e-01 -8.181864374082065128e-02
1.383422688232681108e-01 -2.925063527005443698e-01 1.884628754587571731e-01
-1.017360175735915889e-01 -2.797229048028810131e-02 4.077771492988511715e-01
-2.933211722454290848e-01 1.854256212478252730e-01 5.760584978307896620e-01
-4.366252116985957499e-01 3.475498045975199402e-01 6.932459422603263199e-01
-5.318385909029111902e-01 4.582825356183924947e-01 7.592804229931578996e-01
-5.791301372794964708e-01 5.175266765641826083e-01 7.741034842783610648e-01
-5.786467378581263699e-01 5.252054980242233384e-01 7.376571871246337952e-01
-5.305129034821085554e-01 4.812617204985862318e-01 6.498850040063305356e-01
-4.348303316797612617e-01 3.856559083958914780e-01 5.107334473468558844e-01
-2.916775690757253403e-01 2.383643632362313913e-01 3.201541888630164978e-01
-1.361892175952520156e-01 7.657708780010971661e-02 1.188260451352786684e-01
-3.456857246610091534e-03 -6.251655632650369998e-02 -5.253494904617626859e-02
1.065247749305037878e-01 -1.789300649409133193e-01 -1.939145864510044281e-01
1.937638163418708703e-01 -2.726761110226016971e-01 -3.052971195129443038e-01
2.582714291632857151e-01 -3.437664214001205920e-01 -3.866652458249920099e-01
3.000619033891738785e-01 -3.922116710255697525e-01 -4.380001181563945578e-01
3.191527112973757130e-01 -4.180214092580881169e-01 -4.592813691499892936e-01
3.155645126996785566e-01 -4.212040332122753417e-01 -4.504871398291552809e-01
2.893211109997361752e-01 -4.017668234693469453e-01 -4.115941003472480264e-01
2.404493604982523292e-01 -3.597160573454744603e-01 -3.425774511554556812e-01
1.856914983976961642e-01 -3.078425094088449998e-01 -2.677021200854081684e-01
1.417366817382721966e-01 -2.589371565598693747e-01 -2.112695813681226276e-01
1.085396743614964327e-01 -2.130044895895990276e-01 -1.733054449731787627e-01
8.606253515058208403e-02 -1.700470755868724593e-01 -1.538312485713629052e-01
7.427466319392760086e-02 -1.300654939466646121e-01 -1.528645415750006509e-01
7.315283477943466950e-02 -9.305834470625447274e-02 -1.704189423303775208e-01
8.268122966811884689e-02 -5.902230833350601003e-02 -2.065041732987928647e-01
1.028514439612162878e-01 -2.795223612054206427e-02 -2.611260791551926475e-01
1.336624869319178455e-01 1.587496375024529749e-04 -3.342866327133823257e-01
1.751207593214290370e-01 2.531916644443972519e-02 -4.259839335194985921e-01
2.345943720806669408e-01 3.954057892798049090e-02 -5.341237966512489832e-01
3.195106037438964486e-01 3.489320676483612799e-02 -6.565815440441984396e-01
4.299862594416339334e-01 1.148984296237750419e-02 -7.932958638304150600e-01
5.661589344487971687e-01 -3.053553943900398984e-02 -9.441917014215228665e-01
7.281861462207693814e-01 -9.102630785232727895e-02 -1.109181396514584250e+00
9.162442732225747344e-01 -1.698012050126788963e-01 -1.288166433262163624e+00
1.130527261809887607e+00 -2.666518582706712825e-01 -1.481039931766498841e+00
1.371245042732381014e+00 -3.813397456950697317e-01 -1.687690019249453499e+00
1.638621573616896310e+00 -5.135926319618009384e-01 -1.908004231235207682e+00
1.932892392786587088e+00 -6.631005279152041298e-01 -2.141875105869091467e+00
2.185857497329134702e+00 -7.882575431375596908e-01 -2.341351136891536733e+00
2.328572322755715351e+00 -8.482097979003667687e-01 -2.458914006433271737e+00
2.360157308628022310e+00 -8.437878841052676160e-01 -2.495107574967492692e+00
2.279729066645451496e+00 -7.758824814916318591e-01 -2.450463954697799096e+00
2.086402259381726410e+00 -6.454396600109010285e-01 -2.325507647583284321e+00
1.779288328200953062e+00 -4.534477981630895549e-01 -2.120770619859456474e+00
1.357490338367259186e+00 -2.009164422832620533e-01 -1.836819128192021200e+00
8.200937139599370207e-01 1.111530247006351363e-01 -1.474292826854085137e+00
1.661534302001182184e-01 4.818058821569750072e-01 -1.033956280919080539e+00
-6.053206707057618985e-01 9.101839545202979886e-01 -5.167624503360375154e-01
-1.355343464917399876e+00 1.313238843657187793e+00 -1.153275057883712887e-02
-1.943340430349807413e+00 1.609355823896053694e+00 3.941332329003027768e-01
-2.368075372633589470e+00 1.799875238387416365e+00 7.008572456449744248e-01
-2.628452511776639078e+00 1.886024559656525046e+00 9.091962714715079441e-01
-2.723507822619593455e+00 1.868896428352667671e+00 1.019663568326071301e+00
-2.652405441321339374e+00 1.749441999465486619e+00 1.032726706320099552e+00
-2.414437814976162056e+00 1.528477631920509783e+00 9.487869770526238256e-01
-2.009028405319980504e+00 1.206702812308981798e+00 7.681445721319121178e-01
-1.435736518161912390e+00 7.847263957309046356e-01 4.909535502372560090e-01
-6.942650149560670725e-01 2.630970140922476164e-01 1.171699165874616200e-01
6.073405110220848196e-02 -2.489079750711425676e-01 -2.589330669538051910e-01
6.744259415258629931e-01 -6.425927580591878074e-01 -5.427173796088479163e-01
1.146745803881528136e+00 -9.181875371471097669e-01 -7.339918668648026667e-01
1.477662047371147924e+00 -1.075754597948051394e+00 -8.327304186201686109e-01
1.667175991165396054e+00 -1.115188439482371008e+00 -8.390714862164510013e-01
1.715319070159994741e+00 -1.036218447819879707e+00 -7.533211448006302824e-01
1.622151671232187509e+00 -8.384117836282765079e-01 -5.759564490431795525e-01
1.387767707111659643e+00 -5.211739483539067352e-01 -3.076260431730623024e-01
1.012309065338397707e+00 -8.374434587940746133e-02 5.085486122060151742e-02
4.959940683899534686e-01 4.748156954263264007e-01 4.985181933565938639e-01
-3.425560477292878547e-02 1.034339492684438699e+00 9.301821832045131799e-01
-4.516609922964166524e-01 1.473247045956500134e+00 1.242136416203213134e+00
-7.560423316549524930e-01 1.790606495954342847e+00 1.435511709859514040e+00
-9.471255637395530336e-01 1.985613092613773389e+00 1.511422456647469659e+00
-1.024557743396128373e+00 2.057576877894283118e+00 1.470960557611755926e+00
-9.879066051361899969e-01 2.005920732635676274e+00 1.315194969642512257e+00
-8.366460982662149437e-01 1.830189420940937728e+00 1.045174492752655171e+00
-5.701296388713961161e-01 1.530070440545043597e+00 6.619314295159508532e-01
-1.875529594905782638e-01 1.105428048531529539e+00 1.664831449388586293e-01
3.120911000134919400e-01 5.563526292966095577e-01 -4.401726368162066638e-01
8.268280077249612336e-01 -3.155894262756854703e-03 -1.043928501904381356e+00
1.253174554581337752e+00 -4.592745491902216481e-01 -1.531895772723612881e+00
1.590072342696305041e+00 -8.119395777806879266e-01 -1.904955651755606327e+00
1.836471992849127988e+00 -1.061078398519945232e+00 -2.164012472297975886e+00
1.991321638976059072e+00 -1.206635978443006296e+00 -2.309979348965425228e+00
2.053562433899511319e+00 -1.248587883826930867e+00 -2.343770287908864880e+00
2.022130831793660377e+00 -1.186939846738231275e+00 -2.266299061633143541e+00
1.895966954676884919e+00 -1.021713735304936588e+00 -2.078485532712991635e+00
1.674028362037473849e+00 -7.529198993333940937e-01 -1.781270087286279891e+00
1.355309047231392228e+00 -3.805159245505815857e-01 -1.375636429836401220e+00
9.922812678390638963e-01 1.288505252181196964e-02 -9.328220237383896274e-01
6.384755181656992518e-01 3.444271835268654103e-01 -5.229357143319559587e-01
2.944094353572809797e-01 6.139339520326674293e-01 -1.454581965386294307e-01
-3.954806184673326230e-02 8.213132350723612030e-01 1.999466592985371383e-01
-3.631819352979567261e-01 9.665454338950010271e-01 5.134337457876583244e-01
-6.764315634259345789e-01 1.049678236357292516e+00 7.949768925467650682e-01
-9.793883141973539486e-01 1.070827229400303615e+00 1.044368223452559530e+00
-1.272291680119495894e+00 1.030181536315389002e+00 1.261217789624628383e+00
-1.555525439925222297e+00 9.280136362047824994e-01 1.444954631982324544e+00
-1.829615300690139446e+00 7.646925187811730584e-01 1.594830435080216935e+00
-2.064874066986399193e+00 5.817730083282341980e-01 1.704398087481617585e+00
-2.230763630694703625e+00 4.203465586027317347e-01 1.768374677022956920e+00
-2.326695418884872080e+00 2.801630743476007934e-01 1.787570284431332590e+00
-2.352150911207193218e+00 1.609617473073742533e-01 1.762710898026131234e+00
-2.306677847401136461e+00 6.247087127653925404e-02 1.694433621060017714e+00
-2.189887051285868136e+00 -1.558747516106555667e-02 1.583284381158027498e+00
-2.001449572181923653e+00 -7.348899437143956159e-02 1.429718122189319818e+00
-1.741093909115434712e+00 -1.114960885752706993e-01 1.234101358161806772e+00
-1.408603180785319431e+00 -1.298451847040176521e-01 9.967168229686763636e-01
-1.003812220503003561e+00 -1.287334285485708107e-01 7.177697840139071195e-01
-5.944869541937856106e-01 -1.152879404312273232e-01 4.391627519766727050e-01
-2.484284541301007565e-01 -9.651138165069671204e-02 2.027729109132972996e-01
3.442547749137805924e-02 -7.237998151099110655e-02 8.689952566542754470e-03
2.541165672127030373e-01 -4.287296449377858004e-02 -1.430268806594669206e-01
4.106658165802388183e-01 -7.971617006559489349e-03 -2.523489716410447503e-01
5.040733494022289207e-01 3.234080934969521537e-02 -3.192784089388328583e-01
5.343183677095910689e-01 7.807868431904614603e-02 -3.438480020671786930e-01
5.013592275211483651e-01 1.292534044931029080e-01 -3.261212571187707132e-01
4.051336426272468261e-01 1.858729477547416409e-01 -2.661923423754113394e-01
2.455590196804274539e-01 2.479419057957121530e-01 -1.641860804938430896e-01
6.389417509110627280e-02 3.077766068704160252e-01 -4.873259830771980994e-02
-9.850327115448243021e-02 3.576912109687352959e-01 5.168187236654757377e-02
-2.415834966092701708e-01 3.976887698366555757e-01 1.371197805575584405e-01
-3.652994503157512840e-01 4.277772248238768671e-01 2.076373611431546751e-01
-4.696069136821585110e-01 4.479688821600324999e-01 2.632847550512317225e-01
-5.544645090311111080e-01 4.582800536392469537e-01 3.041061097594064955e-01
-6.198336711694154566e-01 4.587308434390243717e-01 3.301396523021412066e-01
-6.656785959282456311e-01 4.493450621894359842e-01 3.414177287547810469e-01
-6.919661788005818659e-01 4.301502498931176754e-01 3.379668051096170744e-01
-6.986659564858793692e-01 4.011777897760164246e-01 3.198074247406600956e-01
-7.024650091738070534e-01 3.739215853536904111e-01 2.945867854532993046e-01
-7.200443085446667224e-01 3.598773555511464162e-01 2.699681297846442396e-01
-7.513688685213091301e-01 3.590793639724004227e-01 2.459952999863032341e-01
-7.964069946055162275e-01 3.715578611233187334e-01 2.227169838833273352e-01
-8.551303464680503064e-01 3.973390143173061162e-01 2.001867923176638420e-01
-9.275140412330689088e-01 4.364447756358395547e-01 1.784633783923962325e-01
-1.013536805518263861e+00 4.888926798267150264e-01 1.576105853453880490e-01
-1.113181184412713520e+00 5.546955638450370429e-01 1.376976088211540605e-01
-1.226433815712231867e+00 6.338611995831278101e-01 1.187991578307475010e-01
-1.353285777824386527e+00 7.263918312722643655e-01 1.009955967267062993e-01
-1.475553507866273817e+00 8.277765573465007964e-01 8.386205865768452117e-02
-1.575056522461213637e+00 9.334890507781793412e-01 6.708086087800538277e-02
-1.651797667500005895e+00 1.043502354658411679e+00 5.091850362460971502e-02
-1.705785705215867587e+00 1.157786501155956493e+00 3.566933226494924808e-02
-1.737036950146812142e+00 1.276307655745265501e+00 2.165522664949563053e-02
-1.745577139852298787e+00 1.399027637624430609e+00 9.225247885343165755e-03
-1.731443550745394022e+00 1.525903889579673045e+00 -1.244759771541967264e-03
-1.694687369383804487e+00 1.656889969499334425e+00 -9.352613095753928296e-03
-1.635376329572732157e+00 1.791936634548212615e+00 -1.467028268790382395e-02
-1.553597625574841157e+00 1.930993587755883478e+00 -1.674444125878931169e-02
-1.463040239894677796e+00 2.050762328224662756e+00 -1.373709665107674185e-02
-1.377402395991808248e+00 2.127917973541487040e+00 -4.613143155795390582e-03
-1.296793673056045426e+00 2.162384965918473068e+00 9.916423968907385478e-03
-1.221310653260008650e+00 2.154105567321766390e+00 2.916967996665063845e-02
-1.151036966284451513e+00 2.103037392351092549e+00 5.249474386120445146e-02
-1.086045275550225453e+00 2.009151279760838182e+00 7.927085405723785505e-02
-1.026401050197783826e+00 1.872429485716443853e+00 1.089094690533907034e-01
-9.721679601997041953e-01 1.692864186711183772e+00 1.408553399970763897e-01
-9.234147260228743326e-01 1.470456285183513678e+00 1.745875408840947274e-01
-8.802232494749731018e-01 1.205214515990859159e+00 2.096204942346871769e-01
-8.368908694890612177e-01 9.312325750917291867e-01 2.422173833129846188e-01
-7.875736255881742309e-01 6.826179471383547748e-01 2.691307643439230790e-01
-7.321654622987484595e-01 4.593985693507526280e-01 2.906175406608803580e-01
-6.705693289171456017e-01 2.615948264641966836e-01 3.069084257928883508e-01
-6.026948753535122938e-01 8.922016558966046340e-02 3.182068567359141453e-01
-5.284568098132758074e-01 -5.771823915754465545e-02 3.246881654508244619e-01
-4.477738411623877757e-01 -1.792188002722909235e-01 3.264989730072086482e-01
-3.605681238510382025e-01 -2.752848349959293728e-01 3.237567826912142732e-01
-2.667651198258225720e-01 -3.459239131401935508e-01 3.165497562687610289e-01
-1.662937896416411265e-01 -3.911472590880025191e-01 3.049366620733571231e-01
-8.841065705196647639e-02 -4.070374661126793803e-01 2.960525153788570729e-01
-6.232392004689848303e-02 -3.895723079052267890e-01 2.971708548600973110e-01
-8.789342289272956965e-02 -3.386062623617247525e-01 3.085226890286714707e-01
-1.649789041222068098e-01 -2.539915324993099466e-01 3.303209812105572518e-01
-2.934407122444586125e-01 -1.355789478922936053e-01 3.627616993297206327e-01
-4.731408175577737629e-01 1.678037922866064749e-02 4.060256931296964411e-01
-7.039440651966016871e-01 2.032327359091823660e-01 4.602813887397971260e-01
-9.857196345495549128e-01 4.239189004029923491e-01 5.256882647061923430e-01
-1.318342696914360346e+00 6.789706875727435920e-01 6.024010407811837275e-01
-1.701696295873851072e+00 9.685069561210654099e-01 6.905744714668072826e-01
-2.059102077192215052e+00 1.242201914472969904e+00 7.736513674216362046e-01
-2.314115152685519927e+00 1.449428806795758806e+00 8.348980857131625966e-01
-2.466978644870896797e+00 1.589844105872935343e+00 8.742300702655111388e-01
-2.517933275889629563e+00 1.663103768989451003e+00 8.915872382955661868e-01
-2.467217131575131450e+00 1.668864123134992772e+00 8.869319700156540476e-01
-2.315065282762854171e+00 1.606781911848945699e+00 8.602504964115899044e-01
-2.061709148788054335e+00 1.476513696199614589e+00 8.115576566072815190e-01
-1.707375463703404650e+00 1.277714843738448680e+00 7.409050158943473186e-01
-1.252284631506242585e+00 1.010038452426287314e+00 6.483923636546189417e-01
-6.966481332986106390e-01 6.731347431898497824e-01 5.341826360570333110e-01
-1.292098200601908276e-01 3.182577545713866640e-01 4.072319232303009962e-01
3.615329198917471842e-01 -2.871002711843448872e-03 2.762049864803620691e-01
7.757071252452363286e-01 -2.899923804855203402e-01 1.409486195370592554e-01
1.113383384143731059e+00 -5.429695324824908020e-01 1.387897979679860588e-03
1.374573906505519583e+00 -7.617887036797982292e-01 -1.424767288167708423e-01
1.559232530553688045e+00 -9.465587878472612182e-01 -2.905687727274751664e-01
1.667256445435252088e+00 -1.097510314142410293e+00 -4.427328267372665493e-01
1.698489421279213651e+00 -1.214994503262299297e+00 -5.987308419698211814e-01
1.652726318374702963e+00 -1.299483071088121111e+00 -7.582389128314896976e-01
1.529718614548741584e+00 -1.351569521627922210e+00 -9.208458795610124925e-01
1.368713917533390223e+00 -1.369710844646041537e+00 -1.060128025303280985e+00
1.209341435923046770e+00 -1.351435497462429414e+00 -1.150338148206484501e+00
1.051851871860041587e+00 -1.296099401051852285e+00 -1.191983521979500527e+00
8.964331732588414203e-01 -1.203138055148424312e+00 -1.185526640684451127e+00
7.432125016883681656e-01 -1.072063447635644762e+00 -1.131379606161297291e+00
5.922609178110540551e-01 -9.024618525022832793e-01 -1.029899118581119488e+00
4.436000939842469903e-01 -6.939922087293505237e-01 -8.813822803794416627e-01
2.972103480163610922e-01 -4.463848232895976653e-01 -6.860633743381411298e-01
1.530392834013986070e-01 -1.594402032512890754e-01 -4.441117174615786811e-01
1.101032339735059408e-02 1.669721147894210611e-01 -1.556306327890171759e-01
-1.287224588450418539e-01 4.944656153821434530e-01 1.324683621559721858e-01
-2.658299162014623462e-01 7.846292182800018722e-01 3.732918938225244232e-01
-4.001031779417055234e-01 1.037550524847536737e+00 5.667830028825180388e-01
-5.312836464949558524e-01 1.253374220283787199e+00 7.128452149366266699e-01
-6.590607867061019087e-01 1.432300612572595888e+00 8.113464256656244267e-01
-7.830698941015212799e-01 1.574584809912610295e+00 8.621230415664038471e-01
-9.028903484294517057e-01 1.680536766024477879e+00 8.649841515768513789e-01
-1.018044819095612175e+00 1.750522449737470065e+00 8.197154878260524136e-01
-1.127999853526008289e+00 1.784966422095826566e+00 7.260829178412704366e-01
-1.232168254243552141e+00 1.784356124193443804e+00 5.838352011488678883e-01
-1.307859000076105227e+00 1.755307884805065388e+00 4.262335294786601114e-01
-1.333085978662794657e+00 1.703764638213490556e+00 2.871131450601001056e-01
-1.308262381158613596e+00 1.629298147622878501e+00 1.670350765051338560e-01
-1.233772809935235193e+00 1.531536675210961596e+00 6.651051235540131334e-02
-1.109968627081955539e+00 1.410165044817961677e+00 -1.399642308495243487e-02
-9.371635760407601712e-01 1.264926777231918820e+00 -7.406435800685380599e-02
-7.156296714882605103e-01 1.095627994107330139e+00 -1.133092662742732348e-01
-4.455933185926430062e-01 9.021428251409780996e-01 -1.313784562151527058e-01
-1.272315800393075680e-01 6.844200968780447258e-01 -1.279445076324123298e-01
2.393315364768793252e-01 4.424911221220765301e-01 -1.026997813650088048e-01
6.016916479670367801e-01 2.038952802315309454e-01 -6.942868717482565677e-02
9.074929216665927889e-01 -3.941371525062189844e-03 -4.231770409990125159e-02
1.156727057687512605e+00 -1.810958674920693789e-01 -2.165565406446162341e-02
1.349380655494373915e+00 -3.276533152698538620e-01 -7.706431424126477560e-03
1.485433176895377683e+00 -4.437094817168538707e-01 -7.079122404361377907e-04
1.564855666248644583e+00 -5.293721393558336041e-01 -8.710573262215165480e-04
1.587610148024943824e+00 -5.847613464850608400e-01 -8.379303411218768510e-03
1.553649616995905758e+00 -6.100088474861065091e-01 -2.338836099669946988e-02
1.462918531040012571e+00 -6.052567892999287658e-01 -4.602654274649492505e-02
1.315353712330327385e+00 -5.706559537895172785e-01 -7.639573656302647842e-02
1.128545331850486111e+00 -5.118802713036636476e-01 -1.032164772763343730e-01
9.201689525249543422e-01 -4.343975985580069143e-01 -1.152250524298012307e-01
6.902734936871898208e-01 -3.380809670166602943e-01 -1.125132707919771213e-01
4.388935619351319040e-01 -2.228374359888500300e-01 -9.515188484588653350e-02
1.660499364828751656e-01 -8.860724919782765607e-02 -6.318920855481005572e-02
-1.282499275843908271e-01 6.463681372520702073e-02 -1.665007151609539451e-02
-4.440114924135162289e-01 2.368898384653990441e-01 4.446479199002572463e-02
-7.812529391460452111e-01 4.281148814203955544e-01 1.201788186858093466e-01
-1.140005286485112901e+00 6.382427400338837042e-01 2.105390501594217867e-01
-1.520312927331575414e+00 8.671713649438761440e-01 3.156148072355863254e-01
-1.857134825246930854e+00 1.079575820712191048e+00 4.147719308046851072e-01
-2.085349328497591248e+00 1.240247666786520986e+00 4.874520185672117645e-01
-2.204885858322712888e+00 1.349213463090604970e+00 5.338961584800948623e-01
-2.215673865796794040e+00 1.406472792588970622e+00 5.544041901271176132e-01
-2.117644004666343616e+00 1.411997538226590798e+00 5.493345935924306422e-01
-1.910728424423512539e+00 1.365733500698089298e+00 5.191041442684113383e-01
-1.594859729903077117e+00 1.267605082908617398e+00 4.641877792434446759e-01
-1.169968169172847183e+00 1.117523745814407388e+00 3.851191023585039952e-01
-6.359766409363101225e-01 9.154009427379405928e-01 2.824918348107035015e-01
7.206846526957052038e-03 6.611662821831988390e-01 1.569622673795043333e-01
6.475118880052190828e-01 3.985279801633876406e-01 3.157301054511788690e-02
1.172741620654507377e+00 1.713492583431172334e-01 -7.157331251999451971e-02
1.582832641458932210e+00 -2.018627485145337019e-02 -1.531272308260867299e-01
1.877734442976226381e+00 -1.759128755351021811e-01 -2.136683115099499708e-01
2.057404318713784708e+00 -2.956917970920597272e-01 -2.537068625990575033e-01
2.121804478380617809e+00 -3.794149162930811614e-01 -2.736841810562000155e-01
2.070901017570163649e+00 -4.270037936098636244e-01 -2.739716948937605534e-01
1.904664377258975083e+00 -4.384050943985970394e-01 -2.548694426657985290e-01
1.623070930150577906e+00 -4.135833187570182590e-01 -2.166042969159626408e-01
1.226105342175105362e+00 -3.525118258705094987e-01 -1.593282060970402647e-01
7.991273363876593150e-01 -2.724832752829651761e-01 -9.711243996622156982e-02
4.274807617336447430e-01 -1.908214993842911600e-01 -4.408250593402398415e-02
1.111426849290640811e-01 -1.075454157389542503e-01 -3.762547527878027081e-04
-1.499015786137454509e-01 -2.266880888597721383e-02 3.391971099484611396e-02
-3.556581184337716528e-01 6.380078654838593211e-02 5.876980153051405975e-02
-5.061242724819186023e-01 1.518622172225194411e-01 7.418936455131189267e-02
-6.012886758673327003e-01 2.415201963793109086e-01 8.024473591706873798e-02
-6.411315321453016081e-01 3.327844808930245923e-01 7.705337205782368526e-02
-6.256251242049556405e-01 4.256690778503790518e-01 6.478402113192222034e-02
-5.547345805780002914e-01 5.201918192384894502e-01 4.365689728042665418e-02
-4.586047277543576217e-01 5.978093249496728712e-01 2.050054581515643737e-02
-3.674315989281473072e-01 6.399502567941380837e-01 1.837897755178476839e-03
-2.812458572941798352e-01 6.465978154866569572e-01 -1.250854516557987905e-02
-2.000716745181732870e-01 6.177389823571207694e-01 -2.268636799889032704e-02
-1.239269206384101818e-01 5.533639072116207647e-01 -2.881314135600435838e-02
-5.282365714310435778e-02 4.534654752708285885e-01 -3.097629622675619754e-02
1.323119328436308563e-02 3.180390329544143801e-01 -2.923299563486082830e-02
7.423512739896188928e-02 1.470822525639834677e-01 -2.361002033578397594e-02
1.301894199702759158e-01 -5.940488375573872715e-02 -1.410368177373674294e-02
1.810986882051008329e-01 -3.014200001302047016e-01 -6.797725119872362809e-04
2.254003160748923595e-01 -5.383965393925502774e-01 1.084632731142338817e-02
2.615046649853108862e-01 -7.297814592257444444e-01 1.458220384687286195e-02
2.893679932862009418e-01 -8.755927756681335383e-01 1.046916239077577346e-02
3.089325543680291331e-01 -9.758512534281917894e-01 -1.551499122874818413e-03
3.201262976963639706e-01 -1.030580493019467525e+00 -2.153812885252987669e-02
3.228627651734130577e-01 -1.039807024578544903e+00 -4.954847716441387884e-02
3.170411830063238345e-01 -1.003560422301897015e+00 -8.563965014995701674e-02
3.025467460676175002e-01 -9.218734540642151698e-01 -1.298683416828484982e-01
2.792510904979301212e-01 -7.947822807575707360e-01 -1.822914244123551297e-01
2.470129521786671445e-01 -6.223267190191476006e-01 -2.429669775952789934e-01
2.272036877835922342e-01 -4.508152211754034022e-01 -2.989900570289678039e-01
2.414415753098056450e-01 -3.264341817999192874e-01 -3.374556094410676166e-01
2.899444416615884479e-01 -2.490336921432233785e-01 -3.583869546904972503e-01
3.729255507941004466e-01 -2.184473579813180077e-01 -3.617593631270707433e-01
4.905934245838796670e-01 -2.344921956211121761e-01 -3.475002811754872578e-01
6.431518794799873096e-01 -2.969685152314503473e-01 -3.154906870539498365e-01
8.308005697638705112e-01 -4.056596024060142303e-01 -2.655676219897391555e-01
1.053736315145347380e+00 -5.603310260889251548e-01 -1.975279501783667735e-01
1.312155466744920895e+00 -7.607294305165958059e-01 -1.111334190984070852e-01
1.606257531135755645e+00 -1.006580713142253725e+00 -6.117125507986015398e-03
1.878276864904449672e+00 -1.246604770624142100e+00 9.757173897547720409e-02
2.070167893654336400e+00 -1.429935617906766154e+00 1.797430512896942834e-01
2.181721802721715786e+00 -1.556886942114884098e+00 2.403574472310126831e-01
2.212735222495126219e+00 -1.627747903166039123e+00 2.794287312074669183e-01
2.163010037014765352e+00 -1.642782176934369121e+00 2.970253027598787066e-01
2.032353753746934277e+00 -1.602227368655209760e+00 2.932691883073987316e-01
1.820579975741078993e+00 -1.506295339400424593e+00 2.683329743558920955e-01
1.527508532086959692e+00 -1.355173948961230002e+00 2.224349727601692417e-01
1.152964865837498243e+00 -1.149030646916969767e+00 1.558329580053112728e-01
6.967783469439929878e-01 -8.880182520435285776e-01 6.881678233666754796e-02
2.356596601551563808e-01 -6.160461886971475565e-01 -2.039225052635768726e-02
-1.534996086815232641e-01 -3.768918416047468134e-01 -9.403114378657249917e-02
-4.706076868359161947e-01 -1.705119492578346108e-01 -1.524454384716542044e-01
-7.155865896655967395e-01 3.132141313280006716e-03 -1.959361030112597712e-01
-8.883695722316198307e-01 1.440784160995200736e-01 -2.247582899028758852e-01
-9.888995804804079359e-01 2.523660551307412292e-01 -2.391205619930145965e-01
-1.017128535411521817e+00 3.280356138748559136e-01 -2.391845161677099707e-01
-9.730172712139335545e-01 3.711279332997240443e-01 -2.250647774341378027e-01
-8.565359447621488931e-01 3.816821906505016848e-01 -1.968293455307476847e-01
-6.676647368924313319e-01 3.597335028738696261e-01 -1.545002598908518654e-01
-4.601520035947106457e-01 3.223546559226575514e-01 -1.059752303702352350e-01
-2.877533086614866287e-01 2.865773270461138833e-01 -5.923236106038352877e-02
-1.504641395364063050e-01 2.523799595651928240e-01 -1.437257521422285848e-02
-4.827957054991569713e-02 2.197544021373117884e-01 2.851306973384461207e-02
1.880557042974510817e-02 1.887054155890662277e-01 6.934340748463010962e-02
5.079658972787314680e-02 1.592504403904368704e-01 1.080471054752341065e-01
4.769886469994513017e-02 1.314195846329481721e-01 1.445625795509889733e-01
9.517824775534573442e-03 1.052557922399047219e-01 1.788379333215315836e-01
-6.374102789413495229e-02 8.081515137503285373e-02 2.108309743901766731e-01
-1.720720625824233851e-01 5.816730306425986485e-02 2.405093605445314531e-01
-2.764910772217418766e-01 3.910594011441152762e-02 2.588665521642372069e-01
-3.380028268139396719e-01 2.533250927777342190e-02 2.569339322797152270e-01
-3.565873078753664660e-01 1.679854521229328518e-02 2.347414385553780736e-01
-3.322275904703475558e-01 1.346865505786666584e-02 1.923160553333429224e-01
-2.649097369025966708e-01 1.532058114874876482e-02 1.296818558368873775e-01
-1.546227121742410893e-01 2.234535174474995556e-02 4.686013172020053047e-02
-1.358315878811588735e-03 3.454749904173328584e-02 -5.613045795759965401e-02
1.948888339155925575e-01 5.194532514659126743e-02 -1.792737876248939322e-01
4.341212332416278241e-01 7.457119724798461080e-02 -3.225562870626911272e-01
7.163383088331183313e-01 1.024718517743072738e-01 -4.859671574148297091e-01
1.005601743607828169e+00 1.287285158789099326e-01 -6.441039954149332392e-01
1.265985877277537419e+00 1.464589403829877345e-01 -7.715416975269906441e-01
1.497507455010166577e+00 1.558084525343679527e-01 -8.682254291634826648e-01
1.700186373900831605e+00 1.569672988769163224e-01 -9.340873372017800547e-01
1.874044949382984049e+00 1.501713559713122870e-01 -9.690485843720640924e-01
2.019107468134793137e+00 1.357027459005025194e-01 -9.730214921268260930e-01
2.135400200915491098e+00 1.138902891213340596e-01 -9.459116446631771202e-01
2.222952049836731003e+00 8.510974668934125076e-02 -8.876198000562162127e-01
2.281796004741386330e+00 4.978382220135023351e-02 -7.980434496529950072e-01
2.311971582641435319e+00 8.381908014651634486e-03 -6.770778649665657456e-01
2.317624983528484783e+00 -3.424844291623693748e-02 -5.536133934255759170e-01
2.302856759756747973e+00 -7.408487700718337232e-02 -4.566487089587775716e-01
2.267643333475875878e+00 -1.118439514802776341e-01 -3.862200321999302299e-01
2.211956197050542361e+00 -1.482194489594739761e-01 -3.423330469182336300e-01
2.135760283135267557e+00 -1.838816583177909636e-01 -3.249646702853581925e-01
2.039013667718787559e+00 -2.194768434801055157e-01 -3.340657114858877619e-01
1.921668522559036640e+00 -2.556269920969677645e-01 -3.695643554087005289e-01
1.783673231192552722e+00 -2.929299227677367723e-01 -4.313704080579204847e-01
1.624975582266184437e+00 -3.319598063562053114e-01 -5.193802420498986328e-01
1.445526955699366178e+00 -3.732681250120424843e-01 -6.334823847482431436e-01
1.274334393605344840e+00 -4.160248731819120027e-01 -7.467090136543809153e-01
1.140510389517948697e+00 -4.586216480768018355e-01 -8.322691695141832824e-01
1.044170084628226247e+00 -5.004313671456913637e-01 -8.903375479235349221e-01
9.854309575500652674e-01 -5.408328934494756046e-01 -9.211130117890473645e-01
9.644112809124584240e-01 -5.792103741149701168e-01 -9.248167402480055310e-01
9.812296840016155874e-01 -6.149532251602705113e-01 -9.016919319852285675e-01
1.036005806370453586e+00 -6.474568742708227687e-01 -8.520050356491067900e-01
1.128862025094426125e+00 -6.761243700901956588e-01 -7.760484809953986929e-01
1.259926232280442981e+00 -7.003689817114984173e-01 -6.741448785358228335e-01
1.429335628990158646e+00 -7.196179447489233771e-01 -5.466526411403695995e-01
1.580423704298192122e+00 -7.195750500923067117e-01 -4.194668813394136775e-01
1.656201685705030568e+00 -6.868099136902425794e-01 -3.181997175044868897e-01
1.656370851780995412e+00 -6.220206629174646062e-01 -2.428372003693673731e-01
1.580676280063635142e+00 -5.258481175734530666e-01 -1.933957408582294146e-01
1.428905327960468430e+00 -3.988748097934841086e-01 -1.699254730453898798e-01
1.200887502498661608e+00 -2.416244208462331455e-01 -1.725169197750897332e-01
8.964957046515116268e-01 -5.456119576945457628e-02 -2.013103049425744029e-01
5.156488912794346957e-01 1.619112250163678157e-01 -2.565068514145028566e-01
5.831626170343946064e-02 4.074522758334631067e-01 -3.383813790711449609e-01
-4.754768646421738687e-01 6.817891357759811033e-01 -4.472954558062069430e-01
-9.916074150569791357e-01 9.351612710557178909e-01 -5.609670435324823901e-01
-1.395854380614214296e+00 1.118248618538310479e+00 -6.565799709967710118e-01
-1.687979305974480759e+00 1.231518043565143605e+00 -7.338193019747220047e-01
-1.867720750122877860e+00 1.275464784898957538e+00 -7.924320291605682076e-01
-1.934796569005258426e+00 1.250610537885791018e+00 -8.322215981811500463e-01
-1.888904403727476478e+00 1.157503605635828547e+00 -8.530470587910284896e-01
-1.729720729331720053e+00 9.967204186326403814e-01 -8.548273221210317407e-01
-1.456898810733173510e+00 7.688677572229104529e-01 -8.375510395125377316e-01
-1.070065974963939848e+00 4.745849177324010792e-01 -8.012927023675434635e-01
-5.688207567480618732e-01 1.145448234968243634e-01 -7.462356645074956774e-01
-4.037021911850865313e-02 -2.495223950722516015e-01 -6.869391420409933779e-01
4.275212313202910730e-01 -5.566277432440804862e-01 -6.376496041825897576e-01
8.344380000783797602e-01 -8.071984601442296903e-01 -5.982439127005354518e-01
1.179966299257300788e+00 -1.001681353894700921e+00 -5.686706741328279024e-01
1.463694088947425032e+00 -1.140541023407641186e+00 -5.489381440078857644e-01
1.685210572175966481e+00 -1.224259508756160075e+00 -5.391052112635124072e-01
1.844105698881256750e+00 -1.253336836163074786e+00 -5.392755601089174178e-01
1.939970030727004247e+00 -1.228292055134683425e+00 -5.495951059342250034e-01
1.972395254163360923e+00 -1.149664459050207421e+00 -5.702528216400319927e-01
1.940975603675735739e+00 -1.018014733815661765e+00 -6.014850970168597044e-01
1.882022467444707248e+00 -8.686564457997822952e-01 -6.305070028416820405e-01
1.832276626928944552e+00 -7.362832389087845542e-01 -6.441916700780924154e-01
1.791970656049137078e+00 -6.205451917140998308e-01 -6.423070323472104270e-01
1.761318156640206745e+00 -5.210912205916752304e-01 -6.246273512946722839e-01
1.740512740530357538e+00 -4.375698553484022590e-01 -5.909317217060048311e-01
1.729727678382699363e+00 -3.696300513581390335e-01 -5.410031163684810851e-01
1.729116196841346431e+00 -3.169220131373748917e-01 -4.746279389927545167e-01
1.738812408748740213e+00 -2.790980024666403492e-01 -3.915960492756391798e-01
1.758932862535108166e+00 -2.558131054716591968e-01 -2.917012222148578915e-01
1.789578696655213186e+00 -2.467259374480604839e-01 -1.747420039669068670e-01
1.813077260257260681e+00 -2.407483682883256038e-01 -6.124893824875742715e-02
1.811650673724898519e+00 -2.273232144955995016e-01 2.806494365149618531e-02
1.785241774906476175e+00 -2.068940113371829093e-01 9.313157383990086635e-02
1.733802188369390151e+00 -1.798828447353501281e-01 1.338906797268373250e-01
1.657291496699150768e+00 -1.466898703461944342e-01 1.502887320083512446e-01
1.555677144834932468e+00 -1.076928792298254001e-01 1.422772314938402782e-01
1.428935013446862801e+00 -6.324691137530481788e-02 1.098104056961270586e-01
1.277050599349617288e+00 -1.368390676369974149e-02 5.284238865621281034e-02
1.100020743643742360e+00 4.068763372798287620e-02 -2.867603975350001277e-02
8.978558513822701981e-01 9.958302745331740202e-02 -1.348010757691704975e-01
7.101779825295035931e-01 1.543970208099820496e-01 -2.409611479080152052e-01
5.765906454479190479e-01 1.969038691327089918e-01 -3.224287213909490801e-01
4.970843879626271056e-01 2.274161355481094937e-01 -3.790320606177697282e-01
4.716467363087936127e-01 2.462581604676414015e-01 -4.105943364206029456e-01
5.002614230920796601e-01 2.537657007021357214e-01 -4.169330768497685469e-01
5.829082743205890038e-01 2.502862137602486770e-01 -3.978607727476317080e-01
7.195637971541301026e-01 2.361798257520743016e-01 -3.531867093163326699e-01
9.102025105302563590e-01 2.118210114667975486e-01 -2.827200997387936954e-01
1.154799062127466858e+00 1.776009869197864854e-01 -1.862746112946256083e-01
1.453331177239214789e+00 1.339307661464316235e-01 -6.367439839171988580e-02
1.741031395432019568e+00 8.968318146146010694e-02 6.170574855798480196e-02
1.953160214836854758e+00 5.322965743877007549e-02 1.662436272410615645e-01
2.089742330876129373e+00 2.426863616495630177e-02 2.497454981103980620e-01
2.150801821646668888e+00 2.527555152704437976e-03 3.120380019478945499e-01
2.136361053518642361e+00 -1.223759065492336685e-02 3.529692089701504387e-01
2.046440162492026538e+00 -2.024174512993272626e-02 3.724082228966503205e-01
1.881057025910529479e+00 -2.166956248254715139e-02 3.702435762898614868e-01
1.640227637636695990e+00 -1.667365430150970912e-02 3.463806671390866065e-01
1.323966796874209484e+00 -5.372475880343018789e-03 3.007385098918857191e-01
9.322890171941963233e-01 1.215203405585866051e-02 2.332461026283999261e-01
5.387343876741955695e-01 2.945009859234350505e-02 1.594977351114910402e-01
2.168207158609343488e-01 4.006272418614228309e-02 9.517147669202484506e-02
-3.346393424416536921e-02 4.393475125139380960e-02 4.031796320474929918e-02
-2.121282344486414007e-01 4.102657285719962799e-02 -5.026315377624671066e-03
-3.191774973591944287e-01 3.131379690712213920e-02 -4.083936122905264948e-02
-3.546136264501745794e-01 1.478721506652777573e-02 -6.711369471875051895e-02
-3.184351056008479230e-01 -8.547045470532942113e-03 -8.385619083229704784e-02
-2.106370227718991350e-01 -3.866731259056853387e-02 -9.108785541273571595e-02
-3.121112206783304907e-02 -7.553622554523636845e-02 -8.884367246843784260e-02
2.198541220495382476e-01 -1.191007778779343829e-01 -7.717265589166208417e-02
4.806452170777930077e-01 -1.594075057105735493e-01 -6.046538363749211220e-02
6.892391399747775926e-01 -1.865674076269334958e-01 -4.305684781667550726e-02
8.456303474558938271e-01 -2.006035378652914480e-01 -2.493373432140011739e-02
9.498158406642066565e-01 -2.015282887293898817e-01 -6.095705594488999568e-03
1.001795149472020974e+00 -1.893434008194019857e-01 1.344465076046669205e-02
1.001570326520007548e+00 -1.640400395974694059e-01 3.366177843718461127e-02
9.491459715415012655e-01 -1.255988602069368631e-01 5.451708294606875949e-02
8.445293068616714915e-01 -7.398998113451417391e-02 7.595890327856580360e-02
6.877303253558142426e-01 -9.172785816650515581e-03 9.792259019277560483e-02
4.787620323634807495e-01 6.890452932190735402e-02 1.203307566363761016e-01
2.576760530977034724e-01 1.464675340900652156e-01 1.399657992856434274e-01
6.450888624479146627e-02 2.096631470631584726e-01 1.537214509040010502e-01
-1.007501387409037302e-01 2.584415489461524551e-01 1.616710094257064467e-01
-2.381103468216774766e-01 2.927603653696831953e-01 1.638775556361798391e-01
-3.475798339603465847e-01 3.125842310356325426e-01 1.603936372877506344e-01
-4.291654894841857582e-01 3.178845372316029816e-01 1.512610898132843718e-01
-4.828729465065389470e-01 3.086393300102563964e-01 1.365109676720316634e-01
-5.087064829959121459e-01 2.848333250495416746e-01 1.161635622368015902e-01
-5.066688961888226039e-01 2.464580048094665854e-01 9.022848266456896804e-02
-4.767613730002300265e-01 1.935117638439340093e-01 5.870477576781857332e-02
-4.270551527098309097e-01 1.365424353953946235e-01 2.705669353447842651e-02
-3.656257567666833519e-01 8.607729713571503349e-02 7.853804956040989034e-04
-2.924783643186460447e-01 4.209318457841580013e-02 -2.007049339324432427e-02
-2.076171453544358725e-01 4.573162538519810749e-03 -3.548227045682100095e-02
-1.110451942072523263e-01 -2.649335561134949849e-02 -4.543122586500514953e-02
-2.764504304306538828e-03 -5.111050732033923377e-02 -4.990850592032271965e-02
1.172240274223824569e-01 -6.927591269399334395e-02 -4.891509264517376887e-02
2.489205780446950844e-01 -8.098065269240070640e-02 -4.246180314237148201e-02
3.923263696277111134e-01 -8.620930779827211399e-02 -3.056933194555313052e-02
5.474436452209788806e-01 -8.494007161619675228e-02 -1.326834409251814902e-02
6.756388250262603812e-01 -8.343313738622185061e-02 3.179224860561241216e-03
7.382724401665705649e-01 -8.799691934546133298e-02 1.259959193988015140e-02
7.353380688394639542e-01 -9.867521936515827319e-02 1.509219558001479410e-02
6.668285315186762707e-01 -1.155090450039317762e-01 1.076374475457214652e-02
5.327359817390320273e-01 -1.385369014345108063e-01 -2.719055158558803843e-04
3.330520646989808542e-01 -1.677955836015421476e-01 -1.789403974797918601e-02
6.776814660830252079e-02 -2.033215228178539002e-01 -4.197551028808087226e-02
-2.631243814077640075e-01 -2.451527373534293230e-01 -7.238330343326505878e-02
-6.596337194760799605e-01 -2.933314300705778810e-01 -1.089792607265845231e-01
-1.121767187592412895e+00 -3.479072674720149472e-01 -1.516210045742842627e-01
-1.562516199773085868e+00 -3.968716879154589039e-01 -1.893781615295820897e-01
-1.894852317462500713e+00 -4.282000185644425638e-01 -2.115247706619758361e-01
-2.118746925649176660e+00 -4.419434724291290140e-01 -2.182045442872869723e-01
-2.234171250655162755e+00 -4.381764726677757071e-01 -2.095384415845245318e-01
-2.241096374102792943e+00 -4.169958911327638074e-01 -1.856251144880676773e-01
-2.139493200350535584e+00 -3.785212894592008270e-01 -1.465409081902877275e-01
-1.929332459547085543e+00 -3.228958965171165318e-01 -9.233914497252128373e-02
-1.610584830644834486e+00 -2.502880659448551981e-01 -2.304840275665752392e-02
-1.183221275905596670e+00 -1.608929482971508673e-01 6.133053094075482242e-02
-6.472136911746030341e-01 -5.493407360460943883e-02 1.608293847853432823e-01
-9.459851235249608359e-02 5.078426957398655267e-02 2.570981788713487259e-01
3.825541786518561471e-01 1.397739776958442093e-01 3.317118189717757626e-01
7.842157615109035529e-01 2.122269102716499989e-01 3.846259167000533608e-01
1.110365620835461309e+00 2.682876221653118787e-01 4.158068246774972998e-01
1.360991474124434220e+00 3.080527711674364566e-01 4.252292505983703008e-01
1.536089364444871874e+00 3.315707880906855198e-01 4.128753951864339022e-01
1.635663454866989275e+00 3.388417594993888282e-01 3.787351772556651341e-01
1.659725759914343346e+00 3.298174894085249553e-01 3.228071032189284706e-01
1.608295951108836386e+00 3.044016981243854447e-01 2.450993376764147857e-01
1.481401377124937468e+00 2.624502948152460657e-01 1.456305349888090961e-01
1.321684694422390782e+00 2.143512488863730248e-01 4.492465336143242061e-02
1.171742945957480186e+00 1.707832230570676402e-01 -3.653739808741991030e-02
1.031539851702888200e+00 1.319849874954073798e-01 -9.879738928086938266e-02
9.010434109826376270e-01 9.817369887904993375e-02 -1.418977661112625355e-01
7.802253439689270653e-01 6.954506611864570698e-02 -1.658801579664833936e-01
6.690608662732141498e-01 4.627354694589480566e-02 -1.707841833583663149e-01
5.675287504579097364e-01 2.851255624886771950e-02 -1.566465252560695631e-01
4.756116274445304493e-01 1.639467215942796985e-02 -1.235002484771165615e-01
3.932964803283969246e-01 1.003182903438778507e-02 -7.137433202650490804e-02
3.205752829053823971e-01 9.515487979876164140e-03 -2.933895850487766425e-04
2.529504796623463503e-01 1.119479889390453085e-02 6.831177493491143171e-02
1.859281156807597313e-01 1.132479181104407810e-02 1.130265712913911813e-01
1.195094432914634713e-01 9.852506715822911820e-03 1.338546590703611483e-01
5.369491757197882020e-02 6.740726420904981711e-03 1.307987215492746880e-01
-1.151579451257084795e-02 1.967968582172554149e-03 1.038603431834762975e-01
-7.612375113546329675e-02 -4.471518336551031682e-03 5.303994039180692788e-02
-1.401306628742997884e-01 -1.256775699437796476e-02 -2.166325535630550178e-02
-2.035388542795826539e-01 -2.229504279297897865e-02 -1.202511631559718686e-01
-2.663513037828713070e-01 -3.361194708239127055e-02 -2.427267679834548553e-01
-3.285718059269605029e-01 -4.646132442648529676e-02 -3.890939866761452537e-01
-3.976322141625304729e-01 -5.634758915859992140e-02 -5.283790006144437612e-01
-4.809715762500827441e-01 -5.896467169222895099e-02 -6.295814087770228440e-01
-5.786085417378091789e-01 -5.456287103904634145e-02 -6.926621668118678743e-01
-6.905653608430922796e-01 -4.343927115261399935e-02 -7.175782905802815526e-01
-8.168673882171852973e-01 -2.593797589023728173e-02 -7.042844805261486707e-01
-9.575433185647783674e-01 -2.450331774018609660e-03 -6.527353114846119464e-01
-1.112626363543930630e+00 2.658488471525941033e-02 -5.628880700743295051e-01
-1.282156577742821213e+00 6.068135099632403912e-02 -4.347063232451284231e-01
-1.466184538559284434e+00 9.930521318466754843e-02 -2.681643041140681083e-01
-1.664776579911130705e+00 1.418753301925093913e-01 -6.325220465050315766e-02
-1.826916403309896353e+00 1.822791659315298740e-01 1.445258784407291441e-01
-1.901503544935093881e+00 2.151496882411606526e-01 3.196813109836174616e-01
-1.888492945085920915e+00 2.408911241271809167e-01 4.622561253114824131e-01
-1.787839940639974978e+00 2.597772525027701729e-01 5.723281168579058553e-01
-1.599498931967529902e+00 2.719511326966859710e-01 6.500093669189900281e-01
-1.323423318066304200e+00 2.774256482541040403e-01 6.954439068390850798e-01
-9.595661661920940055e-01 2.760851701400424130e-01 7.088058789196151066e-01
-5.078810872211724226e-01 2.676885793981794714e-01 6.902995336288670902e-01
3.167719968522483137e-02 2.518738632897161711e-01 6.401623608184642267e-01
6.591531107448277416e-01 2.281645507605267187e-01 5.586725798833316325e-01
1.255983495117353632e+00 2.005837461457031512e-01 4.632971869589722069e-01
1.703584445461088004e+00 1.740351751058262508e-01 3.710810265502235694e-01
2.001960017967856054e+00 1.491859189541846764e-01 2.817255608267215661e-01
2.151117301746878763e+00 1.265693673740568570e-01 1.949461117161228607e-01
2.151063783532211726e+00 1.065823538800732689e-01 1.104680043222947966e-01
2.001805447855482090e+00 8.948529722894540961e-02 2.802883909864651094e-02
1.703345570661376485e+00 7.540521773152084051e-02 -5.261552970903715654e-02
1.255684156675221930e+00 6.434135395092528686e-02 -1.316837028810383114e-01
6.588179611746195485e-01 5.617288441055551945e-02 -2.093624060543073651e-01
-8.725897173334001833e-02 5.066806529174294749e-02 -2.858032035926038050e-01
-8.435450646026815269e-01 4.657067320358800055e-02 -3.548851262863571554e-01
-1.471028561743184637e+00 4.306153180431077088e-02 -4.103625090627301408e-01
-1.969718632246431733e+00 4.047632653950691134e-02 -4.521729816267983648e-01
-2.339626490748277998e+00 3.913457742385377525e-02 -4.802449854701917320e-01
-2.580765859997635747e+00 3.933784756138436478e-02 -4.944916581545480971e-01
-2.693153119499708481e+00 4.136828609959411485e-02 -4.948077960713050949e-01
-2.676807171437677102e+00 4.548775654010876746e-02 -4.810696348437524250e-01
-2.531749060913085270e+00 5.193787992556658795e-02 -4.531371431202980138e-01
-2.258001390829002641e+00 6.094132098153813570e-02 -4.108584961142448533e-01
-1.855587570874849046e+00 7.270457621121265146e-02 -3.540763935288354092e-01
-1.423873321484795174e+00 8.502627519340996698e-02 -2.946644730577311910e-01
-1.062203557079099969e+00 9.552568948291038919e-02 -2.446585892582144872e-01
-7.705645341457066921e-01 1.041329310010774417e-01 -2.041461946139674632e-01
-5.489421390600143225e-01 1.107798814180491614e-01 -1.732160384344804405e-01
-3.973219696113428068e-01 1.153991418515611100e-01 -1.519573570286192887e-01
-3.156893820678438045e-01 1.179233939517470575e-01 -1.404593993135775376e-01
-3.040295063042929846e-01 1.182851843538638703e-01 -1.388112721521151394e-01
-3.623272299951439401e-01 1.164171370047350773e-01 -1.471020993266188015e-01
-4.905671523312704618e-01 1.122525952541791605e-01 -1.654214915347575476e-01
