0.000000000000000000e+00 0.000000000000000000e+00 -1.498471744308996767e+00
-9.642171743825755925e-03 -1.921535080406044926e-03 -1.508155065449744869e+00
-2.033206015740240957e-02 -4.537960336413515705e-03 -1.518394787764400622e+00
-3.163951887165339372e-02 -7.490200254408385661e-03 -1.528973171643249307e+00
-4.312637735183422194e-02 -1.043255868178860624e-02 -1.539663227559093794e+00
-5.434596027650773209e-02 -1.303395749488522881e-02 -1.550227749316476000e+00
-6.484341914092972559e-02 -1.497815820657022456e-02 -1.560419877540891509e+00
-7.415690028770782760e-02 -1.596283591933378432e-02 -1.569985161928149298e+00
-8.181954432282978473e-02 -1.569739321109864250e-02 -1.578665076391098321e+00
-8.736226868737162476e-02 -1.389944511977070363e-02 -1.586201929781537290e+00
-9.031723316920725608e-02 -1.028997484591709366e-02 -1.592345110997093194e+00
-9.033932920094400743e-02 -4.707281170679422644e-03 -1.596899706828653231e+00
-8.756299558235802749e-02 2.540658297346176653e-03 -1.599853187044894431e+00
-8.225035068327191112e-02 1.104047564828558592e-02 -1.601244267468970639e+00
-7.467031995104278508e-02 2.039171042853560323e-02 -1.601113818370893505e+00
-6.509531710355176415e-02 3.020444516665499179e-02 -1.599498530787162753e+00
-5.379842314953098281e-02 4.009708890998098241e-02 -1.596425853935932171e+00
-4.105097119657052929e-02 4.969437753271233049e-02 -1.591910171975390309e+00
-2.712037882817064371e-02 5.862561095515772536e-02 -1.585950167185233406e+00
-1.226803110351326609e-02 6.652311162394575206e-02 -1.578527304723282398e+00
3.252997917269073724e-03 7.302086615577696449e-02 -1.569605363899154726e+00
1.917794280135076690e-02 7.786290645930193932e-02 -1.559237391426697483e+00
3.516209597606412274e-02 8.122293034913097287e-02 -1.547892941855212090e+00
5.084237633209154339e-02 8.335982930700414073e-02 -1.536151853567161885e+00
6.585537246969241920e-02 8.450507681688712580e-02 -1.524600715408232832e+00
7.983445142178746678e-02 8.486369024496642766e-02 -1.513833445733408167e+00
9.240799560686063785e-02 8.461736962156063413e-02 -1.504451336733020339e+00
1.031985990737958048e-01 8.392993462032993790e-02 -1.497062720616600506e+00
1.118231117581651723e-01 8.295517913299477186e-02 -1.492282348613896747e+00
1.178935147607327316e-01 8.184724426958522869e-02 -1.490730496815458661e+00
1.210187465830543374e-01 8.077357512721361488e-02 -1.493031717376370970e+00
1.209209362153780276e-01 7.986493316633236361e-02 -1.499575101209134953e+00
1.177770604366861207e-01 7.902836345214048208e-02 -1.509798012829938418e+00
1.118770130419188824e-01 7.813179873723274937e-02 -1.522899449024041729e+00
1.035082173492813951e-01 7.705314396241780273e-02 -1.538079682033770546e+00
9.295451724254988335e-02 7.566641154176112494e-02 -1.554541871911917505e+00
8.049585603006148560e-02 7.383026142411797110e-02 -1.571493546841721933e+00
6.640876280162499867e-02 7.137888688116955649e-02 -1.588148076294380928e+00
5.096782536490929161e-02 6.811516394127270502e-02 -1.603726170246868588e+00
3.444843335241598581e-02 6.380597730877646256e-02 -1.617457351366404117e+00
1.713112847228037694e-02 5.817965299313332395e-02 -1.628581256621769446e+00
-7.386396732735889259e-04 5.099064191948299296e-02 -1.636574269138894477e+00
-1.908814365758892961e-02 4.223407902176967710e-02 -1.641823092103106729e+00
-3.788641589633456874e-02 3.198310101106205394e-02 -1.644939953038959013e+00
-5.710429045291753880e-02 2.032970693842006682e-02 -1.646534576697721963e+00
-7.671967381586775048e-02 7.386197194753307826e-03 -1.647213010379059206e+00
-9.672215938407191516e-02 -6.713576845569946272e-03 -1.647576721261215127e+00
-1.171168515526046505e-01 -2.181313263030970617e-02 -1.648222002181445767e+00
-1.379272646973497274e-01 -3.773237283280295173e-02 -1.649739664907961867e+00
-1.591971582680402619e-01 -5.426658809484807833e-02 -1.652714935945341246e+00
-1.809911576680693912e-01 -7.118531646978443206e-02 -1.657727402962706265e+00
-2.033210491323860225e-01 -8.821021471132350911e-02 -1.665168883012621226e+00
-2.259105762030610975e-01 -1.049703496543901160e-01 -1.674689530978179741e+00
-2.483857222571632661e-01 -1.210994013815240855e-01 -1.685729439246959727e+00
-2.703408625181946690e-01 -1.362654161828755761e-01 -1.697698510231614888e+00
-2.913380513180570119e-01 -1.501733645484923940e-01 -1.709977945387670673e+00
-3.109090448505273940e-01 -1.625651329281181390e-01 -1.721923567026846014e+00
-3.285599552865576811e-01 -1.732165039243334093e-01 -1.732870992525146203e+00
-3.437783048835951760e-01 -1.819307563227803293e-01 -1.742142551557698260e+00
-3.560421734807981409e-01 -1.885286590153083530e-01 -1.749055744491311737e+00
-3.648311395991310491e-01 -1.928348321821533595e-01 -1.752933018458137759e+00
-3.698165957645844770e-01 -1.947653772962567587e-01 -1.753317841295198187e+00
-3.714070881254727396e-01 -1.946234774955071245e-01 -1.750602127846533795e+00
-3.702128594553801832e-01 -1.927849007278554794e-01 -1.745410737178545002e+00
-3.668555969255891114e-01 -1.896092661486439290e-01 -1.738383779729933076e+00
-3.619576275705593815e-01 -1.854542738416817826e-01 -1.730165444736078584e+00
-3.561338931093382953e-01 -1.806860442123552346e-01 -1.721395658836666120e+00
-3.499867638377951451e-01 -1.756854620890564433e-01 -1.712704556986734294e+00
-3.441037628617200639e-01 -1.708506285476905084e-01 -1.704709768392739022e+00
-3.390582547892710963e-01 -1.665956411584872399e-01 -1.698016515113781821e+00
-3.354131175598933368e-01 -1.633459503935705825e-01 -1.693220501935315703e+00
-3.335884698322590936e-01 -1.614292432629698126e-01 -1.690755482488189188e+00
-3.334545951751604065e-01 -1.607610054862185223e-01 -1.690427458881255784e+00
-3.347528408794691046e-01 -1.611442262589748431e-01 -1.691892692059329129e+00
-3.372309388466909752e-01 -1.623748701060807598e-01 -1.694812820413519328e+00
-3.406393001445895408e-01 -1.642460916001935445e-01 -1.698851775477288495e+00
-3.447280904895064779e-01 -1.665515903526753050e-01 -1.703673333682836244e+00
-3.492450901468755475e-01 -1.690881480262307335e-01 -1.708939297795552870e+00
-3.539343373420216210e-01 -1.716573526092650681e-01 -1.714308307081408023e+00
-3.585355501895826080e-01 -1.740664895781449673e-01 -1.719435277588904576e+00
-3.627843181675940443e-01 -1.761285648270876081e-01 -1.723971472926184356e+00
-3.664646550349086596e-01 -1.777097670976055532e-01 -1.727655309662135874e+00
-3.695665183444747370e-01 -1.788711173360271189e-01 -1.730584935235330413e+00
-3.721335439388422373e-01 -1.797196803291281064e-01 -1.732950223438422865e+00
-3.742110858127070117e-01 -1.803603112506784178e-01 -1.734942516028037840e+00
-3.758456546343325044e-01 -1.808962366201232186e-01 -1.736754201057068014e+00
-3.770845689429673797e-01 -1.814295552269329370e-01 -1.738578378083200704e+00
-3.779758175209533277e-01 -1.820616534926804420e-01 -1.740608610903391584e+00
-3.785681319065954398e-01 -1.828935313731374634e-01 -1.743038767999815830e+00
-3.789112686473474767e-01 -1.840260353515681402e-01 -1.746062951547394215e+00
-3.790565016432250189e-01 -1.855599943372068239e-01 -1.749875517572256234e+00
-3.790885487160284839e-01 -1.876155061895827814e-01 -1.754670042552550990e+00
-3.792206667871376169e-01 -1.903888860857629872e-01 -1.760636525415204323e+00
-3.797034239741510220e-01 -1.940928447580776428e-01 -1.767966400531415072e+00
-3.807959963138891624e-01 -1.989352922957192682e-01 -1.776855564976158819e+00
-3.827691394144689951e-01 -2.051169612487631078e-01 -1.787506928685193897e+00
-3.859087406642780493e-01 -2.128283835841533467e-01 -1.800133785197661540e+00
-3.905200079196751162e-01 -2.222461054148618942e-01 -1.814964094487544033e+00
-3.969323711528858212e-01 -2.335279761493787021e-01 -1.832245783793457816e+00
-4.055051903244004663e-01 -2.468072870998283541e-01 -1.852253178815381318e+00
-4.166343662363747313e-01 -2.621854552064331045e-01 -1.875294667205786636e+00
-4.305476960313754375e-01 -2.795513260373678754e-01 -1.901503766818028129e+00
-4.466303874565902277e-01 -2.980935913860291997e-01 -1.930155461860667776e+00
-4.639745975254019328e-01 -3.168866425207870208e-01 -1.960244017569584329e+00
-4.815632460433825202e-01 -3.350908183647858252e-01 -1.990672556986062158e+00
-4.982632327062113120e-01 -3.519651290140792810e-01 -2.020244009200169444e+00
-5.128318809688838797e-01 -3.668682918453747277e-01 -2.047665151615463586e+00
-5.239369862842622183e-01 -3.792446944073768478e-01 -2.071564653551376978e+00
-5.301899522267401466e-01 -3.885924942144809435e-01 -2.090525050819150632e+00
-5.301910668438623020e-01 -3.944124908756281300e-01 -2.103128090279198226e+00
-5.225864575225367403e-01 -3.961386213881974427e-01 -2.108013343133129602e+00
-5.066500509377203088e-01 -3.933171565808084580e-01 -2.104439366816002632e+00
-4.838588377506543026e-01 -3.863719704749488670e-01 -2.093778427287713129e+00
-4.562815411091536433e-01 -3.759370548417066971e-01 -2.077959040368806409e+00
-4.259761028784705417e-01 -3.627045512934374827e-01 -2.058883438523302800e+00
-3.949214521739232708e-01 -3.474933030576616844e-01 -2.038356773466182048e+00
-3.649733188128827521e-01 -3.312797976395795985e-01 -2.018040317852713983e+00
-3.378470343158594957e-01 -3.151961783757841751e-01 -1.999432758461925808e+00
-3.151276610551327906e-01 -3.005022061610929107e-01 -1.983881144916040729e+00
-2.983049959370571713e-01 -2.885378922259178580e-01 -1.972620201519690974e+00
-2.888297237615340407e-01 -2.806612800682639630e-01 -1.966837125740057868e+00
-2.876330131440099080e-01 -2.778361022108475353e-01 -1.967291574439967272e+00
-2.935342173317572190e-01 -2.795590351759473791e-01 -1.972999235912284988e+00
-3.048925319642030729e-01 -2.849003662005547000e-01 -1.982622302924673674e+00
-3.200989339737922990e-01 -2.929136281284110410e-01 -1.994864623952016025e+00
-3.375263142313942311e-01 -3.026911759302732818e-01 -2.008413286850267987e+00
-3.554959346413850696e-01 -3.134002324737275025e-01 -2.021899079841737112e+00
-3.722591085422326529e-01 -3.242986811022863236e-01 -2.033874752475729242e+00
-3.859933198424396750e-01 -3.347280343388066015e-01 -2.042809869450929572e+00
-3.948122760592944758e-01 -3.440803374269463255e-01 -2.047101149082383831e+00
-3.967903450295562351e-01 -3.517362338003984235e-01 -2.045098178240202458e+00
-3.905923947547904618e-01 -3.571688164338286953e-01 -2.035698816826436719e+00
-3.772927427879864126e-01 -3.604801590004034217e-01 -2.020063757829485773e+00
-3.586196054434882541e-01 -3.619103977625104385e-01 -1.999975161923307709e+00
-3.363337908348791316e-01 -3.617416586522570476e-01 -1.977251825269013219e+00
-3.121943390237120752e-01 -3.603645197331393213e-01 -1.953714169017991331e+00
-2.879294149428126559e-01 -3.583136383733123154e-01 -1.931154054811405674e+00
-2.652179767393763044e-01 -3.562730870362371682e-01 -1.911314656663086309e+00
-2.456881526102687729e-01 -3.550536537061370623e-01 -1.895886213221213090e+00
-2.309366984964569269e-01 -3.555450103037873788e-01 -1.886522160449173091e+00
-2.225714286607178849e-01 -3.586447538046697581e-01 -1.884877960619645521e+00
-2.217746805133522514e-01 -3.649563284492591819e-01 -1.892117158998982251e+00
-2.278357887538469129e-01 -3.740904250312215851e-01 -1.907284786315941005e+00
-2.395944286694557945e-01 -3.853325439849739631e-01 -1.928925650668289027e+00
-2.558798356093223703e-01 -3.979347106807669121e-01 -1.955583763656020935e+00
-2.754646634266109118e-01 -4.111854560580741058e-01 -1.985758622233420034e+00
-2.970339902175593849e-01 -4.244652205483627760e-01 -2.017874382413419987e+00
-3.191706243890113370e-01 -4.372857386287241077e-01 -2.050263663403174341e+00
-3.403557008013979868e-01 -4.493102605981356135e-01 -2.081165706804027238e+00
-3.589811347655089691e-01 -4.603508306388142124e-01 -2.108736197896595499e+00
-3.733686461672345303e-01 -4.703392057455455522e-01 -2.131064098435329512e+00
-3.821603382601406196e-01 -4.792685564857337432e-01 -2.146594817974752267e+00
-3.854691333890425398e-01 -4.870909193402033210e-01 -2.155380927759076304e+00
-3.838143911029581190e-01 -4.936502498824602014e-01 -2.157914323030419634e+00
-3.777614914351721254e-01 -4.987011151745108783e-01 -2.154731416219164863e+00
-3.679279260980825583e-01 -5.019363357019903660e-01 -2.146418476559706967e+00
-3.549886107400084256e-01 -5.030133372119580670e-01 -2.133615797160786975e+00
-3.396776672817107823e-01 -5.015787821328347995e-01 -2.117018055735014670e+00
-3.227845604703389881e-01 -4.972907554865955149e-01 -2.097368834075802990e+00
-3.051434744695136203e-01 -4.898375116998794354e-01 -2.075448225655796453e+00
-2.876161134619916737e-01 -4.789516705655287865e-01 -2.052053720241893142e+00
-2.709824417378108308e-01 -4.645703620736849615e-01 -2.027954745182206864e+00
-2.556394471581686645e-01 -4.472834240782503912e-01 -2.003793143295832024e+00
-2.418193464172784246e-01 -4.278601117910678653e-01 -1.980116175957342906e+00
-2.296715608778754358e-01 -4.070890327146798882e-01 -1.957399462418404790e+00
-2.192690391704088526e-01 -3.857714198674675465e-01 -1.936058171958035201e+00
-2.106189900855284236e-01 -3.647148567369495886e-01 -1.916461491823302721e+00
-2.036761235464439324e-01 -3.447278678688974196e-01 -1.898948065571405497e+00
-1.983572119496770370e-01 -3.266155640587866671e-01 -1.883840719768564931e+00
-1.945564819714205029e-01 -3.111763612587683525e-01 -1.871459467692236256e+00
-1.921619162287289129e-01 -2.991996658609377135e-01 -1.862132413308275725e+00
-1.910297532783440388e-01 -2.912406531891269523e-01 -1.856053120195485961e+00
-1.908796904185834364e-01 -2.869476401077459826e-01 -1.852835637399974811e+00
-1.914350246205387407e-01 -2.857345660513272989e-01 -1.851970278924501390e+00
-1.924498313824667406e-01 -2.870096501865191385e-01 -1.852963798475597335e+00
-1.936936466403711421e-01 -2.901792937102811720e-01 -1.855329876716446780e+00
-1.949398537459510194e-01 -2.946506978555092360e-01 -1.858582429821497906e+00
-1.959574704306596971e-01 -2.998333865881912530e-01 -1.862231206199299161e+00
-1.965062575129357114e-01 -3.051396780548349952e-01 -1.865779502430152448e+00
-1.963352166999996484e-01 -3.099840577637036354e-01 -1.868724074357669407e+00
-1.951846200873355031e-01 -3.137813676244900485e-01 -1.870557451918357872e+00
-1.928603502842856088e-01 -3.160679311969154526e-01 -1.870889056340939938e+00
-1.894480889943990221e-01 -3.168717980481452479e-01 -1.869799417364723437e+00
-1.851103034495285016e-01 -3.163418675348186326e-01 -1.867492012646797095e+00
-1.800149681597549289e-01 -3.146258200989837661e-01 -1.864174495021081679e+00
-1.743327441919193532e-01 -3.118718237928232995e-01 -1.860056204923419720e+00
-1.682345451266584746e-01 -3.082299110435142708e-01 -1.855346012253418886e+00
-1.618895272597988821e-01 -3.038530059713946407e-01 -1.850250533720919854e+00
-1.554635281888243625e-01 -2.988975994309690520e-01 -1.844972755192194613e+00
-1.491179648201264030e-01 -2.935240822146418793e-01 -1.839711072988184037e+00
-1.430091897765697340e-01 -2.878967562002348046e-01 -1.834658754136727188e+00
-1.372349912944876849e-01 -2.821394840913722390e-01 -1.829963510131517257e+00
-1.316772737450575548e-01 -2.762012570366612074e-01 -1.825609617863139578e+00
-1.261662800344458546e-01 -2.699852147319505846e-01 -1.821543857613058703e+00
-1.205343960804192704e-01 -2.633925447855367530e-01 -1.817716594240915695e+00
-1.146161006452288689e-01 -2.563227131478758025e-01 -1.814082019509233978e+00
-1.082479804730667183e-01 -2.486736194299572489e-01 -1.810598566955095912e+00
-1.012687947242962849e-01 -2.403416886869216285e-01 -1.807229494412423643e+00
-9.351956873811673177e-02 -2.312219129291070985e-01 -1.803943628305984426e+00
-8.484369246596124015e-02 -2.212078580341350076e-01 -1.800716263173060439e+00
-7.508699348859515510e-02 -2.101916548056599332e-01 -1.797530209690302083e+00
-6.412639928530339262e-02 -1.981197541158361553e-01 -1.794384279103669710e+00
-5.195388274294998610e-02 -1.851609288221025551e-01 -1.791311992316701351e+00
-3.858695437629222624e-02 -1.715403010809226636e-01 -1.788351991001709163e+00
-2.403940906509571818e-02 -1.574838249787688937e-01 -1.785538468500976084e+00
-8.321406605169556769e-03 -1.432182938647854620e-01 -1.782899959300356718e+00
8.560257725983788646e-03 -1.289712794269508578e-01 -1.780458179213282532e+00
2.660172492676915468e-02 -1.149709946588828302e-01 -1.778226886352320291e+00
4.580152656603342365e-02 -1.014460720587404552e-01 -1.776210737806692475e+00
6.615996983698302358e-02 -8.862524748227951221e-02 -1.774404124234713498e+00
8.767851026788164859e-02 -7.673693925220481660e-02 -1.772789973570487287e+00
1.102920967358325122e-01 -6.594889395056124926e-02 -1.771338758477622122e+00
1.336669424642060733e-01 -5.618868834886647790e-02 -1.770011050380239093e+00
1.574006509426282285e-01 -4.732367195634390455e-02 -1.768762689469449034e+00
1.810892502439087615e-01 -3.922066395732759503e-02 -1.767547389258745660e+00
2.043273573070849558e-01 -3.174592250442342944e-02 -1.766318486945357868e+00
2.267083545649599685e-01 -2.476532106781270670e-02 -1.765030160766565492e+00
2.478245471769926489e-01 -1.814470013224900313e-02 -1.763638101128381930e+00
2.672672797567337000e-01 -1.175035710200678096e-02 -1.762099626454312729e+00
2.846269985108911271e-01 -5.449638439988913063e-03 -1.760373240681501583e+00
2.994932480136514030e-01 8.883940942019386000e-04 -1.758417635900567433e+00
3.115626698814302209e-01 7.352212866725160723e-03 -1.756201714856042928e+00
3.209637209468652053e-01 1.386752739268715118e-02 -1.753738710816328705e+00
3.279335088645134455e-01 2.031823027552892569e-02 -1.751053503225670660e+00
3.327100114448882096e-01 2.658718408966276314e-02 -1.748172656059040486e+00
3.355322429499891790e-01 3.255684624736066013e-02 -1.745125615048441547e+00
3.366404116013073100e-01 3.810983179043958557e-02 -1.741945644772803226e+00
3.362760480229285420e-01 4.312942067595937345e-02 -1.738670491048238675e+00
3.346820824280229978e-01 4.750000749911365006e-02 -1.735342756843200496e+00
3.321028486140558122e-01 5.110748460864389386e-02 -1.732009982732022113e+00
3.287839953032234419e-01 5.383954441722815787e-02 -1.728724426048443119e+00
3.250003876322042906e-01 5.568041200386453227e-02 -1.725520345645901843e+00
3.211387552302666926e-01 5.699451943839051182e-02 -1.722345142245815586e+00
3.176109342944242186e-01 5.824288581714753832e-02 -1.719122242121732480e+00
3.148254447793470412e-01 5.988864358558476653e-02 -1.715772656986427114e+00
3.131872836692091155e-01 6.239740196531418093e-02 -1.712216520649915807e+00
3.130974673302784339e-01 6.623794631329715799e-02 -1.708376471658354712e+00
3.149523774937721399e-01 7.188324839798765353e-02 -1.704182852369665158e+00
3.191430689199803439e-01 7.981170963640504823e-02 -1.699580696532836832e+00
3.260548497614648156e-01 9.050848779968312385e-02 -1.694538486184557602e+00
3.360676514967293471e-01 1.044666697934015787e-01 -1.689058687507096090e+00
3.493607106902341108e-01 1.219533025011250160e-01 -1.683221889911935776e+00
3.653296161639185691e-01 1.422983300885425351e-01 -1.677265309159053253e+00
3.831890950774261562e-01 1.645848000592651239e-01 -1.671431552052057290e+00
4.021692526973263959e-01 1.878805644720902279e-01 -1.665912270362352787e+00
4.215096369620772165e-01 2.112392481671196975e-01 -1.660835851696492504e+00
4.404512425506350581e-01 2.337028898985225034e-01 -1.656261478916653207e+00
4.582285203064686563e-01 2.543053847890668351e-01 -1.652179637928800515e+00
4.740636951460515114e-01 2.720758322894365477e-01 -1.648519613313823129e+00
4.871655787970650131e-01 2.860409921419631019e-01 -1.645164860457803524e+00
4.967344728788480879e-01 2.952262892745372014e-01 -1.641977179075501780e+00
5.021743398702049888e-01 2.989378706989684886e-01 -1.638860335321333128e+00
5.037072266621320793e-01 2.976112374942365690e-01 -1.635891111224759609e+00
5.017688192499489830e-01 2.919673254058094969e-01 -1.633239447915249887e+00
4.967975614186408428e-01 2.827325374056970375e-01 -1.631116055856751679e+00
4.892250878786921220e-01 2.706409558858648978e-01 -1.629750181402388032e+00
4.794692705245688913e-01 2.564359424050222103e-01 -1.629371483474836513e+00
4.679307853614336210e-01 2.408708158316184011e-01 -1.630196187480205783e+00
4.549933752484571770e-01 2.247085006355700187e-01 -1.632417263090260917e+00
4.410274657417767585e-01 2.087201681032024858e-01 -1.636198140022731895e+00
4.263964769842170099e-01 1.936829645232789332e-01 -1.641669444225477337e+00
4.114626330700650314e-01 1.802447647159963751e-01 -1.648841843493135562e+00
3.965897749403461958e-01 1.685190830007279317e-01 -1.657356267690746510e+00
3.821554524996866320e-01 1.584697782245054754e-01 -1.666760164216813944e+00
3.685504689444578652e-01 1.500402702891188156e-01 -1.676598365317750750e+00
3.561751645864337235e-01 1.431535696794354884e-01 -1.686415510441697352e+00
3.454358446111460701e-01 1.377141284571692381e-01 -1.695758416288235537e+00
3.367415282069785576e-01 1.336115211546697878e-01 -1.704178189273776178e+00
3.305011702995868106e-01 1.307259153861992651e-01 -1.711231921312181603e+00
3.271214531093704636e-01 1.289352565474239931e-01 -1.716483882243633241e+00
3.270051691369024738e-01 1.281240713857956237e-01 -1.719506215789268211e+00
3.304222347288043871e-01 1.282119092677325156e-01 -1.720019176111327708e+00
3.371255943608768568e-01 1.292145616536721775e-01 -1.718311128045137970e+00
3.467357909526955773e-01 1.311830088056855637e-01 -1.714818630544033606e+00
3.588703767063048389e-01 1.341748370132167523e-01 -1.709985720217151117e+00
3.731456639093155836e-01 1.382452685701887063e-01 -1.704262846858312530e+00
3.891787623604905377e-01 1.434398094355073816e-01 -1.698105494581405583e+00
4.065898888336003658e-01 1.497885930536986265e-01 -1.691972473609872241e+00
4.250048642729926662e-01 1.573024751274747501e-01 -1.686323947041730165e+00
4.440576668181441811e-01 1.659709010057808243e-01 -1.681619315290233896e+00
4.633928874122044128e-01 1.757615270599499624e-01 -1.678315115203237617e+00
4.826802049687146656e-01 1.865466380915572486e-01 -1.676753351799275205e+00
5.016465474643809763e-01 1.978895024957729731e-01 -1.676824615428956111e+00
5.200262092599956532e-01 2.092865004398505313e-01 -1.678285644744928362e+00
5.375422485834442377e-01 2.202462463371634982e-01 -1.680867466217932149e+00
5.539030057801896945e-01 2.302909592737365507e-01 -1.684276677589384041e+00
5.688006037250756819e-01 2.389569360595467096e-01 -1.688198320772096972e+00
5.819117048618687171e-01 2.457939779250715162e-01 -1.692300567352917229e+00
5.929006896141304495e-01 2.503636353717402230e-01 -1.696241405649729028e+00
6.014252619168654057e-01 2.522361839203357547e-01 -1.699677421817779033e+00
6.071442821011641122e-01 2.509863312022972970e-01 -1.702274616348290914e+00
6.098445733556205894e-01 2.463485788588424263e-01 -1.703796645808884902e+00
6.097995322181088973e-01 2.386935224341737438e-01 -1.704340869856650231e+00
6.074129118063886779e-01 2.285439970976814728e-01 -1.704104076233804443e+00
6.030930686715927358e-01 2.164177160678941725e-01 -1.703293123001833775e+00
5.972461246122091616e-01 2.028306122439844650e-01 -1.702113511126811307e+00
5.902712717324374303e-01 1.882993741294765044e-01 -1.700760726030076997e+00
5.825581990547354927e-01 1.733431155928055745e-01 -1.699414267601144557e+00
5.744864128281021998e-01 1.584842184998094261e-01 -1.698234175024586623e+00
5.664261027920365343e-01 1.442484490543600728e-01 -1.697359811592326961e+00
5.587401602659154420e-01 1.311644772319757735e-01 -1.696910690966637159e+00
5.517612087496903683e-01 1.197068015138036401e-01 -1.696948265353905860e+00
5.457192922459581652e-01 1.101251363064470468e-01 -1.697360153358768775e+00
5.408236796394176871e-01 1.026104916981598336e-01 -1.697991423442357872e+00
5.372882556027738232e-01 9.735143524051181885e-02 -1.698689096209778482e+00
5.353301973843080930e-01 9.453485981299891705e-02 -1.699305399409108075e+00
5.351684319260576750e-01 9.434704874600319258e-02 -1.699701491430391842e+00
5.370220180861289272e-01 9.697498794301306901e-02 -1.699751631992092005e+00
5.411086435224543578e-01 1.026078473781053546e-01 -1.699347772211256435e+00
5.476434747582081819e-01 1.114385252126091075e-01 -1.698404540573119625e+00
5.568386540748093694e-01 1.236651182407930705e-01 -1.696864621731441147e+00
5.687592353268562384e-01 1.392912648663662267e-01 -1.694753533622702868e+00
5.828937888839837989e-01 1.575200724312901812e-01 -1.692310757263994603e+00
5.985943160097959570e-01 1.773481307949502650e-01 -1.689799380421894481e+00
6.152204583344080824e-01 1.977634387556195250e-01 -1.687437339448853768e+00
6.321352720981678885e-01 2.177453369967063956e-01 -1.685387596297744706e+00
6.486991740744412205e-01 2.362659917443536983e-01 -1.683754107150412072e+00
6.642639412487993944e-01 2.522927779546622062e-01 -1.682583770028363679e+00
6.781687387397536959e-01 2.647909020452416939e-01 -1.681874903775256280e+00
6.897398649663060155e-01 2.727256933059702959e-01 -1.681593024872740205e+00
6.982951284767469069e-01 2.750641946033924867e-01 -1.681694580220933766e+00
7.033460527231403248e-01 2.711314782072018481e-01 -1.682136596345998658e+00
7.051888300174518065e-01 2.616775037327672138e-01 -1.682842973185679547e+00
7.043253432530169889e-01 2.478100329620311904e-01 -1.683769097866602893e+00
7.012635692592676939e-01 2.306378082140687624e-01 -1.684896910059164643e+00
6.965121498080084628e-01 2.112696487516179111e-01 -1.686210998821749518e+00
6.905775274279024600e-01 1.908136928270529609e-01 -1.687680738330592289e+00
6.839637400829166047e-01 1.703766091098124491e-01 -1.689248401869119620e+00
6.771740851659835414e-01 1.510628272677316808e-01 -1.690822952644385202e+00
6.707134028561894112e-01 1.339739860633173407e-01 -1.692279233414256234e+00
6.650896296397075247e-01 1.202088711793840581e-01 -1.693462448724941449e+00
6.607205800437996324e-01 1.105888514856108173e-01 -1.694234449164575107e+00
6.576520004624097915e-01 1.048342314009502729e-01 -1.694603126240157964e+00
6.558335530235237520e-01 1.023919190226036946e-01 -1.694629739049589690e+00
6.552124474502916129e-01 1.027104946764918481e-01 -1.694390733303394070e+00
6.557347993089877036e-01 1.052396835054860702e-01 -1.693973777494089061e+00
6.573469132126938952e-01 1.094297924918565812e-01 -1.693474031044924555e+00
6.599962425212315686e-01 1.147311523257430466e-01 -1.692990675861992589e+00
6.636318595371268891e-01 1.205935952393937249e-01 -1.692623711665441677e+00
6.682043443629095414e-01 1.264659918317905252e-01 -1.692470989891456945e+00
6.736650669486845544e-01 1.317958638845633246e-01 -1.692625449397635151e+00
6.799152886475967605e-01 1.361365314537703597e-01 -1.693144086090934142e+00
6.866559469655744152e-01 1.394702060628620899e-01 -1.693962630439782791e+00
6.935364453523491512e-01 1.418875680736348954e-01 -1.694984752965222885e+00
7.002050341513292864e-01 1.434810847944625323e-01 -1.696112802320192570e+00
7.063095340435898706e-01 1.443452532231965790e-01 -1.697249413992279132e+00
7.114979308706907979e-01 1.445764997303804478e-01 -1.698298781417410863e+00
7.154188216616681473e-01 1.442727484221881795e-01 -1.699167567701344694e+00
7.177217017247001785e-01 1.435326758885335785e-01 -1.699765444198053421e+00
7.180570923267390882e-01 1.424546720288173418e-01 -1.700005252768045150e+00
7.160765172088869868e-01 1.411355246515562101e-01 -1.699802801044216327e+00
7.115684271878768286e-01 1.396567489366677961e-01 -1.699114904529807291e+00
7.048659218707156171e-01 1.380482031844039170e-01 -1.698053766979928714e+00
6.964377775418975069e-01 1.363274050184655195e-01 -1.696769470019310555e+00
6.867521096944941839e-01 1.345139309822918072e-01 -1.695410721285977029e+00
6.762762270236959417e-01 1.326308406037943755e-01 -1.694124413187229727e+00
6.654765291215989365e-01 1.307054040836952424e-01 -1.693055255357178268e+00
6.548184588704244469e-01 1.287691450837935569e-01 -1.692345510884338378e+00
6.447665211031616828e-01 1.268572141350707838e-01 -1.692134874327225758e+00
6.357843757428596199e-01 1.250071106691121869e-01 -1.692560528186244584e+00
6.283350069238529123e-01 1.232567718705910309e-01 -1.693757404334595540e+00
6.227178321044131160e-01 1.215899706081162712e-01 -1.695795645460313805e+00
6.185796592415218065e-01 1.197779771648983527e-01 -1.698494007881666379e+00
6.154038435089175252e-01 1.175371971678687011e-01 -1.701611604779639464e+00
6.126729456640140903e-01 1.145839600307878570e-01 -1.704910515623777378e+00
6.098690213550499450e-01 1.106361434282705503e-01 -1.708156312138397803e+00
6.064747131404133462e-01 1.054135817139383313e-01 -1.711120134050952979e+00
6.019750511803483306e-01 9.863729039650337427e-02 -1.713582283198278322e+00
5.958598121136478021e-01 9.002757253008830673e-02 -1.715337277975615082e+00
5.876262165185202058e-01 7.930113097598923133e-02 -1.716200295009062016e+00
5.767816624272441572e-01 6.616739004921612377e-02 -1.716014925219607079e+00
5.630420763378665150e-01 5.049133609616962559e-02 -1.714739663094791089e+00
5.469131643968943024e-01 3.279732595513307203e-02 -1.712664421032432438e+00
5.290859987575933232e-01 1.378086384292220856e-02 -1.710131524980991191e+00
5.102359821822948227e-01 -5.852567306606992759e-03 -1.707440659287833284e+00
4.910232150070568125e-01 -2.538553212178706886e-02 -1.704841406341188526e+00
4.720956608057949033e-01 -4.408887075585887771e-02 -1.702530496624592660e+00
4.540939152603726825e-01 -6.122350379250907082e-02 -1.700653506527737724e+00
4.376563607508789921e-01 -7.604319197356135263e-02 -1.699310924182172000e+00
4.234236292512614241e-01 -8.779771119888923891e-02 -1.698568690186367025e+00
4.120416201166801073e-01 -9.573605793037165412e-02 -1.698473447934902847e+00
4.039845356837470369e-01 -9.934510006968544360e-02 -1.699030943648498715e+00
3.990187487093370677e-01 -9.905938520453538843e-02 -1.700109228707963105e+00
3.967336908860161770e-01 -9.555459515714481711e-02 -1.701577433716968457e+00
3.967176064297710525e-01 -8.950934924400355541e-02 -1.703334188754366929e+00
3.985565130173505111e-01 -8.160314525635303795e-02 -1.705293502385442528e+00
4.018337203483057785e-01 -7.251491056959968873e-02 -1.707373283522314544e+00
4.061294555523633498e-01 -6.292194837422648845e-02 -1.709486577414002895e+00
4.110204971858046896e-01 -5.349919182283890962e-02 -1.711535566448996848e+00
4.160799681026685626e-01 -4.491877568748137151e-02 -1.713408377368901503e+00
4.208775793841486035e-01 -3.784999992144477687e-02 -1.714978740343866104e+00
4.250628491381021057e-01 -3.279072000484362093e-02 -1.716132301705884711e+00
4.286143288071766477e-01 -2.956168106434642340e-02 -1.716846435338862165e+00
4.315952395735163094e-01 -2.781536323949396206e-02 -1.717127592092752675e+00
4.340709360974126518e-01 -2.720513891834830389e-02 -1.716987285481925252e+00
4.361081792418133318e-01 -2.738511681682620491e-02 -1.716440770205740041e+00
4.377743943020866446e-01 -2.800997670847715781e-02 -1.715505929624828063e+00
4.391369559384381560e-01 -2.873480474468248502e-02 -1.714202388863583559e+00
4.402625249920810724e-01 -2.921493680108433466e-02 -1.712550861008911296e+00
4.412164507101210553e-01 -2.910581504214482251e-02 -1.710572725008129291e+00
4.420622447435715863e-01 -2.806286104038635543e-02 -1.708289825963666742e+00
4.428492530287315709e-01 -2.587087967047274617e-02 -1.705754725101797042e+00
4.435784860828246856e-01 -2.283272529021473929e-02 -1.703141016913306771e+00
4.442417426722080620e-01 -1.938107411857403761e-02 -1.700651739524798645e+00
4.448344284451386521e-01 -1.594888964159846267e-02 -1.698489123642526577e+00
4.453552549723869269e-01 -1.296933680441192394e-02 -1.696854783472257155e+00
4.458050673485534077e-01 -1.087569805241761500e-02 -1.695949925008863879e+00
4.461848051057155651e-01 -1.010129763972944517e-02 -1.695975537581970949e+00
4.464925978585490007e-01 -1.107943027264290947e-02 -1.697132567897362110e+00
4.467199942403170532e-01 -1.424327498652289137e-02 -1.699622130162586675e+00
4.468473183848522545e-01 -2.002575510979731632e-02 -1.703645881297707998e+00
4.468316477535876352e-01 -2.873744071694250835e-02 -1.709322310252437527e+00
4.465884903255328275e-01 -4.020047022850592455e-02 -1.716434731883265119e+00
4.460234426943818775e-01 -5.411340658102581358e-02 -1.724686177164810097e+00
4.450454777047680999e-01 -7.017291641893530496e-02 -1.733784638908201226e+00
4.435715578554879635e-01 -8.807397343398237766e-02 -1.743443190664826004e+00
4.415303211577508158e-01 -1.075103712035909709e-01 -1.753379430291771346e+00
4.388649196147254017e-01 -1.281755100308910045e-01 -1.763314276110949486e+00
4.355350970432851909e-01 -1.497634037280572983e-01 -1.772970205579364800e+00
4.315185841190376514e-01 -1.719698410932193333e-01 -1.782069071904766044e+00
4.268118658201243143e-01 -1.944936312483580565e-01 -1.790329666062887570e+00
4.214412524712471964e-01 -2.170543165529359442e-01 -1.797559580950434110e+00
4.154862051720469296e-01 -2.394406895719907169e-01 -1.803937328165969634e+00
4.090304255890822027e-01 -2.614579774333716244e-01 -1.809730579355755431e+00
4.021487682378590556e-01 -2.829100211936106390e-01 -1.815202271972331527e+00
3.949078097043554614e-01 -3.035985422510183440e-01 -1.820610819463208685e+00
3.873669036481497407e-01 -3.233226232102004438e-01 -1.826210222236645198e+00
3.795797282953490281e-01 -3.418783791513058112e-01 -1.832250004990980896e+00
3.715963369549575290e-01 -3.590588014556534979e-01 -1.838974920768376986e+00
3.634657179386828751e-01 -3.746537654689507946e-01 -1.846624384267053109e+00
3.552388567209607828e-01 -3.884502049269498158e-01 -1.855431628372094410e+00
3.469467362379830000e-01 -4.003265824047281818e-01 -1.865543134105409395e+00
3.385246877765339946e-01 -4.105369796871629617e-01 -1.876783881946755939e+00
3.298839917422351498e-01 -4.194309568329774862e-01 -1.888904379882572204e+00
3.209329869151038572e-01 -4.273593771894739213e-01 -1.901662624326953432e+00
3.115737672746363707e-01 -4.346741233942017502e-01 -1.914825523654143158e+00
3.016996833853800020e-01 -4.417279405829939165e-01 -1.928170358791311267e+00
2.911935717314895200e-01 -4.488744205832193579e-01 -1.941486305625230058e+00
2.799266005925651335e-01 -4.564681439349005387e-01 -1.954576094877397807e+00
2.677575862168048992e-01 -4.648649922215617458e-01 -1.967257923228098004e+00
2.545325953584995915e-01 -4.744226319949094162e-01 -1.979367758799468247e+00
2.402188911975446928e-01 -4.853466317040213696e-01 -1.990784438049974625e+00
2.253223301772337983e-01 -4.972315782823182317e-01 -2.001478258165882984e+00
2.105113940228080516e-01 -5.095314727320894299e-01 -2.011405916154833662e+00
1.964878644071488267e-01 -5.217140398842556870e-01 -2.020479468839508908e+00
1.839862671145384709e-01 -5.332589120976241048e-01 -2.028566435110921162e+00
1.737704151360972560e-01 -5.436548520125739081e-01 -2.035494700063838813e+00
1.666261014131165119e-01 -5.523956064976869307e-01 -2.041062934947574625e+00
1.633491850377946086e-01 -5.589741391858602526e-01 -2.045057143171591374e+00
1.647287206809409099e-01 -5.628752739066169575e-01 -2.047273670906915477e+00
1.715254375951991150e-01 -5.635672015014234759e-01 -2.047548542741686184e+00
1.841042259457768004e-01 -5.606961336085554137e-01 -2.045898418445520228e+00
2.014020765412758429e-01 -5.546991095801603322e-01 -2.042845009447160187e+00
2.219984403096195713e-01 -5.462180564146956741e-01 -2.039037359774143354e+00
2.444950853036504945e-01 -5.359140305593337317e-01 -2.035095889358766730e+00
2.675389948684654406e-01 -5.244754477950070992e-01 -2.031580250562861067e+00
2.898324618842509359e-01 -5.126186703190889205e-01 -2.028972174761795699e+00
3.101316136137790558e-01 -5.010823970440685393e-01 -2.027672589537294900e+00
3.272354608911167695e-01 -4.906175361957689773e-01 -2.028011633649733803e+00
3.399677640303799819e-01 -4.819739974560128815e-01 -2.030270033789017159e+00
3.471535665043861130e-01 -4.758852291431896475e-01 -2.034710588120969277e+00
3.479435629510425620e-01 -4.728819467714986402e-01 -2.041505963339479202e+00
3.428479687115619789e-01 -4.727797138776956842e-01 -2.050440138935031520e+00
3.326865948363892933e-01 -4.752030960182285213e-01 -2.061248549922733098e+00
3.182549687538798189e-01 -4.797694373428877945e-01 -2.073706178952243739e+00
3.003396010866214993e-01 -4.861002263818652303e-01 -2.087604892493115649e+00
2.797303971353062302e-01 -4.938307843549245568e-01 -2.102734846480339925e+00
2.572307517924272702e-01 -5.026187175278451491e-01 -2.118869639452524822e+00
2.336655703268277762e-01 -5.121512172436006871e-01 -2.135755003465873880e+00
2.098872781003038313e-01 -5.221510122019501488e-01 -2.153100864893824795e+00
1.867798205741886264e-01 -5.323805715716645182e-01 -2.170576578721891359e+00
1.650678693284057807e-01 -5.426771533233667455e-01 -2.187864851905565455e+00
1.447270449806561388e-01 -5.530362314158683290e-01 -2.204844831955881101e+00
1.255418049847447648e-01 -5.634842512586537566e-01 -2.221452079031809301e+00
1.072954494854965191e-01 -5.740415704364760785e-01 -2.237626501510998622e+00
8.977023513775073127e-02 -5.847225841370473631e-01 -2.253312252248202530e+00
7.274743461144783652e-02 -5.955359717507398010e-01 -2.268457695415770026e+00
5.600733432591775696e-02 -6.064850524595555292e-01 -2.283015439229106214e+00
3.932916514076412184e-02 -6.175682377615236973e-01 -2.296942429679241116e+00
2.249096251537041624e-02 -6.287795688609634226e-01 -2.310200100894161057e+00
5.269353998266002037e-03 -6.401093267066988446e-01 -2.322754578862637587e+00
-1.247685050103530813e-02 -6.515265623747281687e-01 -2.334595247716054534e+00
-3.055135750113890936e-02 -6.629272436767865706e-01 -2.345783306171264737e+00
-4.866504961110607042e-02 -6.741920854113221395e-01 -2.356385069961667966e+00
-6.651856810266654207e-02 -6.852047651817603224e-01 -2.366451666550137833e+00
-8.380213615222409373e-02 -6.958515886345812973e-01 -2.376019039038095748e+00
-1.001956487103914384e-01 -7.060212283238702646e-01 -2.385108403785977771e+00
-1.153691294025955827e-01 -7.156044844353406376e-01 -2.393727240531375422e+00
-1.289836496755274453e-01 -7.244940190455868567e-01 -2.401870892834069959e+00
-1.406927937291175823e-01 -7.325840236522962456e-01 -2.409524849722748385e+00
-1.501447335195056354e-01 -7.397697930663831301e-01 -2.416667765509422861e+00
-1.571450412270376518e-01 -7.460132233369929367e-01 -2.423301712581201084e+00
-1.621475254949960032e-01 -7.515369721418916349e-01 -2.429544315348409089e+00
-1.657861445588491023e-01 -7.566211245258793738e-01 -2.435563217929662461e+00
-1.687127818734008855e-01 -7.615378677706985400e-01 -2.441546453023416330e+00
-1.715948544118681696e-01 -7.665524383877224679e-01 -2.447699189985620638e+00
-1.751152184971882519e-01 -7.719231697631618871e-01 -2.454243348823263560e+00
-1.799745924098106187e-01 -7.779005011855035789e-01 -2.461420264535348235e+00
-1.868967334428948135e-01 -7.847247940700583513e-01 -2.469496604655619265e+00
-1.966366741172436150e-01 -7.926227374965870709e-01 -2.478773797765178699e+00
-2.099924289657373322e-01 -8.018020050366647666e-01 -2.489601313918219816e+00
-2.275446442613935361e-01 -8.123372899298235694e-01 -2.502272389297856670e+00
-2.488068265627516595e-01 -8.238592843335501570e-01 -2.516634518323206393e+00
-2.729826790817577731e-01 -8.359039414894429143e-01 -2.532376335654729971e+00
-2.992132964381806204e-01 -8.480320316061784602e-01 -2.549117686088147483e+00
-3.265611143965658769e-01 -8.598378041774461522e-01 -2.566392583859896881e+00
-3.540002485648097164e-01 -8.709557676746513266e-01 -2.583639485422632553e+00
-3.804148306373020816e-01 -8.810644467952748471e-01 -2.600200290165189720e+00
-4.046065671367067296e-01 -8.898857794883561212e-01 -2.615329096260062602e+00
-4.253120329540500677e-01 -8.971788394491841956e-01 -2.628211050228037138e+00
-4.412294286678584143e-01 -9.027268634731946406e-01 -2.637990894859658653e+00
-4.514198185296489640e-01 -9.064153495252416093e-01 -2.644046137312175304e+00
-4.564568895976206520e-01 -9.084959008662112367e-01 -2.646749449979468150e+00
-4.573553256477671525e-01 -9.092773882116667039e-01 -2.646788526701432165e+00
-4.551786373066040170e-01 -9.090434451184155051e-01 -2.644902555166456004e+00
-4.510127294910741824e-01 -9.080681435268953550e-01 -2.641854470765074847e+00
-4.459464193517277408e-01 -9.066270199753159176e-01 -2.638410516914194925e+00
-4.410591340495741974e-01 -9.050030407712048586e-01 -2.635327290562429425e+00
-4.374160158836266632e-01 -9.034874717924141763e-01 -2.633346493195124705e+00
-4.360705493374785746e-01 -9.023758120109448555e-01 -2.633197517778299357e+00
-4.380746165153901472e-01 -9.019589534452938651e-01 -2.635607796767903466e+00
-4.441778382253893653e-01 -9.024393865134321402e-01 -2.641085532401939773e+00
-4.538852083185531683e-01 -9.037153232589769658e-01 -2.649226169732325609e+00
-4.663961919353774022e-01 -9.056086700858596572e-01 -2.659402951423877948e+00
-4.809080478704998995e-01 -9.079488239318020959e-01 -2.670987022225951968e+00
-4.966061177453067188e-01 -9.105818753363710272e-01 -2.683337379150402047e+00
-5.126578205592409176e-01 -9.133767380584130180e-01 -2.695794651426469013e+00
-5.282098984275318543e-01 -9.162280519478942509e-01 -2.707678241308967504e+00
-5.423882383514353478e-01 -9.190556260433524471e-01 -2.718286125227333816e+00
-5.542994881556211340e-01 -9.218001732898741807e-01 -2.726896504007617406e+00
-5.630337651165735480e-01 -9.244151177299837485e-01 -2.732770573658855895e+00
-5.679026583669841699e-01 -9.268646487324776473e-01 -2.735353998611213200e+00
-5.691531415825474838e-01 -9.291386962414041051e-01 -2.734881239001831776e+00
-5.672765918445596967e-01 -9.312165188031613638e-01 -2.731794669744224358e+00
-5.627757540850293339e-01 -9.330638753565008159e-01 -2.726548179808870209e+00
-5.561646474632127024e-01 -9.346406912649394272e-01 -2.719607080262552490e+00
-5.479680279960597034e-01 -9.359074029406411199e-01 -2.711447572280823781e+00
-5.387200899169242163e-01 -9.368299073958112899e-01 -2.702555449835779111e+00
-5.289623281352469064e-01 -9.373830397250673130e-01 -2.693423955245453527e+00
-5.192406832770579683e-01 -9.375525083972586771e-01 -2.684550907760896443e+00
-5.101022327457744865e-01 -9.373352372460397319e-01 -2.676435369518575857e+00
-5.020243423862869037e-01 -9.367571431450834041e-01 -2.669501598838640355e+00
-4.952085789338021016e-01 -9.359254260427700700e-01 -2.663877387431643484e+00
-4.897812404014523224e-01 -9.349654932731743529e-01 -2.659609985973699686e+00
-4.858626957538376701e-01 -9.340004921204592137e-01 -2.656740577744109100e+00
-4.835699576889158635e-01 -9.331505889449251967e-01 -2.655306857809336840e+00
-4.830194542304813154e-01 -9.325322594802791798e-01 -2.655345841866296741e+00
-4.843299581526903097e-01 -9.322575674255304534e-01 -2.656896862899687406e+00
-4.876256609381606211e-01 -9.324334015154152056e-01 -2.660004740825498981e+00
-4.930394044771011508e-01 -9.331606340679101663e-01 -2.664723135932226761e+00
-5.007161077988513398e-01 -9.345331559479177486e-01 -2.671118119955495640e+00
-5.106377085843449848e-01 -9.365605014417557328e-01 -2.679148731644771075e+00
-5.220762417902555796e-01 -9.389453842211237244e-01 -2.688286143464708289e+00
-5.341015563625370888e-01 -9.413277120343188642e-01 -2.697854178622305810e+00
-5.457505450498310040e-01 -9.433667642577443502e-01 -2.707142798066823008e+00
-5.560290437507182659e-01 -9.447419488621493500e-01 -2.715410078061510912e+00
-5.639224664341231374e-01 -9.451493032635545077e-01 -2.721893187214202481e+00
-5.684148384596756642e-01 -9.442933915706106518e-01 -2.725827999836925919e+00
-5.685156212193840375e-01 -9.418745641156274218e-01 -2.726476734801503543e+00
-5.632935267973859794e-01 -9.375720402399538855e-01 -2.723162851220878533e+00
-5.519163368631563316e-01 -9.310239199440282221e-01 -2.715312298994799090e+00
-5.341015106033495385e-01 -9.219656569338496865e-01 -2.702787637190463332e+00
-5.112960731189568619e-01 -9.107226470742864066e-01 -2.686711854990971204e+00
-4.852984630579442182e-01 -8.977964400557834068e-01 -2.668439852291854208e+00
-4.577739492322923098e-01 -8.837390592890344010e-01 -2.649189014431804878e+00
-4.302205056065329103e-01 -8.691667559808129440e-01 -2.630002795831191342e+00
-4.039620297618906619e-01 -8.547614727206371832e-01 -2.611742276005018404e+00
-3.801640610665719677e-01 -8.412635590368102712e-01 -2.595101161321670791e+00
-3.598663725997042206e-01 -8.294590236228907010e-01 -2.580638974861553248e+00
-3.440274728535808180e-01 -8.201637353652961870e-01 -2.568827814534237142e+00
-3.335780337597196166e-01 -8.142058060282608700e-01 -2.560109928151091285e+00
-3.291559724181354341e-01 -8.121903343885059634e-01 -2.554790001778429520e+00
-3.301941087681807829e-01 -8.138289117871866374e-01 -2.552582218000725156e+00
-3.359145379433634560e-01 -8.185792335468726755e-01 -2.553150298561717157e+00
-3.456142013307506033e-01 -8.258725746149586655e-01 -2.556236844693187127e+00
-3.586263854209672530e-01 -8.351248197990743805e-01 -2.561620301334295746e+00
-3.742881184419086793e-01 -8.457457510951962298e-01 -2.569078953243288055e+00
-3.919116449460853246e-01 -8.571474169717725466e-01 -2.578360224494129938e+00
-4.107596590515996127e-01 -8.687519004826613767e-01 -2.589154924304987393e+00
-4.300252752559412528e-01 -8.799983681917726841e-01 -2.601077293807327440e+00
-4.488187839404762514e-01 -8.903488868484190633e-01 -2.613652731803781215e+00
-4.663345108939651595e-01 -8.993929339062560757e-01 -2.626381029419378343e+00
-4.823967317275181799e-01 -9.071425006039763872e-01 -2.638970051944314221e+00
-4.970028697601582834e-01 -9.137145510964375106e-01 -2.651198477092140404e+00
-5.101620625258913577e-01 -9.192270442281564868e-01 -2.662859428915145266e+00
-5.218963007845207613e-01 -9.237979060607637294e-01 -2.673760942808560248e+00
-5.322408405677023779e-01 -9.275441493851932506e-01 -2.683725823213682915e+00
-5.412439651171254695e-01 -9.305811519848123936e-01 -2.692590957553984587e+00
-5.489661988337903864e-01 -9.330220992596691687e-01 -2.700206177714743916e+00
-5.554790867077059602e-01 -9.349775907028572419e-01 -2.706432773870393493e+00
-5.608636516677343309e-01 -9.365554043053139210e-01 -2.711141766238181816e+00
-5.651942916462342481e-01 -9.378428819889936818e-01 -2.714271832226065051e+00
-5.684936872585568679e-01 -9.388539651518357232e-01 -2.716006463860037634e+00
-5.707742369178685493e-01 -9.395814571053833220e-01 -2.716592773051858423e+00
-5.720518163029373326e-01 -9.400152221918105511e-01 -2.716281168831904846e+00
-5.723453041153963028e-01 -9.401429899483444430e-01 -2.715324992359571254e+00
-5.716760691240203585e-01 -9.399511440055476896e-01 -2.713980122608163903e+00
-5.700673968150669069e-01 -9.394254892871805040e-01 -2.712504532652681988e+00
-5.675438419743796814e-01 -9.385519923586507218e-01 -2.711157783530820264e+00
-5.641305020134304016e-01 -9.373174912667261438e-01 -2.710200450246100790e+00
-5.598522144342945595e-01 -9.357103730078213388e-01 -2.709893482238013629e+00
-5.546845813743388476e-01 -9.337241822798851842e-01 -2.710355562694174658e+00
-5.484115355904135569e-01 -9.313652122119631116e-01 -2.711139021412136696e+00
-5.407751375312344067e-01 -9.286398379742895060e-01 -2.711660589749614214e+00
-5.315265352155176259e-01 -9.255490329830484697e-01 -2.711345948085871260e+00
-5.204282142756664342e-01 -9.220853764084715465e-01 -2.709631813995203142e+00
-5.072563361716415642e-01 -9.182292542528429635e-01 -2.705968148354430003e+00
-4.918034115662184291e-01 -9.139443352450591362e-01 -2.699820724252359749e+00
-4.738816452975207483e-01 -9.091724273706240922e-01 -2.690674385018624548e+00
-4.533273666411830050e-01 -9.038278553050123065e-01 -2.678037383886032519e+00
-4.300070030111609043e-01 -8.977915488745855654e-01 -2.661447228079858895e+00
-4.040764676832182545e-01 -8.909711727566520523e-01 -2.640792262606900032e+00
-3.767012591248377618e-01 -8.835314936182303569e-01 -2.617218636527069542e+00
-3.492206528055614712e-01 -8.757670044199219461e-01 -2.592107208483088954e+00
-3.228699672547934441e-01 -8.680543291109827919e-01 -2.566733940994705421e+00
-2.987755916725722827e-01 -8.608513207297185943e-01 -2.542265702929120241e+00
-2.779641770655665312e-01 -8.546869436554596078e-01 -2.519770444192728664e+00
-2.613866841467835656e-01 -8.501441112243508513e-01 -2.500242402170845146e+00
-2.499572595209738068e-01 -8.478370514420769943e-01 -2.484642219360907678e+00
-2.446071507225173747e-01 -8.483837370321349880e-01 -2.473952035495528001e+00
-2.463551860060260168e-01 -8.523724742338600890e-01 -2.469246884164601141e+00
-2.559084375964992830e-01 -8.600866608580233219e-01 -2.471357432334222892e+00
-2.722183379247082868e-01 -8.707817369151023001e-01 -2.479607271437459737e+00
-2.938068167240004414e-01 -8.834308609059808859e-01 -2.492945998317611878e+00
-3.191269546989285999e-01 -8.970126955394306378e-01 -2.510245117164537021e+00
-3.464662142392382904e-01 -9.105559189482921312e-01 -2.530200894551481117e+00
-3.738808446265711183e-01 -9.231740368322221002e-01 -2.551270042658552839e+00
-3.991719566585878454e-01 -9.340860726964610450e-01 -2.571648210479611230e+00
-4.199132933479639007e-01 -9.426162159910234095e-01 -2.589300835112754218e+00
-4.335358538784621629e-01 -9.481651825285357660e-01 -2.602051196990205817e+00
-4.374678142159176275e-01 -9.501487331697084926e-01 -2.607724078331591144e+00
-4.300085931843025122e-01 -9.481393579204739908e-01 -2.604874772352342660e+00
-4.125213134200347298e-01 -9.424997137361916799e-01 -2.594535308666474194e+00
-3.872680808382753526e-01 -9.337312135470581254e-01 -2.578493378090380705e+00
-3.565533808517544756e-01 -9.223234380427935974e-01 -2.558580646353023624e+00
-3.225887903464368378e-01 -9.088162770358794162e-01 -2.536533628429612275e+00
-2.873992248903958213e-01 -8.938367463978291738e-01 -2.513896283886609240e+00
-2.527734545344380024e-01 -8.781124557687123300e-01 -2.491967171715328000e+00
-2.202566288387313165e-01 -8.624669219217668825e-01 -2.471789267506398602e+00
-1.911775986265578098e-01 -8.478029334095262826e-01 -2.454175763259407006e+00
-1.667013858540702387e-01 -8.350794160324017668e-01 -2.439762809361430307e+00
-1.475365441052316484e-01 -8.250628527417158686e-01 -2.428855602903075450e+00
-1.329721354409425516e-01 -8.176169188500712615e-01 -2.420882587178621925e+00
-1.220578712613615835e-01 -8.123377130493918408e-01 -2.415176502552945692e+00
-1.139370010464517691e-01 -8.087876106740483628e-01 -2.411170516849140633e+00
-1.078125201894870600e-01 -8.065075125899192621e-01 -2.408362505034273404e+00
-1.029234792843167767e-01 -8.050251235582628340e-01 -2.406289735663708740e+00
-9.852960659155485246e-02 -8.038601959196767233e-01 -2.404512314143783858e+00
-9.390325620342565571e-02 -8.025272510886276578e-01 -2.402604479235214363e+00
-8.832818682280141331e-02 -8.005360508432177724e-01 -2.400153306414357868e+00
