1.561090797185898105e-01 4.587774574756623425e-01 -8.409901261329650879e-01
1.692127478709557487e-01 4.600347264923208002e-01 -8.421815901215305988e-01
1.799518193077136730e-01 4.610395347334442784e-01 -8.431485380158170173e-01
1.888410560810104555e-01 4.618447107176798516e-01 -8.439390492821632339e-01
1.963582195578394418e-01 4.624992739166407518e-01 -8.445977439718800328e-01
2.029440704200401180e-01 4.630484347549056467e-01 -8.451657827212483154e-01
2.090023686642978329e-01 4.635335946100182514e-01 -8.456808667515197664e-01
2.148998736021445199e-01 4.639923458124892153e-01 -8.461772378689178531e-01
2.209663438599581142e-01 4.644584716457941242e-01 -8.466856784646354939e-01
2.274945373789628023e-01 4.649619463463746660e-01 -8.472335115148386109e-01
2.347402114152288277e-01 4.655289351036377421e-01 -8.478446005806616892e-01
2.429221225396726580e-01 4.661817940599564114e-01 -8.485393498082112185e-01
2.522220266380569842e-01 4.669390703106691687e-01 -8.493347039285643607e-01
2.627846789109906656e-01 4.678155019040804996e-01 -8.502441482577695053e-01
2.747178338739287851e-01 4.688220178414604922e-01 -8.512777086968454920e-01
2.880922453571724828e-01 4.699657380770447812e-01 -8.524419517317822770e-01
3.029416665058691227e-01 4.712499735180348814e-01 -8.537399844335400445e-01
3.192628497800123477e-01 4.726742260245981320e-01 -8.551714544580510946e-01
3.370155469544420246e-01 4.742341884098674742e-01 -8.567325500462176224e-01
3.561225091188440217e-01 4.759217444399413410e-01 -8.584160000239130506e-01
3.764694866777503757e-01 4.777249688338842670e-01 -8.602110738019812519e-01
3.979052293505392912e-01 4.796281272637261117e-01 -8.621035813762373268e-01
4.202414861714355854e-01 4.816116763544628920e-01 -8.640758733274676029e-01
4.432530054895095217e-01 4.836522636840557832e-01 -8.661068408214283032e-01
4.666775349686781427e-01 4.857227277834322288e-01 -8.681719156088473222e-01
4.902158215877047143e-01 4.877920981364853303e-01 -8.702430700254236706e-01
5.135372621749626498e-01 4.898262197672985652e-01 -8.722893614111814076e-01
5.363420594255701168e-01 4.917946237145177091e-01 -8.742829207363610466e-01
5.584233780195604346e-01 4.936773975168876616e-01 -8.762049412370416235e-01
5.796729951903276667e-01 4.954658098042021286e-01 -8.780462228377425848e-01
6.000813007246268427e-01 4.971623102973026787e-01 -8.798071721514222343e-01
6.197372969625731809e-01 4.987805298080792982e-01 -8.814978024794792866e-01
6.388285987976427549e-01 5.003452802394698917e-01 -8.831377338117513132e-01
6.576414336766723823e-01 5.018925545854608927e-01 -8.847561928265164077e-01
6.765606415998591805e-01 5.034695269310865973e-01 -8.863920128904918538e-01
6.960696751207611221e-01 5.051345524524297748e-01 -8.880936340588344580e-01
7.167400196876984042e-01 5.069559029685660745e-01 -8.899180476712897914e-01
7.391148170964845221e-01 5.089978579767795441e-01 -8.919191868796310096e-01
7.635924887161406049e-01 5.113067956606465181e-01 -8.941363171524523423e-01
7.904161557546254269e-01 5.139099284329354811e-01 -8.965929808637681520e-01
8.196736392588366282e-01 5.168153029356082895e-01 -8.992969972930139333e-01
8.512974601146082732e-01 5.200118000398190610e-01 -9.022404626250454251e-01
8.850648390467137361e-01 5.234691348459146187e-01 -9.053997499501396096e-01
9.205976966188630373e-01 5.271378566834341584e-01 -9.087355092639930465e-01
9.573626532337046191e-01 5.309493491111102470e-01 -9.121926674677237612e-01
9.946710291328235698e-01 5.348158299168668250e-01 -9.157004283678695788e-01
1.031692412858645325e+00 5.386319941467696548e-01 -9.191735869541005632e-01
1.067603914464730464e+00 5.422930874391123091e-01 -9.225269864665616160e-01
1.101739418823130201e+00 5.457129793702606424e-01 -9.256899754726232166e-01
1.133603154118629996e+00 5.488258064875152220e-01 -9.286077221477214705e-01
1.162869691848755327e+00 5.515859723091126599e-01 -9.312412142753601074e-01
1.189383946823766136e+00 5.539681473242249465e-01 -9.335672592471093711e-01
1.213161177166662386e+00 5.559672689929595624e-01 -9.355784840626074628e-01
1.234386984313180280e+00 5.575985417463603655e-01 -9.372833353295594305e-01
1.253417313011792711e+00 5.588974369864053715e-01 -9.387060792637366147e-01
1.270778451323711478e+00 5.599196930860098620e-01 -9.398868016889787569e-01
1.287156014827347983e+00 5.607399326095356962e-01 -9.408806200650443596e-01
1.303273772447198331e+00 5.614364516856797938e-01 -9.417490157639363257e-01
1.319772471967559646e+00 5.620760093407987101e-01 -9.425511663236800786e-01
1.337198824131937913e+00 5.627124447062327173e-01 -9.433431574686621524e-01
1.356005502643046645e+00 5.633866770183071360e-01 -9.441779831096297482e-01
1.376551144162811102e+00 5.641267056183308926e-01 -9.451055453436919551e-01
1.399100348312364517e+00 5.649476099525981843e-01 -9.461726544543183071e-01
1.423823677672048982e+00 5.658515495723867028e-01 -9.474230289113391157e-01
1.450797657781415673e+00 5.668277641339592998e-01 -9.488972953709466918e-01
1.480004777139225514e+00 5.678525733985625434e-01 -9.506329886756934577e-01
1.511337285937302433e+00 5.688902988170263519e-01 -9.526647180650198443e-01
1.544638982205381650e+00 5.699034009779240240e-01 -9.550259954942140750e-01
1.579746998010300496e+00 5.708626170689177215e-01 -9.577510639557514915e-01
1.616495598207964512e+00 5.717478824657504788e-01 -9.608750636906122633e-01
1.654716180443351448e+00 5.725483307322467574e-01 -9.644340321882831635e-01
1.694237275150505928e+00 5.732622936203121133e-01 -9.684649041867554597e-01
1.734884545552543234e+00 5.738973010699337518e-01 -9.730055116725269126e-01
1.776480787661646854e+00 5.744700812091791953e-01 -9.780945838805996662e-01
1.818845930279071599e+00 5.750065603541985038e-01 -9.837717472944825792e-01
1.861797034995140043e+00 5.755418630092216103e-01 -9.900775256461891161e-01
1.905148604350970665e+00 5.761189647885740506e-01 -9.970541803653805157e-01
1.948715971617452691e+00 5.767738745588145699e-01 -1.004754955519918447e+00
1.992318690574228057e+00 5.775208165808802807e-01 -1.013253322756420882e+00
2.035780843671411322e+00 5.783508834320952863e-01 -1.022643821749402049e+00
2.078931042029592557e+00 5.792320360061733453e-01 -1.033042060201273538e+00
2.121602425439837791e+00 5.801091035132172058e-01 -1.044584713842343193e+00
2.163632662363688564e+00 5.809037834797187161e-01 -1.057429526430817335e+00
2.204863949933160150e+00 5.815146417485577146e-01 -1.071755309752796981e+00
2.245143013950744670e+00 5.818171124790041393e-01 -1.087761943622281846e+00
2.284321108889407981e+00 5.816634981467158072e-01 -1.105670375881167233e+00
2.322254209864583974e+00 5.808854314252089868e-01 -1.125717968227091248e+00
2.358805124322412183e+00 5.793209558350511656e-01 -1.148107300408485854e+00
2.393845603725237581e+00 5.768416063578416519e-01 -1.172954974486215995e+00
2.427256535522682057e+00 5.733548713059379853e-01 -1.200286960683612181e+00
2.458927943151647977e+00 5.688041923224589347e-01 -1.230038597386473365e+00
2.488758986036316401e+00 5.631689643812821666e-01 -1.262054591143064508e+00
2.516657959588144866e+00 5.564645357870445785e-01 -1.296089016664118798e+00
2.542542295205874048e+00 5.487422081751438530e-01 -1.331805316822835872e+00
2.566338560275519320e+00 5.400892365117366811e-01 -1.368776302654882704e+00
2.587982458170379196e+00 5.306288290937394292e-01 -1.406484153358394718e+00
2.607419746096759638e+00 5.205175735596117015e-01 -1.444328454068739553e+00
2.624616331362017441e+00 5.099171231061635501e-01 -1.481714611074335775e+00
2.639568367616335731e+00 4.989658827790030560e-01 -1.518142266802503082e+00
2.652303172689704613e+00 4.877764355078687553e-01 -1.553213337517581172e+00
2.662879228591918501e+00 4.764355421066285290e-01 -1.586632013320923296e+00
2.671386181512581004e+00 4.650041412732799362e-01 -1.618204758150899369e+00
2.677944841821099153e+00 4.535173495899507135e-01 -1.647840309782897528e+00
2.682707184066686956e+00 4.419844615228976092e-01 -1.675549679829320349e+00
2.685856346978364062e+00 4.303889494225076051e-01 -1.701446153739587741e+00
2.687606633464957540e+00 4.186884635232971386e-01 -1.725745290800135390e+00
2.688201035513934745e+00 4.068171442772726687e-01 -1.748757817897754085e+00
2.687884007984173262e+00 3.947110581090990666e-01 -1.770811460645211444e+00
2.686874242327913276e+00 3.823336332374269175e-01 -1.792172774303570915e+00
2.685362191465994641e+00 3.696779720303036143e-01 -1.813040037477756439e+00
2.683510069787848007e+00 3.567668510051736908e-01 -1.833543252116549116e+00
2.681451853151503251e+00 3.436527208288794322e-01 -1.853744143512594533e+00
2.679293278883583707e+00 3.304177063176599871e-01 -1.873636160302395881e+00
2.677111845779309274e+00 3.171736064371520891e-01 -1.893144474466315952e+00
2.674956814102492864e+00 3.040618943023888909e-01 -1.912125981328580027e+00
2.672849205585546617e+00 2.912537171778017409e-01 -1.930369299557271878e+00
2.670783075211926150e+00 2.789467738487121928e-01 -1.947600488509573013e+00
2.668739500968644318e+00 2.673309653504001848e-01 -1.963545939683671637e+00
2.666700573707944333e+00 2.565540454291507788e-01 -1.977995268661407291e+00
2.664650668966130898e+00 2.467184978244069682e-01 -1.990807032617079475e+00
2.662576446963577759e+00 2.378815362687700663e-01 -2.001908730317455642e+00
2.660466852604718824e+00 2.300551044879988738e-01 -2.011296802121760319e+00
2.658313115478054822e+00 2.232058762010105113e-01 -2.019036629981685316e+00
2.656108749856153750e+00 2.172552551198801141e-01 -2.025262537441383515e+00
2.653849554695644208e+00 2.120793749498405267e-01 -2.030177789637470642e+00
2.651533613637224729e+00 2.075090993892830249e-01 -2.034054593299027935e+00
2.649160293792959919e+00 2.033326054024849061e-01 -2.037229318214512919e+00
2.646719232406631317e+00 1.993237992196206787e-01 -2.040049933367848123e+00
2.644179323514078916e+00 1.952707323367731673e-01 -2.042823443074496481e+00
2.641487716730514190e+00 1.909781847886619643e-01 -2.045811108448383653e+00
2.638569817250508542e+00 1.862676651486429857e-01 -2.049228447401895359e+00
2.635329285848002634e+00 1.809774105287086376e-01 -2.053245234645877382e+00
2.631648038876305051e+00 1.749623865794882882e-01 -2.057985501689636898e+00
2.627386248268083868e+00 1.680942874902473239e-01 -2.063527536840940257e+00
2.622382341535379080e+00 1.602615359888880098e-01 -2.069903885206014316e+00
2.616453001769591946e+00 1.513692833419490458e-01 -2.077101348689546434e+00
2.609395119749287506e+00 1.413400290088618338e-01 -2.085062782933667869e+00
2.601007266902512605e+00 1.301204367678535367e-01 -2.093706863441103572e+00
2.591111168101582152e+00 1.176881507886660683e-01 -2.102947851544099578e+00
2.579553653715015660e+00 1.040524152690828208e-01 -2.112697391291994187e+00
2.566206659607545681e+00 8.925407443493037218e-02 -2.122864509451217963e+00
2.550967227140110261e+00 7.336557254007732010e-02 -2.133355615505291958e+00
2.533757503169854708e+00 5.649095386643454564e-02 -2.144074501654829046e+00
2.514524740050136931e+00 3.876586272395536603e-02 -2.154922342817535696e+00
2.493241295630521215e+00 2.035754345063526746e-02 -2.165797696628208424e+00
2.469904633256777338e+00 1.464840412512212128e-03 -2.176596503438735564e+00
2.444537345452477695e+00 -1.768422143060258134e-02 -2.187212905934728280e+00
2.417187414415559843e+00 -3.685905020978946789e-02 -2.197548264887192904e+00
2.387928472514225575e+00 -5.585310076246493421e-02 -2.207520174880749142e+00
2.356859825968302236e+00 -7.448629404357726136e-02 -2.217063283922448225e+00
2.324106454849243608e+00 -9.260501712560655074e-02 -2.226129293441772905e+00
2.289819013080128585e+00 -1.100821231985645715e-01 -2.234686958290634351e+00
2.254173828435662497e+00 -1.268169315699949617e-01 -2.242722086743374810e+00
2.217372902542176671e+00 -1.427352276649730967e-01 -2.250237540496766719e+00
2.179643910877627100e+00 -1.577892630261060469e-01 -2.257253234670011377e+00
2.141240202771598877e+00 -1.719577553135328007e-01 -2.263806137804743823e+00
2.102438936951532611e+00 -1.852449576411184240e-01 -2.269949232308720255e+00
2.063520572480170845e+00 -1.976704212390899829e-01 -2.275740079296803664e+00
2.024748359639656048e+00 -2.092587580900463207e-01 -2.281229383402203492e+00
1.986366475459983016e+00 -2.200387102562764707e-01 -2.286459953210256746e+00
1.948600023718995988e+00 -2.300431498797598784e-01 -2.291466701258419558e+00
1.911655034942393749e+00 -2.393090791821663732e-01 -2.296276644036282288e+00
1.875718466403724971e+00 -2.478776304648561690e-01 -2.300908901985555755e+00
1.840958202124392207e+00 -2.557940661088796697e-01 -2.305374699500078339e+00
1.807523052873646563e+00 -2.631077785749779685e-01 -2.309677364925814658e+00
1.775542756168593250e+00 -2.698722904035821268e-01 -2.313812330560853781e+00
1.745125358772150914e+00 -2.761449234786331752e-01 -2.317767798579404737e+00
1.716328423871068765e+00 -2.819831608917437449e-01 -2.321532066271908779e+00
1.689130238029282749e+00 -2.874410087779729617e-01 -2.325100851342325026e+00
1.663427193610988120e+00 -2.925686655701826289e-01 -2.328477957851167623e+00
1.639033788780641876e+00 -2.974125219990380598e-01 -2.331675276215510628e+00
1.615682627502955215e+00 -3.020151610930070785e-01 -2.334712783208980902e+00
1.593024419542901970e+00 -3.064153581783607416e-01 -2.337618541961766550e+00
1.570627980465714613e+00 -3.106480808791730608e-01 -2.340428701960612479e+00
1.547980231636883364e+00 -3.147444891173211690e-01 -2.343187499048819067e+00
1.524486200222159082e+00 -3.187319351124849875e-01 -2.345947255426246603e+00
1.499479330645601349e+00 -3.226335531861051487e-01 -2.348767381105593355e+00
1.472334910628129379e+00 -3.264637476049139786e-01 -2.351703389931477872e+00
1.442583497226071154e+00 -3.302236804244670920e-01 -2.354795915599529277e+00
1.409921228289216621e+00 -3.339008612931012032e-01 -2.358069713112664889e+00
1.374209822460814800e+00 -3.374691474519339041e-01 -2.361533658781092004e+00
1.335476579177574674e+00 -3.408887437348632754e-01 -2.365180750222304784e+00
1.293914378669666077e+00 -3.441062025685687198e-01 -2.368988106361087809e+00
1.249881681960717472e+00 -3.470544239725099622e-01 -2.372916967429514301e+00
1.203902530867818399e+00 -3.496526555589277718e-01 -2.376912694966944350e+00
1.156666548001517913e+00 -3.518064925328438508e-01 -2.380904771820029797e+00
1.109016390776184746e+00 -3.534095548175843482e-01 -2.384808136290392788e+00
1.061809746959718526e+00 -3.543619352436100378e-01 -2.388537857606465309e+00
1.015781331300081192e+00 -3.545886475933996418e-01 -2.392023811280819423e+00
9.715303398945888125e-01 -3.540413036789916701e-01 -2.395212013219677694e+00
9.295204501899186900e-01 -3.526981133419836434e-01 -2.398064619722913626e+00
8.900798209821040308e-01 -3.505638844535324816e-01 -2.400559927484055223e+00
8.534010924165371659e-01 -3.476700229143550591e-01 -2.402692373590279651e+00
8.195413859879669971e-01 -3.440745326547272054e-01 -2.404472535522417687e+00
7.884223045405009955e-01 -3.398620156344845933e-01 -2.405927131154952825e+00
7.598299322676042022e-01 -3.351436718430219064e-01 -2.407099018756018172e+00
7.334235049468068590e-01 -3.300556645317871962e-01 -2.408046131035974646e+00
7.088307821907506856e-01 -3.247411378340737120e-01 -2.408829749722384062e+00
6.857434194501759173e-01 -3.193322344315820405e-01 -2.409502780165482250e+00
6.639256381659452977e-01 -3.139484608025050472e-01 -2.410108685396919803e+00
6.432142257690431908e-01 -3.086966872215271551e-01 -2.410681486129760298e+00
6.235185356805759138e-01 -3.036711477598246223e-01 -2.411245760758483403e+00
6.048204873117705160e-01 -2.989534402850652084e-01 -2.411816645358980882e+00
5.871745660639783315e-01 -2.946125264614090633e-01 -2.412399833688559259e+00
5.707078233286695390e-01 -2.907047317495072281e-01 -2.412991577185937153e+00
5.556198764874392682e-01 -2.872737454065035778e-01 -2.413578684971251942e+00
5.421752047507156780e-01 -2.843502795440530639e-01 -2.414139188030997918e+00
5.306184045591700871e-01 -2.819483188185679112e-01 -2.414649645151129675e+00
5.210894458667726381e-01 -2.800613701604782735e-01 -2.415092448774137868e+00
5.136159682733946186e-01 -2.786621218452594584e-01 -2.415456489158667175e+00
5.081132810248050191e-01 -2.777024434934304287e-01 -2.415737154379513196e+00
5.043843630126737532e-01 -2.771133860705548568e-01 -2.415936330327623782e+00
5.021198627745689924e-01 -2.768051818872406256e-01 -2.416062400710098590e+00
5.008980984939590542e-01 -2.766672445991399942e-01 -2.416130247050190860e+00
5.001850580002110691e-01 -2.765681692069493769e-01 -2.416161248687302976e+00
4.993343987685923691e-01 -2.763557320564098418e-01 -2.416183282776992236e+00
4.975995093305831118e-01 -2.758595006393801397e-01 -2.416230128710186165e+00
4.942661838671298380e-01 -2.749195412065348898e-01 -2.416334916770053187e+00
4.887852961117412631e-01 -2.734151262307299435e-01 -2.416523576822939390e+00
4.807848605307543655e-01 -2.712673441582983402e-01 -2.416814242748958730e+00
4.700700323233322209e-01 -2.684390994090503635e-01 -2.417217252441984598e+00
4.566231074214660568e-01 -2.649351123762735960e-01 -2.417735147809652041e+00
4.406035224899721991e-01 -2.608019194267323648e-01 -2.418362674773360421e+00
4.223478549264968462e-01 -2.561278729006691290e-01 -2.419086783268272978e+00
4.023698228615099626e-01 -2.510431411118023703e-01 -2.419886627243311494e+00
3.813602851583120512e-01 -2.457197083473290078e-01 -2.420733564661164294e+00
3.601727892037178136e-01 -2.403678780606204324e-01 -2.421591778794481176e+00
3.396645966056473509e-01 -2.351978079909032293e-01 -2.422425112484092313e+00
3.205377088907173100e-01 -2.303810452829394562e-01 -2.423203902397223164e+00
3.033244152949246542e-01 -2.260470296797231216e-01 -2.423905600323696952e+00
2.883872927636529360e-01 -2.222830935224821280e-01 -2.424514773175930671e+00
2.759192059516668571e-01 -2.191344617506763570e-01 -2.425023102988940416e+00
2.659433072231174311e-01 -2.166042519019996115e-01 -2.425429386920339603e+00
2.583130366515367093e-01 -2.146534741123777845e-01 -2.425739537250335864e+00
2.527121220198426110e-01 -2.132010311159701910e-01 -2.425966581381735043e+00
2.486545788203353979e-01 -2.121237182451690129e-01 -2.426130661839939862e+00
2.454961428367479492e-01 -2.112590735395309949e-01 -2.426258554412039192e+00
2.425600294190147777e-01 -2.104367291614744895e-01 -2.426378367640044775e+00
2.392626934122273619e-01 -2.095097629750622692e-01 -2.426514242286555767e+00
2.351252619567422431e-01 -2.083575487092951262e-01 -2.426685869464653589e+00
2.297735344881824682e-01 -2.068857559581123440e-01 -2.426908490637907256e+00
2.229379827374360634e-01 -2.050263501803907817e-01 -2.427192897620368495e+00
2.144537507306577273e-01 -2.027375926999460676e-01 -2.427545432576574846e+00
2.042606547892668600e-01 -2.000040407055315994e-01 -2.427967988021550116e+00
1.924031835299501447e-01 -1.968365472508394887e-01 -2.428458006820803483e+00
1.790304978646580780e-01 -1.932722612544991725e-01 -2.429008482190326834e+00
1.643917243976669440e-01 -1.893734741850144621e-01 -2.429608173271978533e+00
1.487841820750337440e-01 -1.852149334190656138e-01 -2.430243976495547908e+00
1.325016082954225127e-01 -1.808711554678265609e-01 -2.430903296965498672e+00
1.158294521276103245e-01 -1.764152726179017139e-01 -2.431574264044565226e+00
9.904487431049339985e-02 -1.719190329313277643e-01 -2.432245731353758433e+00
8.241674725308180405e-02 -1.674528002455724640e-01 -2.432907276772364735e+00
6.620565503450155653e-02 -1.630855541735348191e-01 -2.433549202437941705e+00
5.066389340399705954e-02 -1.588848901035461725e-01 -2.434162534746325157e+00
3.603546978092590086e-02 -1.549170191993684276e-01 -2.434739024351624259e+00
2.255610325476441538e-02 -1.512467684001956858e-01 -2.435271146166220646e+00
1.044951174891103028e-02 -1.479365383543716772e-01 -2.435752195309956569e+00
-1.134286108860823190e-04 -1.450348408493020713e-01 -2.436177342536492318e+00
-9.055523703218161871e-03 -1.425648363606175917e-01 -2.436544689648703965e+00
-1.639697410557281604e-02 -1.405232920256440921e-01 -2.436855365444194899e+00
-2.225537509433719863e-02 -1.388805816434022233e-01 -2.437113525715300710e+00
-2.684571664479538933e-02 -1.375806856746079609e-01 -2.437326353249089639e+00
-3.048038343113054077e-02 -1.365411912416721052e-01 -2.437504057827360793e+00
-3.356915482642314902e-02 -1.356532921287005589e-01 -2.437659876226645927e+00
-3.661920490265241357e-02 -1.347817887814940496e-01 -2.437810072218208113e+00
-4.023510243069511327e-02 -1.337650883075485742e-01 -2.437973936568040845e+00
-4.510750703736284006e-02 -1.324182121252394650e-01 -2.438173419719050550e+00
-5.188882779520954946e-02 -1.305658798753888128e-01 -2.438429091323067066e+00
-6.106888245914698921e-02 -1.280755931607339693e-01 -2.438756099793870646e+00
-7.296359383908009033e-02 -1.248606431377470710e-01 -2.439163804996375084e+00
-8.771498979991033951e-02 -1.208801105166344564e-01 -2.439655778246637485e+00
-1.052912032615313243e-01 -1.161388655613373871e-01 -2.440229802311845386e+00
-1.254864721988340759e-01 -1.106875680895309383e-01 -2.440877871410326971e+00
-1.479211396417010604e-01 -1.046226674726255246e-01 -2.441586191211546630e+00
-1.720416536750128678e-01 -9.808640263576509644e-02 -2.442335178836106291e+00
-1.971205674386407591e-01 -9.126680205782911059e-02 -2.443099462855742754e+00
-2.222700051317879344e-01 -8.439435050147385542e-02 -2.443848329102303651e+00
-2.465897880606635062e-01 -7.770532304360817932e-02 -2.444550624566451003e+00
-2.693155606861560858e-01 -7.140511910586917754e-02 -2.445179661296361218e+00
-2.898322566281754664e-01 -6.566492918466335094e-02 -2.445713662206697947e+00
-3.076740986656446020e-01 -6.062173485116890970e-02 -2.446135761078613857e+00
-3.225245987365067402e-01 -5.637830875133358760e-02 -2.446434002559749743e+00
-3.342165579377196494e-01 -5.300321460587661265e-02 -2.446601342164235859e+00
-3.427320665252600040e-01 -5.053080721028701400e-02 -2.446635646272689257e+00
-3.482025039141199430e-01 -4.896123243482497500e-02 -2.446539692132215560e+00
-3.509085386783100668e-01 -4.826042722452086875e-02 -2.446321167856410295e+00
-3.512711127068356975e-01 -4.836165276539659830e-02 -2.445992465724386111e+00
-3.497522662316108200e-01 -4.918235942986561027e-02 -2.445568408454346088e+00
-3.467559623394729784e-01 -5.064105180986243349e-02 -2.445063975465326944e+00
-3.426190709561969805e-01 -5.265882191230677328e-02 -2.444494096172284969e+00
-3.376113688464960627e-01 -5.515934915910308128e-02 -2.443873649986100016e+00
-3.319355396140201142e-01 -5.806890038714115909e-02 -2.443217466313569730e+00
-3.257271737013574531e-01 -6.131632984829539501e-02 -2.442540324557413545e+00
-3.190547683900331055e-01 -6.483307920942571467e-02 -2.441856954116273126e+00
-3.119197278005113039e-01 -6.855317755237652633e-02 -2.441182034384712818e+00
-3.042563628921918228e-01 -7.241324137397775473e-02 -2.440530194753212978e+00
-2.959364717401119504e-01 -7.635265219101922129e-02 -2.439915897312960880e+00
-2.868197232775230865e-01 -8.031551022208208157e-02 -2.439352146590541448e+00
-2.768040415626544237e-01 -8.425258808969356139e-02 -2.438849199269215173e+00
-2.658301862301351015e-01 -8.812150843207897100e-02 -2.438414446889221043e+00
-2.538817524909973145e-01 -9.188674390316012297e-02 -2.438052415847779208e+00
-2.409851711326736201e-01 -9.551961717255685880e-02 -2.437764767399091426e+00
-2.272097085189976606e-01 -9.899830092558625783e-02 -2.437550297654338838e+00
-2.126674665902066608e-01 -1.023078178632623597e-01 -2.437404937581684194e+00
-1.975133828629367372e-01 -1.054400407022970804e-01 -2.437321753006271408e+00
-1.819452304302279777e-01 -1.083936921750991572e-01 -2.437290944610221999e+00
-1.661983811423307644e-01 -1.111741231053606227e-01 -2.437300043047609055e+00
-1.504882013947036468e-01 -1.137908712733580047e-01 -2.437336055179334160e+00
-1.349524485152959197e-01 -1.162552203066525430e-01 -2.437387610285678186e+00
-1.196460341451291293e-01 -1.185799777641398656e-01 -2.437445155173827871e+00
-1.045410242382915494e-01 -1.207794751360511676e-01 -2.437500954177873602e+00
-8.952663906194403831e-02 -1.228695678439523931e-01 -2.437549089158813853e+00
-7.440925319631427892e-02 -1.248676352407449008e-01 -2.437585459504550744e+00
-5.891239553470222629e-02 -1.267925806106646458e-01 -2.437607782129892264e+00
-4.267674928347470892e-02 -1.286648311692831781e-01 -2.437615591476550936e+00
-2.526015196207101465e-02 -1.305063380635066161e-01 -2.437610239513146038e+00
-6.147694570816053701e-03 -1.323402433878440587e-01 -2.437594798002352015e+00
1.513718833356655913e-02 -1.341872173887544151e-01 -2.437572983447042319e+00
3.892162914032797766e-02 -1.360617956880476320e-01 -2.437548082042007458e+00
6.537322820949202640e-02 -1.379720463055028323e-01 -2.437522851942980573e+00
9.450005387186373451e-02 -1.399195696588689530e-01 -2.437499523266633439e+00
1.261506424290198825e-01 -1.418994985638639683e-01 -2.437479798090574690e+00
1.600139981533192091e-01 -1.439004982341757222e-01 -2.437464850453355147e+00
1.956195932878914967e-01 -1.459047662814611235e-01 -2.437455326354463381e+00
2.323373680466492841e-01 -1.478880327153468954e-01 -2.437451343754327038e+00
2.693777306142753902e-01 -1.498195599434288816e-01 -2.437452492574312846e+00
3.058061603312456356e-01 -1.516627172501361087e-01 -2.437457860468831505e+00
3.407038427289476590e-01 -1.533813000642288427e-01 -2.437466316318482207e+00
3.733283045648009280e-01 -1.549458492262967002e-01 -2.437476793723202029e+00
4.031280170072786273e-01 -1.563342254676229059e-01 -2.437488316774366837e+00
4.297423956358956132e-01 -1.575316094101831821e-01 -2.437500000054793059e+00
4.530018004412193489e-01 -1.585305015666468031e-01 -2.437511048638735467e+00
4.729275358248610783e-01 -1.593307223403759298e-01 -2.437520758091892503e+00
4.897318505994825988e-01 -1.599394120254258034e-01 -2.437528514471400065e+00
5.038179379887905984e-01 -1.603710308065448009e-01 -2.437533794325835501e+00
5.157799356275420966e-01 -1.606473587591744356e-01 -2.437536164695215390e+00
5.263892089661241780e-01 -1.607970367915150800e-01 -2.437535289460116772e+00
5.364434676744949115e-01 -1.608505169722269645e-01 -2.437530999182479174e+00
5.466158812612396112e-01 -1.608350128318635219e-01 -2.437523360946772133e+00
5.574413622165332871e-01 -1.607740402961808091e-01 -2.437512684709233657e+00
5.693165660121368710e-01 -1.606874176861380343e-01 -2.437499523297872006e+00
5.824998911014004355e-01 -1.605912657178972802e-01 -2.437484672412466136e+00
5.971114789192606409e-01 -1.604980075028235031e-01 -2.437469170624561698e+00
6.131332138822435107e-01 -1.604163685474847556e-01 -2.437454299377477263e+00
6.304087233884613228e-01 -1.603513767536519641e-01 -2.437441582986302091e+00
6.486433778176158294e-01 -1.603043624182988458e-01 -2.437432788637891701e+00
6.674138404376817046e-01 -1.602729779115054376e-01 -2.437429881321111047e+00
6.862731178356852313e-01 -1.602514141363954869e-01 -2.437434528052569771e+00
7.048556114413937479e-01 -1.602306169913263190e-01 -2.437447602097202903e+00
7.228866677983146749e-01 -1.601983070485426541e-01 -2.437469137896788762e+00
7.401825785636905186e-01 -1.601389795541763583e-01 -2.437498331069947177e+00
7.566505805085043113e-01 -1.600339044282470535e-01 -2.437533538412144818e+00
7.722888555174762804e-01 -1.598611262646613129e-01 -2.437572277895687201e+00
7.871865305890632936e-01 -1.595954643312134380e-01 -2.437611228669726238e+00
8.015236778354619673e-01 -1.592085125695849035e-01 -2.437646231060256241e+00
8.155713144826041150e-01 -1.586686395953445516e-01 -2.437672286570113478e+00
8.296831269283123644e-01 -1.579416994835939891e-01 -2.437683672665587498e+00
8.442044366447372106e-01 -1.569988503026105153e-01 -2.437675205411584667e+00
8.593811670278964643e-01 -1.558243725661485057e-01 -2.437643502093669312e+00
8.753515677715129062e-01 -1.544163799919709146e-01 -2.437587096000283893e+00
8.921462148670219472e-01 -1.527868195018490804e-01 -2.437506436422753442e+00
9.096880106035653002e-01 -1.509614712215635868e-01 -2.437403888655286899e+00
9.277921835679973084e-01 -1.489799484809030128e-01 -2.437283733994975332e+00
9.461662886448773957e-01 -1.468956978136651548e-01 -2.437152169741790608e+00
9.644102070164782825e-01 -1.447759989576558604e-01 -2.437017309198588055e+00
9.820161461627782140e-01 -1.427019648546902497e-01 -2.436889181671104243e+00
9.983801358869079934e-01 -1.407668808881039624e-01 -2.436779487383857745e+00
1.012928483717920880e+00 -1.390579366220984214e-01 -2.436698901573745690e+00
1.025244229655768446e+00 -1.376379576361119739e-01 -2.436654378597660653e+00
1.035078641977471348e+00 -1.365437447940098248e-01 -2.436648906853064567e+00
1.042351217237122762e+00 -1.357860742440832602e-01 -2.436681508777993610e+00
1.047149680265883731e+00 -1.353496974190500080e-01 -2.436747240851050211e+00
1.049729984171988040e+00 -1.351933410360542931e-01 -2.436837193591410156e+00
1.050516310340739112e+00 -1.352497070966665604e-01 -2.436938491558819919e+00
1.050101068434510454e+00 -1.354254728868836966e-01 -2.437034293353594894e+00
1.049244896392746984e+00 -1.356012909771289465e-01 -2.437103791616622495e+00
1.048861524712130011e+00 -1.356342109611520241e-01 -2.437122594172961954e+00
1.049851283528414170e+00 -1.353843185839297969e-01 -2.437066916611465128e+00
1.052934609698261914e+00 -1.347413748695671376e-01 -2.436917774864396424e+00
1.058636911079412046e+00 -1.336272378601970068e-01 -2.436661366351034808e+00
1.067288566530676164e+00 -1.319958626159804804e-01 -2.436289069977672916e+00
1.079024925911943100e+00 -1.298333012151062504e-01 -2.435797446137616618e+00
1.093786310084175151e+00 -1.271577027537917071e-01 -2.435188236711189447e+00
1.111318010909410958e+00 -1.240193133462816344e-01 -2.434468365065724171e+00
1.131170291250762627e+00 -1.205004761248494316e-01 -2.433649936055572560e+00
1.152698384972419499e+00 -1.167156312397960444e-01 -2.432750236022098278e+00
1.175076334186291538e+00 -1.128089755115248699e-01 -2.431791402925477019e+00
1.197449200020855864e+00 -1.089287184247988566e-01 -2.430796797769311457e+00
1.219085274181767709e+00 -1.052013379890827521e-01 -2.429787376006370625e+00
1.239389916462444896e+00 -1.017292403459767458e-01 -2.428781357664093754e+00
1.257905554744060517e+00 -9.859075976921777285e-02 -2.427794227344593825e+00
1.274311684995549809e+00 -9.584015866467822387e-02 -2.426838734224651795e+00
1.288424871273602612e+00 -9.350762757036709671e-02 -2.425924892055722371e+00
1.300198745722670912e+00 -9.159928515642906666e-02 -2.425059979163931345e+00
1.309724008574963738e+00 -9.009717822514526353e-02 -2.424248538450077817e+00
1.317228428150449160e+00 -8.895928171093260561e-02 -2.423492377389631081e+00
1.323069170958213858e+00 -8.812085595438061414e-02 -2.422790658426362320e+00
1.327648431641091697e+00 -8.750937692375672372e-02 -2.422140893316095500e+00
1.331329062042522660e+00 -8.705946659184253533e-02 -2.421539937480793547e+00
1.334426901015324463e+00 -8.671425026174686690e-02 -2.420984080405639727e+00
1.337210774421692117e+00 -8.642535656690598922e-02 -2.420469045639037642e+00
1.339902495133198812e+00 -8.615291747108348719e-02 -2.419989990792613455e+00
1.342676863030795698e+00 -8.586556826837021816e-02 -2.419541507541211445e+00
1.345661665004812768e+00 -8.554044758318450625e-02 -2.419117621622898895e+00
1.348937674954955979e+00 -8.516319737027197578e-02 -2.418711792838962538e+00
1.352538653790310574e+00 -8.472796291470557906e-02 -2.418316915053909888e+00
1.356454347105147118e+00 -8.423699888020125259e-02 -2.417925231974773048e+00
1.360663459155406096e+00 -8.369633590070164886e-02 -2.417527410736309168e+00
1.365166626492130497e+00 -8.311144721704336047e-02 -2.417111615495837640e+00
1.369989415522921528e+00 -8.248685474030011122e-02 -2.416663423215750228e+00
1.375182322511943500e+00 -8.182612905178285323e-02 -2.416165823663523504e+00
1.380820773579918948e+00 -8.113188940303972529e-02 -2.415599219411705967e+00
1.387005124704131731e+00 -8.040580371585630270e-02 -2.414941425837928257e+00
1.393860661718425709e+00 -7.964858858225523641e-02 -2.414167671124897385e+00
1.401537600313205179e+00 -7.886000926449643345e-02 -2.413250596260398062e+00
1.410211086035435324e+00 -7.803887969507695976e-02 -2.412160255037292700e+00
1.420078327007124441e+00 -7.718326087520717416e-02 -2.410864545596077768e+00
1.431327055141167204e+00 -7.629264316722654538e-02 -2.409333957195447073e+00
1.444103988341527200e+00 -7.537012851890977083e-02 -2.407546316834708211e+00
1.458511963549840695e+00 -7.442262883923858596e-02 -2.405487220746956201e+00
1.474609936745408856e+00 -7.346086599840215281e-02 -2.403150034399069934e+00
1.492412982945207522e+00 -7.249937182779657430e-02 -2.400535892491713952e+00
1.511892296203882768e+00 -7.155648812002532444e-02 -2.397653698959339330e+00
1.532975189613751787e+00 -7.065436662889891528e-02 -2.394520126970183682e+00
1.555545095304796233e+00 -6.981896906943531322e-02 -2.391159618926267161e+00
1.579441564444674428e+00 -6.908006711785946719e-02 -2.387604386463399120e+00
1.604461986832110609e+00 -6.847075071570710159e-02 -2.383894034919822325e+00
1.630380506424269793e+00 -6.802201941496362203e-02 -2.380071432491371652e+00
1.656966936864133544e+00 -6.775737372320286833e-02 -2.376178579386623912e+00
1.683988481073889210e+00 -6.769232340769090750e-02 -2.372256232295553602e+00
1.711209731254942135e+00 -6.783438749538565904e-02 -2.368343904389527577e+00
1.738392668887906556e+00 -6.818309427293720026e-02 -2.364479865321306828e+00
1.765296664732612264e+00 -6.872998128668771078e-02 -2.360701141225048261e+00
1.791678478828093279e+00 -6.945859534267130597e-02 -2.357043514716303356e+00
1.817292260492602729e+00 -7.034449250661423125e-02 -2.353541524892017733e+00
1.841889548323602188e+00 -7.135523810393479271e-02 -2.350228467330531590e+00
1.865221197575139822e+00 -7.245094668300676444e-02 -2.347136165587071499e+00
1.887058582191223133e+00 -7.359022185823739515e-02 -2.344292457539554952e+00
1.907214797500972336e+00 -7.473609633853871281e-02 -2.341718681655941658e+00
1.925546587816562294e+00 -7.585657195238791617e-02 -2.339429448463571592e+00
1.941954346433226508e+00 -7.692461964782744410e-02 -2.337432640549166774e+00
1.956382115629253349e+00 -7.791817949246464259e-02 -2.335729412558829043e+00
1.968817586665993602e+00 -7.882016067347247246e-02 -2.334314191198042732e+00
1.979292099787853143e+00 -7.961844149758892653e-02 -2.333174675231670658e+00
1.987880644222298709e+00 -8.030586939111732103e-02 -2.332291835483961240e+00
1.994701858179851017e+00 -8.088026089992604584e-02 -2.331639914838539607e+00
1.999916265365258905e+00 -8.134425884063034573e-02 -2.331186807209421286e+00
2.003706876331238007e+00 -8.170376094179190862e-02 -2.330898226279919161e+00
2.006259789630394419e+00 -8.196634846877051683e-02 -2.330741874284916637e+00
2.007762428259120213e+00 -8.214114336945614603e-02 -2.330687820996336868e+00
2.008403539657592773e+00 -8.223880827426910400e-02 -2.330708503723144531e+00
2.008373195709773462e+00 -8.227154649616000293e-02 -2.330778727311337395e+00
2.007862792743410729e+00 -8.225310203060963443e-02 -2.330875664143955195e+00
2.007065051530035671e+00 -8.219875955562906678e-02 -2.330978854141072532e+00
2.006174017284966027e+00 -8.212534443175964483e-02 -2.331070204759805531e+00
2.005385059667305292e+00 -8.205122270207304558e-02 -2.331133990994306515e+00
2.004893408604691896e+00 -8.199609060867557586e-02 -2.331156853927042416e+00
2.004878048588988548e+00 -8.197865930637462939e-02 -2.331127784793051383e+00
2.005485613139521561e+00 -8.201433960043226501e-02 -2.331038109044361928e+00
2.006828920683687567e+00 -8.211503147109874834e-02 -2.330881484901323741e+00
2.008986974556956184e+00 -8.228912407361288484e-02 -2.330653903352612133e+00
2.012004963002864244e+00 -8.254149573820161734e-02 -2.330353688155224479e+00
2.015894259173018899e+00 -8.287351397008030363e-02 -2.329981495834479333e+00
2.020632421127099398e+00 -8.328303544945263315e-02 -2.329540315684020424e+00
2.026163191832854427e+00 -8.376440603151057152e-02 -2.329035469765812216e+00
2.032396499166102100e+00 -8.430846074643445764e-02 -2.328474612910142127e+00
2.039210478541130023e+00 -8.490272132019958951e-02 -2.327867579680986232e+00
2.046473720919226746e+00 -8.553356881303451897e-02 -2.327224701065067070e+00
2.054067520122836665e+00 -8.618841619006972765e-02 -2.326555121213455646e+00
2.061887895234501222e+00 -8.685590581954111267e-02 -2.325866644424445351e+00
2.069845590596854468e+00 -8.752590947278983402e-02 -2.325165735143555068e+00
2.077866075812629276e+00 -8.818952832426261990e-02 -2.324457517963524289e+00
2.085889545744655571e+00 -8.883909295151160013e-02 -2.323745777624318887e+00
2.093870920515860323e+00 -8.946816333519437558e-02 -2.323032959013127563e+00
2.101779845509261779e+00 -9.007152885907376838e-02 -2.322320167164361848e+00
2.109600691367980119e+00 -9.064520831001818268e-02 -2.321607167259658766e+00
2.117331836173195647e+00 -9.118640478138861916e-02 -2.320892456140780435e+00
2.124977769401781291e+00 -9.169300961029783203e-02 -2.320174048951560763e+00
2.132541195883929319e+00 -9.216310631486945848e-02 -2.319450265779845033e+00
2.140022317981121525e+00 -9.259492549762522728e-02 -2.318719803170397054e+00
2.147418835586124786e+00 -9.298684484548500051e-02 -2.317981734124893833e+00
2.154725946122995062e+00 -9.333738912976670410e-02 -2.317235508101930463e+00
2.161936344547073396e+00 -9.364523020618642501e-02 -2.316480951017017453e+00
2.169040223344990803e+00 -9.390918701485827247e-02 -2.315718265242582952e+00
2.176025272534662491e+00 -9.412822558029451669e-02 -2.314948029607971414e+00
2.182876679665292752e+00 -9.430145901140550568e-02 -2.314171199399440937e+00
2.189577126459200329e+00 -9.442818112685166798e-02 -2.313389129229183716e+00
2.196106751870362306e+00 -9.450823634930795303e-02 -2.312603824604954728e+00
2.202443115141820229e+00 -9.454238961127356400e-02 -2.311818193507559460e+00
2.208561192447116017e+00 -9.453235998427202136e-02 -2.311036069262484727e+00
2.214433376890290628e+00 -9.448082067885131552e-02 -2.310262210539897332e+00
2.220029478505887610e+00 -9.439139904458376806e-02 -2.309502301354646736e+00
2.225316724258952661e+00 -9.426867657006630929e-02 -2.308762951066264169e+00
2.230259758045029628e+00 -9.411818888292004803e-02 -2.308051694378961738e+00
2.234820640690168947e+00 -9.394642574979071570e-02 -2.307376991341632877e+00
2.238958849950918317e+00 -9.376083107634841651e-02 -2.306748227347854119e+00
2.242632271479478856e+00 -9.356969731704728455e-02 -2.306175523212950829e+00
2.245808099591583673e+00 -9.338100396636994649e-02 -2.305667645992777626e+00
2.248473738147786616e+00 -9.320125603798769254e-02 -2.305229919780758863e+00
2.250637791556411305e+00 -9.303537847049223042e-02 -2.304864035777717479e+00
2.252330064773559570e+00 -9.288671612739562988e-02 -2.304568052291870561e+00
2.253601563303104349e+00 -9.275703379713025332e-02 -2.304336394738828009e+00
2.254524493196693680e+00 -9.264651619304892227e-02 -2.304159855641598309e+00
2.255192261053748037e+00 -9.255376795342469542e-02 -2.304025594630582763e+00
2.255719474021463000e+00 -9.247581364145103511e-02 -2.303917138443579482e+00
2.256241939794807472e+00 -9.240809774524183506e-02 -2.303814380925781613e+00
2.256914688712930772e+00 -9.234443218676043064e-02 -2.303693810686033849e+00
2.257890217121431675e+00 -9.227641892805026058e-02 -2.303531015280920524e+00
2.259296730960983268e+00 -9.219287258347230729e-02 -2.303303185372800321e+00
2.261236167939178809e+00 -9.207976793063647747e-02 -2.302989342377375515e+00
2.263784197530545494e+00 -9.192023991040199071e-02 -2.302570338463699962e+00
2.266990220976530690e+00 -9.169458362687689379e-02 -2.302028856554168890e+00
2.270877371285512147e+00 -9.138025434741846309e-02 -2.301349410324526890e+00
2.275442513232792674e+00 -9.095186750263296871e-02 -2.300518344203864363e+00
2.280656243360602797e+00 -9.038119868637578547e-02 -2.299523833374618409e+00
2.286462889978096324e+00 -8.963718365575119862e-02 -2.298355883772569719e+00
2.292781784238203446e+00 -8.868646814377346976e-02 -2.297006455565371752e+00
2.299521241401112359e+00 -8.749945554695574834e-02 -2.295470821359762770e+00
2.306592541661391049e+00 -8.605635442414708014e-02 -2.293748924366398434e+00
2.313911201079374091e+00 -8.434772824627555232e-02 -2.291845501864242074e+00
2.321396971581169755e+00 -8.237449539634880691e-02 -2.289770085200566019e+00
2.328973840958653785e+00 -8.014792916945313872e-02 -2.287536999790949821e+00
2.336570032869476066e+00 -7.768965777275418927e-02 -2.285165365119281589e+00
2.344118006837056178e+00 -7.503166432549641940e-02 -2.282679094737759318e+00
2.351554458250581181e+00 -7.221628685900412237e-02 -2.280106896266885563e+00
2.358820318365011826e+00 -6.929621831668007770e-02 -2.277482271395474989e+00
2.365861461262867227e+00 -6.633292157556179569e-02 -2.274842613073956521e+00
2.372636480433908179e+00 -6.337919468343145013e-02 -2.272219274640794762e+00
2.379124465354813811e+00 -6.046173609592545017e-02 -2.269627638948892301e+00
2.385325708450974247e+00 -5.757955969809110813e-02 -2.267066215558909192e+00
2.391261705096490164e+00 -5.470399480438491169e-02 -2.264516640739255848e+00
2.396975153614170129e+00 -5.177868615867365493e-02 -2.261943677466095703e+00
2.402529955275534146e+00 -4.871959393423392487e-02 -2.259295215423347436e+00
2.408011214300811886e+00 -4.541499373375313536e-02 -2.256502271002681415e+00
2.413525237858941797e+00 -4.172547658932792419e-02 -2.253478987303521919e+00
2.419199536067572875e+00 -3.748394896246524249e-02 -2.250122634133045807e+00
2.425180452151587396e+00 -3.249776342258593742e-02 -2.246314622116407200e+00
2.431607093102007067e+00 -2.657215708594583281e-02 -2.241931658373448322e+00
2.438585259521234061e+00 -1.953369078610480911e-02 -2.236856902543592263e+00
2.446185075510352469e+00 -1.123237999628345744e-02 -2.230980981012130382e+00
2.454440988669126078e+00 -1.541694829361775574e-03 -2.224201986910223194e+00
2.463351770095998372e+00 9.641439962117220874e-03 -2.216425480114898594e+00
2.472880514388096529e+00 2.239664498595269823e-02 -2.207564487249057628e+00
2.482954639641225203e+00 3.678008621028264896e-02 -2.197539501681462504e+00
2.493465887449875851e+00 5.282447496358623484e-02 -2.186278483526750804e+00
2.504270322907213409e+00 7.053906793467798475e-02 -2.173716859645427935e+00
2.515190427760194414e+00 8.990944884197606124e-02 -2.159797759081963253e+00
2.526038125435112303e+00 1.108951267620410380e-01 -2.144474602919796968e+00
2.536637806302695974e+00 1.334271344331367792e-01 -2.127713694163281932e+00
2.546828420913063606e+00 1.574078099161534683e-01 -2.109494453184771245e+00
2.556463479995727983e+00 1.827107965946196955e-01 -2.089809417724609819e+00
2.565411054459589391e+00 2.091810431746944643e-01 -2.068664242891136151e+00
2.573553775392940945e+00 2.366348036851691483e-01 -2.046077701160685436e+00
2.580788834063466375e+00 2.648596374774700446e-01 -2.022081682377584233e+00
2.587027981918236907e+00 2.936144092256482985e-01 -1.996721193754160906e+00
2.592197530583719267e+00 3.226292889263948638e-01 -1.970054359870733407e+00
2.596237880417786137e+00 3.516078768622747375e-01 -1.942152685134553858e+00
2.599098334653850983e+00 3.802505778731736230e-01 -1.913103940788096091e+00
2.600731913598950840e+00 4.082779753845525161e-01 -1.883015051887313440e+00
2.601094883203747266e+00 4.354329562896467332e-01 -1.852012359750552006e+00
2.600146755062529458e+00 4.614807109494565851e-01 -1.820241621958563538e+00
2.597850286413208920e+00 4.862087331927511524e-01 -1.787868012354496994e+00
2.594171480137326569e+00 5.094268203160603470e-01 -1.755076121043911197e+00
2.589079584760045183e+00 5.309670730836880681e-01 -1.722069954394757740e+00
2.582547094450155623e+00 5.506838957277027102e-01 -1.689072935037392309e+00
2.574549749020069722e+00 5.684539959479409932e-01 -1.656327901864567353e+00
2.565067951963202919e+00 5.841771945675261479e-01 -1.624095038767184862e+00
2.554102368215946495e+00 5.977853313730154827e-01 -1.592629091675507702e+00
2.541689521432837218e+00 6.092511706765745272e-01 -1.562156586311480799e+00
2.527903211861659116e+00 6.185892108788511035e-01 -1.532873757161482331e+00
2.512854516343439482e+00 6.258556844689719956e-01 -1.504946547476337493e+00
2.496691788312451532e+00 6.311485580245483895e-01 -1.478510609271300735e+00
2.479600657796214414e+00 6.346075322116714323e-01 -1.453671303326067976e+00
2.461804031415490090e+00 6.364140417849143416e-01 -1.430503699184770827e+00
2.443562092384289564e+00 6.367912555873312952e-01 -1.409052575155983922e+00
2.425172300509867540e+00 6.360040765504578752e-01 -1.389332418312714923e+00
2.406964887995772351e+00 6.343555774325866370e-01 -1.371327752491185326e+00
2.389253313275424784e+00 6.321477939397912582e-01 -1.354996746277356001e+00
2.372284714845676934e+00 6.296425178469512440e-01 -1.340274820993449634e+00
2.356235407069877663e+00 6.270577327360288278e-01 -1.327074978696731744e+00
2.341210880177859277e+00 6.245676139960664175e-01 -1.315287802179501586e+00
2.327245800265942410e+00 6.223025288231874841e-01 -1.304781454969098586e+00
2.314304009296938691e+00 6.203490362205977826e-01 -1.295401681327900567e+00
2.302278525100150741e+00 6.187498869985842420e-01 -1.286971806253326189e+00
2.290991541371367290e+00 6.175040237745147431e-01 -1.279292735477829845e+00
2.280194427672865398e+00 6.165665809728390068e-01 -1.272142955468905434e+00
2.269571383760426553e+00 6.158512928403467868e-01 -1.265280636699890771e+00
2.258779638853330773e+00 6.152569827163547611e-01 -1.258466770591655681e+00
2.247489652159050166e+00 6.146940531296649635e-01 -1.251488307176428449e+00
2.235388767618480266e+00 6.140868940894141925e-01 -1.244160258609317671e+00
2.222181213905945363e+00 6.133738830850761214e-01 -1.236325699168309589e+00
2.207588104429201614e+00 6.125073850864598546e-01 -1.227855765254271869e+00
2.191347437329431269e+00 6.114537525437103715e-01 -1.218649655390950493e+00
2.173214095481242669e+00 6.101933253873084162e-01 -1.208634630224969753e+00
2.152959846492674245e+00 6.087204310280711628e-01 -1.197766012525833812e+00
2.130373342705196293e+00 6.070433843571512167e-01 -1.186027187185928256e+00
2.105263711631078838e+00 6.051838597618476312e-01 -1.173429442035295978e+00
2.077500051312412221e+00 6.031699832036976350e-01 -1.160010216779943981e+00
2.047050926091006584e+00 6.010294242246984053e-01 -1.145831351921923424e+00
2.013987957182755029e+00 5.987887679391636908e-01 -1.130978929568044800e+00
1.978485822677612527e+00 5.964735150337219238e-01 -1.115563273429871050e+00
1.940822257539607465e+00 5.941080817673166647e-01 -1.099718948823719122e+00
1.901378053606840313e+00 5.917157999712068239e-01 -1.083604762670663524e+00
1.860637059591476961e+00 5.893189170489663287e-01 -1.067403763496530544e+00
1.819186181079766707e+00 5.869385959764850114e-01 -1.051323241431906030e+00
1.777715380532020051e+00 5.845949153019677214e-01 -1.035594728212128723e+00
1.737006793446236541e+00 5.823067702714219696e-01 -1.020470682995626488e+00
1.697815007818612720e+00 5.800907852241141693e-01 -1.006188036871312752e+00
1.660747344849594409e+00 5.779602259993397162e-01 -9.929317377452508975e-01
1.626252975522653133e+00 5.759249010656807277e-01 -9.808314362854088087e-01
1.594622920604299221e+00 5.739911615210089302e-01 -9.699614859216635354e-01
1.565990050644074927e+00 5.721619010924832160e-01 -9.603409428457972963e-01
1.540329085974565748e+00 5.704365561365514203e-01 -9.519335660115038067e-01
1.517456596711383776e+00 5.688111056389492104e-01 -9.446478171343805075e-01
1.497031002753179463e+00 5.672780712147000859e-01 -9.383368606919334498e-01
1.478552573781637403e+00 5.658265171081161560e-01 -9.327985639235762960e-01
1.461373383055100561e+00 5.644418667632793429e-01 -9.277796855020734590e-01
1.444806794582020215e+00 5.631038851833022330e-01 -9.230219490020390438e-01
1.428236946877248004e+00 5.617846613525618871e-01 -9.183081149304537227e-01
1.411128705616596424e+00 5.604484248281726977e-01 -9.134661689187788536e-01
1.393027663636846158e+00 5.590515457399853894e-01 -9.083693217229585892e-01
1.373560140935736751e+00 5.575425347905869078e-01 -9.029360092234166579e-01
1.352433184671973265e+00 5.558620432553017521e-01 -8.971298924250591389e-01
1.329434569165220736e+00 5.539428629821899763e-01 -8.909598574572723528e-01
1.304432795896113495e+00 5.517099263920492991e-01 -8.844800155739256375e-01
1.277377093506244954e+00 5.490803064784137710e-01 -8.777897031533682393e-01
1.248294136606545424e+00 5.459645168801309234e-01 -8.710308764319173447e-01
1.217251952669380577e+00 5.422808126797070694e-01 -8.643594535722056715e-01
1.184323828920652799e+00 5.379694912016529385e-01 -8.579166567315302805e-01
1.149585031148183001e+00 5.329941920850620463e-01 -8.518264067953407181e-01
1.113112803701693299e+00 5.273418972836073637e-01 -8.461953233772347982e-01
1.074986369492818339e+00 5.210229310655438706e-01 -8.411127248189618211e-01
1.035286929995100191e+00 5.140709600137075563e-01 -8.366506281904213527e-01
9.940976652440017824e-01 5.065429930255173074e-01 -8.328637492896645567e-01
9.515037338368852460e-01 4.985193813129715767e-01 -8.297895026428923071e-01
9.075922729330270222e-01 4.901038184026508260e-01 -8.274480015044562986e-01
8.624523982536097533e-01 4.814233401357161934e-01 -8.258420578568589354e-01
8.161752040817377152e-01 4.726283246679122696e-01 -8.249571824107533313e-01
7.688537632624138363e-01 4.638924924695626006e-01 -8.247615846049429766e-01
7.205831272025553513e-01 4.554129063255731302e-01 -8.252061726063817382e-01
6.714603258709852529e-01 4.474099713354303676e-01 -8.262245533101746364e-01
6.215843677984498328e-01 4.401274349132040520e-01 -8.277330323395770684e-01
5.710562400775928138e-01 4.338323867875434892e-01 -8.296306140459950296e-01
5.199789083629721143e-01 4.288152590016799381e-01 -8.317990015089852252e-01
4.684573168710512991e-01 4.253898259134253346e-01 -8.341025965362547367e-01
4.165983883802183985e-01 4.238932041951745111e-01 -8.363884996636614666e-01
3.645110242307574855e-01 4.246858528339021444e-01 -8.384865101552138045e-01
3.123061043248676061e-01 4.281515731311648087e-01 -8.402091260030708497e-01
2.600964871266536194e-01 4.346975087031013096e-01 -8.413515439275425223e-01
2.079970096621440723e-01 4.447541454804294081e-01 -8.416916593770886745e-01
