-3.530021650746206774e-02 1.453029882376597470e+00 -1.320613378242352642e-01
-3.893806479481435462e-02 1.187810612845942027e+00 -1.082771666423147511e-01
-4.032715548585959903e-02 9.761996728133380818e-01 -8.967500356829903596e-02
-4.041445711389800993e-02 8.145248969889543611e-01 -7.551052891496388975e-02
-4.028429019076864431e-02 6.990620921246225583e-01 -6.533919293847353926e-02
-4.102418227581140081e-02 6.260486245167414809e-01 -5.885606329533214776e-02
-4.360742092275723264e-02 5.917012349741389565e-01 -5.576737362348579974e-02
-4.879291600822514147e-02 5.922373682846711063e-01 -5.569267860812825849e-02
-5.704410068133167200e-02 6.238976983681623345e-01 -5.809498496202390727e-02
-6.846914944695627059e-02 6.829664335606988601e-01 -6.223504209698881018e-02
-8.278490584772436878e-02 7.657853836364567623e-01 -6.714524354354708957e-02
-9.935016527351150928e-02 8.687447873693252554e-01 -7.171396821814120248e-02
-1.173567794922280028e-01 9.882251212630002168e-01 -7.507530011281247917e-02
-1.358271454808323009e-01 1.120600872362621958e+00 -7.655446829357601124e-02
-1.536500275160770645e-01 1.262236415849609550e+00 -7.568479184441226360e-02
-1.696436710370042289e-01 1.409476932907043789e+00 -7.227228129137498736e-02
-1.826118363592882099e-01 1.558644086970660814e+00 -6.643405755430320525e-02
-1.913938689034075380e-01 1.706034778340189684e+00 -5.861180762063113170e-02
-1.949107576187404933e-01 1.847920723502801232e+00 -4.956098438684020113e-02
-1.922097451328423079e-01 1.980546511953793498e+00 -4.031609755565893072e-02
-1.825104532389698053e-01 2.100124185088695139e+00 -3.213216832616014318e-02
-1.654946312862700109e-01 2.202808253088353929e+00 -2.615663731752593257e-02
-1.421686140846033508e-01 2.284653815574382740e+00 -2.253259798767576205e-02
-1.142979899279809447e-01 2.341706054683683647e+00 -2.098739530358781358e-02
-8.408946590531586607e-02 2.370062782587173178e+00 -2.108813578696402957e-02
-5.403079050554653734e-02 2.365907611012204814e+00 -2.227759181453020654e-02
-2.675412226510045718e-02 2.327804821522913237e+00 -2.395943394578264884e-02
-4.845018434626743864e-03 2.263538688237443086e+00 -2.571100815021054586e-02
9.808859482004599062e-03 2.183229184660917976e+00 -2.723665775662834077e-02
1.604079110612241163e-02 2.096989093373719193e+00 -2.835223649337040297e-02
1.316596706494833902e-02 2.014866863171334455e+00 -2.897336153262228264e-02
1.093857026812729283e-03 1.946794103109172225e+00 -2.920970344993786827e-02
-1.881135296017884609e-02 1.902567394789079769e+00 -2.969232291964382653e-02
-4.574750590204755551e-02 1.891910928211219423e+00 -3.108301820675918314e-02
-8.011312092486463921e-02 1.924497871208058708e+00 -3.397478571135806313e-02
-1.234576729484846841e-01 2.009937240624211974e+00 -3.896381630540052265e-02
-1.777943655161573488e-01 2.153503528679958201e+00 -4.660111243044351426e-02
-2.431893806357704746e-01 2.343457123241996953e+00 -5.706005086727630737e-02
-3.176885579245857794e-01 2.564015441489292169e+00 -7.065595947297687029e-02
-3.974243310248640193e-01 2.799740308551149859e+00 -8.804108230696711113e-02
-4.766622882008930140e-01 3.035603887397716250e+00 -1.101972213062654693e-01
-5.488427853938272483e-01 3.256845168795817980e+00 -1.381192309689934783e-01
-6.096946462089705143e-01 3.448391360081897172e+00 -1.717574276686840984e-01
-6.560489068916767197e-01 3.594932178858735838e+00 -2.101461992334491824e-01
-6.853351572390797841e-01 3.681014001459980811e+00 -2.513676977238168964e-01
-6.955421485025741202e-01 3.691103948159620618e+00 -2.923703232319088685e-01
-6.861157733515345081e-01 3.615059198232474014e+00 -3.293354209593392090e-01
-6.610118417078297837e-01 3.464272557156583776e+00 -3.596425797973393790e-01
-6.250519327971892913e-01 3.255607779043411476e+00 -3.814481434125577830e-01
-5.825335804533813278e-01 3.006064012675089270e+00 -3.935861281825715485e-01
-5.371393213363828689e-01 2.732750220864545110e+00 -3.958018855409591308e-01
-4.915886193796738524e-01 2.452906425828975667e+00 -3.888927492211741166e-01
-4.469591967610024863e-01 2.184006681048048293e+00 -3.747730870573615647e-01
-4.051083908299947245e-01 1.943210027116052396e+00 -3.566523698249746133e-01
-3.694264822818965621e-01 1.747137985018369033e+00 -3.388962236763677360e-01
-3.448169517271375550e-01 1.611825062357023608e+00 -3.267423040564761960e-01
-3.361888096667313697e-01 1.548572088620562948e+00 -3.251138371245423375e-01
-3.438219331563238668e-01 1.551715694095782361e+00 -3.354358097708762254e-01
-3.660470578932838448e-01 1.611673845335211297e+00 -3.574703911908829745e-01
-4.001419795038824168e-01 1.719308237111206950e+00 -3.901191662062590826e-01
-4.421816290812070060e-01 1.866000321046691335e+00 -4.315009660731409236e-01
-4.874245070752225573e-01 2.043505604752299920e+00 -4.792365753378436954e-01
-5.319943940190258180e-01 2.243310269582522665e+00 -5.312787201770083900e-01
-5.724686785537614897e-01 2.456720789296524377e+00 -5.857162822833245075e-01
-6.058786413864324372e-01 2.674844728591377230e+00 -6.408029858819922486e-01
-6.299551724353342763e-01 2.888510429662561219e+00 -6.951145801481544151e-01
-6.438558475768371148e-01 3.089679303363760621e+00 -7.478703777886951398e-01
-6.498668870447967816e-01 3.275820753541464736e+00 -7.995771326916142341e-01
-6.514048705452923915e-01 3.445736051501516517e+00 -8.513349999283423841e-01
-6.523180043827560004e-01 3.598164567627802235e+00 -9.045791168408902072e-01
-6.567986553365197100e-01 3.731780188238729590e+00 -9.610058095459761418e-01
-6.686466745151828928e-01 3.845360076419699791e+00 -1.022095708232947597e+00
-6.890672503103111302e-01 3.938421168813551976e+00 -1.087801042890006675e+00
-7.182928816601999999e-01 4.010688689668339357e+00 -1.157456657469396744e+00
-7.562252104424719290e-01 4.061916454097546314e+00 -1.230162581356004869e+00
-8.024791844880536651e-01 4.091907919437376862e+00 -1.304833605635497662e+00
-8.560462368124032162e-01 4.100630693950903627e+00 -1.380766075189853392e+00
-9.142125313876010573e-01 4.088513219240192065e+00 -1.459247018778765392e+00
-9.738093916410094364e-01 4.056194373615756632e+00 -1.542105599521415904e+00
-1.031662910172560510e+00 4.004447702457657243e+00 -1.631261947581340799e+00
-1.084642085612614437e+00 3.934191656211841526e+00 -1.728772049055456783e+00
-1.130083103856120541e+00 3.846302542888559550e+00 -1.837025501574121478e+00
-1.166953015132821792e+00 3.740961177471078702e+00 -1.959201451764664093e+00
-1.194621607539529062e+00 3.618104811163829648e+00 -2.098659834267976532e+00
-1.212423865654884247e+00 3.477605680754639828e+00 -2.258739296295765087e+00
-1.219617920571828051e+00 3.319272421034875187e+00 -2.442735811914121591e+00
-1.215647489207722476e+00 3.143257289716043790e+00 -2.651836802197364840e+00
-1.201004924943693819e+00 2.951286025280797976e+00 -2.878965951238692700e+00
-1.176299019783526800e+00 2.745445547287089560e+00 -3.114904628940260878e+00
-1.141965478016671920e+00 2.527790596870124862e+00 -3.350328913653732421e+00
-1.098287477291683079e+00 2.300375443334329528e+00 -3.575805863903671611e+00
-1.045506316458746587e+00 2.065219380403286564e+00 -3.781817197860526392e+00
-9.841569985628009221e-01 1.824080576984997260e+00 -3.958801317320060686e+00
-9.148972475639283175e-01 1.578754265525814215e+00 -4.097043499026728597e+00
-8.383936318112554797e-01 1.331319321876835993e+00 -4.186673476146553163e+00
-7.552570329115582126e-01 1.084359639890467353e+00 -4.217708064783201927e+00
-6.661299827856108635e-01 8.408343344644433337e-01 -4.183480684912217917e+00
-5.721148343814772552e-01 6.029029069413121000e-01 -4.090796621217363871e+00
-4.742496106795672794e-01 3.727738114800507319e-01 -3.949848559431995643e+00
-3.733931385277318160e-01 1.529444035385052469e-01 -3.770898411964768826e+00
-2.703226965294031059e-01 -5.396940149364604089e-02 -3.564334621200338393e+00
-1.654470970056176604e-01 -2.446811970249457291e-01 -3.340802363204067760e+00
-5.819975853575876101e-02 -4.137068173688263073e-01 -3.111672414850080948e+00
5.079925720036504444e-02 -5.570263981693404087e-01 -2.889025432310917019e+00
1.594165137537776333e-01 -6.732301555953998928e-01 -2.685296469646482720e+00
2.644107321272672895e-01 -7.634427658902893654e-01 -2.512922717704967113e+00
3.624250192081385213e-01 -8.305280468428659635e-01 -2.380975929771310895e+00
4.519859442400350202e-01 -8.767214801521681089e-01 -2.285825000306877186e+00
5.325205267655482855e-01 -9.033287632451423299e-01 -2.220500923535254412e+00
6.039804771601881006e-01 -9.107956364442806318e-01 -2.177780359974526458e+00
6.668242177730639986e-01 -8.987349444109313801e-01 -2.150122419555670294e+00
7.216032879356661933e-01 -8.669449270437107335e-01 -2.129335959538110057e+00
7.677694598446597185e-01 -8.180652781977246768e-01 -2.106044604949908194e+00
8.042656759883334283e-01 -7.555537348280469967e-01 -2.070761098133017786e+00
8.295200938049840378e-01 -6.833124079919515870e-01 -2.014340772228302878e+00
8.413093646785693158e-01 -6.058434783940402912e-01 -1.928163803965070588e+00
8.373009916845568501e-01 -5.282888943589895137e-01 -1.806864105933745579e+00
8.170854876892637009e-01 -4.560643844657917834e-01 -1.656114713414954531e+00
7.816734856029651235e-01 -3.930926445862191754e-01 -1.484544831134186227e+00
7.332755589542202523e-01 -3.414008742433811694e-01 -1.300797007731986588e+00
6.753142809922708656e-01 -3.012523566064170821e-01 -1.113231981376118895e+00
6.125171742522186324e-01 -2.711831009374842671e-01 -9.296787160252777404e-01
5.508853872435204302e-01 -2.481777364872711777e-01 -7.572938688866468482e-01
4.957876920803521159e-01 -2.299169834535524648e-01 -6.031750119613719097e-01
4.514210363135668369e-01 -2.154018453135599642e-01 -4.746491055102308732e-01
4.208383278425747998e-01 -2.050271097375892526e-01 -3.792856175632303151e-01
4.057642073914622394e-01 -2.003936532849485419e-01 -3.226163196442325409e-01
4.059399238543318633e-01 -2.034347774378799101e-01 -3.014526082943958518e-01
4.209593385369297946e-01 -2.159486327871539268e-01 -3.102665215836513668e-01
4.508941840672928691e-01 -2.393612315703610716e-01 -3.433326940369432756e-01
4.963287455256469860e-01 -2.745955206300882412e-01 -3.947319941371338903e-01
5.581797592078736603e-01 -3.221201488058752505e-01 -4.584355984227065917e-01
6.371539840801241361e-01 -3.822131170891563956e-01 -5.286020389583196977e-01
7.335474654432636576e-01 -4.552744729231222864e-01 -5.994168123825467376e-01
8.471226074727626898e-01 -5.419321160817271998e-01 -6.650921227470421027e-01
9.770761893125066155e-01 -6.429915967625567941e-01 -7.199655085415830325e-01
1.121568915364375529e+00 -7.589321324471884900e-01 -7.594464662874872429e-01
1.276391693520440018e+00 -8.885243845830272935e-01 -7.827000706252666973e-01
1.437401897098805392e+00 -1.029323163742165814e+00 -7.901735197876814665e-01
1.601469463109358449e+00 -1.177812636040920458e+00 -7.826392570788195391e-01
1.766693580902205074e+00 -1.329341591319979088e+00 -7.610491591081800511e-01
1.932217472458950702e+00 -1.478586452107228721e+00 -7.262019653083715554e-01
2.096788330024825786e+00 -1.621577532258968724e+00 -6.779837980745480053e-01
2.258460974586787628e+00 -1.755398394740172785e+00 -6.159353953240969126e-01
2.414561620548397070e+00 -1.878037648798482895e+00 -5.394455529554418316e-01
2.561581188374589146e+00 -1.988543794659208830e+00 -4.477106746693182426e-01
2.695977068878804950e+00 -2.086989044716941244e+00 -3.402368600602742044e-01
2.816622960156880406e+00 -2.174020206157426749e+00 -2.185725120980832603e-01
2.922104101787833308e+00 -2.251191152932550565e+00 -8.487410936644090853e-02
3.009868630657551947e+00 -2.321075944048577089e+00 5.858152461226195928e-02
3.076290297265704243e+00 -2.387182505096287599e+00 2.093339940503951002e-01
3.117433032519806968e+00 -2.452968450118566235e+00 3.641844647986073324e-01
3.131631372570052640e+00 -2.518923656705061909e+00 5.177820990281473135e-01
3.118401680622002292e+00 -2.584298273179817862e+00 6.639495346387270791e-01
3.078030222241872504e+00 -2.647726821800794550e+00 7.962783514517156602e-01
3.011673957127463996e+00 -2.707152480650757198e+00 9.083286171345366089e-01
2.921443954952767985e+00 -2.760230254722033649e+00 9.946607762175202483e-01
2.810405855950250498e+00 -2.805718205080764527e+00 1.053476970355007980e+00
2.682156028743706511e+00 -2.842303684916104523e+00 1.084306812302813672e+00
2.540576850892473537e+00 -2.868327597808136176e+00 1.087293048375038929e+00
2.389661210975360994e+00 -2.881949018080747216e+00 1.063259249082460611e+00
2.233260258694712785e+00 -2.881158313415480343e+00 1.014335359686651561e+00
2.074714216416973844e+00 -2.863590064055644202e+00 9.455667730756972533e-01
1.917115538897754323e+00 -2.827288008254872143e+00 8.627246066434924865e-01
1.763395155908042300e+00 -2.771025493538718631e+00 7.714966313619391336e-01
1.616295756597364131e+00 -2.694383025973365431e+00 6.773081986502549334e-01
1.478513890813618614e+00 -2.598808130419875795e+00 5.853053611626306552e-01
1.353076405000322557e+00 -2.490771532029215862e+00 5.004891008585468093e-01
1.242557472842480415e+00 -2.378497002095618651e+00 4.268694483909246662e-01
1.148948784795438494e+00 -2.270666701613206495e+00 3.673610301570474079e-01
1.073817075088311590e+00 -2.176156330701754626e+00 3.240271531388756454e-01
1.018245102069874397e+00 -2.103979495220431595e+00 2.979654507689555309e-01
9.823117670836432058e-01 -2.063597703660274174e+00 2.884092877622844719e-01
9.662442999615483696e-01 -2.064109421148642376e+00 2.947538861338537264e-01
9.707626708686274419e-01 -2.114129093039643692e+00 3.171648224156163320e-01
9.970358855695988787e-01 -2.221901921476003405e+00 3.565309871699552380e-01
1.045326239149054093e+00 -2.391545620781030390e+00 4.135179853236151115e-01
1.110989531975714817e+00 -2.611623080171920463e+00 4.857675065888734656e-01
1.187750573989043490e+00 -2.867078284181412862e+00 5.696140226018817643e-01
1.268709768090613421e+00 -3.143294983318365876e+00 6.605080169647211674e-01
1.346270353741074732e+00 -3.426171086141312827e+00 7.528605945453030746e-01
1.412571710798706137e+00 -3.701829889797930928e+00 8.405381869138615070e-01
1.460998657432903469e+00 -3.955580961231069725e+00 9.187524442484782394e-01
1.485625333144152460e+00 -4.172279511183394796e+00 9.833701940527568297e-01
1.481013099158111856e+00 -4.336462949295158076e+00 1.030692840379186404e+00
1.442271520971533327e+00 -4.432315502842083532e+00 1.057593789539125639e+00
1.367012239872209101e+00 -4.448286669615805877e+00 1.062525821771147960e+00
1.260990894047214983e+00 -4.391067125690215178e+00 1.048162861278454816e+00
1.131888493352199099e+00 -4.271993968646113693e+00 1.018320462668919291e+00
9.871859173249502017e-01 -4.102562223089494253e+00 9.768301462783270939e-01
8.340583924572103625e-01 -3.894496373289405344e+00 9.273826831197155007e-01
6.791853374300834689e-01 -3.659853102153386661e+00 8.732249880267328734e-01
5.284158585885175841e-01 -3.411168169719672960e+00 8.166005100804789585e-01
3.872856997898507792e-01 -3.161144447912384248e+00 7.593558352483709140e-01
2.611974785806950861e-01 -2.922553822008807867e+00 7.031153774732848971e-01
1.554533304663609228e-01 -2.708223866976534389e+00 6.492457530241199093e-01
7.386822426188868751e-02 -2.527788410321330392e+00 5.984259345508864403e-01
1.460782420020145800e-02 -2.377913403072636100e+00 5.496479203811411862e-01
-2.546557776876492638e-02 -2.251934131493174007e+00 5.016530549711281095e-01
-4.937761155766239030e-02 -2.143088973786150042e+00 4.533852022759662925e-01
-6.005458131782262510e-02 -2.044525073432881701e+00 4.040371016345959410e-01
-6.032679045650324312e-02 -1.949283613569436024e+00 3.532276565849922223e-01
-5.292501687565542845e-02 -1.850270425970902188e+00 3.013806467377494469e-01
-4.053887871833426054e-02 -1.740379493575151093e+00 2.493452633034869415e-01
-2.584800016130573905e-02 -1.612541709182616856e+00 1.982932037484857468e-01
-1.154514937755700757e-02 -1.459747117122267346e+00 1.497112852056981247e-01
1.509261376285975492e-04 -1.278115458436807073e+00 1.054904492908700642e-01
8.993007676540949041e-03 -1.076077436357377959e+00 6.787779183237366287e-02
1.514594466647463909e-02 -8.652324363695027554e-01 3.836692238783519920e-02
1.870304602505469885e-02 -6.572515787200802206e-01 1.745388193490422096e-02
1.972634761367644124e-02 -4.638238308481114069e-01 4.672031954106717344e-03
1.828870211473206109e-02 -2.966078686479614035e-01 -1.332823043405779312e-03
1.451735898134738287e-02 -1.671950315485544736e-01 -2.652985952712102850e-03
8.637983406668390055e-03 -8.709086877617491784e-02 -1.845261048425375638e-03
9.851405433874717548e-04 -6.771232642329512441e-02 -1.805174114172961985e-03
-8.016011245476104691e-03 -1.203903178906985949e-01 -5.687167727865977476e-03
-1.788302966826127438e-02 -2.514454251552455388e-01 -1.649454363120736802e-02
-2.813359937036784622e-02 -4.474372619092453207e-01 -3.557577551230881735e-02
-3.842827848575142841e-02 -6.900235775804103300e-01 -6.298819352945014827e-02
-4.861585230875925534e-02 -9.609163062789705112e-01 -9.788142248601298945e-02
-5.872388550847549432e-02 -1.241893779451056279e+00 -1.386293026597683609e-01
-6.887398878787606704e-02 -1.514812020502761536e+00 -1.829189737452906195e-01
-7.902832826317945925e-02 -1.761629502957861915e+00 -2.277425022553911382e-01
-8.890115987770456918e-02 -1.964410038107001988e+00 -2.694931708035803175e-01
-9.789610947014482090e-02 -2.105317167757170260e+00 -3.040924909304686952e-01
-1.050424512888432915e-01 -2.166602947470280149e+00 -3.271289177382433189e-01
-1.091980782650132653e-01 -2.136465025164415277e+00 -3.349375177067879239e-01
-1.099260392583756296e-01 -2.026605757705749689e+00 -3.277633222123282342e-01
-1.071096012843862216e-01 -1.854504624157425452e+00 -3.074769466543875174e-01
-1.008417990292991839e-01 -1.637527697329676180e+00 -2.766219278180520047e-01
-9.149747299949125001e-02 -1.392934789779506355e+00 -2.382849721426686940e-01
-7.980331807990799498e-02 -1.137874510604601763e+00 -1.960569146033220855e-01
-6.688566986070061671e-02 -8.893815860084476332e-01 -1.540019554636196664e-01
-5.411993917891696343e-02 -6.645255265999470140e-01 -1.158511131805493033e-01
-4.309553780453193039e-02 -4.804360424486229797e-01 -8.487529971287004205e-02
-3.563105432448848697e-02 -3.542621485706265450e-01 -6.410665122369109403e-02
-3.341282300687595935e-02 -2.984697238243919082e-01 -5.591180791473191608e-02
-3.670717565272614558e-02 -3.069004031081129513e-01 -5.986207889514081476e-02
-4.530697992687323511e-02 -3.686426958442646784e-01 -7.530092368457910745e-02
-5.887711749684456514e-02 -4.726258593417595466e-01 -1.022126606400726861e-01
-7.691595937928442928e-02 -6.075828700511631819e-01 -1.411619172835150426e-01
-9.868062491219017907e-02 -7.620714408708673115e-01 -1.928984702868096479e-01
-1.230850323937393853e-01 -9.247593020195943314e-01 -2.570498084648283332e-01
-1.487227953236303635e-01 -1.084605705271683096e+00 -3.316972996850792166e-01
-1.739515277696002671e-01 -1.231055893695915726e+00 -4.131686522134266348e-01
-1.970143308257513159e-01 -1.354241486907733494e+00 -4.959488265468417478e-01
-2.164015391822004808e-01 -1.446901219115305892e+00 -5.735355339161875010e-01
-2.316719585117241187e-01 -1.509622377372298985e+00 -6.412670189900392392e-01
-2.428490961270545756e-01 -1.545087950952921174e+00 -6.952224787386351856e-01
-2.501503116607278754e-01 -1.556061038458591339e+00 -7.318935949403687635e-01
-2.538930190056400416e-01 -1.545160277082141986e+00 -7.484138639671586990e-01
-2.542894852525022231e-01 -1.514390040913379032e+00 -7.432359207264915835e-01
-2.510830616050158670e-01 -1.464289659165949997e+00 -7.176409897426370144e-01
-2.438046526072580877e-01 -1.394687978902159120e+00 -6.740493670710087093e-01
-2.319485132052551413e-01 -1.305106911103078859e+00 -6.153328216042517340e-01
-2.150736169057770597e-01 -1.194931459934960305e+00 -5.446407883847007581e-01
-1.931701064898516118e-01 -1.064955592407459628e+00 -4.658218684234052831e-01
-1.675603933383582600e-01 -9.217770397708994201e-01 -3.848259962169293669e-01
-1.401142915501090713e-01 -7.738474666132872937e-01 -3.073308028605255537e-01
-1.128984684079918366e-01 -6.301406438477277216e-01 -2.378899801635671329e-01
-8.803171283629318555e-02 -5.001233613147534340e-01 -1.798662687125536230e-01
-6.752646388828449642e-02 -3.936820689209876711e-01 -1.354740319639721191e-01
-5.311398478951517149e-02 -3.210168088196732050e-01 -1.059659379558037795e-01
-4.592227793052195556e-02 -2.924639128979064084e-01 -9.220725119750673715e-02
-4.645541351555433629e-02 -3.184051967393553007e-01 -9.495001307790074119e-02
-5.471695316114298657e-02 -4.091962137219676832e-01 -1.150277208458161393e-01
-6.989819243319225772e-02 -5.705931119253218053e-01 -1.523837251750189137e-01
-8.937547788741986854e-02 -7.900904019179819660e-01 -2.029866863297735691e-01
-1.110082202605332802e-01 -1.050303679469176243e+00 -2.626517100034763685e-01
-1.337817936511571104e-01 -1.333557359069575066e+00 -3.279685986129506903e-01
-1.576937110002170073e-01 -1.621984892250052823e+00 -3.960004948880743725e-01
-1.832498256806602832e-01 -1.897639457038369892e+00 -4.639758808733566164e-01
-2.100987414404421605e-01 -2.142682629521381443e+00 -5.289139501971286128e-01
-2.369475079699167319e-01 -2.339430632861523751e+00 -5.873732108040081723e-01
-2.615852914673082452e-01 -2.470420828034179728e+00 -6.351920196522692352e-01
-2.809004116657757844e-01 -2.518505125065011452e+00 -6.672187863426286558e-01
-2.915490443156403266e-01 -2.472283504410534238e+00 -6.784950063622134930e-01
-2.919421744136325714e-01 -2.342075259892178352e+00 -6.687655955298282828e-01
-2.814660430792456647e-01 -2.143661549335123429e+00 -6.389406028603207277e-01
-2.602996105238499225e-01 -1.892823429715271510e+00 -5.900214919511899136e-01
-2.295346814551469938e-01 -1.605241917842609389e+00 -5.233725872778587362e-01
-1.912915203042490353e-01 -1.296412546233461915e+00 -4.408836798078122898e-01
-1.487140878656110499e-01 -9.815730085451799258e-01 -3.451028539950863339e-01
-1.048416972532212887e-01 -6.755624862788729423e-01 -2.399782913396359130e-01
-6.214715442062847262e-02 -3.927520784616589378e-01 -1.309946355537570661e-01
-2.236504957696404741e-02 -1.470295159884978109e-01 -2.501379798098578647e-02
1.364364249506820614e-02 5.160052718119183257e-02 7.127041047550584929e-02
4.590737511298319251e-02 2.071431136672463036e-01 1.557252487218373782e-01
7.474568255454598631e-02 3.270285224558548420e-01 2.277745658927839978e-01
1.005238659277786217e-01 4.185890815062454084e-01 2.872782440801582848e-01
1.235491661908637712e-01 4.890178452432806244e-01 3.345061413683534934e-01
1.439477661741671577e-01 5.452877562844751225e-01 3.701567675791563872e-01
1.614257917926952279e-01 5.939469512008802576e-01 3.956144688221783778e-01
1.754221445664043699e-01 6.412964058144899893e-01 4.125497492633301011e-01
1.852346061220867257e-01 6.935326331397401178e-01 4.226151229621089578e-01
1.900806289122331516e-01 7.568204632581490010e-01 4.272936400577746485e-01
1.894041569191500796e-01 8.355453143995739129e-01 4.275486087631329424e-01
1.836859055316164280e-01 9.269210529807787591e-01 4.232231351540837738e-01
1.736265294211922217e-01 1.026338584699720169e+00 4.142591029816513615e-01
1.598863219645583755e-01 1.129183078374083493e+00 4.010644019231169310e-01
1.431037322069158568e-01 1.230866935393363004e+00 3.845176790819060386e-01
1.239760313075969622e-01 1.326874800690108991e+00 3.658462170471414865e-01
1.034777824023217080e-01 1.412828789512924343e+00 3.462586014280608637e-01
8.274007350266586458e-02 1.484437053393009354e+00 3.270094625924434006e-01
6.298549533041374049e-02 1.537468406112206143e+00 3.093593686410262555e-01
4.549702106406730562e-02 1.567735175221930843e+00 2.944531450567571818e-01
3.126608659086403674e-02 1.573143252220494004e+00 2.832715431029617092e-01
2.001742832997703558e-02 1.559885340022469036e+00 2.767847002216719532e-01
1.109214242992359080e-02 1.536188832963032214e+00 2.757796263922024926e-01
3.762774679598464289e-03 1.510213738194583044e+00 2.809892033917932297e-01
-2.735386992195749413e-03 1.490021450606558329e+00 2.933430169837604740e-01
-9.225241257322528213e-03 1.483597888366550377e+00 3.139267429684110544e-01
-1.671435499584164250e-02 1.499034365064598973e+00 3.433069354133651552e-01
-2.613381163641327262e-02 1.544364364984008198e+00 3.826235066275501251e-01
-3.828385857140625959e-02 1.627516846273447060e+00 4.338071357622877988e-01
-5.388036585225297603e-02 1.756358238528034077e+00 4.993014997879664518e-01
-7.330090860375956807e-02 1.934884670186649114e+00 5.806272187470409296e-01
-9.574951057345681971e-02 2.151809546334279677e+00 6.742803594218634844e-01
-1.202655405306098518e-01 2.392683205315992101e+00 7.734267417723956761e-01
-1.459750236887323305e-01 2.643857243895367581e+00 8.688951884321172159e-01
-1.720374893470683342e-01 2.892302174993075958e+00 9.496229991251430302e-01
-1.975604889052563484e-01 3.124825371743584324e+00 1.004518491667163893e+00
-2.213399650914893158e-01 3.326288928372148845e+00 1.027469661993887451e+00
-2.420272805446042341e-01 3.480206645125111464e+00 1.015822439395068555e+00
-2.581445735591183510e-01 3.569201943186881110e+00 9.697588525333046272e-01
-2.680202028755891419e-01 3.575314236025443293e+00 8.923044568389293385e-01
-2.702247473367593300e-01 3.486085999189193707e+00 7.902141603330870012e-01
-2.651051128088715569e-01 3.312225957954174849e+00 6.760146717790790349e-01
-2.535460458129676353e-01 3.071093127219656438e+00 5.616431142188168524e-01
-2.366008056683445715e-01 2.781004206301603610e+00 4.562028443961085866e-01
-2.155784309652849229e-01 2.461012055979302282e+00 3.656122434311378511e-01
-1.921802199850621840e-01 2.130684911131448533e+00 2.920973395197354883e-01
-1.686500863957264007e-01 1.809925048970111527e+00 2.336590938765932823e-01
-1.472924663874557172e-01 1.518427538150784795e+00 1.878712326573386548e-01
-1.302846214301527639e-01 1.275623286050550309e+00 1.532481974442923278e-01
-1.196317349904041649e-01 1.100724033798031520e+00 1.296170510323952640e-01
-1.166431333650730651e-01 1.007328194250582509e+00 1.175615423963489031e-01
-1.204307026826547805e-01 9.872074112349858988e-01 1.159941560471551836e-01
-1.295902185799794049e-01 1.026646398202659460e+00 1.235326363581928932e-01
-1.427883632137423864e-01 1.111925302840851559e+00 1.386893318444383238e-01
-1.587914420234716739e-01 1.229371078553463281e+00 1.595364202710508605e-01
-1.764215740227973728e-01 1.365381388762883175e+00 1.836709795270653478e-01
-1.943682334801521694e-01 1.506380569436567507e+00 2.087510665985073954e-01
-2.112050646964766243e-01 1.638826431950245910e+00 2.323606705753085977e-01
-2.253875871055317504e-01 1.749204060106750669e+00 2.520172895653404188e-01
-2.352463857826677940e-01 1.824008408958052829e+00 2.652763457874671715e-01
-2.394951837017627871e-01 1.853473592805200187e+00 2.703796878146880744e-01
-2.387654874506440483e-01 1.842793736576363806e+00 2.680067863278491336e-01
-2.342432485056995251e-01 1.800877773728967624e+00 2.595344659861589798e-01
-2.272093752317851101e-01 1.736611696767457635e+00 2.463972826046881837e-01
-2.190409743359658101e-01 1.658868639246153132e+00 2.300324189873080849e-01
-2.112560554685277703e-01 1.576513440794073517e+00 2.118245411147032797e-01
-2.056313346038081413e-01 1.498397736555392878e+00 1.930341726285734194e-01
-2.039341227397053757e-01 1.433385245590384383e+00 1.748594819380816234e-01
-2.078371476358306658e-01 1.390359493587042472e+00 1.584479996187901363e-01
-2.189258485592848469e-01 1.378221246927423760e+00 1.448856154618574643e-01
-2.380782117466088976e-01 1.402636594797393776e+00 1.348928656085527367e-01
-2.635706297068944326e-01 1.456287094410027017e+00 1.279667644583782626e-01
-2.930873812412033708e-01 1.528590155583452015e+00 1.233093273766097675e-01
-3.243679669850180747e-01 1.608945318077659392e+00 1.201306883755344224e-01
-3.551732406791135443e-01 1.686742384714447152e+00 1.176548226630415583e-01
-3.831341445372985488e-01 1.751399700810037929e+00 1.150607702202634947e-01
-4.053796191514517089e-01 1.792464068334953975e+00 1.112917989494291160e-01
-4.187388256702785361e-01 1.799560204788988704e+00 1.052996731036510009e-01
-4.198346999227092757e-01 1.762362045734287008e+00 9.621892432733414324e-02
-4.051336866840478113e-01 1.670572524135972792e+00 8.352282518310545634e-02
-3.722777889177951716e-01 1.518365810016538919e+00 6.741164417634043504e-02
-3.240346983980602058e-01 1.317751965834192296e+00 4.939215699371708734e-02
-2.648434409238683007e-01 1.085098691812255600e+00 3.140595930810811953e-02
-1.995849049535029507e-01 8.366695530876486764e-01 1.543689756712756170e-02
-1.334951307179849389e-01 5.886662637348587523e-01 3.278237625571545771e-03
-7.204095639551980068e-02 3.572825397832323779e-01 -3.709765389686962671e-03
-2.068356438872891861e-02 1.587818227879940758e-01 -5.035555727529020253e-03
1.550577597261979662e-02 9.552127200076324098e-03 -1.924949456811150990e-03
3.186240340668155396e-02 -7.398552937173277777e-02 2.573424567877960305e-03
2.401345686199270191e-02 -7.549958246764783276e-02 3.820952465379156941e-03
-1.056339110844511410e-02 1.529863974986770195e-02 -3.387346787641467519e-03
-6.761831751057045814e-02 1.851046138034038169e-01 -2.174263544433387499e-02
-1.414759631292643038e-01 4.147768290470232322e-01 -5.137509528906362977e-02
-2.267491816011142636e-01 6.853376835668182343e-01 -9.011602585070867255e-02
-3.182731795099478234e-01 9.780591586084016464e-01 -1.336335804663597582e-01
-4.109778335281367712e-01 1.274441295423818010e+00 -1.760815919129042617e-01
-4.995835719643168527e-01 1.556007309511770798e+00 -2.120013390780948470e-01
-5.785547209461798790e-01 1.804167696843830271e+00 -2.370311820861599750e-01
-6.421032455883339818e-01 2.000167278585658792e+00 -2.482102503812699257e-01
-6.841783490254986777e-01 2.125089647598847886e+00 -2.441903538625853631e-01
-7.001260079916674650e-01 2.165241252653979487e+00 -2.258580521162564525e-01
-6.917693255409863573e-01 2.128235077338288317e+00 -1.976192990182930043e-01
-6.626539755321324554e-01 2.027111019149181015e+00 -1.643220199023603389e-01
-6.164687761904066310e-01 1.875034537747997332e+00 -1.300759846055307145e-01
-5.570877327297952819e-01 1.685275061356580117e+00 -9.797225593935358912e-02
-4.886305892325571443e-01 1.471159332339977865e+00 -6.973345348936603461e-02
-4.155336392116003585e-01 1.246000428327001863e+00 -4.534805728524629598e-02
-3.423454031614585058e-01 1.023049062823670585e+00 -2.449078058049933282e-02
-2.736226810335046222e-01 8.155073162117092433e-01 -7.051674924811485168e-03
-2.138726634193614806e-01 6.365508554310185252e-01 6.728017694952563577e-03
-1.665574065083224864e-01 4.963949138960770946e-01 1.649493657591511592e-02
-1.312513724389467173e-01 3.934404760895721109e-01 2.270366108849586340e-02
-1.065160031114577993e-01 3.231440436351329382e-01 2.592215437626025493e-02
-9.086981760751630666e-02 2.809764402905187697e-01 2.666828998403958373e-02
-8.280878345903364135e-02 2.624235074943166990e-01 2.549383493063986025e-02
-8.083297367250237564e-02 2.629840748866610900e-01 2.300250749410852683e-02
-8.349073571405729588e-02 2.781613085232091387e-01 1.975175696230797862e-02
-8.938366587831711452e-02 3.034408114193800632e-01 1.628331118887534762e-02
-9.718123016350144194e-02 3.342767166444300941e-01 1.307512834245572186e-02
-1.056261457247565788e-01 3.660891883606022246e-01 1.049659579918700222e-02
-1.138268323916170055e-01 3.954409143592473308e-01 8.753720139546217888e-03
-1.221419749297740637e-01 4.235609228459102926e-01 7.780924321620079354e-03
-1.312518862892371463e-01 4.528461299460510014e-01 7.426096995621862817e-03
-1.418759267703947891e-01 4.856904761890148969e-01 7.468996619717407914e-03
-1.548075872534912523e-01 5.244785991249129031e-01 7.561632049508409947e-03
-1.709103006326956609e-01 5.715862692146695956e-01 7.219561606627677985e-03
-1.909856985766490156e-01 6.294117170301992692e-01 5.995623574930372679e-03
-2.158824698377827256e-01 7.003369088746617122e-01 3.287219283942099946e-03
-2.465295890998346062e-01 7.867031157193982160e-01 -1.751224345560964402e-03
-2.839132643969229375e-01 8.907984661520960135e-01 -1.021830879567613148e-02
-3.286869507175160798e-01 1.013741303776696467e+00 -2.345798827368630879e-02
-3.799777495192212529e-01 1.152184626810235590e+00 -4.284518031315973086e-02
-4.362455091801383800e-01 1.301712022067119889e+00 -6.939924425960006249e-02
-4.955891894352000282e-01 1.457994839530849962e+00 -1.036559194209940582e-01
-5.557488313892120502e-01 1.616835537588346083e+00 -1.456104615249834144e-01
-6.143010500750373248e-01 1.774141800114420908e+00 -1.947237465766756270e-01
-6.693303756033347485e-01 1.925713529143828096e+00 -2.500389803065649619e-01
-7.191721005399747124e-01 2.067360157870394843e+00 -3.101305398275037151e-01
-7.622906651241772025e-01 2.194974766612501238e+00 -3.731050850711501998e-01
-7.972735641296858633e-01 2.304560782334094338e+00 -4.366478556288450608e-01
-8.232036011681107546e-01 2.392848033338355052e+00 -4.982431717125709869e-01
-8.408308539567133089e-01 2.459049071745645687e+00 -5.558117187572328977e-01
-8.513413647502597881e-01 2.503033111705637470e+00 -6.074592081081887640e-01
-8.558991573844892953e-01 2.524722494612473778e+00 -6.513895290241249469e-01
-8.555839144323060808e-01 2.524078948953115908e+00 -6.859525305225807612e-01
-8.511007293831931442e-01 2.501089240464469565e+00 -7.099394584786269391e-01
-8.420661353406477811e-01 2.455741932632153901e+00 -7.233463103049979637e-01
-8.277360260825779026e-01 2.387964280713590792e+00 -7.265800935779269665e-01
-8.072950117333206332e-01 2.297624223490642326e+00 -7.201303965586824951e-01
-7.799177592382693369e-01 2.184546938357366130e+00 -7.044852712568102637e-01
-7.449296949980332982e-01 2.049306580297070912e+00 -6.802369398435442749e-01
-7.022300052646113233e-01 1.895546295178530682e+00 -6.486265630227003864e-01
-6.521600936679354810e-01 1.727617243621322185e+00 -6.109842296339217382e-01
-5.954479784575048562e-01 1.549796909238138509e+00 -5.684967390065576165e-01
-5.332113938947655729e-01 1.366287923948472205e+00 -5.221846870117452521e-01
-4.670171913487373150e-01 1.181268282578971540e+00 -4.727077775831587392e-01
-3.989727696054702344e-01 9.990144020272162528e-01 -4.200414331321586925e-01
-3.312650066444579600e-01 8.236905079983755096e-01 -3.645598312563697596e-01
-2.660328107379318352e-01 6.592678831299834119e-01 -3.073049454518526624e-01
-2.053576456557205943e-01 5.095057756723340159e-01 -2.499415271097339963e-01
-1.509807830571426590e-01 3.773220519473362566e-01 -1.944361894228310850e-01
-1.034506911194276457e-01 2.629601431551184532e-01 -1.421857211883565675e-01
-6.295175777855441246e-02 1.659499890700183999e-01 -9.448196267975791929e-02
-2.959293034192861035e-02 8.578587597270724563e-02 -5.262474349784489192e-02
-3.413973744693873241e-03 2.198500454484793656e-02 -1.782533426797425213e-02
1.561061111856410985e-02 -2.584175599102060336e-02 8.894307951948458163e-03
2.756904017290539091e-02 -5.787410322596704682e-02 2.688070568309861019e-02
3.259978021100549267e-02 -7.401509251538108958e-02 3.594858533003077172e-02
3.085471930418975939e-02 -7.395961967403100190e-02 3.628589265839286815e-02
2.245869182313368906e-02 -5.728624021242391395e-02 2.833287167757998423e-02
7.632878565022989392e-03 -2.405188093339403685e-02 1.291759598401438607e-02
-1.284380829054267668e-02 2.358603599788246241e-02 -8.147687618820783489e-03
-3.808909956194504731e-02 8.277885334361072267e-02 -3.310740925392997858e-02
-6.724659902307614234e-02 1.504720618291818524e-01 -6.063452104378921209e-02
-9.945458340391952201e-02 2.234199594733495831e-01 -8.986396566422009957e-02
-1.338097458728776945e-01 2.982419954397902417e-01 -1.203053093213345137e-01
-1.692984840309923189e-01 3.716010056091519353e-01 -1.514550795275865225e-01
-2.047765299157402463e-01 4.402595505928554309e-01 -1.826530331392434425e-01
-2.389588428449742619e-01 5.011064719329350048e-01 -2.130210034869437774e-01
-2.704046898315495828e-01 5.511949638329628476e-01 -2.414039420006884595e-01
-2.978341082368226034e-01 5.884542587340357844e-01 -2.666542798249455504e-01
-3.211688609621488055e-01 6.136898996608260992e-01 -2.886314811696593652e-01
-3.406507246600468108e-01 6.284523888472242081e-01 -3.074141365773721546e-01
-3.565369282657217531e-01 6.343245211666186378e-01 -3.230647628197588217e-01
-3.691116027810134037e-01 6.328984453340585903e-01 -3.356801092407961096e-01
-3.787098398920490938e-01 6.257276771390690717e-01 -3.454601274213814355e-01
-3.857714013514158546e-01 6.142249209958956513e-01 -3.528167060754703321e-01
-3.908175573054397112e-01 5.997194959816001258e-01 -3.582595860536094134e-01
-3.944373068229301560e-01 5.834780860354463750e-01 -3.623585982589420107e-01
-3.972815809011180921e-01 5.667027240389058695e-01 -3.657423711969376434e-01
-3.999038960259986286e-01 5.503248494555997850e-01 -3.689616199332722557e-01
-4.022845151222158022e-01 5.344155369752638940e-01 -3.720564159202008891e-01
-4.042575329059240885e-01 5.188459456389230562e-01 -3.749235810747943987e-01
-4.056595582108961651e-01 5.034984346988202741e-01 -3.774470354601922040e-01
-4.063308642822676675e-01 4.882657425929231576e-01 -3.794979036057191113e-01
-4.061357365448429180e-01 4.730443416962132330e-01 -3.809212421029026241e-01
-4.050152701797290478e-01 4.577169505907522917e-01 -3.815003398850161376e-01
-4.029208611698792408e-01 4.421687049329111607e-01 -3.810057739324657633e-01
-3.997945750617189486e-01 4.262915737682637651e-01 -3.792107844146710427e-01
-3.955697218204968224e-01 4.099827036468230990e-01 -3.758923734492071733e-01
-3.901567944565629831e-01 3.931460239951439228e-01 -3.708398777739304597e-01
-3.834005626552522972e-01 3.756998574493332077e-01 -3.638786087688560267e-01
-3.751221201382870518e-01 3.575615378117933396e-01 -3.548514307773318333e-01
-3.651320013749139726e-01 3.386414626637117564e-01 -3.436136105255518380e-01
-3.532286202056900692e-01 3.188416040790918449e-01 -3.300348768852376935e-01
-3.391803963141369893e-01 2.980410715254754317e-01 -3.140317834802986985e-01
-3.226844982055660505e-01 2.760647041064869800e-01 -2.956419059098359114e-01
-3.034281077615268440e-01 2.527438955361249739e-01 -2.749018463619166686e-01
-2.811069430811132808e-01 2.279391685174597670e-01 -2.518091099436063907e-01
-2.554268059708229566e-01 2.015460465008279967e-01 -2.263173612396510437e-01
-2.263876876810415328e-01 1.736947615832859781e-01 -1.985486366581804829e-01
-1.951336238594048589e-01 1.453191101973259625e-01 -1.694559723696702214e-01
-1.631107083412060565e-01 1.175368637167858998e-01 -1.401985844620039778e-01
-1.317823085755021606e-01 9.144015529181039048e-02 -1.119407367560953659e-01
-1.026225250698896974e-01 6.807926683681550517e-02 -8.587259943099545545e-02
-7.710887906477624509e-02 4.844745858885633749e-02 -6.322972521939333734e-02
-5.671170167030357978e-02 3.345481708801240073e-02 -4.532256390223227127e-02
-4.287232764859118944e-02 2.385532327085023580e-02 -3.360917439475548385e-02
-3.700154112325905464e-02 2.024292406819228757e-02 -2.968495053178381304e-02
-4.048486198596325247e-02 2.307618116211727910e-02 -3.524527856215645821e-02
-5.423385203723757320e-02 3.237560218618223268e-02 -5.148541935864998920e-02
-7.733576699809564803e-02 4.682521579522733179e-02 -7.733279945061322103e-02
-1.084435049659821931e-01 6.499422091536487256e-02 -1.109882897001055330e-01
-1.462359778838830116e-01 8.572501829179199340e-02 -1.504696590304308024e-01
-1.894175385307112491e-01 1.081297937722350833e-01 -1.936283841124201432e-01
-2.367143833417760246e-01 1.315117242833443445e-01 -2.382020125556878476e-01
-2.868649263968046093e-01 1.550985018787614522e-01 -2.819636850328015032e-01
-3.386182858682442731e-01 1.779952972363317842e-01 -3.227379667592752965e-01
-3.907309624170565154e-01 1.991688648276274121e-01 -3.584074760915562097e-01
-4.419608272565735407e-01 2.174309542993530520e-01 -3.869269952309057903e-01
-4.911527965277078800e-01 2.317033091452189164e-01 -4.068122663646434045e-01
-5.375109229048027348e-01 2.418294282597935607e-01 -4.185806863485304063e-01
-5.803176113683783388e-01 2.478923893593961703e-01 -4.232576546468616030e-01
-6.188418821279303428e-01 2.500132874838540409e-01 -4.218650289935675923e-01
-6.523415764528623928e-01 2.483849995477810657e-01 -4.154020798520457469e-01
-6.800564590585949087e-01 2.433650176584806202e-01 -4.048045047565667631e-01
-7.011850351220330069e-01 2.356768857479045465e-01 -3.908731444929718357e-01
-7.149239515228867914e-01 2.261259376786499409e-01 -3.743978571760318008e-01
-7.204837169529871854e-01 2.154857077230744877e-01 -3.562044942838057393e-01
-7.170918925838808411e-01 2.044705031375484428e-01 -3.371614005967784600e-01
-7.047586411003274875e-01 1.936659147906898693e-01 -3.180182668074079677e-01
-6.865674827088318333e-01 1.833824282698504338e-01 -2.989067606263261512e-01
-6.663768049027534168e-01 1.738351913382333302e-01 -2.797858969843932675e-01
-6.480545021949736251e-01 1.652058229272741208e-01 -2.606032204798377494e-01
-6.354780351487840928e-01 1.576499552142540117e-01 -2.413103879133353669e-01
-6.325464602560443295e-01 1.512681734478969198e-01 -2.218789331823380895e-01
-6.432083756002194841e-01 1.460253682869908365e-01 -2.022973255299964634e-01
-6.714130226320240702e-01 1.418990368933910895e-01 -1.826066330730228837e-01
-7.210962260024387227e-01 1.389177737821465364e-01 -1.629118756716998739e-01
-7.961799235685351750e-01 1.371544124138852905e-01 -1.433738722565373325e-01
-8.992673451812490670e-01 1.366844961629715693e-01 -1.238951489019230467e-01
-1.027737242057884304e+00 1.374529792084854818e-01 -1.031740972220952790e-01
-1.177671397045138679e+00 1.393025974658241850e-01 -7.949877205568989247e-02
-1.345157822596232844e+00 1.419871640072991603e-01 -5.100767909593745264e-02
-1.526281937602405048e+00 1.451739178301375000e-01 -1.567493075126824564e-02
-1.717109893685333510e+00 1.484908850314667905e-01 2.863793224663413461e-02
-1.913676807373673849e+00 1.516684921980294698e-01 8.395363326974786267e-02
-2.112002249702770840e+00 1.545185878593743345e-01 1.522368920269354664e-01
-2.308092094447636189e+00 1.569466985953126281e-01 2.354170345811445464e-01
-2.497938781964107235e+00 1.589902029160107366e-01 3.353723432558372020e-01
-2.677861687927320489e+00 1.610726442929224511e-01 4.531728726502481930e-01
-2.845529309192669665e+00 1.646855161067379836e-01 5.868354402726100316e-01
-2.998966254241946849e+00 1.717430230372143374e-01 7.335544173981926042e-01
-3.136229591892035540e+00 1.843433721004406056e-01 8.904322749102658863e-01
-3.255416698917455776e+00 2.047355484548820659e-01 1.054460390962386196e+00
-3.354646843659988775e+00 2.350493208410018298e-01 1.222597887686320828e+00
-3.431973077534035799e+00 2.763774910416687547e-01 1.392107970695059649e+00
-3.485403682479351950e+00 3.290920313054248592e-01 1.560364992473274537e+00
-3.512923745513747420e+00 3.930207663823499509e-01 1.724816616395866475e+00
-3.512506156558419690e+00 4.674821036940304264e-01 1.883041657347843234e+00
-3.482611275116353156e+00 5.507256489688050483e-01 2.033174565069705952e+00
-3.423652865277522217e+00 6.381500990863491207e-01 2.175075420546959126e+00
-3.336539931578252904e+00 7.243128462521801758e-01 2.309256234013275844e+00
-3.222187697856932598e+00 8.036428524605305768e-01 2.436429233857504428e+00
-3.081509316244388508e+00 8.705117438025076204e-01 2.557358742083523317e+00
-2.915477361237135412e+00 9.201809378770975378e-01 2.672275471504818700e+00
-2.725359904194577076e+00 9.517048538257215640e-01 2.779467823178678465e+00
-2.512541760856974005e+00 9.656370990438467583e-01 2.876338109050535330e+00
-2.278463932557071914e+00 9.631181928862249109e-01 2.959926352222553181e+00
-2.024627685627388818e+00 9.457577831940728874e-01 3.027092011813735439e+00
-1.753477423957125581e+00 9.160272238916375986e-01 3.074857493685453136e+00
-1.471047138059556447e+00 8.786716885913610220e-01 3.101173006585247194e+00
-1.184275516287506935e+00 8.387598045458366514e-01 3.104766252911958624e+00
-9.000754056490706256e-01 8.008944043208556796e-01 3.085014376168881078e+00
-6.252829523255478694e-01 7.690039587034884772e-01 3.041856780562062212e+00
-3.664883137635499555e-01 7.452306323122184217e-01 2.975892959849378183e+00
-1.296758726152785757e-01 7.273169143279329951e-01 2.888796949405843861e+00
7.935171444919497663e-02 7.120206966437468976e-01 2.782224872394630122e+00
2.548082723625082480e-01 6.962945463324700102e-01 2.657547974009419445e+00
3.908942270313332523e-01 6.774157690393819431e-01 2.515875026416932059e+00
4.838792058183446487e-01 6.532385422877416969e-01 2.358988578112877654e+00
5.383772482310567042e-01 6.227892907730211425e-01 2.192154872056914172e+00
5.609992965638187501e-01 5.859041853358974983e-01 2.021423233174408196e+00
5.582463546299133439e-01 5.431226424531847563e-01 1.852702567841377101e+00
5.365207238729181594e-01 4.956800852259178880e-01 1.691741838270237608e+00
5.021210948414436270e-01 4.456270302206556400e-01 1.544068273213994757e+00
4.611982662814486655e-01 3.961374361459870652e-01 1.414896542723444561e+00
4.198481571042833038e-01 3.506526303900200925e-01 1.309356415745430269e+00
3.841379335408071083e-01 3.126534732158800511e-01 1.232557375617866491e+00
3.601101559128241925e-01 2.856444585074908726e-01 1.189597260136216583e+00
3.526195830019714372e-01 2.723013317805221822e-01 1.184261719205497387e+00
3.618449145525463040e-01 2.718786354028379648e-01 1.215140450007300643e+00
3.868426646994309048e-01 2.825273094146912856e-01 1.279625721415706963e+00
4.267218250809495239e-01 3.021252398299867914e-01 1.375215860693632219e+00
4.806351155056560742e-01 3.283060763698663620e-01 1.499497136375637085e+00
5.477580494747023021e-01 3.585000092093804103e-01 1.650125791867731673e+00
6.272505345322793024e-01 3.900255052564179370e-01 1.824804986056978162e+00
7.182504890994283464e-01 4.201246200186162794e-01 2.021265529015060292e+00
8.198695924066663476e-01 4.460021592688871439e-01 2.237247082850707169e+00
9.311962814939482858e-01 4.648702435134973721e-01 2.470478838235268260e+00
1.050702513075322919e+00 4.745357080434916552e-01 2.717452356344138842e+00
1.174445652887516678e+00 4.750890105408835939e-01 2.969783612024436970e+00
1.297916744933567790e+00 4.673200878170069572e-01 3.217840997121028224e+00
1.416655668628345133e+00 4.522052568965266861e-01 3.451962867248545841e+00
1.526248448405306268e+00 4.309177115816938963e-01 3.662468949670715901e+00
1.622301002598779629e+00 4.045532298233768254e-01 3.839707787316879894e+00
1.700343175356339831e+00 3.732162943645795927e-01 3.974172853396659377e+00
1.755805417334413310e+00 3.366867591250057856e-01 4.056402031079891835e+00
1.784036877867459570e+00 2.948286870232301737e-01 4.076928306034494298e+00
1.780329686232743569e+00 2.478295453802692450e-01 4.026261215152888262e+00
1.741815514557706335e+00 1.963842514446891840e-01 3.899021509804808439e+00
1.673100178790913883e+00 1.414543878224895357e-01 3.706376590935676063e+00
1.580708406344975891e+00 8.437590768195835089e-02 3.463579273641195222e+00
1.471214793833103496e+00 2.682548198764056480e-02 3.185837513117583342e+00
1.351225864324699488e+00 -2.938458825120238149e-02 2.888346331919164456e+00
1.227410837988802683e+00 -8.202164257918076462e-02 2.586313390358636610e+00
1.106618994121975064e+00 -1.275822120125463810e-01 2.295049554484233312e+00
9.956379478916131953e-01 -1.642854168876177745e-01 2.030108536843785227e+00
9.010731819521647923e-01 -1.928375913893826121e-01 1.807193078266511321e+00
8.292802874344840092e-01 -2.161586187256867020e-01 1.642024040612944269e+00
7.849596368022617732e-01 -2.382980483900916657e-01 1.546187056438672602e+00
7.672048038520500324e-01 -2.616072468718529387e-01 1.514942767352637887e+00
7.738038970733159827e-01 -2.866534612101108159e-01 1.539561781923189931e+00
8.026912170955714521e-01 -3.122808799628536969e-01 1.611470558939992692e+00
8.520102237949926938e-01 -3.354955221622379913e-01 1.722264326238895915e+00
9.201033026296454587e-01 -3.522998632128265251e-01 1.863505862349107645e+00
1.005325095729009854e+00 -3.608152626144420783e-01 2.026162940004402113e+00
1.106086513256486326e+00 -3.604050943316264299e-01 2.200842672641077691e+00
1.220851885769051570e+00 -3.516619382624532886e-01 2.377945791611682402e+00
1.348104077638748066e+00 -3.368053431470530712e-01 2.547772376560159646e+00
1.486154861430394325e+00 -3.198112373698884792e-01 2.702398481536861574e+00
1.632623549121227535e+00 -3.060211524469810263e-01 2.841009302099846590e+00
1.784938702988124071e+00 -3.013843240380241206e-01 2.964644921478782003e+00
1.940533495053516688e+00 -3.122037363674398658e-01 3.074313245838866671e+00
2.096876619803225150e+00 -3.450037124000340794e-01 3.170736937920596521e+00
2.251503095884399119e+00 -4.049601035351634848e-01 3.254171237931841709e+00
2.402011426504564007e+00 -4.911732566944239098e-01 3.324826842890082013e+00
2.546002757405915418e+00 -6.006658272127779474e-01 3.382779230659838543e+00
2.681043385011808056e+00 -7.299594292981453902e-01 3.428124952255760416e+00
2.804637451595664466e+00 -8.752490680571243242e-01 3.461247727712630340e+00
2.914205032063464706e+00 -1.032565339530039816e+00 3.483041094848948305e+00
3.007066135035246113e+00 -1.197920923146764016e+00 3.495078669492839740e+00
3.080430402861815242e+00 -1.367430794912434022e+00 3.499729398063319064e+00
3.131391667481403740e+00 -1.537390592309372916e+00 3.500220448392584061e+00
3.156926081812851947e+00 -1.704294648216727381e+00 3.500654026034101474e+00
3.153995545906576936e+00 -1.865808184718958040e+00 3.505342538312731460e+00
3.119917724218106425e+00 -2.023749477179334733e+00 3.516413132127312657e+00
3.052158330270918984e+00 -2.180927723795456963e+00 3.535000319802839908e+00
2.948238789575553742e+00 -2.340109702478501141e+00 3.561820361528214907e+00
2.805735634563827130e+00 -2.504049861590583514e+00 3.597190416300395377e+00
2.622283856819097814e+00 -2.675543973283818211e+00 3.641025317182550847e+00
2.395584206979402442e+00 -2.857501715516614471e+00 3.692812132748893639e+00
2.123414497138536028e+00 -3.053033449608228089e+00 3.751562114857908803e+00
1.803645096748429877e+00 -3.265545844231115158e+00 3.815738459026306373e+00
