1.446680403217414534e+00 1.402061172400171918e-01 -1.320613378242352920e-01
1.183249272877458846e+00 1.121916455196868556e-01 -1.070904412450283116e-01
9.731443820098988340e-01 8.965047801579052733e-02 -8.710046205121729779e-02
8.126656620993522040e-01 7.220171002489962631e-02 -7.174545873988923128e-02
6.981130446304376624e-01 5.946443684358573151e-02 -6.067948980813116233e-02
6.257864610877733602e-01 5.105775376842026925e-02 -5.355661375303015503e-02
5.919858429559767821e-01 4.660075609597471441e-02 -5.003088907167317634e-02
5.930111217196660789e-01 4.571253912282053494e-02 -4.975637426114730422e-02
6.251622288634595126e-01 4.801219814552921267e-02 -5.238712781853956113e-02
6.847390958719751231e-01 5.311882846067222941e-02 -5.757720824093697648e-02
7.680416542298311722e-01 6.065152536482110168e-02 -6.498067402542662130e-02
8.713698354216454778e-01 7.022938415454726968e-02 -7.425158366909551111e-02
9.910235709320357467e-01 8.147150012642218053e-02 -8.504399566903061980e-02
1.123302792245620907e+00 9.399696857701737851e-02 -9.701196852231906698e-02
1.264507430847018554e+00 1.074248848029043246e-01 -1.098095607260478612e-01
1.410937418220846062e+00 1.213743441006543966e-01 -1.230908307773039556e-01
1.558892685851722471e+00 1.354644417668391942e-01 -1.365098371731744975e-01
1.704673165224266151e+00 1.493142730980301924e-01 -1.497206384107464816e-01
1.844578787823093702e+00 1.625429333907988383e-01 -1.623772929871069026e-01
1.974909485132824161e+00 1.747695179417165512e-01 -1.741338593993428385e-01
2.091965188638076345e+00 1.856131220473549448e-01 -1.846443961445413673e-01
2.192045829823466629e+00 1.946928410042853275e-01 -1.935629617197894003e-01
2.271451340173614497e+00 2.016277701090793129e-01 -2.005436146221740712e-01
2.326481651173136100e+00 2.060370046583082648e-01 -2.052404133487823468e-01
2.353436694306651589e+00 2.075396399485436860e-01 -2.073074163967012495e-01
2.348616401058778891e+00 2.057547712763572179e-01 -2.063986822630179407e-01
2.310580918504058445e+00 2.005513290146024863e-01 -2.023860373492160636e-01
2.246931276284658274e+00 1.927975860749649717e-01 -1.960123816213655279e-01
2.167528729736640791e+00 1.836116515622646383e-01 -1.882383839234332834e-01
2.082234534196069742e+00 1.741116345813216726e-01 -1.800247130993866407e-01
2.000909944999007983e+00 1.654156442369559554e-01 -1.723320379931926327e-01
1.933416217481520150e+00 1.586417896339875899e-01 -1.661210274488182925e-01
1.889614606979669542e+00 1.549081798772366236e-01 -1.623523503102308196e-01
1.879366368829519018e+00 1.553329240715231041e-01 -1.619866754213972471e-01
1.912532758367133212e+00 1.610341313216671066e-01 -1.659846716262848021e-01
1.998975030928574537e+00 1.731299107324884845e-01 -1.753070077688604345e-01
2.144322574626966293e+00 1.922325917344910595e-01 -1.904921907751022936e-01
2.337277263280598927e+00 2.169313796344780054e-01 -2.103900753697196813e-01
2.562309080783252035e+00 2.453096973517152335e-01 -2.334283520947736390e-01
2.803888011028709659e+00 2.754509678054685717e-01 -2.580347114923253748e-01
3.046484037910755838e+00 3.054386139150041535e-01 -2.826368441044361246e-01
3.274567145323167505e+00 3.333560585995874459e-01 -3.056624404731666522e-01
3.472607317159733142e+00 3.572867247784849987e-01 -3.255391911405786098e-01
3.625074537314231904e+00 3.753140353709621957e-01 -3.406947866487327059e-01
3.716438789680448718e+00 3.855214132962853091e-01 -3.495569175396904815e-01
3.731170058152160518e+00 3.859922814737197783e-01 -3.505532743555124786e-01
3.659165713000684050e+00 3.754672745973208769e-01 -3.426372588790123630e-01
3.512032689417290410e+00 3.553158768106716159e-01 -3.268651197361008842e-01
3.306805318675714478e+00 3.275647852073313993e-01 -3.048188177334871796e-01
3.060517932049691137e+00 2.942406968808597423e-01 -2.780803136778800533e-01
2.790204860812955712e+00 2.573703089248159936e-01 -2.482315683759885039e-01
2.512900436239239532e+00 2.189803184327595575e-01 -2.168545426345211413e-01
2.245638989602280144e+00 1.810974224982498104e-01 -1.855311972601871862e-01
2.005454852175811098e+00 1.457483182148462397e-01 -1.558434930596953871e-01
1.809382355233566608e+00 1.149597026761081942e-01 -1.293733908397546317e-01
1.674455830049280891e+00 9.075827297559513340e-02 -1.077028514070738768e-01
1.613303284429497220e+00 7.461761375243509964e-02 -9.209864633380192289e-02
1.620927369278915897e+00 6.579885191567970415e-02 -8.256678574502129830e-02
1.687924380518452283e+00 6.300999796376627327e-02 -7.879808827683702777e-02
1.804890614069021959e+00 6.495906239513246638e-02 -8.048337256535451067e-02
1.962422365851540507e+00 7.035405570821577637e-02 -8.731345724667895214e-02
2.151115931786922619e+00 7.790298840145370995e-02 -9.897916095691564053e-02
2.361567607796084545e+00 8.631387097328382940e-02 -1.151713023321698504e-01
2.584373689799940532e+00 9.429471392214357206e-02 -1.355807000085467173e-01
2.810130473719406830e+00 1.005535277464705002e-01 -1.598981726221516131e-01
3.029434255475396576e+00 1.037983229447020789e-01 -1.878145388090896595e-01
3.234400825436094973e+00 1.031057440743872733e-01 -2.190871014556579899e-01
3.423223962627032435e+00 9.902697456619916072e-02 -2.537391009244533979e-01
3.595616945955153909e+00 9.248183322826282471e-02 -2.918602620660313285e-01
3.751293054327403897e+00 8.439013886870341818e-02 -3.335403097309465048e-01
3.889965566650730899e+00 7.567171029564573326e-02 -3.788689687697553432e-01
4.011347761832076309e+00 6.724636631721492286e-02 -4.279359640330124837e-01
4.115152918778387736e+00 6.003392574153603584e-02 -4.808310203712736208e-01
4.201094316396608797e+00 5.495420737673405165e-02 -5.376438626350937833e-01
4.268885233593683992e+00 5.292703003093406078e-02 -5.984642156750283881e-01
4.318238949276557825e+00 5.487221251226105656e-02 -6.633818043416326304e-01
4.348992007042272512e+00 6.117074243396788957e-02 -7.328225331419847555e-01
4.361474009248250461e+00 7.004828262981840914e-02 -8.085570252092523225e-01
4.356137822942008242e+00 7.919166473870437040e-02 -8.926920833331265515e-01
4.333436315171066866e+00 8.628772039951738970e-02 -9.873345103032977743e-01
4.293822352982945567e+00 8.902328125114920832e-02 -1.094591108909457322e+00
4.237748803425160027e+00 8.508517893249148423e-02 -1.216568681941295083e+00
4.165668533545230368e+00 7.216024508243609747e-02 -1.355374032188500610e+00
4.078034410390674935e+00 4.793531133987441462e-02 -1.513113962440767235e+00
3.975299301009012520e+00 1.009720934369834344e-02 -1.691895275487784733e+00
3.857916072447758804e+00 -4.366722926720062459e-02 -1.893824774119242882e+00
3.726414380505141288e+00 -1.146864208535458979e-01 -2.119147593372089133e+00
3.581631035432963017e+00 -2.003497808180111084e-01 -2.360662210587958221e+00
3.424479635959118085e+00 -2.970619760846266444e-01 -2.609305442013576393e+00
3.255873780811497475e+00 -4.012276735774225056e-01 -2.856014103895664569e+00
3.076727068717996172e+00 -5.092515402204288444e-01 -3.091725012480948109e+00
2.887953098406506935e+00 -6.175382429376762294e-01 -3.307374984016150599e+00
2.690465468604920751e+00 -7.224924486531942858e-01 -3.493900834747993844e+00
2.485177778041131269e+00 -8.205188242910135266e-01 -3.642239380923200542e+00
2.273003625443033915e+00 -9.080220367751631327e-01 -3.743327438788494721e+00
2.054856609538516121e+00 -9.814067530296753938e-01 -3.788101824590602185e+00
1.832017466910577985e+00 -1.038107234437853910e+00 -3.770714460650151256e+00
1.607235480310689635e+00 -1.079676105491660598e+00 -3.698177647591021522e+00
1.383627067719460646e+00 -1.108695577778125108e+00 -3.580718769114850542e+00
1.164308647117500595e+00 -1.127747862884276753e+00 -3.428565208923276764e+00
9.523966364854190569e-01 -1.139415172397145293e+00 -3.251944350717938192e+00
7.510074538038254977e-01 -1.146279717903760043e+00 -3.061083578200471944e+00
5.632575170533290487e-01 -1.150923710991150761e+00 -2.866210275072517799e+00
3.922632442145399523e-01 -1.155929363246346098e+00 -2.677551825035712429e+00
2.411410532680669794e-01 -1.163878886256376477e+00 -2.505335611791693839e+00
1.130073621945199835e-01 -1.177354491608271214e+00 -2.359789019042100477e+00
9.988547328337192902e-03 -1.198013456442431846e+00 -2.248296932434889595e+00
-6.974919574341241491e-02 -1.223813306881431417e+00 -2.166874204740962817e+00
-1.290297201611860789e-01 -1.251786627985544742e+00 -2.108693170346335855e+00
-1.706768790654411283e-01 -1.278966004815047075e+00 -2.066926163637028857e+00
-1.975145255966346269e-01 -1.302384022430212340e+00 -2.034745518999057090e+00
-2.123665128952240133e-01 -1.319073265891316238e+00 -2.005323570818438483e+00
-2.180566941016664206e-01 -1.326066320258633802e+00 -1.971832653481191411e+00
-2.174089223564192042e-01 -1.320395770592440066e+00 -1.927445101373334024e+00
-2.132470507999394971e-01 -1.299094201953009398e+00 -1.865333248880881811e+00
-2.083949325726844881e-01 -1.259194199400616609e+00 -1.778669430389852923e+00
-2.051677060152420073e-01 -1.198977403865179925e+00 -1.662912926559865889e+00
-2.038456284369339622e-01 -1.121721733359137607e+00 -1.522670901290553269e+00
-2.042002314312603983e-01 -1.031954188566689190e+00 -1.364837513828217830e+00
-2.060030465917214171e-01 -9.342017701720349843e-01 -1.196306923419163670e+00
-2.090256055118170087e-01 -8.329914788593758557e-01 -1.023973289309694223e+00
-2.130394397850471078e-01 -7.328503153129107828e-01 -8.547307707461119231e-01
-2.178160810049117602e-01 -6.383052802168402984e-01 -6.954735269747205351e-01
-2.231270607649111226e-01 -5.538833742553648243e-01 -5.530957172418236034e-01
-2.287439106585449911e-01 -4.841115981126838941e-01 -4.344915007937238394e-01
-2.344381622793135223e-01 -4.335169524729977075e-01 -3.465550368767247313e-01
-2.403818322990357859e-01 -4.055931289291974662e-01 -2.942690715037530880e-01
-2.483488777028069472e-01 -3.997005827089370467e-01 -2.749706977542287767e-01
-2.605137405540409734e-01 -4.141664599485611609e-01 -2.840855954741946521e-01
-2.790508629161524423e-01 -4.473179067844147982e-01 -3.170394445096942904e-01
-3.061346868525551823e-01 -4.974820693528428373e-01 -3.692579247067707127e-01
-3.439396544266635769e-01 -5.629860937901899343e-01 -4.361667159114670511e-01
-3.946402077018918986e-01 -6.421571262328014118e-01 -5.131914979698266599e-01
-4.604107887416541978e-01 -7.333223128170216487e-01 -5.957579507278929487e-01
-5.434258396093647470e-01 -8.348087996791957455e-01 -6.792917540317084946e-01
-6.458598023684375411e-01 -9.449437329556683585e-01 -7.592185877273169847e-01
-7.691062787574624027e-01 -1.061806397966782667e+00 -8.316829046828266847e-01
-9.114355427255810271e-01 -1.182484647405848799e+00 -8.957042190083805977e-01
-1.070337044651943570e+00 -1.303818478468633080e+00 -9.510208024131547866e-01
-1.243300234915710289e+00 -1.422647888350907497e+00 -9.973709266063294221e-01
-1.427814563896031341e+00 -1.535812874248438042e+00 -1.034492863297081122e+00
-1.621369481972060100e+00 -1.640153433356992041e+00 -1.062124884194587393e+00
-1.821454439522949498e+00 -1.732509562872336817e+00 -1.080005261008024853e+00
-2.025558886927854019e+00 -1.809721259990241249e+00 -1.087872265446572673e+00
-2.231172274565926372e+00 -1.868628521906472884e+00 -1.085464169219407582e+00
-2.435784052816319267e+00 -1.906071345816798601e+00 -1.072519244035706976e+00
-2.636874199434019239e+00 -1.919857501470904948e+00 -1.049103607866089805e+00
-2.831884801812851737e+00 -1.911665834990075252e+00 -1.016594759037071194e+00
-3.018248474790224734e+00 -1.884142958127485556e+00 -9.766980397916743550e-01
-3.193397833203549308e+00 -1.839935482636313457e+00 -9.311187923729248306e-01
-3.354765491890235651e+00 -1.781690020269735664e+00 -8.815623590238467200e-01
-3.499784065687693069e+00 -1.712053182780928884e+00 -8.297340819874647888e-01
-3.625886169433331307e+00 -1.633671581923070271e+00 -7.773393035068039136e-01
-3.730504417964561892e+00 -1.549191829449336977e+00 -7.260833658248884159e-01
-3.811071426118792349e+00 -1.461260537112905267e+00 -6.776716111847428392e-01
-3.865019808733435536e+00 -1.372524316666953181e+00 -6.338093818293920600e-01
-3.890527963041669590e+00 -1.285257513898630188e+00 -5.957861969838897931e-01
-3.888757426528273609e+00 -1.200245405405661936e+00 -5.632282778529985601e-01
-3.861615524408069877e+00 -1.117900999157084740e+00 -5.353460196493020629e-01
-3.811009581895876686e+00 -1.038637303121934918e+00 -5.113498175853841143e-01
-3.738846924206513656e+00 -9.628673252692478979e-01 -4.904500668738276392e-01
-3.647034876554801297e+00 -8.910040735680597734e-01 -4.718571627272164504e-01
-3.537480764155560564e+00 -8.234605559874068614e-01 -4.547815003581339166e-01
-3.412091912223612855e+00 -7.606497804963259224e-01 -4.384334749791637398e-01
-3.272775645973773795e+00 -7.029847550638506082e-01 -4.220234818028889001e-01
-3.121439290620865670e+00 -6.508784876590181234e-01 -4.047619160418929884e-01
-2.961037175939698951e+00 -6.046116913054562225e-01 -3.861255434580865287e-01
-2.798711694877848100e+00 -5.639358935676455076e-01 -3.666566234421327342e-01
-2.642652267409401290e+00 -5.284703242258865785e-01 -3.471637916497750664e-01
-2.501048313508444920e+00 -4.978342130604794802e-01 -3.284556837367570425e-01
-2.382089253149067609e+00 -4.716467898517250901e-01 -3.113409353588222350e-01
-2.293964506305355755e+00 -4.495272843799235640e-01 -2.966281821717139389e-01
-2.244863492951396200e+00 -4.310949264253752244e-01 -2.851260598311756711e-01
-2.242975633061278451e+00 -4.159689457683806157e-01 -2.776432039929510043e-01
-2.296490346609086242e+00 -4.037685721892400048e-01 -2.749882503127831779e-01
-2.413597053568909523e+00 -3.941130354682538250e-01 -2.779698344464157644e-01
-2.598360590694820171e+00 -3.864574869686864256e-01 -2.869971745617821979e-01
-2.838347461860828869e+00 -3.796007643856569302e-01 -3.008818188755751910e-01
-3.116999587720930887e+00 -3.721776269972484896e-01 -3.180358981166770960e-01
-3.417758888929122829e+00 -3.628228340815443653e-01 -3.368715430139706535e-01
-3.724067286139401300e+00 -3.501711449166274304e-01 -3.558008842963384377e-01
-4.019366700005760684e+00 -3.328573187805810574e-01 -3.732360526926629674e-01
-4.287099051182198473e+00 -3.095161149514883969e-01 -3.875891789318268166e-01
-4.510706260322710826e+00 -2.787822927074323776e-01 -3.972723937427126706e-01
-4.673630248081292571e+00 -2.392906113264960388e-01 -4.006978278542028815e-01
-4.759312935111940313e+00 -1.896758300867628089e-01 -3.962776119951801901e-01
-4.756214619977989777e+00 -1.292435560766571345e-01 -3.829575340593915911e-01
-4.672868897515874309e+00 -5.998275883645972500e-02 -3.618179876980839316e-01
-4.522827632789822694e+00 1.544675867788356839e-02 -3.344730122764518754e-01
-4.319642690864051282e+00 9.438519351043191119e-02 -3.025366471596878659e-01
-4.076865936802784418e+00 1.741727427052395805e-01 -2.676229317129863450e-01
-3.808049235670243338e+00 2.521496033063623243e-01 -2.313459053015408662e-01
-3.526744452530651497e+00 3.256559723578559828e-01 -1.953196072905454272e-01
-3.246503452448231464e+00 3.920320469037760769e-01 -1.611580770451938038e-01
-2.980878100487205806e+00 4.486180239881790155e-01 -1.304753539306797439e-01
-2.743420261711797092e+00 4.927541006551203195e-01 -1.048854773121970507e-01
-2.544213711437333991e+00 5.224343801716617719e-01 -8.557610649279039083e-02
-2.379469915594902396e+00 5.382685813427046106e-01 -7.202938662631246103e-02
-2.241932275172317190e+00 5.415203245190707282e-01 -6.330108585416377442e-02
-2.124344191157392370e+00 5.334532300515820724e-01 -5.844697231774483720e-02
-2.019449064537943261e+00 5.153309182910605912e-01 -5.652281415845616941e-02
-1.919990296301785637e+00 4.884170095883291762e-01 -5.658437951769824947e-02
-1.818711287436727497e+00 4.539751242942078324e-01 -5.768743653687161826e-02
-1.708355438930593717e+00 4.132688827595216163e-01 -5.888775335737676808e-02
-1.581666151771186746e+00 3.675619053350886456e-01 -5.924109812061419816e-02
-1.431386826946333901e+00 3.181178123717353645e-01 -5.780323896798447714e-02
-1.253342515263810464e+00 2.663366003619278555e-01 -5.389561675363069293e-02
-1.055684690479164578e+00 2.141637625612850537e-01 -4.790234798086172308e-02
-8.496463880024381909e-01 1.636811644653688724e-01 -4.047321426487975743e-02
-6.464606432437087769e-01 1.169706715697498012e-01 -3.225799722088817240e-02
-4.573604916130187270e-01 7.611414936999001679e-02 -2.390647846408900171e-02
-2.935789685204436283e-01 4.319346336165918315e-02 -1.606843960968568075e-02
-1.663491093760290918e-01 2.029047904032075383e-02 -9.393662272880283146e-03
-8.690394958984581919e-02 9.487061901542859221e-03 -4.531928068876074286e-03
-6.647652457194636044e-02 1.286507744089081251e-02 -2.133018612875431375e-03
-1.162998697323919250e-01 3.250639115393044731e-02 -2.846715520081224277e-03
-2.427824678580609297e-01 6.944895059570102558e-02 -7.084568661913431473e-03
-4.330347292741384968e-01 1.205550614257475533e-01 -1.430520775050068624e-02
-6.693425806979350634e-01 1.816431262963528193e-01 -2.372903416209778960e-02
-9.339919488467253172e-01 2.485315478597900085e-01 -3.457644927295809578e-02
-1.209268760437828050e+00 3.170387287683436028e-01 -4.606785445933678225e-02
-1.477458942188514035e+00 3.829830716742861352e-01 -5.742365109748702456e-02
-1.720848420816101010e+00 4.421829792299017403e-01 -6.786424056366398283e-02
-1.921723123037862857e+00 4.904568540874637561e-01 -7.661002423412095752e-02
-2.062368975571112095e+00 5.236230988992551794e-01 -8.288140348511292832e-02
-2.125071905133132599e+00 5.375001163175511243e-01 -8.589877969289347326e-02
-2.097898722165282503e+00 5.293050319153708161e-01 -8.513107271428625722e-02
-1.992039772005129494e+00 5.018498629486801699e-01 -8.104127632839015771e-02
-1.824466283714312853e+00 4.593453495941881570e-01 -7.434090279487387543e-02
-1.612149486354448102e+00 4.060022320285972541e-01 -6.574146437340498694e-02
-1.372060608987183628e+00 3.460312504286182089e-01 -5.595447332365251214e-02
-1.121170880674129178e+00 2.836431449709523323e-01 -4.569144190528387495e-02
-8.764515304769369131e-01 2.230486558323112323e-01 -3.566388237796821320e-02
-6.548737874572150286e-01 1.684585231893958590e-01 -2.658330700137288144e-02
-4.734088806766130197e-01 1.240834872189171822e-01 -1.916122803516692730e-02
-3.490280391967456874e-01 9.413428809757777571e-02 -1.410915773901796379e-02
-2.941294483569991680e-01 8.168161971128447274e-02 -1.194586354936024407e-02
-3.028189877714283496e-01 8.523595816563013516e-02 -1.241912809519634189e-02
-3.646294279134553173e-01 1.021677169667970925e-01 -1.508398642503804878e-02
-4.690935392565067086e-01 1.298473096209690758e-01 -1.949547358739737307e-02
-6.057440922739965039e-01 1.656451496343262497e-01 -2.520862463078576629e-02
-7.641138574393581129e-01 2.069316505130540385e-01 -3.177847460371550220e-02
-9.337356052260005201e-01 2.510772257633315241e-01 -3.876005855469786404e-02
-1.104142106107359966e+00 2.954522888913446721e-01 -4.570841153224522446e-02
-1.264866130556844714e+00 3.374272534032722870e-01 -5.217856858486881466e-02
-1.405440449047890450e+00 3.743725328053004731e-01 -5.772556476108098994e-02
-1.517280482207952641e+00 4.041198688293035635e-01 -6.199066567233313396e-02
-1.599332359007564985e+00 4.263463425075447732e-01 -6.496006411602534003e-02
-1.652424912435115134e+00 4.411903762968731879e-01 -6.670618591960865429e-02
-1.677386975478999398e+00 4.487903926541412236e-01 -6.730145691053451840e-02
-1.675047381127609425e+00 4.492848140361989651e-01 -6.681830291625411034e-02
-1.646234962369340638e+00 4.428120628998978847e-01 -6.532914976421874687e-02
-1.591778552192582463e+00 4.295105617020882893e-01 -6.290642328187961985e-02
-1.512506983585733211e+00 4.095187328996224840e-01 -5.962254929668816400e-02
-1.409249089537180089e+00 3.829749989493495543e-01 -5.554995363609540465e-02
-1.282833703035324291e+00 3.500177823081228601e-01 -5.076106212755295000e-02
-1.135574784463500020e+00 3.112023299577310054e-01 -4.536668008848197819e-02
-9.757267188058064145e-01 2.687511631290107617e-01 -3.963112860010939431e-02
-8.130289759520412662e-01 2.253036156524579059e-01 -3.385710713560119434e-02
-6.572210257920280130e-01 1.834990213585751540e-01 -2.834731516812430061e-02
-5.180423382155645573e-01 1.459767140778583938e-01 -2.340445217084471605e-02
-4.052323831124734488e-01 1.153760276408100083e-01 -1.933121761692931789e-02
-3.285306303725551436e-01 9.433629587792660698e-02 -1.643031097954420622e-02
-2.976765498856270287e-01 8.549685261970926820e-02 -1.500443173185610560e-02
-3.224096115414972763e-01 9.149703169665655833e-02 -1.535627934703134509e-02
-4.124692852299740031e-01 1.149761669392670854e-01 -1.778855329823634743e-02
-5.730735144354940358e-01 1.573705353724924316e-01 -2.245702628116204302e-02
-7.913542663823935897e-01 2.153042212186876136e-01 -2.892976808518961732e-02
-1.049922046570149536e+00 2.841982691044087628e-01 -3.662792382401482832e-02
-1.331387360498199168e+00 3.594737236562013938e-01 -4.497263861133221630e-02
-1.618360713666026740e+00 4.365516295006234282e-01 -5.338505756083775089e-02
-1.893452611573065880e+00 5.108530312642195481e-01 -6.128632578622590643e-02
-2.139273559718799511e+00 5.777989735735474808e-01 -6.809758840119256584e-02
-2.338434063602665258e+00 6.328105010551526854e-01 -7.323999051943234917e-02
-2.473544628724140715e+00 6.713086583355915016e-01 -7.613467725464094504e-02
-2.527215760582671944e+00 6.887144900414117199e-01 -7.620279372051329270e-02
-2.487444366411435404e+00 6.817823487818992501e-01 -7.304380861993431395e-02
-2.363772960378416776e+00 6.525998190972628343e-01 -6.697048501254621033e-02
-2.171130458385330364e+00 6.045877935104482237e-01 -5.847390954718163086e-02
-1.924445776333860714e+00 5.411671645443936196e-01 -4.804516887267187147e-02
-1.638647830125732341e+00 4.657588247220479372e-01 -3.617534963784983792e-02
-1.328665535662622244e+00 3.817836665663472684e-01 -2.335553849154665615e-02
-1.009427808846260710e+00 2.926625826002418607e-01 -1.007682208259547303e-02
-6.958635655783209639e-01 2.018164653466667791e-01 3.169712940172839631e-03
-4.029017217605327383e-01 1.126662073285728122e-01 1.589297992792504388e-02
-1.454711932945739195e-01 2.863270106889508060e-02 2.760189223183018639e-02
6.510545012443381963e-02 -4.747642885986842753e-02 3.788804378779608850e-02
2.319311268065796794e-01 -1.153066472328422853e-01 4.667375323621514305e-02
3.617151528580870856e-01 -1.751166955485219667e-01 5.396402098498265243e-02
4.611668443852061094e-01 -2.271653153054140617e-01 5.976384744199538662e-02
5.369955174941662968e-01 -2.717112480020152931e-01 6.407823301514890824e-02
5.959104882912127366e-01 -3.090132351368308772e-01 6.691217811233966806e-02
6.446210728825783054e-01 -3.393300182083590077e-01 6.827068314146357564e-02
6.898365873745060384e-01 -3.629203387151034299e-01 6.815874851041676952e-02
7.382663478732303108e-01 -3.800429381555637809e-01 6.658137462709542986e-02
7.966196704849936028e-01 -3.909565580282426955e-01 6.354356189939545929e-02
8.697737519005597218e-01 -3.959909821605677172e-01 5.909722904637584179e-02
9.552772063133616598e-01 -3.957601677607808788e-01 5.348197071645171413e-02
1.048846476083242996e+00 -3.909491163986169582e-01 4.698430121156457057e-02
1.146198003570062518e+00 -3.822428296438109552e-01 3.989073483365482981e-02
1.243048231133662362e+00 -3.703263090660983137e-01 3.248778588466407630e-02
1.335113601133897543e+00 -3.558845562352138669e-01 2.506196866653299590e-02
1.418110555930622185e+00 -3.396025727208917266e-01 1.789979748120224326e-02
1.487755537883680201e+00 -3.221653600928685024e-01 1.128778663061343404e-02
1.539764989352928604e+00 -3.042579199208776952e-01 5.512450416706970481e-03
1.569855352698212636e+00 -2.865652537746557482e-01 8.603031414243507251e-04
1.575837787966475334e+00 -2.696835938813880174e-01 -2.460186508480482169e-03
1.563902206093161995e+00 -2.538541001774559103e-01 -4.552727841225419521e-03
1.542333175771311238e+00 -2.392291657963648288e-01 -5.599073547344461839e-03
1.519415265693962347e+00 -2.259611838716224785e-01 -5.780976317371306489e-03
1.503433044554153497e+00 -2.142025475367344833e-01 -5.280188841839789614e-03
1.502671081044924639e+00 -2.041056499252084655e-01 -4.278463811283749960e-03
1.525413943859314836e+00 -1.958228841705502155e-01 -2.957553916236912647e-03
1.579946201690360486e+00 -1.895066434062671057e-01 -1.499211847233189714e-03
1.674552423231106202e+00 -1.853093207658652875e-01 -8.519029480626898534e-05
1.817517177174581722e+00 -1.833833093828516891e-01 1.102758050509929696e-03
2.013085374717532794e+00 -1.837478092153053411e-01 1.921973543898718596e-03
2.249343412646566787e+00 -1.858892513302690397e-01 2.386167604954306937e-03
2.510338088039372639e+00 -1.891608755246882712e-01 2.548144139761530924e-03
2.780116197973597103e+00 -1.929159215955081885e-01 2.460707054405168216e-03
3.042724539526933114e+00 -1.965076293396744722e-01 2.176660254970008181e-03
3.282209909777025647e+00 -1.992892385541321087e-01 1.748807647540866423e-03
3.482619105801564530e+00 -2.006139890358267508e-01 1.229953138202501736e-03
3.627998924678201398e+00 -1.998351205817035792e-01 6.729006330397539022e-04
3.702396163484618974e+00 -1.963058729887079967e-01 1.304540381373676212e-04
3.689857619298477776e+00 -1.893794860537855451e-01 -3.445827404198161317e-04
3.580271363201969148e+00 -1.786389911192755864e-01 -7.097146382304536909e-04
3.386890562295324258e+00 -1.645865857090926532e-01 -9.636819576268764289e-04
3.128809657683320200e+00 -1.479542588925472635e-01 -1.115533842624806234e-03
2.825123090470693210e+00 -1.294739997389471875e-01 -1.174319437240003159e-03
2.494925301762227488e+00 -1.098777973176032347e-01 -1.149087885488205571e-03
2.157310732662653496e+00 -8.989764069782302247e-02 -1.048888331385158020e-03
1.831373824276760542e+00 -7.026551894891756855e-02 -8.827699189466137273e-04
1.536209017709277758e+00 -5.171342114019439329e-02 -6.597817921883036884e-04
1.290910754064990007e+00 -3.497333634096428528e-02 -3.889730951259922926e-04
1.114573474448635304e+00 -2.077725362053516392e-02 -7.939297177540153693e-05
1.020804968717765826e+00 -9.673538436766219301e-03 2.573697798521623614e-04
1.001266264766113245e+00 -1.476056548177132489e-03 5.995676731029669871e-04
1.042131660752462219e+00 4.184952524937576510e-03 9.229135309973869345e-04
1.129575454835596293e+00 7.679249262284634954e-03 1.203120176555852634e-03
1.249771945174290799e+00 9.376594143569928763e-03 1.415900432798743343e-03
1.388895429927336833e+00 9.646747648499834349e-03 1.536967122746480058e-03
1.533120207253504619e+00 8.859470256780525160e-03 1.542033069419456674e-03
1.668620575311588139e+00 7.384522448118152095e-03 1.406811095838074021e-03
1.781570832260357395e+00 5.591664702219055136e-03 1.107014025022750280e-03
1.858145276258603484e+00 3.850657498789288903e-03 6.183546799938604774e-04
1.888338186355149606e+00 2.523390118727495638e-03 -6.542612534707535035e-05
1.877423983741643765e+00 1.940266597304365643e-03 -8.784745819970556568e-04
1.834497179791872545e+00 2.423819545782996288e-03 -1.736908374279542153e-03
1.768652285879618535e+00 4.296581575426498822e-03 -2.556845186518141074e-03
1.688983813378673426e+00 7.881085297497753342e-03 -3.254402703036311448e-03
1.604586273662820473e+00 1.349986332325984507e-02 -3.745698608157631455e-03
1.524554178105841373e+00 2.147544826397621703e-02 -3.946850586205637862e-03
1.457982038081529597e+00 3.213037273090921242e-02 -3.773976321503847049e-03
1.413964364963665510e+00 4.578716933532284150e-02 -3.143193498375773665e-03
1.401595670126038584e+00 6.276837068847894441e-02 -1.970619801145006081e-03
1.426660103987314576e+00 8.311219649919764085e-02 -2.182873382560803236e-04
1.481700562564696400e+00 1.057196311349164475e-01 1.968116712587419416e-03
1.555949675629106910e+00 1.292073541947733328e-01 4.396992063164561863e-03
1.638640072951456084e+00 1.521920452779020605e-01 6.876738425254016324e-03
1.719004384302668331e+00 1.732903839834405435e-01 9.215755510634865075e-03
1.786275239453654740e+00 1.911190499105228091e-01 1.122244303108579574e-02
1.829685268175337498e+00 2.042947226582864095e-01 1.270520069838585245e-02
1.838467100238631025e+00 2.114340818258660937e-01 1.347242822431379480e-02
1.801853365414452846e+00 2.111538070123982758e-01 1.333252532064855070e-02
1.709076693473723596e+00 2.020705778170189815e-01 1.209389169916902720e-02
1.553968113400198137e+00 1.834653772500133284e-01 9.662960478033253559e-03
1.348752119468251909e+00 1.572763829604639507e-01 6.338295596168421787e-03
1.110251539384915720e+00 1.261060665057313068e-01 2.516492996511420204e-03
8.552892008572600124e-01 9.255689944318065687e-02 -1.405851378000259845e-03
6.006879315923123741e-01 5.923135333017162663e-02 -5.032141584429801820e-03
3.632705592971440245e-01 2.873189972406975032e-02 -7.965781679839741697e-03
1.598599116787839391e-01 3.661010182234983312e-03 -9.810175721293147577e-03
7.278816444299340827e-03 -1.337884373796788956e-02 -1.016872776585271004e-02
-7.764989869927391153e-02 -1.978519047917777496e-02 -8.644841870581301824e-03
-7.810340604487886473e-02 -1.295555848403155685e-02 -4.841922092541896261e-03
1.668683418127027071e-02 8.743828244804907612e-03 1.484170070475875503e-03
1.932722100199461557e-01 4.307196346455709896e-02 9.967743357775636637e-03
4.321498215786383490e-01 8.681914537241776364e-02 2.009064906793298425e-02
7.138167689648734493e-01 1.367756721655865038e-01 3.133473849952522761e-02
1.018770152286131658e+00 1.897318420412547613e-01 4.318186295112773354e-02
1.327507071649944193e+00 2.424779531966227697e-01 5.511387372131789503e-02
1.620524627163789644e+00 2.918043038288818392e-01 6.661262210867106848e-02
1.878319918935198451e+00 3.345011921352317730e-01 7.715995941176462258e-02
2.081390047071652649e+00 3.673589163128648805e-01 8.623773692917401090e-02
2.210232111680676237e+00 3.871677745589796604e-01 9.332780595947642865e-02
2.250878124725524732e+00 3.916542064731323713e-01 9.804396539652417142e-02
2.211499903948186851e+00 3.822892440476465259e-01 1.005278082903417053e-01
2.105804258124528872e+00 3.614800740689141922e-01 1.010528771737683601e-01
1.947497996030405076e+00 3.316338833233249961e-01 9.989271457964375711e-02
1.750287926441691955e+00 2.951578585972730040e-01 9.732086304080761474e-02
1.527880858134235353e+00 2.544591866771461208e-01 9.361086509009924894e-02
1.293983599883917313e+00 2.119450543493392181e-01 8.903626326035857241e-02
1.062302960466580570e+00 1.700226484002399785e-01 8.387060008442476233e-02
8.465457486581093871e-01 1.310991556162434679e-01 7.838741809513789793e-02
6.604187732343466122e-01 9.758176278373750789e-02 7.286025982533703149e-02
5.145608688862997049e-01 7.133474448575745364e-02 6.752651018262137428e-02
4.073387984133152728e-01 5.205069542599009835e-02 6.247892150465519240e-02
3.340512627531928569e-01 3.887928257170248508e-02 5.777408746937002376e-02
2.899969628437149005e-01 3.097017289015873559e-02 5.346860175469657361e-02
2.704745996226747828e-01 2.747303334862484861e-02 4.961905803856631048e-02
2.707828740278595547e-01 2.753753091436574041e-02 4.628204999891013388e-02
2.862204869970588761e-01 3.031333255464674706e-02 4.351417131365913765e-02
3.120861394680651824e-01 3.495010523673371811e-02 4.137201566074428377e-02
3.436785323786630819e-01 4.059751592789112573e-02 3.991217671809704770e-02
3.762963666666441220e-01 4.640523159538463560e-02 3.919124816364831509e-02
4.064374078754311448e-01 5.168049912882550362e-02 3.929951179294988856e-02
4.353956113604461331e-01 5.636087609047791408e-02 4.046199994440088932e-02
4.656639627777142687e-01 6.054149545661749454e-02 4.293743211020980416e-02
4.997354477832677278e-01 6.431749020352110768e-02 4.698452778258535578e-02
5.401030520331367990e-01 6.778399330746520679e-02 5.286200645373621831e-02
5.892597611833557680e-01 7.103613774472650189e-02 6.082858761587187080e-02
6.496985608899462639e-01 7.416905649158085645e-02 7.114299076119960652e-02
7.239124368089423500e-01 7.727788252430504989e-02 8.406393538192870329e-02
8.143943745963735381e-01 8.045774881917547305e-02 9.985014097026782831e-02
9.236373599082805530e-01 8.380378835246887759e-02 1.187603270184275084e-01
1.052987482201137803e+00 8.733177584537235583e-02 1.408805984658828558e-01
1.199203443006858549e+00 9.074006662117367616e-02 1.656066316718089737e-01
1.357897146092476914e+00 9.364766455915296550e-02 1.921615032576394211e-01
1.524680495225042787e+00 9.567357353859050340e-02 2.197682898448102273e-01
1.695165394171560758e+00 9.643679743876598653e-02 2.476500680547499833e-01
1.864963746699079161e+00 9.555634013895974999e-02 2.750299145088945796e-01
2.029687456574632787e+00 9.265120551845190677e-02 3.011309058286775753e-01
2.184948427565269746e+00 8.734039745652198705e-02 3.251761186355345834e-01
2.326358563437995297e+00 7.924291983245103366e-02 3.463886295508947222e-01
2.449529767959858884e+00 6.797777652551875716e-02 3.639915151961937712e-01
2.550761782256920629e+00 5.336064977359102068e-02 3.773580647327164916e-01
2.629105696891338440e+00 3.599393524887641721e-02 3.864624174811528423e-01
2.684300439784299996e+00 1.667670698216748917e-02 3.914289253020439285e-01
2.716084938856981879e+00 -3.791960995737919671e-03 3.923819400559299675e-01
2.724198122030571323e+00 -2.461299465404717668e-02 3.894458136033525641e-01
2.708378917226254234e+00 -4.498731996196592836e-02 3.827448978048528239e-01
2.668366252365208968e+00 -6.411586288870148309e-02 3.724035445209706863e-01
2.603899055368627202e+00 -8.119954940345604222e-02 3.585461056122489776e-01
2.514716254157690845e+00 -9.543930547543709453e-02 3.412969329392280815e-01
2.400556776653583579e+00 -1.060360570738502622e-01 3.207803783624489369e-01
2.261930512754533940e+00 -1.124067185629728238e-01 2.972121968532999703e-01
2.102431332614274062e+00 -1.148321949650262519e-01 2.711737715172956031e-01
1.926424134538596178e+00 -1.138093982365332990e-01 2.433378964163220859e-01
1.738273816833302732e+00 -1.098352403340161348e-01 2.143773656122679172e-01
1.542345277804179071e+00 -1.034066332139960548e-01 1.849649731670187369e-01
1.343003415757062502e+00 -9.502048883299632487e-02 1.557735131424681230e-01
1.144613128997739038e+00 -8.517371914753853190e-02 1.274757796005018540e-01
9.515393158320109013e-01 -7.436323611414466517e-02 1.007445666030082759e-01
7.681468745656657715e-01 -6.308595168933586739e-02 7.625266821187373645e-02
5.988007035045388449e-01 -5.183877782963619563e-02 5.467287848899091834e-02
4.471603020574422271e-01 -4.106148669171660881e-02 3.652640237048117994e-02
3.140635336817730328e-01 -3.096528796325993121e-02 2.172807961534800603e-02
1.996428427560316965e-01 -2.170424989729190582e-02 1.004115651976754051e-02
1.040306736587490316e-01 -1.343244074684072677e-02 1.228879379918913165e-03
2.735947076842398101e-02 -6.303928764932075456e-03 -4.945505508022004018e-03
-3.023832153643322973e-02 -4.727822045924911024e-04 -8.718751847878139505e-03
-6.863025887731255548e-02 3.906930681151479269e-03 -1.032761334347244431e-02
-8.768389687570460334e-02 6.681141639273467311e-03 -1.000884369862774237e-02
-8.726679115309592116e-02 7.695782416746430737e-03 -7.999196617167051923e-03
-6.724649733097884385e-02 6.796784760544145182e-03 -4.535425802913372120e-03
-2.807623833738291663e-02 3.914273414384732488e-03 1.462945271911658229e-04
2.744812718542213176e-02 -6.848597085629436806e-04 5.812108070569877057e-03
9.594509004444770617e-02 -6.649532107130542817e-03 1.222873799494633880e-02
1.740331410467191864e-01 -1.362866128015088538e-02 1.916290746804556744e-02
2.583307709992581636e-01 -2.127116472645647349e-02 2.638133965759213717e-02
3.454564707090935216e-01 -2.922595994488050297e-02 3.365075773131127185e-02
4.320287309832312461e-01 -3.714196443425403504e-02 4.073788485692624722e-02
5.146660426287003043e-01 -4.466809569341027158e-02 4.740944420216226807e-02
5.899868964525218917e-01 -5.145327122118169283e-02 5.343215893474391465e-02
6.546097832617228107e-01 -5.714640851640123698e-02 5.857275222239617662e-02
7.059622344496765400e-01 -6.147543227037581548e-02 6.265916021139518455e-02
7.447078048771889058e-01 -6.448428238212311481e-02 6.576416045454970549e-02
7.723190205538928987e-01 -6.629589916218500689e-02 6.802173822949386661e-02
7.902684074894228416e-01 -6.703322292110340530e-02 6.956587881386191996e-02
8.000284916934085055e-01 -6.681919396942001543e-02 7.053056748528770126e-02
8.030717991754846574e-01 -6.577675261767683412e-02 7.104978952140551807e-02
8.008708559452842879e-01 -6.402883917641569167e-02 7.125753019984946979e-02
7.948981880124398325e-01 -6.169839395617825878e-02 7.128777479825372521e-02
7.866263213865851700e-01 -5.890835726750680290e-02 7.127450859425236984e-02
7.775277820773528470e-01 -5.578166942094300168e-02 7.135171686547955860e-02
7.687879672808909381e-01 -5.242323208190674544e-02 7.162477972802526460e-02
7.604437589394059671e-01 -4.886579233533008132e-02 7.208465665180299742e-02
7.522449101816189865e-01 -4.512405862102268628e-02 7.269370194518207096e-02
7.439411741362534913e-01 -4.121273937879529892e-02 7.341426991653177136e-02
7.352823039320303122e-01 -3.714654304845762395e-02 7.420871487422144031e-02
7.260180526976713900e-01 -3.294017806981973384e-02 7.503939112662040556e-02
7.158981735618971110e-01 -2.860835288269129167e-02 7.586865298209806430e-02
7.046724196534315254e-01 -2.416577592688310891e-02 7.665885474902361940e-02
6.920905441009954639e-01 -1.962715564220486597e-02 7.737235073576645417e-02
6.779023000333102011e-01 -1.500720046846661104e-02 7.797149525069588250e-02
6.618560972903139161e-01 -1.033406917867448101e-02 7.840949486535070401e-02
6.436949723262218592e-01 -5.689724187574163837e-03 7.860296363360043392e-02
6.231606181911623077e-01 -1.169579397607500544e-03 7.845936708729388254e-02
5.999947279352653151e-01 3.130951288783254561e-03 7.788617075827984626e-02
5.739389946086580485e-01 7.116453969156179803e-03 7.679084017840695497e-02
5.447351112614744473e-01 1.069151474106830660e-02 7.508084087952418550e-02
5.121247709438423446e-01 1.376071970207774949e-02 7.266363839348023712e-02
4.758496667058913498e-01 1.622865494974225567e-02 6.944669825212387848e-02
4.356514915977476310e-01 1.799990658161968252e-02 6.533748598730347579e-02
3.912719386695477919e-01 1.897906069526746758e-02 6.024346713086853322e-02
3.428490889221973981e-01 1.911293968577709723e-02 5.414807674934147413e-02
2.921065978413851516e-01 1.851731355517177713e-02 4.733863239498364850e-02
2.411645202044870040e-01 1.735018981141558947e-02 4.017842332826663393e-02
1.921429107888923959e-01 1.576957596247294605e-02 3.303073880966395093e-02
1.471618243719770847e-01 1.393347951630798977e-02 2.625886809964721527e-02
1.083413157311214903e-01 1.199990798088492079e-02 2.022610045868863948e-02
7.780143964370594967e-02 1.012686886416794795e-02 1.529572514726046731e-02
5.766225088710948132e-02 8.472369674121155159e-03 1.183103142583468749e-02
5.004380423871616912e-02 7.194417918709040960e-03 1.019530855488415266e-02
5.706615447590408785e-02 6.451021105895663257e-03 1.075184579488073187e-02
8.005819871110494979e-02 6.421183071852133196e-03 1.377287033780354858e-02
1.171842486670406774e-01 7.367891764166366146e-03 1.916636631223603282e-02
1.658174810363524654e-01 9.575130857931732006e-03 2.674925838353639160e-02
2.233310725116907647e-01 1.332688402824177588e-02 3.633847121706413469e-02
2.870981997857036672e-01 1.890713495019001600e-02 4.775092947817845268e-02
3.544920395510450239e-01 2.659986729887073992e-02 6.080355783223970190e-02
4.228857685003507005e-01 3.668906474937613793e-02 7.531328094460473799e-02
4.896525633262746591e-01 4.945871097680028250e-02 9.109702348063380972e-02
5.521656007214644779e-01 6.519278965623670485e-02 1.079717101056860418e-01
6.077980573785728424e-01 8.417528446278076115e-02 1.257542654851222519e-01
6.544315334561824349e-01 1.064702571532667591e-01 1.442122235820435527e-01
6.919812357018704230e-01 1.312621195627998727e-01 1.629155640288302287e-01
7.208707506926904651e-01 1.575153804834675264e-01 1.813848799946622958e-01
7.415236650056975520e-01 1.841945487073596011e-01 1.991407646487212690e-01
7.543635652179415674e-01 2.102641330265586916e-01 2.157038111601839447e-01
7.598140379064779459e-01 2.346886422331546651e-01 2.305946126982319488e-01
7.582986696483601241e-01 2.564325851192348349e-01 2.433337624320451864e-01
7.502410470206407611e-01 2.744604704768882075e-01 2.534418535308045062e-01
7.360647566003746256e-01 2.877368070981988768e-01 2.604394791636879813e-01
7.161933849646147099e-01 2.952261037752561545e-01 2.638472324998766272e-01
6.913333034060686888e-01 2.965268606779655758e-01 2.635468293844677734e-01
6.633220220800611910e-01 2.937735434875056728e-01 2.608644763662276156e-01
6.342798358575681972e-01 2.897346092628725889e-01 2.574875026698396074e-01
6.063270396095740145e-01 2.871785150630640771e-01 2.551032375199880908e-01
5.815839282070545124e-01 2.888737179470761141e-01 2.553990101413562974e-01
5.621707965209885582e-01 2.975886749739055648e-01 2.600621497586278474e-01
5.502079394223542419e-01 3.160918432025511260e-01 2.707799855964877489e-01
5.478156517821325400e-01 3.471516796920062764e-01 2.892398468796177347e-01
5.571142284713007653e-01 3.935366415012688801e-01 3.171290628327021466e-01
5.802239643608375630e-01 4.580151856893354134e-01 3.561349626804243829e-01
6.183172041706829214e-01 5.425034857214627859e-01 4.075392257546499031e-01
6.687743292866751288e-01 6.455084343805765901e-01 4.710008621800219064e-01
7.280276895769125511e-01 7.646845677006481878e-01 5.457731973696692274e-01
7.925096349094920001e-01 8.976864217156435011e-01 6.311095567367170922e-01
8.586525151525151722e-01 1.042168532459540442e+00 7.262632656942993314e-01
9.228886801740660006e-01 1.195785435966278953e+00 8.304876496555240184e-01
9.816504798422470701e-01 1.356191668269836059e+00 9.430360340335242064e-01
1.031370264025154304e+00 1.521041765404177459e+00 1.063161744241424733e+00
1.068480382590886180e+00 1.687990263403282842e+00 1.190118105692362427e+00
1.089413185407532403e+00 1.854691698301087932e+00 1.323158443799439254e+00
1.091438288377722277e+00 2.018713273419101117e+00 1.461441908287564040e+00
1.075174419451288887e+00 2.177272856231677878e+00 1.603750940739907760e+00
1.042077596567306585e+00 2.327500979002068870e+00 1.748773804356999584e+00
9.936038376648593795e-01 2.466528173993487449e+00 1.895198762339330489e+00
9.312091606830238399e-01 2.591484973469185604e+00 2.041714077887431422e+00
8.563495835608777584e-01 2.699501909692402890e+00 2.187008014201816675e+00
7.704811242374994817e-01 2.787709514926377974e+00 2.329768834483005424e+00
6.750598006519582528e-01 2.853238321434353519e+00 2.468684801931525286e+00
5.715416307433492937e-01 2.893218861479557980e+00 2.602444179747867903e+00
4.613826324507430687e-01 2.904781667325236683e+00 2.729735231132563555e+00
3.458502454195197529e-01 2.885907252479170459e+00 2.849141236210908978e+00
2.254576069107171454e-01 2.837976006791331773e+00 2.958825548814470796e+00
1.005292812868983504e-01 2.763218277038439474e+00 3.056846542703113290e+00
-2.861016708940481573e-02 2.663864409997199978e+00 3.141262591636730939e+00
-1.616361738556507666e-01 2.542144752444323252e+00 3.210132069375208896e+00
-2.982241746493096701e-01 2.400289651156504611e+00 3.261513349678434537e+00
-4.380496051078155428e-01 2.240529452910480668e+00 3.293464806306282799e+00
-5.807879008686384070e-01 2.065094504482948068e+00 3.304044813018645055e+00
-7.261144975692364056e-01 1.876215152650616558e+00 3.291311743575404236e+00
-8.737048308470807267e-01 1.676121744190178120e+00 3.253323971736440168e+00
-1.022667129504759798e+00 1.467368483455012029e+00 3.188968365115112835e+00
-1.169840892370943353e+00 1.253804949512337563e+00 3.100445624521305898e+00
-1.311498460121109044e+00 1.039604551210300487e+00 2.990784873511226571e+00
-1.443912173430745627e+00 8.289406973970270265e-01 2.863015235641071854e+00
-1.563354372975306994e+00 6.259867969207003613e-01 2.720165834467071164e+00
-1.666097399430282566e+00 4.349162586294462174e-01 2.565265793545421946e+00
-1.748413593471149330e+00 2.599024913714104157e-01 2.401344236432333190e+00
-1.806575295773390044e+00 1.051189039947246912e-01 2.231430286683997455e+00
-1.836854847012470149e+00 -2.526109465243756708e-02 2.058553067856651264e+00
-1.835524587863874402e+00 -1.270640957219462130e-01 1.885741703506489397e+00
-1.800658537782350299e+00 -1.975423950556576824e-01 1.715894117679708231e+00
-1.737537431339728267e+00 -2.396511072554357857e-01 1.551383436382461012e+00
-1.653243681887098582e+00 -2.577710516131465623e-01 1.394451586110876162e+00
-1.554859702775578389e+00 -2.562830474206527764e-01 1.247340493361124070e+00
-1.449467907356260632e+00 -2.395679139698222715e-01 1.112292084629332489e+00
-1.344150708980244913e+00 -2.120064705525206428e-01 9.915482864116437201e-01
-1.245990520998624396e+00 -1.779795364606102381e-01 8.873510252041914015e-01
-1.162069756762516226e+00 -1.418679309859627591e-01 8.019422275031363734e-01
-1.099470829623011792e+00 -1.080524734204408865e-01 7.375638198046110539e-01
-1.065276152931210696e+00 -8.091398305591010476e-02 6.964577286047570759e-01
-1.065106388322599740e+00 -6.387005930142149179e-02 6.800245600422907266e-01
-1.098734939638505770e+00 -5.648525668357676222e-02 6.862994944009164211e-01
-1.164473333536097277e+00 -5.736082716878541932e-02 7.124763193927022842e-01
-1.260633096672545195e+00 -6.509802272345895091e-02 7.557488227297199934e-01
-1.385525755705032669e+00 -7.829809531401020484e-02 8.133107921240460003e-01
-1.537462837290707318e+00 -9.556229690684822642e-02 8.823560152877407692e-01
-1.714755868086750290e+00 -1.154918794683854610e-01 9.600782799328801964e-01
-1.915716374750331408e+00 -1.366880949650333965e-01 1.043671373771535071e+00
-2.138655883938642699e+00 -1.577521953632052554e-01 1.130329084515784288e+00
-2.381885922308814685e+00 -1.772854326293088201e-01 1.217245199877683426e+00
-2.642281834718930966e+00 -1.941402536033620119e-01 1.301677181960503082e+00
-2.910974156651067180e+00 -2.081738989933885065e-01 1.381137194075777730e+00
-3.177657200698137618e+00 -2.194948115678631573e-01 1.453201075748005167e+00
-3.432025279452983302e+00 -2.282114340952579590e-01 1.515444666501663207e+00
-3.663772705508520744e+00 -2.344322093440481258e-01 1.565443805861250759e+00
-3.862593791457639814e+00 -2.382655800827075676e-01 1.600774333351259182e+00
-4.018182849893232600e+00 -2.398199890797104716e-01 1.619012088496179835e+00
-4.120234193408195189e+00 -2.392038791035304701e-01 1.617732910820503189e+00
-4.158442134595398798e+00 -2.365256929226418892e-01 1.594512639848720603e+00
-4.122500986047747951e+00 -2.318938733055186940e-01 1.546927115105324990e+00
-4.006458574152317986e+00 -2.254564126368427679e-01 1.473877842459229592e+00
-3.821776531364644125e+00 -2.175194995030956535e-01 1.379568917302335995e+00
-3.584269879381249968e+00 -2.084288709754615054e-01 1.269530063443918833e+00
-3.309753639898613820e+00 -1.985302641251222855e-01 1.149291004693227425e+00
-3.014042834613229083e+00 -1.881694160232609270e-01 1.024381464859519530e+00
-2.712952485221558963e+00 -1.776920637410590587e-01 9.003311677520412504e-01
-2.422297613420151041e+00 -1.674439443497013347e-01 7.826698371800723253e-01
-2.157893240905470744e+00 -1.577707949203695503e-01 6.769271969528589672e-01
-1.935554389374008588e+00 -1.490183525242464446e-01 5.886329708796581572e-01
-1.771096080522245542e+00 -1.415323542325141182e-01 5.233168827697228798e-01
-1.676351875553707238e+00 -1.357319078741896501e-01 4.848332118225326948e-01
-1.647230177148212515e+00 -1.323295917149649448e-01 4.703347464013478696e-01
-1.675658269209433504e+00 -1.321113484811732020e-01 4.752989740580397249e-01
-1.753563435641050772e+00 -1.358631208991481765e-01 4.952033823444817462e-01
-1.872872960346720683e+00 -1.443708516952225684e-01 5.255254588125410908e-01
-2.025514127230119588e+00 -1.584204835957295499e-01 5.617426910140901342e-01
-2.203414220194918283e+00 -1.787979593270024870e-01 5.993325665009999748e-01
-2.398500523144808216e+00 -2.062892216153773273e-01 6.337725728251448754e-01
-2.602700319983422439e+00 -2.416802131871824133e-01 6.605401975383889956e-01
-2.807940894614451732e+00 -2.857568767687531652e-01 6.751129281926071535e-01
-3.007462007592450526e+00 -3.387851260556781208e-01 6.740103589451819088e-01
-3.199753326075510440e+00 -3.989507586205675582e-01 6.579205103755405570e-01
-3.384616993872623159e+00 -4.639195430052929781e-01 6.285735096686189127e-01
-3.561855154792734179e+00 -5.313572477517085613e-01 5.876994840093614503e-01
-3.731269952644836074e+00 -5.989296414016854753e-01 5.370285605827049835e-01
-3.892663531237902763e+00 -6.643024924970891698e-01 4.782908665735883802e-01
-4.045838034380923709e+00 -7.251415695797905903e-01 4.132165291669444018e-01
-4.190595605882849739e+00 -7.791126411916443617e-01 3.435356755477237956e-01
-4.326738389552668984e+00 -8.238814758745218736e-01 2.709784329008599890e-01
-4.454068529199359361e+00 -8.571138421702888532e-01 1.972749284112919055e-01
-4.572388168631905891e+00 -8.764755086208120272e-01 1.241552892639518901e-01
-4.681499451659264288e+00 -8.796322437679531259e-01 5.334964264379221666e-02
-4.781204522090420461e+00 -8.642498161535804302e-01 -1.341188426425514099e-02
-4.871305523734350551e+00 -8.279939943195595564e-01 -7.439916427525082587e-02
-4.951604600400040468e+00 -7.685305468077499036e-01 -1.278820702042604840e-01
-5.021903895896445924e+00 -6.835252421600270800e-01 -1.721304748663354811e-01
-5.082005554032557271e+00 -5.706438489182531493e-01 -2.054142510765421537e-01
-5.131711718617346207e+00 -4.275521356242933946e-01 -2.260032716499416061e-01
-5.170824533459793315e+00 -2.519158708199964458e-01 -2.321674094015944989e-01
-5.199146142368867629e+00 -4.140082304725900553e-02 -2.221765371465610206e-01
-5.216478689153548842e+00 2.063272391520674098e-01 -1.943005276999033026e-01
-5.222624317622813095e+00 4.936025472361170729e-01 -1.468092538766824773e-01
-5.217385171585636527e+00 8.227593326630556758e-01 -7.797258849195251584e-02
-5.200563394850995280e+00 1.196131826890958871e+00 1.393959563921345901e-02
