3.767916202545166016e+00 6.343472003936767578e-01 -2.343181520700454712e-01 -0.000000000000000000e+00 -0.000000000000000000e+00 -9.976194500923156738e-01 6.895971298217773438e-02
3.263137102127075195e+00 5.511813163757324219e-01 -3.102211654186248779e-01 -7.647372037172317505e-02 4.205478355288505554e-02 -9.929389953613281250e-01 8.034560084342956543e-02
2.919491767883300781e+00 5.239519476890563965e-01 -3.639371097087860107e-01 -5.245080590248107910e-02 2.424111030995845795e-02 -9.977685213088989258e-01 3.345269709825515747e-02
2.446200609207153320e+00 5.013436675071716309e-01 -4.389533400535583496e-01 -4.031436890363693237e-02 4.199715331196784973e-02 9.981178641319274902e-01 1.927638612687587738e-02
1.789541602134704590e+00 4.783042669296264648e-01 -5.436119437217712402e-01 -4.569461569190025330e-03 -3.973780199885368347e-02 -9.989503622055053711e-01 2.232090383768081665e-02
1.090634942054748535e+00 4.593029022216796875e-01 -6.554021239280700684e-01 -7.378403097391128540e-02 7.789225876331329346e-02 9.921996593475341797e-01 6.347107887268066406e-02
5.210927724838256836e-01 4.516625106334686279e-01 -7.476117610931396484e-01 -8.957207947969436646e-02 8.233074843883514404e-02 9.895970225334167480e-01 7.678831368684768677e-02
-1.181301847100257874e-01 4.242177605628967285e-01 -8.460156917572021484e-01 -1.157471537590026855e-01 1.142308190464973450e-01 9.807878136634826660e-01 1.077457591891288757e-01
-6.489920616149902344e-01 3.816767930984497070e-01 -9.219558238983154297e-01 -9.373226016759872437e-02 1.023326516151428223e-01 9.862999320030212402e-01 8.918903023004531860e-02
-1.065980792045593262e+00 3.170889914035797119e-01 -9.738080501556396484e-01 -1.006156802177429199e-01 1.080459877848625183e-01 9.848754405975341797e-01 9.067966043949127197e-02
-1.343993544578552246e+00 2.445301711559295654e-01 -1.004270434379577637e+00 5.337153095752000809e-03 9.749614447355270386e-02 9.934078454971313477e-01 6.005652621388435364e-02
-1.518947720527648926e+00 2.021767795085906982e-01 -1.027028918266296387e+00 3.444545902311801910e-03 1.244364082813262939e-01 9.890391230583190918e-01 7.940541952848434448e-02
-1.628188133239746094e+00 1.849392652511596680e-01 -1.044470191001892090e+00 -6.234236061573028564e-02 1.782125085592269897e-01 9.693348407745361328e-01 1.573010683059692383e-01
-1.897684574127197266e+00 1.700801104307174683e-01 -1.097796916961669922e+00 -8.011956512928009033e-02 2.532534599304199219e-01 9.450061321258544922e-01 1.908056288957595825e-01
-2.046536445617675781e+00 1.657194495201110840e-01 -1.133513450622558594e+00 -6.762109696865081787e-02 2.023998200893402100e-01 9.602902531623840332e-01 1.797343790531158447e-01
-2.066711425781250000e+00 1.648065149784088135e-01 -1.138803124427795410e+00 -5.355311185121536255e-02 1.948801577091217041e-01 9.643538594245910645e-01 1.708080470561981201e-01
-2.172657728195190430e+00 1.566888391971588135e-01 -1.169136285781860352e+00 -6.536940485239028931e-02 2.032898962497711182e-01 9.598163366317749023e-01 1.820784360170364380e-01
-2.257424831390380859e+00 1.416470259428024292e-01 -1.198513627052307129e+00 -8.960571140050888062e-02 2.519425749778747559e-01 9.214978218078613281e-01 2.816688418388366699e-01
-2.300607442855834961e+00 1.280369907617568970e-01 -1.216616749763488770e+00 -1.724002361297607422e-01 2.792202830314636230e-01 8.800411224365234375e-01 3.432809710502624512e-01
-2.413524150848388672e+00 4.461021348834037781e-02 -1.285458207130432129e+00 -1.757218837738037109e-01 3.074419200420379639e-01 8.565006256103515625e-01 3.755101263523101807e-01
-2.396064758300781250e+00 -3.774280473589897156e-02 -1.299331307411193848e+00 -2.590280771255493164e-01 3.489370346069335938e-01 8.062781691551208496e-01 4.013264775276184082e-01
-2.344564676284790039e+00 -5.398239195346832275e-02 -1.284709095954895020e+00 -1.952394843101501465e-01 3.349593579769134521e-01 8.357326984405517578e-01 3.888890147209167480e-01
-2.144040107727050781e+00 -8.289844542741775513e-02 -1.234198570251464844e+00 -2.060952484607696533e-01 3.422459661960601807e-01 8.253349661827087402e-01 3.990170359611511230e-01
-1.753997802734375000e+00 -1.060559451580047607e-01 -1.155377030372619629e+00 -2.075662016868591309e-01 3.424901068210601807e-01 8.235315680503845215e-01 4.017619192600250244e-01
-1.391816735267639160e+00 -1.079138144850730896e-01 -1.096108317375183105e+00 -1.713847666978836060e-01 2.704590559005737305e-01 8.647453784942626953e-01 3.869037032127380371e-01
-1.132341623306274414e+00 -1.022094339132308960e-01 -1.058887481689453125e+00 -2.087204456329345703e-01 3.033530712127685547e-01 8.237057924270629883e-01 4.311861097812652588e-01
-8.977164030075073242e-01 -9.432719647884368896e-02 -1.027266383171081543e+00 -1.332499682903289795e-01 2.848996520042419434e-01 8.632919788360595703e-01 3.947194218635559082e-01
-8.195029497146606445e-01 -9.128108620643615723e-02 -1.017037987709045410e+00 -9.325435757637023926e-02 2.628688216209411621e-01 8.855329751968383789e-01 3.715306222438812256e-01
-7.440333962440490723e-01 -8.817901462316513062e-02 -1.007290124893188477e+00 -1.113638579845428467e-01 2.920072674751281738e-01 8.573043346405029297e-01 4.090953469276428223e-01
-7.233841419219970703e-01 -8.730388432741165161e-02 -1.004642724990844727e+00 -1.085366532206535339e-01 2.905955314636230469e-01 8.583378791809082031e-01 4.086930751800537109e-01
-6.475211381912231445e-01 -8.400420844554901123e-02 -9.949793219566345215e-01 -6.048326939344406128e-02 2.563598453998565674e-01 9.094272851943969727e-01 3.218126893043518066e-01
-4.978086054325103760e-01 -7.715198397636413574e-02 -9.761645197868347168e-01 5.324310809373855591e-02 2.482633590698242188e-01 9.281330704689025879e-01 2.722124159336090088e-01
-3.822045028209686279e-01 -7.167850434780120850e-02 -9.617640376091003418e-01 4.380439221858978271e-02 2.499400824308395386e-01 9.264721274375915527e-01 2.779577374458312988e-01
-8.279250562191009521e-02 -9.152641147375106812e-02 -9.347035884857177734e-01 3.742066025733947754e-02 2.496807873249053955e-01 9.252538681030273438e-01 2.831327617168426514e-01
2.048778533935546875e-01 -8.956359326839447021e-02 -8.759928941726684570e-01 1.749487966299057007e-02 2.953891754150390625e-01 9.031836390495300293e-01 3.109639585018157959e-01
5.319246053695678711e-01 -8.716010488569736481e-03 -7.643450498580932617e-01 1.537582278251647949e-02 2.967281639575958252e-01 9.024355411529541016e-01 3.119713962078094482e-01
9.239844083786010742e-01 2.320357412099838257e-01 -7.125544548034667969e-01 3.683088719844818115e-02 2.975830733776092529e-01 9.204456210136413574e-01 2.507339715957641602e-01
1.158854961395263672e+00 4.142242372035980225e-01 -7.525166869163513184e-01 4.566093534231185913e-02 2.767372429370880127e-01 9.394049644470214844e-01 1.971039324998855591e-01
1.293956279754638672e+00 5.102412104606628418e-01 -8.000557422637939453e-01 -7.025524973869323730e-02 3.117082715034484863e-01 9.168981313705444336e-01 2.391650527715682983e-01
1.401047468185424805e+00 5.462275743484497070e-01 -8.399800062179565430e-01 -4.751533269882202148e-02 2.630313634872436523e-01 9.351665377616882324e-01 2.324225604534149170e-01
1.573084473609924316e+00 5.618875026702880859e-01 -8.944114446640014648e-01 -5.295585468411445618e-02 2.641671001911163330e-01 9.338667392730712891e-01 2.351685762405395508e-01
1.577004194259643555e+00 5.619700551033020020e-01 -8.954795598983764648e-01 -6.079172343015670776e-02 2.624624073505401611e-01 9.133207798004150391e-01 3.053896129131317139e-01
1.584725141525268555e+00 5.621125698089599609e-01 -8.975558876991271973e-01 -1.499346494674682617e-01 2.753569483757019043e-01 8.914483189582824707e-01 3.271360099315643311e-01
1.649574875831604004e+00 5.625167489051818848e-01 -9.133555293083190918e-01 -1.810282170772552490e-01 2.848476469516754150e-01 8.732302784919738770e-01 3.515100479125976562e-01
1.677722573280334473e+00 5.624952316284179688e-01 -9.190636277198791504e-01 -1.919925659894943237e-01 2.325284481048583984e-01 9.136499166488647461e-01 2.726043760776519775e-01
1.882618665695190430e+00 5.623201131820678711e-01 -9.518253207206726074e-01 -2.250753343105316162e-01 3.100318908691406250e-01 8.676677942276000977e-01 3.168184757232666016e-01
2.072592020034790039e+00 5.614180564880371094e-01 -1.017244696617126465e+00 -2.133346498012542725e-01 2.932451665401458740e-01 8.859782218933105469e-01 2.890299260616302490e-01
2.199758291244506836e+00 5.595820546150207520e-01 -1.088949918746948242e+00 -2.522957324981689453e-01 3.105629682540893555e-01 8.574919104576110840e-01 3.234271407127380371e-01
2.393410682678222656e+00 5.536369681358337402e-01 -1.238233089447021484e+00 -2.278865873813629150e-01 2.749548852443695068e-01 8.976702094078063965e-01 2.581775784492492676e-01
2.493041515350341797e+00 5.488387942314147949e-01 -1.332299590110778809e+00 -2.280411869287490845e-01 2.816374599933624268e-01 8.917595744132995605e-01 2.710024118423461914e-01
2.588755369186401367e+00 5.405731201171875000e-01 -1.426428318023681641e+00 -2.936992049217224121e-01 3.241509199142456055e-01 8.557636737823486328e-01 2.762887477874755859e-01
2.759110927581787109e+00 5.120350718498229980e-01 -1.586390614509582520e+00 -2.678812146186828613e-01 2.700754702091217041e-01 8.905695676803588867e-01 2.493684589862823486e-01
2.882483243942260742e+00 4.789650738239288330e-01 -1.688836336135864258e+00 -2.708329260349273682e-01 2.803192138671875000e-01 8.862222433090209961e-01 2.503615319728851318e-01
3.040184020996093750e+00 4.218991100788116455e-01 -1.799462676048278809e+00 -2.711028456687927246e-01 2.843333184719085693e-01 8.836162090301513672e-01 2.547158896923065186e-01
3.330676555633544922e+00 2.802612185478210449e-01 -1.946301579475402832e+00 -2.629764080047607422e-01 2.789351940155029297e-01 8.886621594429016113e-01 2.516308426856994629e-01
3.467330932617187500e+00 2.038423418998718262e-01 -1.998818755149841309e+00 -2.343783974647521973e-01 2.585603594779968262e-01 9.182999134063720703e-01 1.869179904460906982e-01
3.728872299194335938e+00 4.864589497447013855e-02 -2.080914497375488281e+00 -1.775299161672592163e-01 1.984555721282958984e-01 9.497655034065246582e-01 1.644502133131027222e-01
3.980683565139770508e+00 -1.005657389760017395e-01 -2.137487888336181641e+00 -1.665503680706024170e-01 1.385802179574966431e-01 9.633727073669433594e-01 1.580173224210739136e-01
4.104380607604980469e+00 -2.585672736167907715e-01 -2.110321521759033203e+00 -1.149418279528617859e-01 9.285207837820053101e-02 9.784131646156311035e-01 1.444801092147827148e-01
4.070970058441162109e+00 -2.426249682903289795e-01 -2.099571943283081055e+00 -1.218412145972251892e-01 1.390863209962844849e-01 9.691895842552185059e-01 1.627305746078491211e-01
4.009791374206542969e+00 -1.729656904935836792e-01 -2.080519914627075195e+00 -1.712990552186965942e-01 1.594948172569274902e-01 9.437895417213439941e-01 2.334079593420028687e-01
3.943669557571411133e+00 5.117134004831314087e-02 -2.025005102157592773e+00 -1.062163934111595154e-01 8.426615595817565918e-02 9.748879075050354004e-01 1.766658574342727661e-01
3.927081584930419922e+00 3.243420422077178955e-01 -1.856528162956237793e+00 -5.740987882018089294e-02 5.443256720900535583e-02 9.857521057128906250e-01 1.484384685754776001e-01
3.910076856613159180e+00 5.325094461441040039e-01 -1.495200514793395996e+00 1.281473413109779358e-02 6.527757272124290466e-03 9.958387017250061035e-01 8.999098092317581177e-02
3.889077663421630859e+00 5.962065458297729492e-01 -1.248620629310607910e+00 1.920934952795505524e-02 4.328002687543630600e-03 9.959554672241210938e-01 8.766454458236694336e-02
3.860558748245239258e+00 6.431986689567565918e-01 -9.613944292068481445e-01 -3.227387368679046631e-02 6.976174563169479370e-02 9.823396205902099609e-01 1.705884635448455811e-01
3.831639289855957031e+00 6.689761877059936523e-01 -6.970968246459960938e-01 -1.344578415155410767e-01 8.118170499801635742e-02 9.636877179145812988e-01 2.159553915262222290e-01
3.803589344024658203e+00 6.748043894767761230e-01 -4.655842483043670654e-01 -1.195321530103683472e-01 2.156973257660865784e-02 9.836823344230651855e-01 1.327249854803085327e-01
3.767918348312377930e+00 6.343511939048767090e-01 -2.343302071094512939e-01 -1.564585119485855103e-01 6.288190931081771851e-02 9.756647944450378418e-01 1.401595771312713623e-01
