-7.132441939005163078e+01 -6.734235768688721535e+00 2.881481746999590143e-01
-6.442337001613987013e+01 -6.078015921267239108e+00 2.179963636961091966e-01
-5.781490091618816507e+01 -5.436289085611470284e+00 4.169503537218144373e-02
-5.150005471376317701e+01 -4.830057289193513625e+00 -2.618921115943555478e-01
-4.548024051038300541e+01 -4.273109871292632533e+00 -7.043541451023460631e-01
-3.975659452518647896e+01 -3.773124736418891345e+00 -1.288584887922557876e+00
-3.432932348918869536e+01 -3.332769004382122535e+00 -2.009649755128698700e+00
-2.919710987963441085e+01 -2.950758041996730974e+00 -2.855683610833737340e+00
-2.435664178137077229e+01 -2.622834827028091897e+00 -3.808821654059530992e+00
-1.980231383131536660e+01 -2.342636058374062191e+00 -4.846153920734403542e+00
-1.552612990076574917e+01 -2.102417723543597905e+00 -5.940686321724819585e+00
-1.151833990758363946e+01 -1.892716881467332080e+00 -7.061687948287812766e+00
-7.769763447195213502e+00 -1.701525806526695606e+00 -8.175465806536406532e+00
-4.271512840583914894e+00 -1.519492606511905208e+00 -9.250600837181041314e+00
-1.015098062293173786e+00 -1.340639780610369813e+00 -1.025907072398771547e+01
2.007148510551436615e+00 -1.161809150893668985e+00 -1.117628250441529048e+01
4.801733775272547966e+00 -9.821611598648367636e-01 -1.198108212916074322e+01
7.373745694369117309e+00 -8.027326607578506579e-01 -1.265575384897837807e+01
9.726670462989703836e+00 -6.260556783748283394e-01 -1.318602002994343003e+01
1.186228203895916344e+01 -4.558383732730683091e-01 -1.356104963904187777e+01
1.378060281279597099e+01 -2.967085254537612515e-01 -1.377348116680943590e+01
1.547765318250955424e+01 -1.539687925528626655e-01 -1.382202033755038428e+01
1.693891182184082922e+01 -3.437683928803930700e-02 -1.372103624066242311e+01
1.814729817734623651e+01 5.206219706504165712e-02 -1.349522776855717687e+01
1.908678382158690212e+01 9.228963445204221849e-02 -1.317541869491665096e+01
1.974327356398924493e+01 7.102913373760627591e-02 -1.279622059760389519e+01
2.018334205901858169e+01 1.562511716497616554e-02 -1.240143873866265345e+01
2.047430191895126583e+01 -4.348498293610747467e-02 -1.203044991709282918e+01
2.060619603215273798e+01 -1.178177262208798259e-01 -1.171179023950715958e+01
2.057021595650695645e+01 -2.177495326610698889e-01 -1.147177052062222558e+01
2.035765779477380022e+01 -3.511226898024062404e-01 -1.133311076419412444e+01
1.996297006151777964e+01 -5.182586332631184955e-01 -1.130623071890368259e+01
1.939593322317724500e+01 -7.013181187978814179e-01 -1.136734576117429540e+01
1.867021682843088115e+01 -8.771777145516018726e-01 -1.148308750638397768e+01
1.780051930699513107e+01 -1.023296949182030513e+00 -1.161986011476377101e+01
1.680320324464364390e+01 -1.119691303365706991e+00 -1.174564633098904665e+01
1.555193039346605666e+01 -1.182212619031938416e+00 -1.181598608533140471e+01
1.392050611325768905e+01 -1.225962015021975215e+00 -1.178463836502785789e+01
1.192666810385144949e+01 -1.241140904874844964e+00 -1.162709739497531203e+01
9.586496401317157634e+00 -1.231813889755904556e+00 -1.133307483686428974e+01
6.912621176609936136e+00 -1.219101510892696139e+00 -1.091083186990520559e+01
3.909182245636171338e+00 -1.244042142993309286e+00 -1.039279365078987993e+01
5.617383408113441057e-01 -1.361225800570257327e+00 -9.834366127999233598e+00
-3.144789978501806083e+00 -1.625784298402643380e+00 -9.292314447289566459e+00
-7.219608280375847009e+00 -2.088878142712645047e+00 -8.817557334292748905e+00
-1.166577603719867540e+01 -2.793911773683400490e+00 -8.451799491149005306e+00
-1.569515956785135735e+01 -3.655682096113886281e+00 -8.288304238919126377e+00
-1.852470383436686063e+01 -4.503723606067901564e+00 -8.349026630993535036e+00
-2.016818822340010442e+01 -5.235539580395090375e+00 -8.553007103357137098e+00
-2.064861052791646046e+01 -5.745722665437043908e+00 -8.818879805212890943e+00
-1.999530760428478970e+01 -5.938605256989411885e+00 -9.074862390754356412e+00
-1.823430437025350059e+01 -5.747546583686759192e+00 -9.271436859715844747e+00
-1.537015528189168023e+01 -5.160764924530271358e+00 -9.395775714137894141e+00
-1.139665528715931586e+01 -4.193428729050427073e+00 -9.453222074035783962e+00
-6.302805187995012659e+00 -2.872842593201831995e+00 -9.457763782629113436e+00
-7.539492985734419506e-02 -1.230897290161773849e+00 -9.427102978110411868e+00
6.080801430343484526e+00 4.053821292878014848e-01 -9.384871357916406254e+00
1.095735681409616724e+01 1.723064037039787166e+00 -9.348545274785472259e+00
1.455881529121837126e+01 2.724549538868458853e+00 -9.317315234052198747e+00
1.688704096764642770e+01 3.421593545149686832e+00 -9.283079426414662549e+00
1.794321495208728479e+01 3.826948589728584871e+00 -9.236504205238656340e+00
1.772890458365877819e+01 3.943971690421078424e+00 -9.175589998616167975e+00
1.624543899215472109e+01 3.754195472689732416e+00 -9.117218886944780110e+00
1.349694746288708913e+01 3.225279884472145753e+00 -9.087361621333267081e+00
9.490280548684769002e+00 2.318806734668413583e+00 -9.113764480467960283e+00
4.233583542203344763e+00 9.963338516629616226e-01 -9.221298417515409795e+00
-1.218164143470014782e+00 -4.784369615690191591e-01 -9.390746462664839811e+00
-5.822813241855840261e+00 -1.797531137305942162e+00 -9.575179913137020549e+00
-9.593641873467541714e+00 -2.924756540918536096e+00 -9.751416851681653952e+00
-1.254562690226645749e+01 -3.821115674250263439e+00 -9.896259289600052966e+00
-1.469383481680042891e+01 -4.448890680027147937e+00 -9.989030227472579071e+00
-1.604910363484367153e+01 -4.779449542037659704e+00 -1.001587369416551709e+01
-1.660885338388441568e+01 -4.809112926482298711e+00 -9.978735737001308337e+00
-1.636394106891454214e+01 -4.549788560705858131e+00 -9.890104916759643316e+00
-1.530261605010376513e+01 -4.022098382744622391e+00 -9.768146059257619029e+00
-1.341221391623103898e+01 -3.251629200269923636e+00 -9.633427246566540703e+00
-1.130573002968566598e+01 -2.441057009125730204e+00 -9.520119004888611514e+00
-9.602208084537833699e+00 -1.775726294350390200e+00 -9.446198211240318443e+00
-8.299005049813496626e+00 -1.254566482290164986e+00 -9.406781104524309711e+00
-7.393868018262537589e+00 -8.751578651759437388e-01 -9.397100971641217271e+00
-6.884286228895482473e+00 -6.355754886459055175e-01 -9.414241321002782215e+00
-6.769043639145069235e+00 -5.343623900713594388e-01 -9.457441844443556178e+00
-7.054204472406984117e+00 -5.664331729756346689e-01 -9.525038329233188605e+00
-7.746835161164554506e+00 -7.282092353719609168e-01 -9.617623168603095962e+00
-8.853456726474057348e+00 -1.017887923048718335e+00 -9.736709903600109683e+00
-1.038069597381902476e+01 -1.433758744785758266e+00 -9.881784502358350153e+00
-1.193496431061025120e+01 -1.908813595602184776e+00 -1.002830870315062661e+01
-1.312466526696686486e+01 -2.370439172285207619e+00 -1.014083967487005111e+01
-1.396049656452336407e+01 -2.806987417423192355e+00 -1.019996062672274917e+01
-1.445345869680944162e+01 -3.207291243413016524e+00 -1.018945174014340793e+01
-1.461417073121951837e+01 -3.562209293001754151e+00 -1.009890731875571390e+01
-1.444891420001405891e+01 -3.868829075027604425e+00 -9.930067183877230974e+00
-1.394956467474999151e+01 -4.139346506191495578e+00 -9.709443791111999289e+00
-1.310473000859968629e+01 -4.391994399649848724e+00 -9.474676211545288496e+00
-1.190441386659599488e+01 -4.646796362507553013e+00 -9.267623894136498564e+00
-1.034081862367586879e+01 -4.924033871948351404e+00 -9.131140883012433207e+00
-8.814147003450594653e+00 -5.221122695768807276e+00 -9.061502960907986903e+00
-7.720583347780841876e+00 -5.517310446807816682e+00 -9.010002504782566035e+00
-7.046527455722861433e+00 -5.804103091648151747e+00 -8.948573904466005757e+00
-6.776653073916886427e+00 -6.073222410527865378e+00 -8.849447643891384274e+00
-6.894847244360394534e+00 -6.318113653338928160e+00 -8.688979969571620998e+00
-7.387790102583887020e+00 -6.534314148741661832e+00 -8.450143397387119393e+00
-8.252708107478460064e+00 -6.717361350379299267e+00 -8.121260928124526046e+00
-9.491125864030180992e+00 -6.865908819808534957e+00 -7.698335395422632565e+00
-1.110668292761913278e+01 -6.982837176766033771e+00 -7.184772064865557084e+00
-1.310487834179196120e+01 -7.075459996469733781e+00 -6.590092017995420548e+00
-1.483394754499944490e+01 -7.132861936544781400e+00 -6.095217721487162343e+00
-1.564025333962277209e+01 -7.134901521527498680e+00 -5.871983129071791652e+00
-1.552563476855397262e+01 -7.071051083144276994e+00 -5.910201031514426440e+00
-1.449033742661078961e+01 -6.920465842542474988e+00 -6.188754422254662657e+00
-1.253450158055466801e+01 -6.651595029900684963e+00 -6.678430827827016358e+00
-9.660034819219776026e+00 -6.221762120170902577e+00 -7.344538468426649480e+00
-5.872643394096805025e+00 -5.578669330014973227e+00 -8.149024688518389681e+00
-1.181458510946524765e+00 -4.666063975375678297e+00 -9.053808241061304329e+00
4.401079036797705513e+00 -3.427894131357813290e+00 -1.002365701628233907e+01
1.085957922426289990e+01 -1.811958142440038610e+00 -1.102886395381749018e+01
1.704150258048785460e+01 -6.335939525074207879e-02 -1.186675752668318573e+01
2.180724420859842283e+01 1.485074203768282253e+00 -1.238937343144194081e+01
2.516374732990206908e+01 2.745670147346459977e+00 -1.265381935124228008e+01
2.712327063547430583e+01 3.630848345326470827e+00 -1.271241728095674617e+01
2.770164574306649641e+01 4.058593562457410542e+00 -1.260846399960667341e+01
2.691584938024620755e+01 3.961859835411365438e+00 -1.237083472851255550e+01
2.478128130118118122e+01 3.304358771289754415e+00 -1.200784122376226648e+01
2.130983885535843214e+01 2.068247904301978579e+00 -1.151419278502118537e+01
1.650947181276532660e+01 2.482899938214950808e-01 -1.087653479526362510e+01
1.038426292040296062e+01 -2.150198093239411801e+00 -1.007755475360705688e+01
3.975141637776109960e+00 -4.698929114708949584e+00 -9.219160942574919915e+00
-1.685608037000087656e+00 -6.952593303603082475e+00 -8.417389588072627049e+00
-6.607526394701446648e+00 -8.881056410674428747e+00 -7.680885840625428784e+00
-1.079745608197516482e+01 -1.046295845888720066e+01 -7.023231387922590052e+00
-1.425971566944636137e+01 -1.168436100945030809e+01 -6.460279334710333110e+00
-1.699612951995589327e+01 -1.253879258816194309e+01 -6.005068352104363072e+00
-1.900564308957138238e+01 -1.302981206012547943e+01 -5.657322014627168549e+00
-2.028557146479974449e+01 -1.316431310191586945e+01 -5.409828433831453509e+00
-2.083216740734509997e+01 -1.295066194132791004e+01 -5.252399228167371703e+00
-2.064090310243379989e+01 -1.239862358108557316e+01 -5.173561819711885335e+00
-1.989805920402618256e+01 -1.164674270781365095e+01 -5.172216011502525745e+00
-1.879171669196849237e+01 -1.083124950403622044e+01 -5.252401331690601083e+00
-1.731998451879312739e+01 -9.959397407417739601e+00 -5.412190752133035687e+00
-1.548141025164579787e+01 -9.038540089016601442e+00 -5.652003617678412972e+00
-1.327495531595120504e+01 -8.076265705788106430e+00 -5.974480228133550952e+00
-1.070025794145525921e+01 -7.079041430132796187e+00 -6.385489749820283834e+00
-7.758304747405349033e+00 -6.047767939761360623e+00 -6.896248920238784663e+00
-4.450142939692847577e+00 -4.982294687619315710e+00 -7.517332575459575672e+00
-7.764183675305604826e-01 -3.882855299059949861e+00 -8.256810036507639339e+00
3.262751664837240995e+00 -2.749927302571225862e+00 -9.119858699897296361e+00
7.125148449291567765e+00 -1.703004308537568789e+00 -9.992798334196514531e+00
1.026931659764757754e+01 -8.564028222926323153e-01 -1.075328696630222858e+01
1.269678549464658701e+01 -2.024077948629221524e-01 -1.139112863718531266e+01
1.440897478932434694e+01 2.672668496272612160e-01 -1.189706192450832489e+01
1.540700118795411200e+01 5.613296586014042688e-01 -1.226386550170082046e+01
1.569094499495965245e+01 6.883199951897847058e-01 -1.248814247056140658e+01
1.525802121476272077e+01 6.548937799327205767e-01 -1.257333753873246884e+01
1.410444615414162683e+01 4.656185394125857968e-01 -1.252711015584752730e+01
1.222669251648938449e+01 1.215297513778601513e-01 -1.235897042281141722e+01
9.622231206926432634e+00 -3.817690905313053662e-01 -1.207852491591387079e+01
6.777579471610472694e+00 -9.777386598975850163e-01 -1.171968988201719597e+01
4.180835309160729096e+00 -1.601592589488245011e+00 -1.130812535165825850e+01
1.834095758980385682e+00 -2.265419619645755667e+00 -1.083820910886763578e+01
-2.588918134569988538e-01 -2.980262620974215793e+00 -1.030208885454310774e+01
-2.092423008650003524e+00 -3.755028267462768188e+00 -9.689983448294359647e+00
-3.658212209318567609e+00 -4.593875447032746528e+00 -8.991366594290775893e+00
-4.945626913222193721e+00 -5.490106915701523427e+00 -8.199742919575738753e+00
-5.945458795301155064e+00 -6.429380804969790475e+00 -7.313164549416852900e+00
-6.651368545231538754e+00 -7.392294833760146844e+00 -6.333166125920904221e+00
-7.060635814636169627e+00 -8.355920186045278086e+00 -5.263968116572013578e+00
-7.105619303892424909e+00 -9.143028843856338739e+00 -4.338134212548158786e+00
-6.734742910539063487e+00 -9.581153460251323750e+00 -3.795771192713988995e+00
-5.972426066303967218e+00 -9.653247987038859890e+00 -3.651420402489467421e+00
-4.840715201212539398e+00 -9.342587860244371711e+00 -3.914134218245388652e+00
-3.356462320920464037e+00 -8.632128771157184133e+00 -4.584693156929977143e+00
-1.529367163740591895e+00 -7.504305363511308613e+00 -5.651517353600226556e+00
6.357027160443151637e-01 -5.942998413615500297e+00 -7.088466132559094746e+00
3.136355726161932367e+00 -3.932838860839787287e+00 -8.865932911376873449e+00
5.970716654939900003e+00 -1.460196550201480203e+00 -1.095625322834570881e+01
9.135662614391771186e+00 1.485073782628689720e+00 -1.333725972783650171e+01
1.202833482277044119e+01 4.369612906035585276e+00 -1.554315252317056917e+01
1.404876801162135358e+01 6.618392655456608153e+00 -1.715458865608553296e+01
1.519518060308329055e+01 8.177855783989233629e+00 -1.822711399894359019e+01
1.546544697973803650e+01 9.000093217491318853e+00 -1.881213607561265633e+01
1.485812858856232666e+01 9.045763624696835592e+00 -1.894870977891720187e+01
1.337716990704204179e+01 8.289904297267938205e+00 -1.865096858026629434e+01
1.104440400395224486e+01 6.731496845487990655e+00 -1.789310266557725626e+01
7.886737816139868684e+00 4.380979965005911581e+00 -1.663205363901212408e+01
3.931333940244440051e+00 1.252955068722690690e+00 -1.482153005642648580e+01
-7.953574397105107607e-01 -2.638185456848049171e+00 -1.242090826187767050e+01
-5.377490393557925685e+00 -6.600853172626211851e+00 -9.811748982469222113e+00
-8.918081529527841056e+00 -9.947476555844541934e+00 -7.421310255030804548e+00
-1.142203234647770849e+01 -1.267682236459710765e+01 -5.292001157471835526e+00
-1.289651776590024568e+01 -1.478947996402198939e+01 -3.464897662214424301e+00
-1.335077636951528390e+01 -1.628277196728518561e+01 -1.969817590113723149e+00
-1.279969966177788621e+01 -1.714302852021228674e+01 -8.107718295397583486e-01
-1.127371020192818918e+01 -1.733493564333612369e+01 5.386997568982976325e-02
-8.806725926151273143e+00 -1.681224704503552658e+01 6.891059661561156346e-01
-5.432846932295580800e+00 -1.552668889442384348e+01 1.166771011011727088e+00
-1.185183235308856720e+00 -1.343453967343164734e+01 1.554456823004084942e+00
3.048255908629299071e+00 -1.105757589408656294e+01 1.908543546133138147e+00
6.417553131855582293e+00 -8.978075723937433139e+00 2.201989448536603611e+00
8.953589701606755824e+00 -7.250909226065762603e+00 2.363862502112939801e+00
1.068841703671356669e+01 -5.927260087478544826e+00 2.325146932964394786e+00
1.164811478662045729e+01 -5.049382432791315267e+00 2.027035729375209705e+00
1.184522325995563108e+01 -4.642688300929323830e+00 1.433298619059700130e+00
1.127515684768808057e+01 -4.703195465639327111e+00 5.500868883172751467e-01
9.918379834172062814e+00 -5.207523888122899791e+00 -5.889630072413627460e-01
7.747142944092982653e+00 -6.120890928227428418e+00 -1.933950820081220545e+00
4.732694971485145174e+00 -7.402655456481205043e+00 -3.425938521256249203e+00
1.413675257744475111e+00 -8.804984576639633076e+00 -4.816799301630171115e+00
-1.639017879179949233e+00 -1.011231860823588846e+01 -5.904042713845783830e+00
-4.396398083235842691e+00 -1.133879831915328040e+01 -6.704998084000610703e+00
-6.824140803660896815e+00 -1.250638210424368069e+01 -7.247969303516136996e+00
-8.885541394741860444e+00 -1.364217207079034111e+01 -7.568759835956501369e+00
-1.054817920823580479e+01 -1.477344641011046988e+01 -7.704143203908920157e+00
-1.180051832970479708e+01 -1.591667907299298790e+01 -7.677382197199740688e+00
-1.264071035037422952e+01 -1.707899553972819717e+01 -7.499588144028656700e+00
-1.307135761050081157e+01 -1.826071902618322440e+01 -7.172916126404919268e+00
-1.309872656247777378e+01 -1.945668379866977205e+01 -6.692288929727004287e+00
-1.277850735522035386e+01 -2.048508820057365654e+01 -6.181568002048018151e+00
-1.216967329652385921e+01 -2.116339727347177302e+01 -5.763402695038840839e+00
-1.128683706127696240e+01 -2.148180706653180749e+01 -5.426438970390306871e+00
-1.014535266305759897e+01 -2.143103101463130500e+01 -5.160315532943855032e+00
-8.760410660189606347e+00 -2.100326629642139764e+01 -4.957012664046230199e+00
-7.145060488615657235e+00 -2.019306923885549665e+01 -4.813670880391651252e+00
-5.306609066284901033e+00 -1.899759159530924890e+01 -4.737316420552662777e+00
-3.249376723199858041e+00 -1.741622898795392160e+01 -4.738421526202910350e+00
-9.754524774869572923e-01 -1.545052957600472965e+01 -4.828314524463445778e+00
1.515496301880793872e+00 -1.310411612275799875e+01 -5.018352624558520603e+00
3.997474598505331045e+00 -1.063801568945205389e+01 -5.264661427713797082e+00
6.246705864946711095e+00 -8.314513648853282035e+00 -5.520962183253031341e+00
8.268547415139599011e+00 -6.139853657296433731e+00 -5.792806086911602037e+00
1.006788312301654464e+01 -4.119064713453928661e+00 -6.083499476277967055e+00
1.164890146548188987e+01 -2.255722485038686109e+00 -6.394203782161506311e+00
1.301614845315165425e+01 -5.513629744889909645e-01 -6.721674824083036626e+00
1.417704449111372611e+01 9.964897157473036060e-01 -7.051926526174812082e+00
1.513681359400833770e+01 2.393845701226710254e+00 -7.368597381027296223e+00
1.589794941003381012e+01 3.648841467817044659e+00 -7.655783952018230032e+00
1.646102713581061394e+01 4.770615391364408708e+00 -7.898418083275065449e+00
1.678715314444345097e+01 5.660982074490235050e+00 -8.089301567636962176e+00
1.683382327382972221e+01 6.222087691120758990e+00 -8.227067818356829321e+00
1.659701094105902541e+01 6.461483316359170281e+00 -8.307350794583003406e+00
1.607645261580316642e+01 6.382550729309745208e+00 -8.327323433958277121e+00
1.527725054511430969e+01 5.983053740379929764e+00 -8.285881118090554054e+00
1.421050506638895605e+01 5.251939504385386925e+00 -8.186786033904935422e+00
1.289004965845551354e+01 4.165055096905241783e+00 -8.046488841800341518e+00
1.133262424611072561e+01 2.695597424507834461e+00 -7.881610252072296596e+00
9.556145657061010823e+00 8.188412906833364424e-01 -7.704341067511473184e+00
7.576517184555679130e+00 -1.485527115342161864e+00 -7.521685094634522173e+00
5.801214082507906156e+00 -3.715337455418222579e+00 -7.350176859329749846e+00
4.599835411029762788e+00 -5.338679512180760867e+00 -7.203904155347898630e+00
3.926796281632873864e+00 -6.327673122373954406e+00 -7.085766506793113706e+00
3.740269901996835955e+00 -6.659409397139188336e+00 -7.004365101325430665e+00
4.008621729268657674e+00 -6.319985181582246980e+00 -6.974402119306800429e+00
4.720076424544486393e+00 -5.307802001551614524e+00 -7.014660773470387412e+00
5.895148632293039093e+00 -3.633672393258096101e+00 -7.141405289603079076e+00
7.571052506242105018e+00 -1.318715776624330260e+00 -7.372725125816847580e+00
9.792862270924592494e+00 1.608057146356963063e+00 -7.729336570289870423e+00
1.260853042543647362e+01 5.112419975027574282e+00 -8.233415173276860344e+00
1.545714155702156312e+01 8.430634918835322011e+00 -8.826534402977932459e+00
1.772556401906530610e+01 1.084399452866459512e+01 -9.412125815546238172e+00
1.937605414583807928e+01 1.239191132396415895e+01 -9.952164455575989166e+00
2.036689062844569165e+01 1.312153879206748641e+01 -1.040595154784368326e+01
2.065779263432877144e+01 1.308330745914212301e+01 -1.073263706087644742e+01
2.021444532640740732e+01 1.232392020640036101e+01 -1.089655398435264289e+01
1.901106167958546678e+01 1.087584654689196384e+01 -1.087646421826610421e+01
1.702939710936770723e+01 8.762204410509312424e+00 -1.065912371153908111e+01
1.425827443315759169e+01 5.998260335039946156e+00 -1.023630444853372268e+01
1.069353619647419507e+01 2.590874628832247950e+00 -9.603952235438855567e+00
7.042220659722856269e+00 -8.033814131754066779e-01 -8.910835392525880749e+00
4.027868906896807211e+00 -3.549235851914189777e+00 -8.317904295210823307e+00
1.671779109236186889e+00 -5.673346437309782608e+00 -7.838447104690423828e+00
-1.092874631375950756e-02 -7.195270802219541295e+00 -7.481637076859583679e+00
-1.011445103696504422e+00 -8.127017978710000534e+00 -7.253333033746601544e+00
-1.328520106719629723e+00 -8.472058985119009122e+00 -7.157548792834915297e+00
-9.716591440979267524e-01 -8.223397422089835374e+00 -7.199163028181930102e+00
4.241490440376249893e-02 -7.366703025874247857e+00 -7.383097844244093544e+00
1.692290913466648616e+00 -5.883166860111572305e+00 -7.714301099042527810e+00
3.953560725670567155e+00 -3.751757587401185923e+00 -8.198187860950792327e+00
6.273673573556699523e+00 -1.488096273842282269e+00 -8.708393578277267011e+00
8.122048821611176805e+00 3.707505542204367899e-01 -9.114702391815066918e+00
9.508329566745961969e+00 1.812064862039560964e+00 -9.417112895381666959e+00
1.044420492665755518e+01 2.821694621723408680e+00 -9.615229036501329318e+00
1.094207961915915917e+01 3.385430721715815494e+00 -9.708183257929348997e+00
1.101413467869233997e+01 3.490342693424725695e+00 -9.694109004970638210e+00
1.067231574903832225e+01 3.126092886275612770e+00 -9.568642225459582207e+00
9.925666676623247753e+00 2.285567719999062497e+00 -9.327182865394131994e+00
8.778834232409909788e+00 9.653253973187085890e-01 -8.966218229709777887e+00
7.231088654926423054e+00 -8.339047297407180537e-01 -8.484045344453924997e+00
5.532561262611610076e+00 -2.801986175792301026e+00 -7.969000512700858962e+00
3.929196596109381545e+00 -4.625845970228319004e+00 -7.512224082911922451e+00
2.409704045923421134e+00 -6.296853540908523783e+00 -7.118108260140028065e+00
9.635479695862021465e-01 -7.806305566405198348e+00 -6.791019065912262676e+00
-4.186382316978480844e-01 -9.145407770567876682e+00 -6.535057261070283730e+00
-1.744066574391315072e+00 -1.030590614792604853e+01 -6.352953373801913273e+00
-3.014915398501609278e+00 -1.128284960391997416e+01 -6.242084447219356846e+00
-4.228742097602823158e+00 -1.207425031795128589e+01 -6.195425052999970816e+00
-5.379580419831842875e+00 -1.268083824625032108e+01 -6.203031059100049482e+00
-6.458759833097365011e+00 -1.310621165482827877e+01 -6.253013283296106728e+00
-7.307836675878759181e+00 -1.325671499138458387e+01 -6.326186328340859255e+00
-7.757665976614857684e+00 -1.305597394910823894e+01 -6.405603580827396115e+00
-7.782327683106139204e+00 -1.253850289145354324e+01 -6.486893951217712839e+00
-7.357679457705520676e+00 -1.174121942936618446e+01 -6.574310351292897536e+00
-6.462979810706755757e+00 -1.070166541406565486e+01 -6.682977126026826475e+00
-5.081739038610281867e+00 -9.455208552257829524e+00 -6.842850846509178631e+00
-3.200379010990047401e+00 -8.030789456054991504e+00 -7.102429384134820722e+00
-8.104070386053157105e-01 -6.453181663781611732e+00 -7.515142833723027493e+00
2.091086656378537523e+00 -4.742980359900291987e+00 -8.132335769280961912e+00
5.502306046212378732e+00 -2.915383053068429930e+00 -8.998891701383506359e+00
8.656125805628002823e+00 -1.337157872276495407e+00 -9.980640646090296997e+00
1.077935373542790742e+01 -3.207127420083129010e-01 -1.085871280217760848e+01
1.186725258367025226e+01 1.987785163235304964e-01 -1.154395567452815818e+01
1.192478775744386255e+01 2.754086394657164760e-01 -1.195521037525405106e+01
1.096322952343482271e+01 -5.041905160291015875e-02 -1.202819163439816741e+01
8.993676695992634862e+00 -7.566645435059244917e-01 -1.172579190254622361e+01
6.015982119216498170e+00 -1.844998538390245635e+00 -1.104619625377544168e+01
2.025371116594220311e+00 -3.331436997675014222e+00 -1.000912237572818597e+01
-2.984486289771159928e+00 -5.240313408542477625e+00 -8.647187231078394376e+00
-9.020638066353313889e+00 -7.600023697349655549e+00 -6.999895494063766321e+00
-1.492723342264377528e+01 -9.984668925420873364e+00 -5.412918588136612641e+00
-1.954895508215870592e+01 -1.194358952719623090e+01 -4.199551750130667394e+00
-2.289357170057641255e+01 -1.345971045868716232e+01 -3.338166185171457911e+00
-2.496903212930097027e+01 -1.450843569085675355e+01 -2.794288563842636464e+00
-2.578357941592372882e+01 -1.506285189518348666e+01 -2.528082740334451906e+00
-2.534344238728965237e+01 -1.510156723943402213e+01 -2.505028388572376308e+00
-2.364644385351022038e+01 -1.462044337240499559e+01 -2.711256398650154331e+00
-2.068794094196933031e+01 -1.362330355634441759e+01 -3.144016987024307319e+00
-1.646336547557872976e+01 -1.211640771251596149e+01 -3.806285478461625349e+00
-1.096889750302282174e+01 -1.010565017356856998e+01 -4.704473610000022177e+00
-5.268945630519046297e+00 -7.977297679711429446e+00 -5.601437204486621191e+00
-4.285817066670414288e-01 -6.115243864028554022e+00 -6.258155943206722860e+00
3.553535001483660860e+00 -4.517259983282765567e+00 -6.676051173638812841e+00
6.678094642904929934e+00 -3.179016867901225840e+00 -6.853461909648861372e+00
8.945167616116767917e+00 -2.095808325357752189e+00 -6.787403489362562325e+00
1.035359152584159048e+01 -1.264546288796231988e+00 -6.476289818480610805e+00
1.089987456634625040e+01 -6.871472155304716445e-01 -5.924465606113801464e+00
1.058148503340854951e+01 -3.715463658670277169e-01 -5.139618541004325358e+00
9.397694639742345757e+00 -3.304951139226597334e-01 -4.130839908550622219e+00
7.349550504123913974e+00 -5.802196205046452615e-01 -2.907550096599253120e+00
5.041073390618712402e+00 -1.165115252256419431e+00 -1.652297865974042157e+00
3.082370843848623476e+00 -2.115285959260851278e+00 -5.319339337405573076e-01
1.484560654652300027e+00 -3.426477692223468541e+00 4.674338890215983255e-01
2.573948468669423062e-01 -5.093812676798438410e+00 1.357174988919827685e+00
-5.918379881632428452e-01 -7.112473770532195871e+00 2.143988554643518007e+00
-1.059219118692603434e+00 -9.478199706404616620e+00 2.828712113127448191e+00
-1.144399990005448231e+00 -1.218676732427272924e+01 3.409307478346445652e+00
-8.508419233654026526e-01 -1.523460831929720882e+01 3.881521450460455824e+00
-1.858985393771355188e-01 -1.861947656433199327e+01 4.239880598162961256e+00
8.391766021950719523e-01 -2.234091454276595101e+01 4.479246138060974936e+00
2.023374302379763456e+00 -2.574350453795906546e+01 4.434386278591299302e+00
3.165378781258128438e+00 -2.817241675000133228e+01 3.947601603611518684e+00
4.256327610522870231e+00 -2.962968774332720301e+01 3.029815734870522803e+00
5.296044891107066555e+00 -3.011826786117239152e+01 1.694549519865468312e+00
6.294230557331320419e+00 -2.964323525734003084e+01 -4.480056431104628700e-02
7.272190751910200035e+00 -2.821272832629608374e+01 -2.180385855240478676e+00
8.264094099397761184e+00 -2.583639204510734544e+01 -4.719617600570412463e+00
9.312116356523880256e+00 -2.252383203094928632e+01 -7.675437010405406824e+00
1.046384726387074338e+01 -1.828415997431729423e+01 -1.106139463285579971e+01
1.177057919736675018e+01 -1.312547479154902597e+01 -1.488960772926706433e+01
1.306138360586098202e+01 -7.905938850449887312e+00 -1.862210370914183244e+01
1.411340897156960850e+01 -3.465073701448867283e+00 -2.171258742695158617e+01
1.489747310896457400e+01 2.211860769622937539e-01 -2.415677164111560415e+01
1.538029345998721453e+01 3.179881564343093103e+00 -2.594892456799642488e+01
1.552653971303523228e+01 5.439474964313456340e+00 -2.708271219504628746e+01
1.530364637795054605e+01 7.026905158523303996e+00 -2.755064106853055250e+01
1.469120934590958072e+01 7.961496872046742723e+00 -2.734234154587929311e+01
1.367158069384331043e+01 8.256720796622651903e+00 -2.645128597454431585e+01
1.222668252017612822e+01 7.920976296553909890e+00 -2.487662573638550256e+01
1.033775961141271793e+01 6.957257326689026300e+00 -2.262354405426168569e+01
8.374829492053688540e+00 5.796383192722165845e+00 -2.017299592068836844e+01
6.727056455835153770e+00 4.855919273461687169e+00 -1.800258838894397684e+01
5.401728000617516123e+00 4.117157940528744398e+00 -1.611661287404140808e+01
4.404135540253884429e+00 3.565534561236428424e+00 -1.451735040719961489e+01
3.738431671249466515e+00 3.191649575175382836e+00 -1.320368047100893172e+01
3.405723292013737691e+00 2.993171335789318377e+00 -1.217018329707949320e+01
3.398198192011437690e+00 2.977786599421727409e+00 -1.140729613218481475e+01
3.708741367211948692e+00 3.159070781277934614e+00 -1.090025520851729723e+01
4.332210978703541215e+00 3.553821846679407592e+00 -1.063095856811234441e+01
5.264041195042485022e+00 4.180294193466020047e+00 -1.058044452965753734e+01
6.125447274776867346e+00 4.765973135622108003e+00 -1.060927225286356901e+01
6.548853662030627021e+00 5.009322537258581676e+00 -1.061128135861953581e+01
6.547726416319130216e+00 4.885319729050550563e+00 -1.061663279762943901e+01
6.133924806184544387e+00 4.372573895739549243e+00 -1.065158196149006287e+01
5.312869161077797386e+00 3.457259236077224962e+00 -1.073660575273888185e+01
4.081468048153997330e+00 2.136092965907578467e+00 -1.088363165110989961e+01
2.436528364111449019e+00 4.141395284439743918e-01 -1.109291528027153007e+01
3.710295931999927355e-01 -1.697792584909277203e+00 -1.135893888100109095e+01
-2.125592060862533828e+00 -4.185283364898143788e+00 -1.167313865083046664e+01
-5.064624591135399534e+00 -7.032638206686979032e+00 -1.202536583663675884e+01
-7.840859335269439789e+00 -9.641223836685492543e+00 -1.230601002470566563e+01
-9.824453157626482636e+00 -1.143677353894198490e+01 -1.241007781466628401e+01
-1.098149866196356683e+01 -1.244774087007885477e+01 -1.233999398056145402e+01
-1.127342228912808686e+01 -1.270801473373595947e+01 -1.210307247044026546e+01
-1.066270333194804820e+01 -1.225167800552435438e+01 -1.170714761554418182e+01
-9.121626838972584750e+00 -1.110562733138186431e+01 -1.115450939863387880e+01
-6.645306959488040732e+00 -9.280052144381411239e+00 -1.043669570869007579e+01
-3.239521321859570868e+00 -6.774474000322898704e+00 -9.540842766454982637e+00
1.083217162276487677e+00 -3.579221101192983312e+00 -8.454093353813890488e+00
6.303694389843050416e+00 3.252702672153588992e-01 -7.166919789513757522e+00
1.147718650540566010e+01 4.225863393888301900e+00 -5.885782788485027339e+00
1.566370112903258516e+01 7.407691247193737283e+00 -4.832654722927061997e+00
1.885240470798285628e+01 9.887792522665774797e+00 -4.027794495543599140e+00
2.104038033418280662e+01 1.167239994177161222e+01 -3.491222597064525424e+00
2.223209385747919598e+01 1.275644954163750810e+01 -3.239053142225625237e+00
2.244067576870432745e+01 1.312131388785207342e+01 -3.275905083858182465e+00
2.169310170842551599e+01 1.272928684433763813e+01 -3.580452370672753126e+00
2.002522520050547428e+01 1.153216504581557800e+01 -4.120041427087225649e+00
1.747949751446193645e+01 9.477201386661237237e+00 -4.860853070760946082e+00
1.410378692354877117e+01 6.511004143649843812e+00 -5.774194533367484894e+00
1.053795606231360260e+01 3.192789446576383305e+00 -6.690899129361557840e+00
7.385155467295851039e+00 1.261016539504060674e-01 -7.466521529309727789e+00
4.638019997123610239e+00 -2.671102949717444552e+00 -8.120297448474952162e+00
2.285324205275266252e+00 -5.177925069761196042e+00 -8.674023937221626568e+00
3.127858917770209857e-01 -7.371916560352198999e+00 -9.149766762654232721e+00
-1.296851104989769077e+00 -9.231032103284597667e+00 -9.566895934500083243e+00
-2.564819324811472345e+00 -1.073825374556967382e+01 -9.934683945120513116e+00
-3.511553717901374938e+00 -1.188211981103098225e+01 -1.024983351544919152e+01
-4.156166458073228043e+00 -1.265534759895369987e+01 -1.049944641399646983e+01
-4.517320906052263219e+00 -1.305372818842392846e+01 -1.066410419118427377e+01
-4.570041597705726488e+00 -1.312295987716189671e+01 -1.075178279184968133e+01
-4.286299733556292679e+00 -1.290784136861490694e+01 -1.076675713718087657e+01
-3.681496086176596627e+00 -1.240416343327687621e+01 -1.068262465508360215e+01
-2.772695263970449631e+00 -1.160631351366155606e+01 -1.047758645491339635e+01
-1.578575015075494470e+00 -1.050605204148578764e+01 -1.013737651036020360e+01
-1.192652554927313702e-01 -9.089782305223115699e+00 -9.659598441618438613e+00
1.585179737152740298e+00 -7.335525696495935222e+00 -9.056916122417707271e+00
3.518206994094924767e+00 -5.223064079323700426e+00 -8.345696868739484131e+00
5.668888235742581827e+00 -2.738386818930971245e+00 -7.540795922533611417e+00
8.033891980224295182e+00 1.242345686757144740e-01 -6.652450416748479256e+00
1.014335069327809258e+01 2.794357257884848345e+00 -5.836733256994993013e+00
1.155425224785073191e+01 4.677339863676843734e+00 -5.240616349178080391e+00
1.230345452389590655e+01 5.741598737261902841e+00 -4.853889532770569559e+00
1.241437690251309078e+01 5.967824685788191807e+00 -4.670303295755340756e+00
1.189201762292811893e+01 5.353933557788741027e+00 -4.694709859694463638e+00
1.071730312809995311e+01 3.922352734989788647e+00 -4.950670373588819118e+00
8.845356430376998702e+00 1.726364806059083268e+00 -5.483872157852654361e+00
6.220955485942889496e+00 -1.163397279812916407e+00 -6.348390231666342309e+00
2.790800360762385246e+00 -4.670228833543140112e+00 -7.596618658828033332e+00
-1.486840058332756342e+00 -8.722562314387634075e+00 -9.272336926975999205e+00
-5.830999259205686513e+00 -1.253344611946349829e+01 -1.112720780981248225e+01
-9.387141334460885389e+00 -1.542248769089495575e+01 -1.284152513327734368e+01
-1.207142589877162031e+01 -1.750225738409127985e+01 -1.434164661367895555e+01
-1.380517806087416233e+01 -1.889057579631476358e+01 -1.555713700285043188e+01
-1.452232510213659822e+01 -1.969434640005647807e+01 -1.642406718058749959e+01
-1.418512594715807573e+01 -1.997965345238492318e+01 -1.689352432563422468e+01
-1.281786098714811040e+01 -1.972071778774507322e+01 -1.695449713862540619e+01
-1.047641564103068745e+01 -1.884144960937980429e+01 -1.661812529861511223e+01
-7.231539591535090850e+00 -1.724412429880894138e+01 -1.591166437985886262e+01
-3.160657521416991855e+00 -1.482620979153060325e+01 -1.487709953452282008e+01
1.010668514710578947e+00 -1.201574660296217090e+01 -1.369158874082266308e+01
4.602548196609488329e+00 -9.309212888185298240e+00 -1.251928108494524494e+01
7.617445635033134543e+00 -6.727344184843661701e+00 -1.138353221717175501e+01
1.007070369214125094e+01 -4.305206089998935504e+00 -1.029597421717474681e+01
1.198793974682074825e+01 -2.085906474716253012e+00 -9.256339782927589965e+00
1.340343420630514615e+01 -1.136082687554038628e-01 -8.251079638720939968e+00
1.435506575012076524e+01 1.580987895203555205e+00 -7.252120627413427556e+00
1.486806774243669693e+01 2.985777008994737081e+00 -6.233330315508028185e+00
1.495442386440977955e+01 4.102527825942674511e+00 -5.174662912311607244e+00
1.461573526325048533e+01 4.942521239317659187e+00 -4.062026488535233071e+00
1.404169822055405881e+01 5.424725347665860120e+00 -3.112489848931626391e+00
1.340957341590886287e+01 5.471321673530217922e+00 -2.555160438924851007e+00
1.269793732257515906e+01 5.103306625453691403e+00 -2.399701070924889379e+00
1.189286585400914120e+01 4.337931362992689444e+00 -2.654884955557264892e+00
1.099426664031764389e+01 3.183542281689613507e+00 -3.325343662975889458e+00
1.002197173879230263e+01 1.632331727028821788e+00 -4.409703376600367264e+00
9.013972783627766105e+00 -3.443104153285174718e-01 -5.903919964623331573e+00
8.014853799951948687e+00 -2.778347312147890769e+00 -7.800786658900586978e+00
7.068349725564768704e+00 -5.697435217853803913e+00 -1.009112938316462937e+01
6.210473628533359047e+00 -9.121298741651667541e+00 -1.276663068834373860e+01
5.584757437878296926e+00 -1.241558215804820620e+01 -1.528019848029687999e+01
5.262260582621267169e+00 -1.491442311181629776e+01 -1.710510005728882632e+01
5.155479215001525617e+00 -1.658244075626985392e+01 -1.827011653494466614e+01
5.180728064225993634e+00 -1.738912230689716409e+01 -1.880483969602294181e+01
5.270903879864706099e+00 -1.731389753947002674e+01 -1.873338128468201091e+01
5.396088748858728579e+00 -1.635286695089740050e+01 -1.806300478302559043e+01
5.593345489476814869e+00 -1.452810079021555367e+01 -1.676701525024337514e+01
5.933912341476951902e+00 -1.187758370791294027e+01 -1.480325941551729230e+01
6.504412386170487892e+00 -8.449576128491864679e+00 -1.212522199724290139e+01
7.396615408066253394e+00 -4.298680782953820945e+00 -8.688182045736642323e+00
8.464661888464760864e+00 -2.155473781041066239e-01 -5.101721247651552105e+00
9.479225102338421749e+00 3.066935084607079531e+00 -2.018851074541032187e+00
1.039163859581863214e+01 5.589344567076802051e+00 5.316229141212081011e-01
1.114256289206855755e+01 7.402188863756822279e+00 2.519797366612996470e+00
1.167001867652968983e+01 8.560232709423750919e+00 3.918685589198545038e+00
1.191879601722709658e+01 9.112335206479851735e+00 4.708511012297643461e+00
1.185337626952450663e+01 9.083795486961152577e+00 4.882497652967281887e+00
1.145507192272605579e+01 8.482177781405187744e+00 4.443001241667540846e+00
1.071960845535417484e+01 7.301748811712879927e+00 3.398083496385483571e+00
9.656570831541550604e+00 5.525610506045830483e+00 1.759406652656773318e+00
8.482764435241159973e+00 3.489646892491648167e+00 -1.539776691565699629e-01
7.416390652064711375e+00 1.534780783519463343e+00 -2.028642898041990605e+00
6.477844018170313412e+00 -3.521099960565097220e-01 -3.861160795550123481e+00
5.685877325884421296e+00 -2.180206414587158470e+00 -5.649348057552924018e+00
5.057811449474349352e+00 -3.955185611875629448e+00 -7.391559494328528324e+00
4.608170171455779673e+00 -5.679128175913741750e+00 -9.087143244582556179e+00
4.342090601823309193e+00 -7.348826596804373779e+00 -1.073939433028766821e+01
4.256471416728735413e+00 -8.957351195027195345e+00 -1.235253478216329803e+01
4.341345107847358165e+00 -1.049502991769130844e+01 -1.393166530984725249e+01
4.580284001754914236e+00 -1.194988973399081189e+01 -1.548388708569892280e+01
4.909162997339451273e+00 -1.314623899235154880e+01 -1.678624540328220149e+01
5.240186310143609916e+00 -1.390229870143628332e+01 -1.762595146882755870e+01
5.520200922647019226e+00 -1.419875424442026812e+01 -1.802669481446911348e+01
5.704119707669418560e+00 -1.402177211586189287e+01 -1.800853158995819570e+01
5.759207347985886294e+00 -1.336431666039796795e+01 -1.758427278138837124e+01
5.674770801895769878e+00 -1.223035403154834277e+01 -1.675189548963313513e+01
5.479153655865053985e+00 -1.064330508367097394e+01 -1.548246502625664256e+01
5.216982270295815738e+00 -8.635117773290957643e+00 -1.373751283536797985e+01
4.938676434383436842e+00 -6.241126990582997358e+00 -1.147809908903889742e+01
4.695773248256874588e+00 -3.497377966921300096e+00 -8.669120578768509944e+00
4.574417277839438967e+00 -8.522015317525124534e-01 -5.752534796905719006e+00
4.619402814946320213e+00 1.278588687494944809e+00 -3.205080170043486554e+00
4.809613508580081742e+00 2.914415609355203163e+00 -1.051746385345743162e+00
5.116241478873388537e+00 4.079794147759975509e+00 6.822422461510887493e-01
5.507544587671157288e+00 4.801421747670731932e+00 1.975299270757730818e+00
5.954635456961093531e+00 5.103897617946543619e+00 2.812456450820420173e+00
6.439616806597570964e+00 5.002449880388902592e+00 3.186530536491706922e+00
6.955388358736477095e+00 4.503094896214373755e+00 3.097370029825469828e+00
7.502901200427473327e+00 3.604881288630262581e+00 2.549908280572135144e+00
8.088815319689958372e+00 2.301801000863365587e+00 1.552300943272890699e+00
8.498648067766875869e+00 8.241510065285859721e-01 1.988036546801570381e-01
8.516612731276264725e+00 -5.983410146870387081e-01 -1.424713574371266667e+00
8.148572722697103643e+00 -1.974525323822792000e+00 -3.324325876601994079e+00
7.397414915081818698e+00 -3.311045866795705894e+00 -5.508822328160787762e+00
6.262109368740232718e+00 -4.610555487974554723e+00 -7.988122270117330892e+00
4.737699693603278028e+00 -5.870656890175620646e+00 -1.077087747591119005e+01
2.819378555535875464e+00 -7.087147918784051370e+00 -1.386055511388567041e+01
5.027291775828128806e-01 -8.255776861534284805e+00 -1.725769443126662139e+01
-2.216634533391587780e+00 -9.372650150558754945e+00 -2.096103168099028480e+01
-5.342897923334515298e+00 -1.043486653946749065e+01 -2.496780236730207037e+01
-8.218516770925601733e+00 -1.125145045067535321e+01 -2.845483609385167867e+01
-1.018324724450671681e+01 -1.163182878464884595e+01 -3.060026548723681117e+01
-1.123419609100704974e+01 -1.157725118280103871e+01 -3.140375004311676577e+01
-1.136575755273034893e+01 -1.109041343428154747e+01 -3.086673630510011179e+01
-1.057085072497499567e+01 -1.017323149053902931e+01 -2.899234190931046840e+01
-8.842825932338032047e+00 -8.823134558603289435e+00 -2.578551074617796601e+01
-6.177673697535018604e+00 -7.029017347822911432e+00 -2.125329777571892009e+01
-2.570589226601889266e+00 -4.780848887280002124e+00 -1.540286082204961460e+01
1.985635708843562330e+00 -2.075537219154026225e+00 -8.240305521582541814e+00
7.501437033956324996e+00 1.079015503223621497e+00 2.301181961087936934e-01
1.291161316560128824e+01 4.107126799810236761e+00 8.417364361256316485e+00
1.714024284792050778e+01 6.428556069369159687e+00 1.473904605036354454e+01
2.018267975150739346e+01 8.023155202016221565e+00 1.920520709627816203e+01
2.203050632728773550e+01 8.882069863726208325e+00 2.182402871286846135e+01
2.267028560576997265e+01 9.013198852849161113e+00 2.260072158598183734e+01
2.208258892780507310e+01 8.449857647320307308e+00 2.153535301378920863e+01
2.024153830316173952e+01 7.263457946503889318e+00 1.861943517287942029e+01
1.711477744020753278e+01 5.550975509312898737e+00 1.384248994309751168e+01
1.266304850064046938e+01 3.426334618923155606e+00 7.197098755109074375e+00
6.839302041755036754e+00 1.014791343856956685e+00 -1.317204616421195240e+00
7.876555659856006031e-01 -1.201650075694203457e+00 -1.000010740743781668e+01
-4.306765712533484169e+00 -2.872059222357354002e+00 -1.714792626064966896e+01
-8.432699187507051164e+00 -4.074132454861432606e+00 -2.275011623485048062e+01
-1.157297672076274608e+01 -4.897018625413068094e+00 -2.680067290153712634e+01
-1.370253836988019280e+01 -5.436573703483881914e+00 -2.930121810276222050e+01
-1.478325070027688604e+01 -5.789418384045402100e+00 -3.026566476364965297e+01
-1.475368048312584435e+01 -6.044834733839270946e+00 -2.972791325631877157e+01
-1.353974459949916387e+01 -6.285057466838582130e+00 -2.773708751032109632e+01
-1.106323692568993522e+01 -6.585505563716714583e+00 -2.435215282722418451e+01
-7.247696306266981914e+00 -7.014182961634261027e+00 -1.963715446658918751e+01
-2.983172276490666519e+00 -7.402540212483819992e+00 -1.466413544517936529e+01
7.755137117802783919e-01 -7.511861726957024921e+00 -1.043356209606898233e+01
3.998965770714173473e+00 -7.302336369956908158e+00 -6.898030173056475256e+00
6.654751619407026197e+00 -6.738648110857157647e+00 -4.006102380727950774e+00
8.710018385864488621e+00 -5.790000471234675317e+00 -1.705412202264661836e+00
1.013383132396509545e+01 -4.429995030644672482e+00 5.241601124067685191e-02
1.090079176904458080e+01 -2.636505458738767516e+00 1.302935183989454515e+00
1.099374251425566840e+01 -3.910375630966278493e-01 2.071733565258822019e+00
1.040221602059325967e+01 2.322467753276876934e+00 2.378407985736275876e+00
9.120523209096795370e+00 5.518798300333203954e+00 2.239652989163069208e+00
7.765227281683555027e+00 8.518263692778489826e+00 1.967690800003400575e+00
6.958258591835822848e+00 1.062899053922139991e+01 1.838805332238923063e+00
6.704285582715494130e+00 1.184757564608391434e+01 1.815662078077274977e+00
7.007043183357335003e+00 1.217072433791219588e+01 1.858782418051303953e+00
7.868421558705488650e+00 1.159473097748315951e+01 1.923674533267281772e+00
9.286668044609369232e+00 1.011546603920588794e+01 1.958820694888019132e+00
1.125367008293786242e+01 7.729651659061345548e+00 1.908888801173977079e+00
1.375703151712904138e+01 4.434439113767125740e+00 1.719100704185916761e+00
1.678129508833634631e+01 2.272272337535570230e-01 1.340158054339557481e+00
2.030896995840143759e+01 -4.894524336303342160e+00 7.335160661291482143e-01
2.363705206854426777e+01 -9.991535754380032941e+00 -1.092390885163432301e-01
2.607774348899060968e+01 -1.411687955699518504e+01 -1.113954599619438213e+00
2.764015801662381122e+01 -1.726335762781389960e+01 -2.186064465338802165e+00
2.833859819975505090e+01 -1.942575766762504230e+01 -3.239173675676028097e+00
2.819109893347913953e+01 -2.060056499555834719e+01 -4.201958136486565465e+00
2.721784412421162358e+01 -2.078409830560062943e+01 -5.029455111672156420e+00
2.543925705317904473e+01 -1.996784389582716202e+01 -5.721390276532115848e+00
2.287130999709702905e+01 -1.814425763801650149e+01 -6.306974197880699684e+00
1.952227966357281375e+01 -1.531117128214134837e+01 -6.836324050751430903e+00
1.539028007084379723e+01 -1.147497076901931656e+01 -7.376330826926102979e+00
1.121466498973467019e+01 -7.560311888166031835e+00 -7.879434202862007908e+00
7.734753140104819735e+00 -4.485954918816839054e+00 -8.245898072704783033e+00
4.942764667166124504e+00 -2.253276651285381238e+00 -8.461926275893214111e+00
2.836786225985098220e+00 -8.563027547834927145e-01 -8.499798043544178228e+00
1.422599822543713310e+00 -2.799061221682697109e-01 -8.321280645770251283e+00
7.144858368688251637e-01 -4.981997453246176377e-01 -7.880981686398650155e+00
7.332548406957264397e-01 -1.473232469323026983e+00 -7.129599585159839492e+00
1.504653581391729666e+00 -3.156488528536800509e+00 -6.018160794884081177e+00
3.054804490701414466e+00 -5.495578192488420832e+00 -4.503999767198212822e+00
5.406063095648558914e+00 -8.442272195280006386e+00 -2.556895994351858548e+00
7.930343482614237161e+00 -1.136472043487143679e+01 -5.492564748124095786e-01
9.965134683530321169e+00 -1.369956246737567795e+01 1.093932570051814324e+00
1.147658621934402490e+01 -1.550866088808559695e+01 2.315782708986226623e+00
1.243134845515837483e+01 -1.684714793538050159e+01 3.069090529976188364e+00
1.279649093624616540e+01 -1.775628906321076883e+01 3.320699272834054305e+00
1.254377210081342398e+01 -1.825224394739929323e+01 3.061607236991727987e+00
1.166501732673419411e+01 -1.830997524534905807e+01 2.327014553935418562e+00
1.016235274415925538e+01 -1.788056425968181884e+01 1.178330655445764208e+00
8.045542623854476716e+00 -1.690378983192037055e+01 -3.080350241262328481e-01
5.332896015249765753e+00 -1.531645942777196545e+01 -2.047289188826387996e+00
2.461353965304997615e+00 -1.336213453099043846e+01 -3.518065401704521200e+00
-1.134933884281383865e-01 -1.135060725492153999e+01 -4.257239512166382411e+00
-2.342449094140702570e+00 -9.328665773463768573e+00 -4.276936066415125026e+00
-4.185076087770443820e+00 -7.348379230206730561e+00 -3.602754601805776780e+00
-5.614060296909261005e+00 -5.459955442960690242e+00 -2.270412398651941999e+00
-6.619306852268642238e+00 -3.703212520076632597e+00 -3.208671989237216193e-01
-7.206209973027869253e+00 -2.098737180165037852e+00 2.209262008919802511e+00
-7.381409539223797722e+00 -6.548004492630218332e-01 5.292763711336815113e+00
-7.148124230790958045e+00 6.267107753415734894e-01 8.910295354517662858e+00
-6.504184135474609718e+00 1.746096976815271873e+00 1.304823115415673307e+01
-5.639394783273079526e+00 2.777259559121871835e+00 1.677416625796135818e+01
-4.765773337612804639e+00 3.802248067407180354e+00 1.916483303576165653e+01
-3.905804901076724622e+00 4.828039387709223362e+00 2.022377517343294784e+01
-3.081573457730509613e+00 5.859517605015266639e+00 1.995545573473427581e+01
-2.320157001204224301e+00 6.904943086727521440e+00 1.836567579702921549e+01
-1.662083703753796549e+00 7.982989355054529668e+00 1.546135536958396450e+01
-1.172611613948993270e+00 9.129885179746263901e+00 1.124846895654706813e+01
-9.259092400329047567e-01 1.039234394429106167e+01 5.735763018858304640e+00
-9.956742695136803212e-01 1.182275550913727002e+01 -1.064196280392769367e+00
-1.449627562664983493e+00 1.347556776045400539e+01 -9.135711767777957348e+00
-2.148312061975093279e+00 1.511537714204617799e+01 -1.702884566997933291e+01
-2.863029711102217156e+00 1.643738786620270531e+01 -2.331776909530861275e+01
-3.519411525241623817e+00 1.738532359809725492e+01 -2.802513634162996325e+01
-4.046215767032603772e+00 1.789860733867711318e+01 -3.117722005062342916e+01
-4.379796056692040196e+00 1.791688448028412850e+01 -3.280159071628712297e+01
-4.470253618090911374e+00 1.738574737609673804e+01 -3.292335081501641980e+01
-4.291108565427270705e+00 1.626424134175371350e+01 -3.155961491525832940e+01
-3.831631085107061629e+00 1.452501753345471869e+01 -2.872014159904337660e+01
-3.091259789851895867e+00 1.215524221060700683e+01 -2.440730527467031763e+01
-2.076346451801095228e+00 9.158260827432581408e+00 -1.861559445015738135e+01
-1.010962847384835328e+00 6.069671871520204931e+00 -1.258772733124654586e+01
-1.181466612990633158e-01 3.434317802285608678e+00 -7.562942522809022350e+00
5.985573134655017835e-01 1.275321390697855328e+00 -3.528398344152023025e+00
1.140048494229595644e+00 -3.945086444463957176e-01 -4.769173119542461925e-01
1.509726454577490662e+00 -1.573689424388019953e+00 1.592854673445228686e+00
1.711516377143273315e+00 -2.273436430409121911e+00 2.676373190222903542e+00
1.747471756472867233e+00 -2.519815494906054276e+00 2.763003085004764436e+00
1.619456531669635213e+00 -2.351923044586975209e+00 1.836992883932121901e+00
1.333015436839555701e+00 -1.817892981641383132e+00 -1.207265747719842297e-01
9.011097802160693560e-01 -9.706753095601646786e-01 -3.130809459906977121e+00
4.625531071934975702e-01 -1.113832047687719484e-01 -6.468243607549232443e+00
1.498917847146784554e-01 5.113146692994268161e-01 -9.388030359436724481e+00
-2.730038267107393057e-02 9.260575929410048701e-01 -1.188030210931078123e+01
-6.295201583822784830e-02 1.165007091671087736e+00 -1.393459257524842521e+01
4.405297129431140490e-02 1.261720599535637310e+00 -1.554030782651187259e+01
2.861631474289219046e-01 1.247898253677037328e+00 -1.668723539963513502e+01
6.379908073626121556e-01 1.147473576757829683e+00 -1.736665964624631897e+01
1.063412314033183481e+00 9.768052900840609176e-01 -1.757237422720538333e+01
1.521085837558396436e+00 7.447133215562993236e-01 -1.730147066372610354e+01
1.968004369623939098e+00 4.521784110034361426e-01 -1.655479692741452524e+01
2.358020496815826483e+00 1.773366747376408092e-01 -1.560100821281335293e+01
2.668221111039054350e+00 -4.708164300985639983e-03 -1.471099703294350469e+01
2.893668025619669404e+00 -1.024395472882451141e-01 -1.389122201029009673e+01
3.032236555988855109e+00 -1.227537964139937543e-01 -1.314689432427664606e+01
3.084212366771366121e+00 -7.057427793572146335e-02 -1.248148389971879446e+01
3.055187263352670879e+00 5.072656142417830694e-02 -1.189542182368033352e+01
2.964193968876683183e+00 2.374599992786894376e-01 -1.138356083627126480e+01
2.831376315373471897e+00 4.873771185351901680e-01 -1.093869904017566164e+01
2.674468954873136628e+00 7.993685252051249135e-01 -1.055351108719223241e+01
2.508868121366418791e+00 1.172667787209754842e+00 -1.022141434977792329e+01
2.347613347286586993e+00 1.606328295646086923e+00 -9.937259072931309944e+00
2.201276357191495059e+00 2.098924818070795340e+00 -9.697873427893952680e+00
2.077782496257356559e+00 2.648419983416889334e+00 -9.502489043503999255e+00
1.982209255926082214e+00 3.252123583394124218e+00 -9.353073783917311701e+00
1.916618987316932365e+00 3.906659632616911626e+00 -9.254603476412343710e+00
1.878892300579650732e+00 4.609474028750150332e+00 -9.214717916472707770e+00
1.861037620471396981e+00 5.363565794464080660e+00 -9.240755342207560119e+00
1.855289521663895602e+00 6.172630318217893652e+00 -9.339062097320141476e+00
1.855674815842264458e+00 7.039554745501503952e+00 -9.515006551887093877e+00
1.858073249239557301e+00 7.966671237979122466e+00 -9.772636829899571609e+00
1.860245517671806015e+00 8.956137358740067000e+00 -1.011425987851030861e+01
1.861823710021769385e+00 1.001041802068974107e+01 -1.053997213494890595e+01
1.864272215639821040e+00 1.113283343908338452e+01 -1.104716697740093601e+01
1.870842932071206999e+00 1.232812737373925494e+01 -1.163003560319270413e+01
