6.971949020379300066e+01 1.648379259877630432e+01 1.008814817469995972e+01
6.292938939725830494e+01 1.505844905986628390e+01 9.096106407276918659e+00
5.640731786380955270e+01 1.369616728841015352e+01 8.142520447786750992e+00
5.015327560344671554e+01 1.239694728440790428e+01 7.227390296229447841e+00
4.416726261616980054e+01 1.116078904785954329e+01 6.350715952605015424e+00
3.844927890197882903e+01 9.987692578765068774e+00 5.512497416913455517e+00
3.299932446087377258e+01 8.877657877124478958e+00 4.712734689154762791e+00
2.781739929285462409e+01 7.830684942937771176e+00 3.951427769328938577e+00
2.290350339792141554e+01 6.846773776204949868e+00 3.228576657435985542e+00
1.825763677607413982e+01 5.925924376926017700e+00 2.544181353475902352e+00
1.387979942731278271e+01 5.068136745100970231e+00 1.898241857448688563e+00
9.769991351637369092e+00 4.273410880729809236e+00 1.290758169354345508e+00
5.928212549047865210e+00 3.541746783812532495e+00 7.217302891928705222e-01
2.354463019544290603e+00 2.873144454349140897e+00 1.911582169642649376e-01
-9.512572368733609451e-01 2.267603892339635330e+00 -3.009580473314704685e-01
-3.988948220205072559e+00 1.725125097784017347e+00 -7.546185036943352520e-01
-6.758609930450872660e+00 1.245708070682282509e+00 -1.169823152124331855e+00
-9.260242367610743486e+00 8.293528110344340343e-01 -1.546571992621458502e+00
-1.149384553168467882e+01 4.760593188404725895e-01 -1.884865025185714638e+00
-1.345941942267269553e+01 1.858275941003954823e-01 -2.184702249817101816e+00
-1.515696404057478830e+01 -4.134236318579606606e-02 -2.446083666515620259e+00
-1.658647938539094824e+01 -2.054505530181009731e-01 -2.669009275281267968e+00
-1.774796545712118601e+01 -3.064969753965209875e-01 -2.853479076114046720e+00
-1.864142225576549450e+01 -3.444816303210549435e-01 -2.999493069013955182e+00
-1.926684978132387727e+01 -3.194045177917035350e-01 -3.107051253980993799e+00
-1.962424803379633786e+01 -2.312656378084662623e-01 -3.176153631015163459e+00
-1.979270294822654819e+01 -1.224265032131692243e-01 -3.215265858176416636e+00
-1.985130069535287944e+01 -3.524875309490233671e-02 -3.232853618754358838e+00
-1.980004127517536716e+01 3.026761254631090553e-02 -3.228916912748994061e+00
-1.963892468769401489e+01 7.412259371047033585e-02 -3.203455740160323195e+00
-1.936795093290881908e+01 9.631619039757650935e-02 -3.156470100988344463e+00
-1.898712001081977974e+01 9.684840260762890563e-02 -3.087959995233059196e+00
-1.849643192142690395e+01 7.571923034062780222e-02 -2.997925422894466951e+00
-1.789588666473018108e+01 3.292867359657292159e-02 -2.886366383972567728e+00
-1.718548424072961822e+01 -3.152326762453547260e-02 -2.753282878467362416e+00
-1.636522464942521893e+01 -1.176365933226970195e-01 -2.598674906378850125e+00
-1.529208557188515805e+01 -1.888936536870076954e-01 -2.406315203954701776e+00
-1.382304417768938265e+01 -2.087766683091231701e-01 -2.159976449409307442e+00
-1.195810046683777905e+01 -1.772856371890142169e-01 -1.859658642742653578e+00
-9.697254439330347253e+00 -9.442056032668094678e-02 -1.505361783954740407e+00
-7.040506095167086364e+00 3.981856227787672342e-02 -1.097085873045568150e+00
-3.987855434348015926e+00 2.254317306246577113e-01 -6.348309100151392492e-01
-5.393024568731021873e-01 4.624189447136639597e-01 -1.185968948634483766e-01
3.305152837257640641e+00 7.507802045448946915e-01 4.516161724095015817e-01
7.545510448044213447e+00 1.090515510118349685e+00 1.075808291803711070e+00
1.218177037548660735e+01 1.481624861434028606e+00 1.753979463319178755e+00
1.642873733161544081e+01 1.837492533454388566e+00 2.375833818984594892e+00
1.950121509243521700e+01 2.071502697887853017e+00 2.831075359345671671e+00
2.139920365794590751e+01 2.183655354734419074e+00 3.119704084402407318e+00
2.212270302814749101e+01 2.173950503994083405e+00 3.241719994154797835e+00
2.167171320303997462e+01 2.042388145666848676e+00 3.197123088602843666e+00
2.004623418262334411e+01 1.788968279752711332e+00 2.985913367746543035e+00
1.724626596689760305e+01 1.413690906251673152e+00 2.608090831585897718e+00
1.327180855586276209e+01 9.165560251637347999e-01 2.063655480120908159e+00
8.122861949518815905e+00 2.975636364888951668e-01 1.352607313351573026e+00
1.799426147865755610e+00 -4.432862597728455256e-01 4.749463312778927637e-01
-4.463540969159832450e+00 -1.182966978706367689e+00 -3.928250379654341096e-01
-9.431075632874517112e+00 -1.798451248758724974e+00 -1.074203524613287941e+00
-1.310317784327665258e+01 -2.289739069929756621e+00 -1.569189128665432698e+00
-1.547984760036617402e+01 -2.656830442219455080e+00 -1.877781850121860829e+00
-1.656108490414309387e+01 -2.899725365627821461e+00 -1.999981688982571892e+00
-1.634688975460739613e+01 -3.018423840154853544e+00 -1.935788645247566553e+00
-1.483726215175909502e+01 -3.012925865800553993e+00 -1.685202718916843700e+00
-1.203220209559817633e+01 -2.883231442564919700e+00 -1.248223909990403557e+00
-7.931709586124640055e+00 -2.629340570447953329e+00 -6.248522184682465674e-01
-2.535784623338503962e+00 -2.251253249449653104e+00 1.849123556496277132e-01
3.082119345907999630e+00 -1.848051783050738361e+00 1.025936524196656485e+00
7.848546315448253985e+00 -1.518818710962721141e+00 1.743086629139420030e+00
1.176349628528187985e+01 -1.263554033185637193e+00 2.336362670477863723e+00
1.482696925540885147e+01 -1.082257749719488293e+00 2.805764648211983125e+00
1.703896522582924078e+01 -9.749298605642704452e-01 3.151292562341789782e+00
1.839948419654299627e+01 -9.415703657199855359e-01 3.372946412867275257e+00
1.890852616755013216e+01 -9.821792651866340096e-01 3.470726199788442656e+00
1.856609113885063422e+01 -1.096756558964215866e+00 3.444631923105290205e+00
1.737217911044452023e+01 -1.285302247052730884e+00 3.294663582817817460e+00
1.532679008233176887e+01 -1.547816329452179174e+00 3.020821178926024420e+00
1.307068117971263099e+01 -1.826491859847590549e+00 2.712533761816148470e+00
1.124460952778733969e+01 -2.063521891923993490e+00 2.459230381874424332e+00
9.848575126555889625e+00 -2.258906425681389329e+00 2.260911039100852449e+00
8.882577976018284360e+00 -2.412645461119776513e+00 2.117575733495431933e+00
8.346618076174527445e+00 -2.524738998239157262e+00 2.029224465058164117e+00
8.240695427024611774e+00 -2.595187037039529798e+00 1.995857233789048335e+00
8.564810028568537348e+00 -2.623989577520894567e+00 2.017474039688084364e+00
9.318961880806309495e+00 -2.611146619683252013e+00 2.094074882755271982e+00
1.050315098373792644e+01 -2.556658163526602578e+00 2.225659762990612300e+00
1.211737733736324252e+01 -2.460524209050941824e+00 2.412228680394081781e+00
1.375988778349533170e+01 -2.316765715095770339e+00 2.592226231980118811e+00
1.502893012179986343e+01 -2.119403654755707578e+00 2.704097161522433179e+00
1.592450435227684125e+01 -1.868438028030754872e+00 2.747841469021027105e+00
1.644661047492625627e+01 -1.563868834920909112e+00 2.723459154475898814e+00
1.659524848974811206e+01 -1.205696075426172742e+00 2.630950217887049192e+00
1.637041839674241572e+01 -7.939197495465456500e-01 2.470314659254479128e+00
1.577212019590915659e+01 -3.285398572820268370e-01 2.241552478578186403e+00
1.480035388724834000e+01 1.904436013673833639e-01 1.944663675858172791e+00
1.345511947075998549e+01 7.630306264016775142e-01 1.579648251094442069e+00
1.173641694644461531e+01 1.389221217820774124e+00 1.146506204287105035e+00
1.003853726576352301e+01 2.001846197133450023e+00 7.291385811405547424e-01
8.755769500058374177e+00 2.533736706135039984e+00 4.114460272891294901e-01
7.888113649329174137e+00 2.984892744825543343e+00 1.934285427328295282e-01
7.435569713575922890e+00 3.355314313204962318e+00 7.508612747165466228e-02
7.398137692798619547e+00 3.645001411273293801e+00 5.641878150560558636e-02
7.775817586997261444e+00 3.853954039030540013e+00 1.374265048346815510e-01
8.568609396171853021e+00 3.982172196476699177e+00 3.181092974588830558e-01
9.776513120322391615e+00 4.029655883611773959e+00 5.984671593782098231e-01
1.139952875944887722e+01 3.996405100435761693e+00 9.785000905926618531e-01
1.343765631355131163e+01 3.882419846948663267e+00 1.458208091102239257e+00
1.522620697570630632e+01 3.713319956633764907e+00 1.897514677106090897e+00
1.610048876950255448e+01 3.514725385139420677e+00 2.156342696865647834e+00
1.606050169493910218e+01 3.286636132465665661e+00 2.234692150380711784e+00
1.510624575201596365e+01 3.029052198612500746e+00 2.132563037651282301e+00
1.323772094073312289e+01 2.741973583579925933e+00 1.849955358677358719e+00
1.045492726109059234e+01 2.425400287367940777e+00 1.386869113458942815e+00
6.757864713088361341e+00 2.079332309976545279e+00 7.433043019960319242e-01
2.146533296726548912e+00 1.703769651405748320e+00 -8.073907571135130468e-02
-3.379066987995049232e+00 1.298712311655533691e+00 -1.085261019663244841e+00
-9.818936141076337165e+00 8.641602907259084976e-01 -2.270261529859630922e+00
-1.600884191944466295e+01 4.553064588180535943e-01 -3.419169234018542003e+00
-2.078453542547703847e+01 1.273444756770211461e-01 -4.315409661765818861e+00
-2.414601665915857609e+01 -1.197256586964826897e-01 -4.958982813098690379e+00
-2.609328562048927580e+01 -2.859039443024578020e-01 -5.349888688017160554e+00
-2.662634230946913405e+01 -3.711903811409044129e-01 -5.488127286521226722e+00
-2.574518672609815440e+01 -3.755849692118221617e-01 -5.373698608610888883e+00
-2.344981887037633683e+01 -2.990877085152112702e-01 -5.006602654286147036e+00
-1.974023874230368136e+01 -1.416985990510719606e-01 -4.386839423547002959e+00
-1.461644634188018266e+01 9.658235918059621117e-02 -3.514408916393453541e+00
-8.078441669105844269e+00 4.157551661797930231e-01 -2.389311132825500117e+00
-1.236011647952219628e+00 7.460715825372882248e-01 -1.190462535780574260e+00
4.801056797609137838e+00 1.017783368843851566e+00 -9.677958819610603391e-02
1.003276366757822302e+01 1.230890525099482824e+00 8.917377099279042429e-01
1.445910896195504591e+01 1.385393051304182110e+00 1.775089358591457112e+00
1.808009268073960030e+01 1.481290947457949869e+00 2.553275357794551947e+00
2.089571482393188617e+01 1.518584213560785434e+00 3.226295707537189195e+00
2.290597539153190709e+01 1.497272849612689027e+00 3.794150407819368631e+00
2.411087438353966306e+01 1.417356855613661093e+00 4.256839458641090701e+00
2.451041179995515762e+01 1.278836231563701409e+00 4.614362860002355404e+00
2.410458764078126137e+01 1.081710977463315126e+00 4.866720611902939808e+00
2.311944385955609960e+01 8.655426336393922115e-01 4.996527731653803706e+00
2.178101917629346218e+01 6.698921744920111054e-01 4.986399485257635433e+00
2.008931359099340597e+01 4.947596000211759715e-01 4.836335872714440320e+00
1.804432710365584924e+01 3.401449102268787605e-01 4.546336894024211261e+00
1.564605971428082398e+01 2.060481051091237470e-01 4.116402549186949145e+00
1.289451142286833552e+01 9.246918466791079205e-02 3.546532838202655302e+00
9.789682229418374959e+00 -5.918510967600071337e-04 2.836727761071326626e+00
6.331572133930950308e+00 -7.313500218488869220e-02 1.986987317792968222e+00
2.520181136406058897e+00 -1.251602685964752493e-01 9.973115083675767600e-01
-1.644490763155525892e+00 -1.566676503315514724e-01 -1.322996672046204969e-01
-5.618400038957259923e+00 -1.900320067157539039e-01 -1.241804720512351023e+00
-8.857505759395774447e+00 -2.476280903834258695e-01 -2.171162926279128325e+00
-1.136180792447106214e+01 -3.294559013345673137e-01 -2.920374284504951401e+00
-1.313130653418313543e+01 -4.355154395691782643e-01 -3.489438795189819587e+00
-1.416600158853198543e+01 -5.658067050872587211e-01 -3.878356458333733769e+00
-1.446589308751761394e+01 -7.203296978888086288e-01 -4.087127273936693506e+00
-1.403098103114002093e+01 -8.990844179738282094e-01 -4.115751241998699683e+00
-1.286126541939921175e+01 -1.102070865342317241e+00 -3.964228362519750526e+00
-1.095674625229517218e+01 -1.329289039994275612e+00 -3.632558635499846922e+00
-8.317423529827919992e+00 -1.580738941929703767e+00 -3.120742060938989759e+00
-5.425478845753543666e+00 -1.788048546615241818e+00 -2.512991066387493255e+00
-2.763096093052573643e+00 -1.882845503493828065e+00 -1.893518480952417260e+00
-3.302752717256953741e-01 -1.865129812565364364e+00 -1.262324304633881455e+00
1.872983618227093139e+00 -1.734901473829851160e+00 -6.194085374318853976e-01
3.846680576805786789e+00 -1.492160487287288007e+00 3.522882065357091363e-02
5.590815604010391127e+00 -1.136906852937676460e+00 7.015877696224870341e-01
7.105388699840903044e+00 -6.691405707810140768e-01 1.379668309474863630e+00
8.390399864297297228e+00 -8.886164081731617870e-02 2.069470440210684714e+00
9.445849097379632298e+00 6.039299369534423256e-01 2.770994161829980929e+00
1.027173639908787450e+01 1.409234162531250112e+00 3.484239474332736730e+00
1.073964152338824363e+01 2.130734536508754218e+00 4.053324364333555252e+00
1.072114238717238166e+01 2.572111751135988555e+00 4.322364588526973250e+00
1.021623899043865080e+01 2.733365806410442023e+00 4.291360146910996320e+00
9.224931333187045723e+00 2.614496702332115952e+00 3.960311039485627127e+00
7.747219415417573529e+00 2.215504438901009898e+00 3.329217266250864782e+00
5.783103237130228891e+00 1.536389016117122530e+00 2.398078827206708841e+00
3.332582798325010920e+00 5.771504339804547357e-01 1.166895722353158416e+00
3.956580990019222810e-01 -6.622113075089921530e-01 -3.643320483097838292e-01
-3.027670860839036138e+00 -2.181696208351220356e+00 -2.195604484782121446e+00
-6.937404081197867001e+00 -3.981304268546228986e+00 -4.326921587063851327e+00
-1.056994352252575631e+01 -5.754254882822929851e+00 -6.340904268036926084e+00
-1.316169114527388828e+01 -7.193767445910230762e+00 -7.820173440583298330e+00
-1.471264694944225937e+01 -8.299841957808132165e+00 -8.764729104702965401e+00
-1.522281093503087490e+01 -9.072478418516638499e+00 -9.174571260395929073e+00
-1.469218310203973310e+01 -9.511676828035744435e+00 -9.049699907662191123e+00
-1.312076345046883219e+01 -9.617437186365453528e+00 -8.390115046501747997e+00
-1.050855198031817750e+01 -9.389759493505763999e+00 -7.195816676914603249e+00
-6.855548691587763699e+00 -8.828643749456679402e+00 -5.466804798900753326e+00
-2.161753584277594342e+00 -7.934089954218194407e+00 -3.203079412460201780e+00
3.572833341598660173e+00 -6.706098107792492158e+00 -4.046405175993941228e-01
9.279199442552192423e+00 -5.315288283903409017e+00 2.424143995528293960e+00
1.388834736729236496e+01 -3.932278115559041165e+00 4.778913451739100537e+00
1.740027711581910808e+01 -2.557067602759420577e+00 6.659667851032983421e+00
1.981498868813259406e+01 -1.189656745504485746e+00 8.066407193410032761e+00
2.113248208423271279e+01 1.699544562057317965e-01 8.999131478870195266e+00
2.135275730411948203e+01 1.521766002371232718e+00 9.457840707413476267e+00
2.047581434779288401e+01 2.865777892992017684e+00 9.442534879039873985e+00
1.850165321525292583e+01 4.201990128068086250e+00 8.953213993749383093e+00
1.543027390649961639e+01 5.530402707599438195e+00 7.989878051542011583e+00
1.126167642153428439e+01 6.851015631585838150e+00 6.552527052418260389e+00
6.940193530287793067e+00 7.997859486140290741e+00 4.996631951685214013e+00
3.410153499776227726e+00 8.804965648777042020e+00 3.677662009637915119e+00
6.715563299995883639e-01 9.272334119496093763e+00 2.595617226276363265e+00
-1.275597979042127461e+00 9.399964898297440641e+00 1.750497601600558450e+00
-2.431309427348916419e+00 9.187857985181091536e+00 1.142303135610502451e+00
-2.795578014920780063e+00 8.636013380147051777e+00 7.710338283061987097e-01
-2.368403741757719061e+00 7.744431083195280507e+00 6.366896796876317932e-01
-1.149786607859765830e+00 6.513111094325857664e+00 7.392706897548131373e-01
8.602733867731826578e-01 4.942053413538668671e+00 1.078776858507751735e+00
3.661776242129246572e+00 3.031258040841197765e+00 1.655208185942838028e+00
6.739903823764722191e+00 1.103645154389114147e+00 2.311111533678662955e+00
9.579847816483290757e+00 -5.178712267944199921e-01 2.889036766474615270e+00
1.218160822028519874e+01 -1.833291102709544429e+00 3.388983884330745155e+00
1.454518503517021699e+01 -2.842614473356146032e+00 3.810952887247008203e+00
1.667057826113856223e+01 -3.545841338734313730e+00 4.154943775223442159e+00
1.855778789819003549e+01 -3.942971698843985351e+00 4.420956548260017271e+00
2.020681394632480732e+01 -4.034005553685192424e+00 4.608991206356757075e+00
2.161765640554273205e+01 -3.818942903257932731e+00 4.719047749513642920e+00
2.279031527584393757e+01 -3.297783747562182732e+00 4.751126177730686351e+00
2.372479055722775954e+01 -2.470528086599130368e+00 4.705226491007903356e+00
2.432233573973964624e+01 -1.537662719669542488e+00 4.584595001290051819e+00
2.448420525513886403e+01 -6.996725340957523631e-01 4.392477989562864948e+00
2.421039910342541646e+01 4.344247012231321203e-02 4.128875455826327645e+00
2.350091728459933194e+01 6.916822929845882761e-01 3.793787400080461669e+00
2.235575979866055363e+01 1.245046934491130797e+00 3.387213822325238599e+00
2.077492664560917746e+01 1.703536394641891327e+00 2.909154722560693074e+00
1.875841782544505421e+01 2.067150673436910502e+00 2.359610100786783793e+00
1.630623333816838638e+01 2.335889770876156568e+00 1.738579957003559384e+00
1.341837318377893418e+01 2.509753686959652619e+00 1.046064291210963670e+00
1.009483736227696404e+01 2.588742421687383555e+00 2.820631034090594902e-01
6.672150557264540538e+00 2.605515892460076532e+00 -4.741196605117176111e-01
3.486837452343710009e+00 2.592734016678448050e+00 -1.143180054660930312e+00
5.388980475147581162e-01 2.550396794342498108e+00 -1.725118079038517882e+00
-2.171667657222579262e+00 2.478504225452224485e+00 -2.219933733644534168e+00
-4.644859661868059320e+00 2.377056310007631623e+00 -2.627627018478933429e+00
-6.880677966421901992e+00 2.246053048008712416e+00 -2.948197933541751858e+00
-8.879122570883911436e+00 2.085494439455477522e+00 -3.181646478832962366e+00
-1.064019347525426262e+01 1.895380484347913175e+00 -3.327972654352584492e+00
-1.216389067953279834e+01 1.675711182686035139e+00 -3.387176460100605802e+00
-1.345021418371965538e+01 1.426486534469825429e+00 -3.359257896077031624e+00
-1.439200460786318736e+01 1.178837258783426378e+00 -3.267998112925320608e+00
-1.488210155005740809e+01 9.638943715974961357e-01 -3.137178488084324091e+00
-1.492050501030166743e+01 7.816578729122310998e-01 -2.966799021554189952e+00
-1.450721498859596892e+01 6.321277627276147282e-01 -2.756859713334902651e+00
-1.364223148494034810e+01 5.153040410436605656e-01 -2.507360563426480393e+00
-1.232555449933472502e+01 4.311867078603581205e-01 -2.218301571828901420e+00
-1.055718403177922404e+01 3.797757631777148868e-01 -1.889682738542191043e+00
-8.337120082273678179e+00 3.610712069957262016e-01 -1.521504063566320175e+00
-5.665362650818297041e+00 3.750730393143938413e-01 -1.113765546901322123e+00
-2.541911737412832828e+00 4.217812601337190825e-01 -6.664671885471601387e-01
3.869873397449773988e-01 4.715933046317400956e-01 -2.553845106018546862e-01
2.475076936233214120e+00 4.949060433590224406e-01 4.370551952464941936e-02
3.722357052036998848e+00 4.917194763148910464e-01 2.308029018306019531e-01
4.128827687156443993e+00 4.620336034993454133e-01 3.059076363160204148e-01
3.694488841591509143e+00 4.058484249123882615e-01 2.690197229808972690e-01
2.419340515342236486e+00 3.231639405540190912e-01 1.201391618252389826e-01
3.033827084085061188e-01 2.139801504242320185e-01 -1.407340471509690438e-01
-2.653384579209488336e+00 7.829705452303709068e-02 -5.135999039477030514e-01
-6.450961347512008004e+00 -8.388534714957779359e-02 -9.984584085649967911e-01
-1.108934759647730139e+01 -2.725670545928410848e-01 -1.595309560999977228e+00
-1.562646363759318291e+01 -4.544420543466261564e-01 -2.179718545010178143e+00
-1.912024775085511052e+01 -5.962049682042365184e-01 -2.627252917727673331e+00
-2.157069993626340221e+01 -6.978557961656851605e-01 -2.937912679152504314e+00
-2.297782019381783059e+01 -7.593945382309627012e-01 -3.111697829284642225e+00
-2.334160852351852711e+01 -7.808211944000744698e-01 -3.148608368124102164e+00
-2.266206492536544914e+01 -7.621357646730189117e-01 -3.048644295670881466e+00
-2.093918939935854695e+01 -7.033382490497940287e-01 -2.811805611924970805e+00
-1.817298194549798396e+01 -6.044286475304057049e-01 -2.438092316886392830e+00
-1.436344256378349016e+01 -4.654069601148443369e-01 -1.927504410555112457e+00
-9.510571254220904436e+00 -2.862731868033377425e-01 -1.280041892931901515e+00
-4.580847430692290168e+00 -1.048772270067150209e-01 -6.233448802162464553e-01
-5.407412900749926088e-01 4.093138082656790772e-02 -8.505227134471846084e-02
2.609747167631342624e+00 1.511526366965238455e-01 3.348359336827294586e-01
4.870617942426433977e+00 2.257865406031429600e-01 6.363197348660599717e-01
6.241871034310488398e+00 2.648330925464321695e-01 8.193991322053010284e-01
6.723506443283380207e+00 2.682922925263876990e-01 8.840741257004353093e-01
6.315524169345150263e+00 2.361641405430099649e-01 8.303447153514685874e-01
5.017924212495841196e+00 1.684486365963019927e-01 6.582109011584063030e-01
2.830706572735328663e+00 6.514578068625748175e-02 3.676726831212325797e-01
-2.461287499361848319e-01 -7.374442718711432532e-02 -4.126993876002638117e-02
-3.456348491148008684e+00 -2.144072858359061529e-01 -4.672885400901765629e-01
-6.043719386529470050e+00 -3.230280940722113359e-01 -8.090546964740266134e-01
-8.008241436080336229e+00 -3.996068518960199101e-01 -1.066568407911545835e+00
-9.349914639800788407e+00 -4.441435593073390087e-01 -1.239829674402757931e+00
-1.006873899769070313e+01 -4.566382163061645238e-01 -1.328838495947646914e+00
-1.016471450975013902e+01 -4.370908228924975658e-01 -1.333594872546220333e+00
-9.637841175979097841e+00 -3.855013790663400219e-01 -1.254098804198478856e+00
-8.488118996377529868e+00 -3.018698848276871738e-01 -1.090350290904414710e+00
-6.715547970945531020e+00 -1.861963401765462933e-01 -8.423493326640421053e-01
-4.320128099682952083e+00 -3.848074511290749955e-02 -5.100959294773397268e-01
-1.704744248603000001e+00 1.115906277154474213e-01 -1.522220837343330191e-01
7.277148740605917654e-01 2.343312225495593759e-01 1.726396430149955974e-01
2.977249268305316221e+00 3.297410393892487024e-01 4.644892507702838569e-01
5.043858934131376870e+00 3.978200782345241437e-01 7.233267395315581272e-01
6.927543871538587084e+00 4.385683390853795105e-01 9.491521092987954544e-01
8.628304080527112063e+00 4.519858219418183554e-01 1.141965360072015434e+00
1.014613956109680615e+01 4.380725268038395126e-01 1.301766491851200858e+00
1.148105031324779901e+01 3.968284536714417610e-01 1.428555504636366269e+00
1.263303633697997697e+01 3.282536025446287642e-01 1.522332398427500566e+00
1.360209763229343949e+01 2.323479734233944438e-01 1.583097173224611964e+00
1.421231118052408604e+01 1.401796806160486020e-01 1.605113590164976900e+00
1.428775060752266945e+01 8.281743101167046706e-02 1.582645300975154434e+00
1.382841591328517872e+01 6.026122461097155325e-02 1.515692305655016225e+00
1.283430709781158185e+01 7.251106141394980664e-02 1.404254604204556056e+00
1.130542416110195347e+01 1.195669414206042558e-01 1.248332196623783474e+00
9.241767103156272256e+00 2.014288646309345399e-01 1.047925082912695816e+00
6.643335923974401425e+00 3.180968310449467373e-01 8.030332630712795350e-01
3.510130623556582563e+00 4.695708406626303288e-01 5.136567370995575033e-01
-1.578487980974703220e-01 6.558508934839989424e-01 1.797955049975036301e-01
-4.360602340968028123e+00 8.769369895073690913e-01 -1.985504332333448696e-01
-8.244952753841893411e+00 1.059523114323316362e+00 -5.550884931887168916e-01
-1.095773905835640960e+01 1.130304651705310803e+00 -8.235273548783985653e-01
-1.249896125451182094e+01 1.089281601653358633e+00 -1.003867018302413872e+00
-1.286861934230798710e+01 9.364539641674639592e-01 -1.096107483460746712e+00
-1.206671332174494538e+01 6.718217392476123484e-01 -1.100248750353405303e+00
-1.009324319282275795e+01 2.953849268938277817e-01 -1.016290818980388977e+00
-6.948208955541257836e+00 -1.928564728939232698e-01 -8.442336893416908516e-01
-2.631610609900725706e+00 -7.929024601155967300e-01 -5.840773614373260259e-01
2.856551844099225690e+00 -1.504753034771246334e+00 -2.358218352672714069e-01
9.516278406450879856e+00 -2.328408196859895529e+00 2.005328891679970249e-01
1.607491758625265987e+01 -3.102919089281976461e+00 6.466117439110038445e-01
2.125983002947274869e+01 -3.667338389855644198e+00 1.024040408442195016e+00
2.507101573611157619e+01 -4.021666098580944038e+00 1.332818882761602097e+00
2.750847470616882617e+01 -4.165902215457848001e+00 1.572947166869198776e+00
2.857220693964471536e+01 -4.100046740486368080e+00 1.744425260765006369e+00
2.826221243653914073e+01 -3.824099673666510046e+00 1.847253164449009555e+00
2.657849119685207029e+01 -3.338061014998249032e+00 1.881430877921216993e+00
2.352104322058366392e+01 -2.641930764481629446e+00 1.846958401181626241e+00
1.908986850773365163e+01 -1.735708922116587338e+00 1.743835734230234191e+00
1.328496705830241886e+01 -6.193954879032044225e-01 1.572062877067049502e+00
7.245888988060048774e+00 5.168741745368259366e-01 1.433095020002380648e+00
2.112184412776580533e+00 1.482964701581814149e+00 1.428387353346541211e+00
-2.116146667547525340e+00 2.278876093231673838e+00 1.557939877099531856e+00
-5.439104252912653870e+00 2.904608349486477614e+00 1.821752591261363907e+00
-7.856688343318504408e+00 3.360161470346167523e+00 2.219825495832013829e+00
-9.368898938765287454e+00 3.645535455810785752e+00 2.752158590811516703e+00
-9.975736039252877774e+00 3.760730305880306545e+00 3.418751876199825901e+00
-9.677199644781325105e+00 3.705746020554739673e+00 4.219605351997000930e+00
-8.473289755350648988e+00 3.480582599834089130e+00 5.154719018202969849e+00
-6.364006370960755277e+00 3.085240043718338043e+00 6.224092874817815257e+00
-3.865455398490517780e+00 2.788597746819737822e+00 7.195776528932406713e+00
-1.493747666802594187e+00 2.859537667991868481e+00 7.837817375579859025e+00
7.511168240998725709e-01 3.298059807236251029e+00 8.150215414758797294e+00
2.869138074217084444e+00 4.104164164552924987e+00 8.132970646469253495e+00
4.860316083548851473e+00 5.277850739941819747e+00 7.786083070711226739e+00
6.724650852095349407e+00 6.819119533403037892e+00 7.109552687484685052e+00
8.462142379856414820e+00 8.727970544936441755e+00 6.103379496789690606e+00
1.007279066683219959e+01 1.100440377454220453e+01 4.767563498626152807e+00
1.155659571302256516e+01 1.364841922222012016e+01 3.102104692994190227e+00
1.291355751842763766e+01 1.666001688797042490e+01 1.107003079893654984e+00
1.388565188206194989e+01 1.943917307390899296e+01 -9.607189882465140274e-01
1.421484968148982908e+01 2.138585263754017163e+01 -2.844034256656189363e+00
1.390115091670538128e+01 2.250005557885015506e+01 -4.542942725329358389e+00
1.294455558770857806e+01 2.278178189783903917e+01 -6.057444394266173759e+00
1.134506369449950114e+01 2.223103159450679556e+01 -7.387539263466499584e+00
9.102675237078125647e+00 2.084780466885346684e+01 -8.533227332930408693e+00
6.217390215444303259e+00 1.863210112087891446e+01 -9.494508602657937502e+00
2.689208629598299538e+00 1.558392095058335869e+01 -1.027138307264899986e+01
-1.481869520460206147e+00 1.170326415796651709e+01 -1.086385074290366859e+01
-6.295844234714277121e+00 6.990130743045507522e+00 -1.127191161342193482e+01
-1.102440062675677623e+01 2.182179753473133310e+00 -1.149758295452415524e+01
-1.493923770150159491e+01 -1.982943832642239279e+00 -1.154288199805475834e+01
-1.804035545894907955e+01 -5.505240015300981504e+00 -1.140780874401374767e+01
-2.032775389909895836e+01 -8.384708794502776286e+00 -1.109236319240113566e+01
-2.180143302195143207e+01 -1.062135017024788119e+01 -1.059654534321689034e+01
-2.246139282750636568e+01 -1.221516414253609817e+01 -9.920355196461059677e+00
-2.230763331576382313e+01 -1.316615071136756931e+01 -9.063792752133583264e+00
-2.134015448672382220e+01 -1.347430987674221292e+01 -8.026858010234537488e+00
-1.955895634038627051e+01 -1.313964163866004853e+01 -6.809550970763831756e+00
-1.696403887675480249e+01 -1.216214599712337829e+01 -5.411871633722473263e+00
-1.416832908963470139e+01 -1.094066692546332398e+01 -3.992963770989821359e+00
-1.178474812754267020e+01 -9.874044593363590749e+00 -2.711969636742144196e+00
-9.813295990478501096e+00 -8.962279000824079134e+00 -1.568889230979328975e+00
-8.253972678442368149e+00 -8.205370147844872619e+00 -5.637225537014752819e-01
-7.106778191434134584e+00 -7.603318034425903704e+00 3.035303950915042570e-01
-6.371712529453902540e+00 -7.156122660567226568e+00 1.032869615399533814e+00
-6.048775692501604517e+00 -6.863784026268799465e+00 1.624295107222677892e+00
-6.137967680577270713e+00 -6.726302131530649930e+00 2.077806870560883201e+00
-6.639288493680909120e+00 -6.743676976352766417e+00 2.393404905414191486e+00
-7.552738131812474442e+00 -6.915908560735145372e+00 2.571089211782573436e+00
-8.407756715718159413e+00 -7.110618119936820136e+00 2.620793989399229140e+00
-8.733784366144147882e+00 -7.195426889216822275e+00 2.552453437997334262e+00
-8.530821083090405210e+00 -7.170334868575146459e+00 2.366067557576895464e+00
-7.798866866556918964e+00 -7.035342058011793576e+00 2.061636348137896757e+00
-6.537921716543752204e+00 -6.790448457526772508e+00 1.639159809680364122e+00
-4.747985633050791243e+00 -6.435654067120059274e+00 1.098637942204260476e+00
-2.429058616078199506e+00 -5.970958886791690290e+00 4.400707457096342257e-01
4.188593343742343933e-01 -5.396362916541620258e+00 -3.365417798035736929e-01
3.795768218306255548e+00 -4.711866156369900693e+00 -1.231199634335294446e+00
7.701668035718159722e+00 -3.917468606276474308e+00 -2.243902817885606193e+00
1.131806802606034523e+01 -3.127446888699902949e+00 -3.161117506933673216e+00
1.382646962302438887e+01 -2.456078715908664112e+00 -3.769307841535515458e+00
1.522687282660541719e+01 -1.903364087903466340e+00 -4.068473821689865488e+00
1.551927763680356342e+01 -1.469303004684260561e+00 -4.058615447396750398e+00
1.470368405361879560e+01 -1.153895466251086077e+00 -3.739732718656171073e+00
1.278009207705103911e+01 -9.571414726039140231e-01 -3.111825635468099982e+00
9.748501707100464486e+00 -8.790410237427624951e-01 -2.174894197832589970e+00
5.608912943766807047e+00 -9.195941196676242768e-01 -9.289384057495615465e-01
3.613257870504291702e-01 -1.078800760378495927e+00 6.260417407808773760e-01
-5.994259763049125667e+00 -1.356660945875391322e+00 2.490046241758864021e+00
-1.230978072951001145e+01 -1.656178742387537373e+00 4.327108542868305818e+00
-1.743715223761743971e+01 -1.880356366082565733e+00 5.801255681701760203e+00
-2.137637428734487344e+01 -2.029193816958251073e+00 6.912487658251453837e+00
-2.412744687869265192e+01 -2.102691095014606937e+00 7.660804472517492414e+00
-2.569037001166053358e+01 -2.100848200251626441e+00 8.046206124499802215e+00
-2.606514368624866052e+01 -2.023665132669314914e+00 8.068692614198424096e+00
-2.525176790245702918e+01 -1.871141892267671691e+00 7.728263941613361609e+00
-2.325024266028542286e+01 -1.643278479046674345e+00 7.024920106744536596e+00
-2.006056795973419682e+01 -1.340074893006362622e+00 5.958661109592074290e+00
-1.568274380082174524e+01 -9.615311341482124519e-01 4.529486950162013414e+00
-1.093213267389560350e+01 -5.733250769852520357e-01 3.005124935868438651e+00
-6.624081517701601030e+00 -2.411333433408708871e-01 1.653297267699167739e+00
-2.758590332240493659e+00 3.504406678487187454e-02 4.740039456544383745e-01
6.643408824881167352e-01 2.552071533920083901e-01 -5.327550302658758952e-01
3.644712126484230375e+00 4.193559164805384931e-01 -1.366979660061776070e+00
6.182523399748051318e+00 5.274903560504692335e-01 -2.028669943733311332e+00
8.277774702279128149e+00 5.796104721017815153e-01 -2.517825881280365774e+00
9.930466034077713999e+00 5.757162646344876622e-01 -2.834447472703006010e+00
1.114059739514379999e+01 5.158077336485872300e-01 -2.978534718001231152e+00
1.190816878547695090e+01 3.998848791516191881e-01 -2.950087617187679978e+00
1.223081313928523883e+01 2.648510827714585791e-01 -2.810918015803561598e+00
1.210616352621622127e+01 1.476076145905779735e-01 -2.622834222627037803e+00
1.153421994626989289e+01 4.815447460897748222e-02 -2.385836237658109038e+00
1.051498239944614888e+01 -3.350833717334952139e-02 -2.099924060896746436e+00
9.048450885745166872e+00 -9.738082075638831991e-02 -1.765097692343001956e+00
7.134625405166874046e+00 -1.434629761401471082e-01 -1.381357131996852061e+00
4.773505957711278391e+00 -1.717548033246258099e-01 -9.487023798582963074e-01
1.965092543378101908e+00 -1.822563023098246193e-01 -4.671334359272902859e-01
-1.290614837832150030e+00 -1.749674730957416213e-01 6.334969979608051638e-02
-4.993616185919711015e+00 -1.498883156823786200e-01 6.427470273118567334e-01
-8.393935559777442990e+00 -1.175526133691058017e-01 1.180749563551128256e+00
-1.074159701829821145e+01 -8.849414945529350540e-02 1.587048325444984975e+00
-1.203660056148208390e+01 -6.271292394093953837e-02 1.861643312993444654e+00
-1.227894618932882942e+01 -4.020893682604852193e-02 2.004534526196459776e+00
-1.146863390183861497e+01 -2.098218811061800665e-02 2.015721965054059428e+00
-9.605663699011431689e+00 -5.032677794647988194e-03 1.895205629566244276e+00
-6.690035580846981134e+00 7.639594121862505749e-03 1.642985519732985455e+00
-2.721749547345780229e+00 1.703462763891122958e-02 1.259061635554328706e+00
2.299194401492387740e+00 2.315242275649945225e-02 7.434339770302567096e-01
8.372796265667520998e+00 2.599297947462717723e-02 9.610254416076924322e-02
1.437953247811196000e+01 2.601076159089664094e-02 -5.986031169724147505e-01
1.919981541095848954e+01 2.366025890800234344e-02 -1.256348634825764199e+00
2.283364506397859017e+01 1.894147142603741160e-02 -1.877134009382083635e+00
2.528102143717227079e+01 1.185439914500182636e-02 -2.460959240641375168e+00
2.654194453053959180e+01 2.399042064894656157e-03 -3.007824328603684094e+00
2.661641434408031515e+01 -9.424599814282428462e-03 -3.517729273268912493e+00
2.550443087779462914e+01 -2.361652649253016129e-02 -3.990674074637113655e+00
2.320599413168250891e+01 -4.017673796984853885e-02 -4.426658732708284916e+00
1.972110410574360628e+01 -5.910523424623934097e-02 -4.825683247482460914e+00
1.504976079997854121e+01 -8.040201532169921617e-02 -5.187747618959570595e+00
1.003083145801993048e+01 -9.981759993358983729e-02 -5.439149458830944361e+00
5.503199323718870772e+00 -1.131024257663657273e-01 -5.506184973018004136e+00
1.466864397094105321e+00 -1.202564928199306021e-01 -5.388854161519057051e+00
-2.078173321853656219e+00 -1.212798010942832683e-01 -5.087157024334121758e+00
-5.131913833124789548e+00 -1.161723505894245168e-01 -4.601093561463199144e+00
-7.694357136719295553e+00 -1.049341413053544309e-01 -3.930663772906287434e+00
-9.765503232637176012e+00 -8.756517324207296893e-02 -3.075867658663384852e+00
-1.134535212087854639e+01 -6.406544639957782727e-02 -2.036705218734394585e+00
-1.243390380144312957e+01 -3.443496077787312759e-02 -8.131764531194987100e-01
-1.303115827433185281e+01 1.326283622807287879e-03 5.947186381742841643e-01
-1.317087922756966911e+01 3.285423187296271363e-02 1.874636409183249253e+00
-1.288682970519869109e+01 4.978502671916043565e-02 2.714239171347863966e+00
-1.217900970721897203e+01 5.211866816139750641e-02 3.113526924667980644e+00
-1.104741923363049949e+01 3.985515619967595902e-02 3.072499669143692991e+00
-9.492058284433280591e+00 1.299449083399595306e-02 2.591157404775001893e+00
-7.512926859627115483e+00 -2.846332793564698704e-02 1.669500131561803435e+00
-5.110024959212357665e+00 -8.451830010924543668e-02 3.075278495042637061e-01
-2.283352583188853480e+00 -1.551704256868023935e-01 -1.494759441397679467e+00
9.670902684434032892e-01 -2.404197046683179129e-01 -3.737361741144029637e+00
4.641303595552094485e+00 -3.402661370499293625e-01 -6.420279049622333645e+00
8.090990939305502394e+00 -4.357869369694652995e-01 -8.992727767040419096e+00
1.066789293523463833e+01 -5.080604012926820401e-01 -1.090395580845749990e+01
1.237200958333950318e+01 -5.570865300195790848e-01 -1.215396317387357605e+01
1.320334088362013425e+01 -5.828653231501582654e-01 -1.274274986328867243e+01
1.316188683607638055e+01 -5.853967806844146970e-01 -1.267031587670268422e+01
1.224764744070835221e+01 -5.646809026223515993e-01 -1.193666121411569137e+01
1.046062269751605633e+01 -5.207176889639693051e-01 -1.054178587552769564e+01
7.800812606499212265e+00 -4.535071397092605427e-01 -8.485689860938482099e+00
4.268217167658297839e+00 -3.630492548582374135e-01 -5.768373170348421120e+00
-1.371636190068912242e-01 -2.493440344108949491e-01 -2.389835803757355492e+00
-4.604681421501255478e+00 -1.304041193359123940e-01 1.053319199884102053e+00
-8.323687907829695476e+00 -2.424215060196926660e-02 3.964488801625338343e+00
-1.129418307799245369e+01 6.914187179094233304e-02 6.343673001466545003e+00
-1.351616693198899100e+01 1.497479478428056510e-01 8.190871799407295484e+00
-1.498963946981960760e+01 2.175760775536296765e-01 9.506085195447827374e+00
-1.571460069148430172e+01 2.726262609234143541e-01 1.028931318958813534e+01
-1.569105059698303961e+01 3.148984979521628480e-01 1.054055578182822472e+01
-1.491898918631583193e+01 3.443927886398676641e-01 1.025981297216804755e+01
-1.339841645948269999e+01 3.611091329865331878e-01 9.447084760607650011e+00
-1.112933241648364735e+01 3.650475309921593636e-01 8.102371147147033881e+00
-8.549124183627739626e+00 3.450983804677688616e-01 6.490616398575459911e+00
-6.095203915164436381e+00 2.901514435164861405e-01 4.876779942186304950e+00
-3.767571611183015534e+00 2.002067201360373805e-01 3.260861778033643965e+00
-1.566227271683472200e+00 7.526421032642260922e-02 1.642861906117476511e+00
5.088291033343694814e-01 -8.467608591237391069e-02 2.278032643765914855e-02
2.457597513870140915e+00 -2.796141685803237298e-01 -1.599382961005519910e+00
4.280077959924034836e+00 -5.095500376774397822e-01 -3.223627956212205881e+00
5.976270441496048136e+00 -7.744836932037215682e-01 -4.849954659182397876e+00
7.546174958586314929e+00 -1.074415135159197510e+00 -6.478363069916239780e+00
8.989791511194557216e+00 -1.409344363543814760e+00 -8.108853188413444713e+00
1.016127589511709139e+01 -1.733598087011669175e+00 -9.498824460927815849e+00
1.091478112437608239e+01 -2.001502143062744654e+00 -1.040567170644709982e+01
1.125030719896822262e+01 -2.213056531696019569e+00 -1.082939492496580058e+01
1.116785411889345525e+01 -2.368261252911456172e+00 -1.076999411648384175e+01
1.066742188415182824e+01 -2.467116306709075779e+00 -1.022746928100128372e+01
9.749010494743339805e+00 -2.509621693088877947e+00 -9.201820418518124711e+00
8.412619950667993507e+00 -2.495777412050863564e+00 -7.693047529034364729e+00
6.658250251925611707e+00 -2.425583463595023304e+00 -5.701150612549809260e+00
4.485901398516506156e+00 -2.299039847721369600e+00 -3.226129669064807359e+00
1.895573390449447171e+00 -2.116146564430156918e+00 -2.679846985903597267e-01
-7.211362963421656946e-01 -1.888263015437082082e+00 2.682583144232819627e+00
-2.972637654956244102e+00 -1.626748385797265328e+00 5.134882064023220671e+00
-4.858930685392389925e+00 -1.331602675510752842e+00 7.088912060780408808e+00
-6.380015387650817438e+00 -1.002825884577522864e+00 8.544673134504622070e+00
-7.535891761731527971e+00 -6.404180129975757252e-01 9.502165285195863120e+00
-8.326559807634573929e+00 -2.443790607708743456e-01 9.961388512854146171e+00
-8.752019525359816754e+00 1.852909721025105538e-01 9.922342817479394839e+00
-8.812270914907340824e+00 6.485920856226123909e-01 9.385028199071669519e+00
-8.507313976277149692e+00 1.145524279789432276e+00 8.349444657630970212e+00
-7.837148709469905938e+00 1.676087554564140492e+00 6.815592193214567551e+00
-6.805409651615117461e+00 2.050294091944876662e+00 5.064130453161362233e+00
-5.415731131880420435e+00 2.078166944692449114e+00 3.375703025967719206e+00
-3.668113150265814859e+00 1.759706112806856293e+00 1.750309911633641580e+00
-1.562555706771099118e+00 1.094911596288026256e+00 1.879511101589919075e-01
9.009411986033528663e-01 8.378339513607535594e-02 -1.311373378455951366e+00
3.722377565857713400e+00 -1.273678490649039929e+00 -2.747663554211330794e+00
6.901753394991980706e+00 -2.977474061067318711e+00 -4.120919417107145932e+00
1.043906868600648963e+01 -5.027603316118961274e+00 -5.431140967143510245e+00
1.433432343890060423e+01 -7.424066255803596803e+00 -6.678328204320190586e+00
1.858751765367462738e+01 -1.016686288012139983e+01 -7.862481128637306860e+00
2.232910380334839218e+01 -1.267266811253425551e+01 -8.764252167399629201e+00
2.468953436094174236e+01 -1.435815687650405437e+01 -9.164293747911928634e+00
2.566880932645469926e+01 -1.522332917203084257e+01 -9.062605870174174072e+00
2.526692869988708168e+01 -1.526818499911445315e+01 -8.459188534186383279e+00
2.348389248123904949e+01 -1.449272435775501755e+01 -7.354041739948570466e+00
2.031970067051059203e+01 -1.289694724795252156e+01 -5.747165487460735633e+00
1.577435326770124746e+01 -1.048085366970671650e+01 -3.638559776722665617e+00
9.847850272811836447e+00 -7.244443623018037570e+00 -1.028224607734738782e+00
2.540191685841996616e+00 -3.187717107886301804e+00 2.083840019503210073e+00
-6.148622493208261375e+00 1.689325875688490797e+00 5.697634104991184500e+00
-1.458254437715988949e+01 6.433107282526041359e+00 9.171670422732759675e+00
-2.112543246174641354e+01 1.008999450229557127e+01 1.186442503988065944e+01
-2.577728674663385533e+01 1.265998753480240779e+01 1.377589795630395209e+01
-2.853810723182223086e+01 1.414308638004656160e+01 1.490608917200263939e+01
-2.940789391731152236e+01 1.453929103802800959e+01 1.525499868697671957e+01
-2.838664680310157706e+01 1.384860150874668072e+01 1.482262650122612335e+01
-2.547436588919256550e+01 1.207101779220266380e+01 1.360897261475092890e+01
-2.067105117558446281e+01 9.206539888395958826e+00 1.161403702755112022e+01
-1.397670266227661884e+01 5.255167797326166124e+00 8.837819739626429083e+00
-5.391320349270205980e+00 2.169015189939784705e-01 5.280320750977340438e+00
3.390889506719196422e+00 -4.864957943898296833e+00 1.620723448087895147e+00
1.067568833436313724e+01 -8.947089689142124769e+00 -1.461775828085457141e+00
1.646307613362353806e+01 -1.202949371671400769e+01 -3.967177077527466178e+00
2.075305290449937345e+01 -1.411217002661340203e+01 -5.895480300237694316e+00
2.354561864699123319e+01 -1.519511861884062398e+01 -7.246685496216385580e+00
2.484077336109911016e+01 -1.527833949339567177e+01 -8.020792665463540416e+00
2.463851704682299726e+01 -1.436183265027854539e+01 -8.217801807979158824e+00
2.293884970416268843e+01 -1.244559808948903878e+01 -7.837712923763183070e+00
1.974177133311847854e+01 -9.529635811027480585e+00 -6.880526012815676218e+00
1.504728193371381728e+01 -5.613945814914283794e+00 -5.346241075143906230e+00
9.890464860391643853e+00 -1.601537040462698513e+00 -3.554683475717887120e+00
5.306383725205257917e+00 1.604598796317018961e+00 -1.825672479402772552e+00
1.295038528155471269e+00 4.004461695424298640e+00 -1.592080861988691698e-01
-2.143570730758145970e+00 5.598051656859458269e+00 1.444709703893980235e+00
-5.009444051535597353e+00 6.385368680622503845e+00 2.986080890875774330e+00
-7.302581434177056963e+00 6.366412766713391846e+00 4.464905474746641900e+00
-9.022982878682121566e+00 5.541183915132124937e+00 5.881183455506320712e+00
-1.017064838505101676e+01 3.909682125878744863e+00 7.234914833154945768e+00
-1.074557795328374610e+01 1.471907398953245405e+00 8.526099607692515292e+00
-1.074777158345779426e+01 -1.772140265463280517e+00 9.754737779088026528e+00
-1.055602439547380555e+01 -4.935904570299773475e+00 1.076879987375336789e+01
-1.054910983525441104e+01 -7.132879945648806341e+00 1.141626511695483437e+01
-1.072702790279960716e+01 -8.363066391510379560e+00 1.169713350869242596e+01
-1.108977859810943656e+01 -8.626463907884470927e+00 1.161140504896612136e+01
-1.163736192118383528e+01 -7.923072494771038699e+00 1.115907973777593121e+01
-1.236977787202282464e+01 -6.252892152170144158e+00 1.034015757512186440e+01
-1.328702645062640642e+01 -3.615922880081788193e+00 9.154638561003924480e+00
-1.438910765699469074e+01 -1.216467850560754016e-02 7.602522695421955135e+00
-1.567602149112747512e+01 4.558382452557747655e+00 5.683809978376231697e+00
-1.714776795302485368e+01 1.009571851310857049e+01 3.398500409866633376e+00
-1.848010388585450769e+01 1.554250505180270281e+01 1.112696190226795556e+00
-1.934878613278413440e+01 1.984140361729599178e+01 -8.075004802096455991e-01
-1.975381469381374444e+01 2.299241420958867721e+01 -2.362089601442813880e+00
-1.969518956894326678e+01 2.499553682868019067e+01 -3.551071173472432729e+00
-1.917291075817275114e+01 2.585077147457086966e+01 -4.374445196298655247e+00
-1.818697826150221175e+01 2.555811814726070352e+01 -4.832211669921480990e+00
-1.673739207893148517e+01 2.411757684674952174e+01 -4.924370594340904184e+00
-1.482415221046084142e+01 2.152914757303758719e+01 -4.650921969556907065e+00
-1.244725865609016324e+01 1.779283032612480042e+01 -4.011865795569514503e+00
-9.606711415819450650e+00 1.290862510601118274e+01 -3.007202072378725610e+00
-6.749279328386261767e+00 7.948990656271753608e+00 -1.873614955508816848e+00
-4.321756797304098896e+00 3.986447088161860997e+00 -8.478021439025829054e-01
-2.324143822664116232e+00 1.020994401900493065e+00 7.023636239164554596e-02
-7.564404044663133320e-01 -9.473674025123512976e-01 8.805005633738701709e-01
3.813534572893912955e-01 -1.918638325076714946e+00 1.582990459044146814e+00
1.089237762602794923e+00 -1.892818365792424018e+00 2.177706049402351240e+00
1.367212511474019010e+00 -8.699075246596104094e-01 2.664647334448551508e+00
1.215277703903061557e+00 1.150094198321726324e+00 3.043814314182745839e+00
6.334333398898537304e-01 4.167186803151897934e+00 3.315206988604955107e+00
-3.783205805655023291e-01 8.181370289830368847e+00 3.478825357715130906e+00
-1.451935489439188931e+00 1.230918772575336284e+01 3.577084135486035432e+00
-2.219355798696208026e+00 1.566716532761278025e+01 3.652398844891691532e+00
-2.680581508328219176e+00 1.825530309538871876e+01 3.704769485933065098e+00
-2.835612618335140667e+00 2.007360102908073785e+01 3.734196058610147695e+00
-2.684449128717026234e+00 2.112205912868908442e+01 3.740678562922945094e+00
-2.227091039473878098e+00 2.140067739421376558e+01 3.724216998871456852e+00
-1.463538350605693150e+00 2.090945582565477423e+01 3.684811366455683856e+00
-3.937910621123643651e-01 1.964839442301198247e+01 3.622461665675618558e+00
9.821508260059177431e-01 1.761749318628559280e+01 3.537167896531272948e+00
2.664287313741823482e+00 1.481675211548779991e+01 3.428930059027832655e+00
4.326620892750258740e+00 1.178555913366182928e+01 3.526035201337404779e+00
5.643160272513690678e+00 9.063291875977448342e+00 4.056766017459383811e+00
6.613905453031887482e+00 6.649950342435136719e+00 5.021122507393674717e+00
7.238856434304977938e+00 4.545534533034637725e+00 6.419104671140306806e+00
7.518013216332969151e+00 2.750044447775952694e+00 8.250712508699280079e+00
7.451375799115831811e+00 1.263480086658963497e+00 1.051594602007081392e+01
7.038944182653581016e+00 8.584144968393425668e-02 1.321480520525450686e+01
6.280718366946229203e+00 -7.828714631492804665e-01 1.634729006425053655e+01
5.176698351993771929e+00 -1.342658651840681339e+00 1.991340059705891008e+01
3.726884137853903933e+00 -1.593520116445334978e+00 2.391313680350354787e+01
2.213919964337220048e+00 -1.804516956606144751e+00 2.748419844875363793e+01
9.204338988569796820e-01 -2.244694876772073577e+00 2.976433463725381401e+01
-1.535740585868165531e-01 -2.914053876943121679e+00 3.075354536900406544e+01
-1.008103907994236437e+00 -3.812593957119378540e+00 3.045183064400432116e+01
-1.643155649365126036e+00 -4.940315117300684733e+00 2.885919046225462736e+01
-2.058729282699572227e+00 -6.297217357487109979e+00 2.597562482375500181e+01
-2.254824807997575675e+00 -7.883300677678653834e+00 2.180113372850546938e+01
-2.231442225259122836e+00 -9.698565077875489493e+00 1.633571717650546873e+01
-1.988581534484219482e+00 -1.174301055807729099e+01 9.579375167755987519e+00
-1.526242735672872497e+00 -1.401663711828421377e+01 1.532107702256578108e+00
-9.985949627803344386e-01 -1.611701371152540929e+01 -6.396176488193289877e+00
-5.598073497618580863e-01 -1.764170929083003614e+01 -1.279556867179415036e+01
-2.098798966174160174e-01 -1.859072385619815648e+01 -1.766606884854637727e+01
5.118739665292931784e-02 -1.896405740762959979e+01 -2.100767701844910462e+01
2.233945300492131136e-01 -1.876170994512447265e+01 -2.282039318150282980e+01
3.067415035714352589e-01 -1.798368146868277506e+01 -2.310421733770754571e+01
3.012283172195913683e-01 -1.662997197830436491e+01 -2.185914948706308536e+01
2.068549709936825520e-01 -1.470058147398948378e+01 -1.908518962956967613e+01
2.362146489371186320e-02 -1.219550995573803220e+01 -1.478233776522725229e+01
-2.484722010803201986e-01 -9.114757423550013726e+00 -8.950593894035829834e+00
-5.377025592105999507e-01 -5.982413135479792921e+00 -2.858414233496409995e+00
-7.723420376560977685e-01 -3.322596338746774958e+00 2.225672415943404925e+00
-9.523906364021640369e-01 -1.135307033457911841e+00 6.301666054024608776e+00
-1.077848355448798978e+00 5.794547803867996505e-01 9.369566680747215770e+00
-1.148715194796006811e+00 1.821689102787447556e+00 1.142937429611135158e+01
-1.164991154443774324e+00 2.591395933743809277e+00 1.248108890011665650e+01
-1.126676234392110620e+00 2.888575273256021259e+00 1.252471049276336501e+01
-1.033770434641015701e+00 2.713227121324077284e+00 1.156023907405146289e+01
-8.862737551904740219e-01 2.065351477947904524e+00 9.587674643980740541e+00
-6.841861960405114518e-01 9.449483431276135548e-01 6.607017202551541679e+00
-4.674898814606113229e-01 -3.166857350714752384e-01 3.338908736303549230e+00
-2.761676983233108951e-01 -1.388247889566185167e+00 5.040049770135316409e-01
-1.102196466295056326e-01 -2.269738120349053645e+00 -1.897694075302325922e+00
3.035427362077516497e-02 -2.961156427419925574e+00 -3.866188420643593915e+00
1.455540624275472594e-01 -3.462502810778887330e+00 -5.401478059010504928e+00
2.353797197908105154e-01 -3.773777270425935804e+00 -6.503562990403057853e+00
2.998312457105651307e-01 -3.894979806361075436e+00 -7.172443214821254465e+00
3.389086401868134923e-01 -3.826110418584289352e+00 -7.408118732265096540e+00
3.526119032195485503e-01 -3.567169107095589986e+00 -7.210589542734540558e+00
3.409410348089938481e-01 -3.118155871898050435e+00 -6.579855646235131417e+00
3.135308012237323916e-01 -2.614124574586980110e+00 -5.757995287346783009e+00
2.800157849661715770e-01 -2.190126500843461166e+00 -4.987082093433822472e+00
2.403959860363172607e-01 -1.846161650667568432e+00 -4.267116064496383032e+00
1.946714044341667504e-01 -1.582230024059260387e+00 -3.598097200534396300e+00
1.428420401597201850e-01 -1.398331621018538140e+00 -2.980025501547861388e+00
8.490789321297192993e-02 -1.294466441545394808e+00 -2.412900967536730334e+00
2.086896359393244915e-02 -1.270634485639849709e+00 -1.896723598501102392e+00
-4.927474869740328112e-02 -1.326835753301889298e+00 -1.431493394440926492e+00
-1.255232436610350943e-01 -1.463070244531513797e+00 -1.017210355356203078e+00
-2.078765212969707898e-01 -1.679337959328746965e+00 -6.538744812469008405e-01
-2.963345816051954906e-01 -1.975638897693548390e+00 -3.414857721130845070e-01
-3.908974245857164131e-01 -2.351973059625935392e+00 -8.004422795471988206e-02
-4.915650502385334741e-01 -2.808340445125907081e+00 1.304501512281923681e-01
-5.983374585636564991e-01 -3.344741054193514529e+00 2.899973654356656216e-01
-7.112146495610666141e-01 -3.961174886828664476e+00 3.985974146676706797e-01
-8.301966232307725901e-01 -4.657641943031397780e+00 4.562502989242235296e-01
-9.552833795727749822e-01 -5.434142222801717992e+00 4.629560182053245043e-01
-1.086474918587085670e+00 -6.290675726139702384e+00 4.187145725109684413e-01
-1.223771240273680894e+00 -7.227242453045199078e+00 3.235259618411617799e-01
-1.367172344632571868e+00 -8.243842403518279127e+00 1.773901861959037429e-01
-1.516678231663759702e+00 -9.340475577558946085e+00 -1.969275442480600269e-02
-1.672288901367243286e+00 -1.051714197516719729e+01 -2.677228600209677900e-01
-1.834004353743037496e+00 -1.177384159634314820e+01 -5.667001305926097077e-01
-2.001824588791114579e+00 -1.311057444108657677e+01 -9.166245661396791311e-01
