-7.132441939005163078e+01 -6.734235768688721535e+00 1.008814817469995972e+01
-6.427402216953561265e+01 -6.174646463195993640e+00 1.001638183065347221e+01
-5.750811880584135594e+01 -5.635864821746933373e+00 9.834858684689857355e+00
-5.103152764450891254e+01 -5.136460749227950373e+00 9.522104991075645231e+00
-4.484936537130067791e+01 -4.687686198783212355e+00 9.066527239275027128e+00
-3.896638670370855806e+01 -4.294578773191806143e+00 8.465576136297222831e+00
-3.338631394801447527e+01 -3.957074265163432081e+00 7.724875192017678138e+00
-2.811123812754110673e+01 -3.671085256450508094e+00 6.857297972702964373e+00
-2.314115684343246215e+01 -3.429505939622745636e+00 5.881992454246871560e+00
-1.847369719422333745e+01 -3.223108094504647081e+00 4.823362449034785726e+00
-1.410405553798347356e+01 -3.041299989599625775e+00 3.710023734908467929e+00
-1.002519104818341589e+01 -2.872223955688500308e+00 2.574238181318126095e+00
-6.228731602377651555e+00 -2.703166974863552063e+00 1.450641185552916212e+00
-2.706230424759213271e+00 -2.524579044739525546e+00 3.712333024412420857e-01
5.502277430905481159e-01 -2.330383607983777416e+00 -6.356533331033292766e-01
3.547604621046071216e+00 -2.117413657403259375e+00 -1.545404299455041208e+00
6.291577245828084308e+00 -1.884905023279944691e+00 -2.337150360929002080e+00
8.786291730860355642e+00 -1.634051080299925740e+00 -2.993785965564408791e+00
1.103419761000295907e+01 -1.367621451991279713e+00 -3.501989207851629260e+00
1.303596023688582761e+01 -1.089646036850240529e+00 -3.852251189527001962e+00
1.479045056192980923e+01 -8.051647542544553282e-01 -4.038920067973853278e+00
1.629410588452671149e+01 -5.209345704491397111e-01 -4.062986517380381635e+00
1.753929449634907201e+01 -2.488925539017066979e-01 -3.941796819708759614e+00
1.851784156511992663e+01 -4.812076269572883314e-03 -3.702400653019505938e+00
1.922307768090858815e+01 1.929492670770954210e-01 -3.376883517540849144e+00
1.965064268851941165e+01 3.243335401717021282e-01 -2.999932708888560118e+00
1.987711103030490989e+01 4.124198900598597950e-01 -2.614264659018608494e+00
1.997993837410120221e+01 4.838336717788704888e-01 -2.257142405205520230e+00
1.995934285116539186e+01 5.235637222376615663e-01 -1.954218266940430215e+00
1.981663595632737440e+01 5.178417066613063557e-01 -1.728515278560588841e+00
1.955311602041166807e+01 4.552408300644704142e-01 -1.599535346746837394e+00
1.916930843205276247e+01 3.328502377059313067e-01 -1.575572215612512927e+00
1.866582928038426559e+01 1.713863288392042383e-01 -1.633624212876716664e+00
1.804325301190421982e+01 -1.963048034645920037e-03 -1.742403974912486886e+00
1.730310785469319868e+01 -1.604768587239647770e-01 -1.870597407326821449e+00
1.644860412538929850e+01 -2.795383311819755745e-01 -1.988167022891340174e+00
1.534035334706560327e+01 -3.697377331127312816e-01 -2.052015596171424594e+00
1.383927163831051743e+01 -4.402636259712937039e-01 -2.016522937703956853e+00
1.195037605154725568e+01 -4.748804191949846376e-01 -1.857128981449007732e+00
9.677125970059847759e+00 -4.709567339438591738e-01 -1.563075723777371362e+00
7.019473501633117785e+00 -4.430572393288365607e-01 -1.142191336585838490e+00
3.972452273252400357e+00 -4.281180470238153957e-01 -6.270235954782217291e-01
5.275878432376016614e-01 -4.847297279647965196e-01 -7.370076245049837771e-02
-3.320467448288835666e+00 -6.743410444946943416e-01 4.598080479010250299e-01
-7.571032660208558696e+00 -1.054456838508720518e+00 9.213580812280302013e-01
-1.221697447500305778e+01 -1.674451830101872707e+00 1.268436602530946589e+00
-1.645960585622846750e+01 -2.454408622148414043e+00 1.407703388601254435e+00
-1.950499042569859753e+01 -3.228252699251533908e+00 1.318041805958809487e+00
-2.135579283735654244e+01 -3.896887615751749578e+00 1.082220252469292765e+00
-2.202378662637728723e+01 -4.357347239652154869e+00 7.843126001957747562e-01
-2.152709452326791251e+01 -4.515615495347008235e+00 4.995163866438470102e-01
-1.988349725457639394e+01 -4.305279565400621955e+00 2.805277904628140639e-01
-1.710093352862338989e+01 -3.711151480683328341e+00 1.406296633646029193e-01
-1.317956564028453137e+01 -2.744679980705186928e+00 7.370595848797845129e-02
-8.114807324055863802e+00 -1.429933889334123798e+00 6.456065687691081578e-02
-1.899867501867872344e+00 2.041398296293213122e-01 9.402974330477331666e-02
4.254073401768709850e+00 1.833313671779776888e+00 1.368971868223173294e-01
9.132199836332006271e+00 3.147404669058695870e+00 1.740623392296489769e-01
1.273268065389512316e+01 4.151562163339712619e+00 2.047048906885575725e-01
1.505100444624594225e+01 4.860288454250693668e+00 2.352779345279532031e-01
1.608195431936878350e+01 5.289033215606224303e+00 2.733862990660373971e-01
1.582255548996284134e+01 5.442750165200344270e+00 3.196454495706246846e-01
1.427717554352377505e+01 5.300591340371347826e+00 3.577269607738553514e-01
1.145489434560461461e+01 4.826880019654048226e+00 3.627651541752090480e-01
7.367547857828642854e+00 3.979962652629120523e+00 3.082611477817789325e-01
2.028315325510807288e+00 2.718326944945878232e+00 1.708010218608372599e-01
-3.502738068491286771e+00 1.302805851025478967e+00 -2.870095841239828083e-02
-8.178329644933123532e+00 3.871256100390330079e-02 -2.413837103451879074e-01
-1.200656466443866321e+01 -1.040240471452847260e+00 -4.419376616980548178e-01
-1.499721690216059500e+01 -1.897413300253172563e+00 -6.049151646256176740e-01
-1.716012806788370781e+01 -2.497417957523865972e+00 -7.073734888840008672e-01
-1.850273477720658377e+01 -2.813261395344943239e+00 -7.339666493265140090e-01
-1.902641158705596425e+01 -2.839946902474060231e+00 -6.879985485878128415e-01
-1.872784253515150965e+01 -2.587432670931004264e+00 -5.841321454805123992e-01
-1.760114084639699428e+01 -2.074426882807537620e+00 -4.427313505619263623e-01
-1.563953671651591470e+01 -1.324541022782273814e+00 -2.864831310002950993e-01
-1.346194027838696350e+01 -5.383503531042953538e-01 -1.515297437176834627e-01
-1.169331624208685128e+01 1.010570997486573419e-01 -5.764396870297128217e-02
-1.033693400489606695e+01 5.971615324196324348e-01 -1.572497928973959347e-03
-9.396431456720478081e+00 9.549110107602276631e-01 1.993611994344179905e-02
-8.875157738641043181e+00 1.178812261030853792e+00 8.307576482780243410e-03
-8.775393915018991464e+00 1.272249592699668863e+00 -3.668222994278425020e-02
-9.097372456054884537e+00 1.239654330795251891e+00 -1.120944475711509458e-01
-9.840015832236201021e+00 1.083242185044741568e+00 -2.167062755696096410e-01
-1.100173218696696331e+01 8.034499361592695177e-01 -3.501428555010202004e-01
-1.258107181438881206e+01 4.006819641871389726e-01 -5.098490861542988029e-01
-1.417640188754438668e+01 -5.927382556971760863e-02 -6.690800902907030334e-01
-1.538809810625406982e+01 -5.049491843475020225e-01 -7.900739903423694699e-01
-1.621881707775580495e+01 -9.258141825407579795e-01 -8.511010321050420657e-01
-1.667146159789425042e+01 -1.311879087653857745e+00 -8.338183628364617128e-01
-1.674844384194574687e+01 -1.655363386352301847e+00 -7.261373452033246245e-01
-1.645060090638737549e+01 -1.954644673014946044e+00 -5.295805792051186955e-01
-1.577594404768866632e+01 -2.221888279198471317e+00 -2.739950824473758040e-01
-1.472220376275712717e+01 -2.474909273791471520e+00 -1.104378555134344353e-03
-1.328865518104125165e+01 -2.733145956818666011e+00 2.435178936926400972e-01
-1.147694531374763827e+01 -3.016002648933526764e+00 4.139433489944872591e-01
-9.696877076324296851e+00 -3.319646855173429945e+00 5.116458024862446941e-01
-8.354342809461012820e+00 -3.621672001475268576e+00 5.840010302026119593e-01
-7.445496362731223172e+00 -3.911532097852280287e+00 6.586628910274349158e-01
-6.964753388442890270e+00 -4.178548214076810652e+00 7.638154837348302140e-01
-6.905692121226490343e+00 -4.413503767956905577e+00 9.241539405094647552e-01
-7.262543017470195039e+00 -4.609690218152221242e+00 1.158193393830857287e+00
-8.031722811420751285e+00 -4.762679452970179028e+00 1.479279899290740774e+00
-9.211876507773517631e+00 -4.871947810903128229e+00 1.892605084634326307e+00
-1.080379782389105259e+01 -4.941425219857314310e+00 2.395462683622068489e+00
-1.281017859335830877e+01 -4.979671731381607458e+00 2.978649989509642992e+00
-1.457648033768535178e+01 -4.977187957800004448e+00 3.461286887129972456e+00
-1.544631356652926968e+01 -4.915390824579012552e+00 3.671399899526802013e+00
-1.541877166548947820e+01 -4.785426351014027802e+00 3.618938481635647353e+00
-1.449134515767383569e+01 -4.568210900373794736e+00 3.324756794510743241e+00
-1.266139431195236753e+01 -4.234013483981174275e+00 2.817842004371301723e+00
-9.927987629007308357e+00 -3.741459873711071360e+00 2.132607835072800384e+00
-6.293874838025450558e+00 -3.037340132085903033e+00 1.306355260399526319e+00
-1.765201161606318125e+00 -2.063829244567118693e+00 3.763359213348574372e-01
3.648568208282021885e+00 -7.631466050416793045e-01 -6.229736329341528656e-01
9.934993506371977645e+00 9.188186441947190364e-01 -1.662541335422964339e+00
1.594444932189079900e+01 2.739064817778642524e+00 -2.540295567396143372e+00
2.054020362974620184e+01 4.367058268550332301e+00 -3.108814395377134332e+00
2.373203403115736521e+01 5.717601709945158817e+00 -3.425719881826748470e+00
2.553500716389971714e+01 6.705748100881803175e+00 -3.543861743788003782e+00
2.596775893408441860e+01 7.252238229016866100e+00 -3.507130565576562553e+00
2.504959066402973633e+01 7.291333432229729183e+00 -3.344668101852299014e+00
2.279628440288655256e+01 6.781996938396122943e+00 -3.063243966621746139e+00
1.921975175667342128e+01 5.700189094709411819e+00 -2.655268521357324829e+00
1.432805712859462766e+01 4.034596935809191542e+00 -2.104687229514419666e+00
8.125451901200356986e+00 1.784611898077829828e+00 -1.391068518554422706e+00
1.653050389407638043e+00 -6.272464366414611803e-01 -6.128090787840989595e-01
-4.056690580979482874e+00 -2.761296633273902845e+00 1.178901256171223516e-01
-9.013168984702925712e+00 -4.592941531156280455e+00 7.964341668548859943e-01
-1.322312487724952668e+01 -6.106346820774088968e+00 1.413359507118466585e+00
-1.669081511008060659e+01 -7.293199572418736842e+00 1.956813794373760240e+00
-1.941833686481160726e+01 -8.150822186126681856e+00 2.416251457129193980e+00
-2.140613373105752970e+01 -8.678626230610127834e+00 2.789264666225769851e+00
-2.265334417380124776e+01 -8.877538423686420543e+00 3.078823712216145481e+00
-2.315806295734120823e+01 -8.750044682889736691e+00 3.290728099610182422e+00
-2.291761506426826500e+01 -8.299982010538212052e+00 3.432117695528091428e+00
-2.212013653350373943e+01 -7.659823306369558438e+00 3.499972064652797865e+00
-2.095555755425757383e+01 -6.959525570094236890e+00 3.486451367721885131e+00
-1.942382162028070525e+01 -6.199845957264130014e+00 3.390061365595260057e+00
-1.752528944190010307e+01 -5.381428580870774248e+00 3.207346994676467666e+00
-1.526071103982178734e+01 -4.504975027264115361e+00 2.932969299907731475e+00
-1.263125859745565194e+01 -3.571587227988320734e+00 2.559285344411268426e+00
-9.638518938478426890e+00 -2.583360259490874444e+00 2.076079318327293866e+00
-6.283922814896587994e+00 -1.543079221549013003e+00 1.474277310831122012e+00
-2.568512871971122546e+00 -4.539976054660319060e-01 7.471519916350715107e-01
1.507188379417376378e+00 6.803298156265866758e-01 -1.092353222425054837e-01
5.400552302135953830e+00 1.737296142773612218e+00 -9.800240147139667179e-01
8.569711129956282036e+00 2.599452264272360313e+00 -1.741716244454856621e+00
1.101578004603218019e+01 3.271373911961217296e+00 -2.382962267992152494e+00
1.273976146403123977e+01 3.758209815662075570e+00 -2.893338023668408088e+00
1.374234864743508844e+01 4.065537918351738611e+00 -3.264451276783674860e+00
1.402334480374169701e+01 4.199638397804567269e+00 -3.492045946084322949e+00
1.358030950941880022e+01 4.168363979913190853e+00 -3.579961610439400754e+00
1.240996754292982018e+01 3.978330016831375993e+00 -3.536581789140928578e+00
1.050931209026553503e+01 3.632597916544856531e+00 -3.372146467087452137e+00
7.876343603281194206e+00 3.128766676343403219e+00 -3.096987458165817664e+00
4.998107526238005249e+00 2.535331804486271157e+00 -2.745737825765385498e+00
2.363211060693617860e+00 1.918987228958729307e+00 -2.344768846792004702e+00
-2.578312520470732450e-02 1.269493226781737372e+00 -1.889173311401835864e+00
-2.164736778413375085e+00 5.775863476938359886e-01 -1.371833220704953726e+00
-4.047666736062052628e+00 -1.639433456728502381e-01 -7.837423191249407450e-01
-5.666588672277080185e+00 -9.584094000908780497e-01 -1.150041296002345392e-01
-7.012981224854800466e+00 -1.801375632061960275e+00 6.410323669742417074e-01
-8.080117140938140707e+00 -2.681585944751842199e+00 1.486680189732032975e+00
-8.864003256754365623e+00 -3.582789491195656595e+00 2.420799642708587829e+00
-9.364080052949462996e+00 -4.485261599260703669e+00 3.439602802627304889e+00
-9.514645291235757085e+00 -5.215008105846658637e+00 4.310984058933066798e+00
-9.265818492836032760e+00 -5.602794039735221610e+00 4.795288853513768323e+00
-8.643464780242300805e+00 -5.634767079515734522e+00 4.878372290449487281e+00
-7.670834669218121959e+00 -5.297316767378926983e+00 4.551455281727015745e+00
-6.365764456120690085e+00 -4.576390250648773694e+00 3.813823718825147147e+00
-4.737432344015060082e+00 -3.456370362185074541e+00 2.676900264660069251e+00
-2.784888723186188741e+00 -1.919323784945111466e+00 1.166810767003825244e+00
-5.036261175667305912e-01 5.315255809560348599e-02 -6.865439008517529862e-01
2.111084584978994538e+00 2.478042699207808841e+00 -2.854802006561957928e+00
5.062410147326074750e+00 5.369120725876855182e+00 -5.314617165551439371e+00
7.753457431512112308e+00 8.196881039366402888e+00 -7.598503888693469932e+00
9.589910092635948402e+00 1.039032071036490379e+01 -9.284954305818878595e+00
1.057534848242278258e+01 1.190002564771571159e+01 -1.042694716210735173e+01
1.071277871891234312e+01 1.268229613334615991e+01 -1.107304529639251456e+01
1.000575022786817314e+01 1.270201827605415446e+01 -1.125935179732373825e+01
8.460809146936146163e+00 1.193730648618251067e+01 -1.099813550036757448e+01
6.093123084238374787e+00 1.038556620028156985e+01 -1.026600659928598702e+01
2.920847879345147113e+00 8.054248846844656029e+00 -9.023700804307619450e+00
-1.037438988961349340e+00 4.954740386283833509e+00 -7.228896716097157338e+00
-5.763799253149901602e+00 1.098047046431779084e+00 -4.844949403231296969e+00
-1.035086973976401836e+01 -2.827772378524313623e+00 -2.257322518474082607e+00
-1.391011461565194907e+01 -6.138822383818272499e+00 1.029012694379938253e-01
-1.645479141775011556e+01 -8.837725827447457050e+00 2.189487592033229291e+00
-1.800023147147421199e+01 -1.092917337735096694e+01 3.957375538661491277e+00
-1.856346501662638815e+01 -1.241493008748724236e+01 5.372367116168197398e+00
-1.816336351306599894e+01 -1.328500625836405113e+01 6.427099011907236203e+00
-1.682096916964329836e+01 -1.350310783829063510e+01 7.166184199455859272e+00
-1.455775494743765464e+01 -1.302039023531162876e+01 7.659578484635215290e+00
-1.139587829217864723e+01 -1.178536051364937087e+01 7.984741306360822577e+00
-7.357233121535907472e+00 -9.750384101101683854e+00 8.215747833070732753e+00
-3.319478702042144125e+00 -7.432641051732324478e+00 8.416369858869462206e+00
-1.230776720401789426e-01 -5.409216527729753921e+00 8.567788119934698798e+00
2.271516407876489119e+00 -3.729344705339157962e+00 8.607938080096950273e+00
3.904489160204811071e+00 -2.438341901176636295e+00 8.477038711565443307e+00
4.809942414357741391e+00 -1.572626967118508245e+00 8.125524889744125900e+00
5.005815266847519318e+00 -1.153660252139223186e+00 7.523387417966071133e+00
4.481553370224093058e+00 -1.180272128850438085e+00 6.671848314091517018e+00
3.209349490023474694e+00 -1.633944714898924566e+00 5.596378028950040218e+00
1.153444528744477893e+00 -2.484961918478005405e+00 4.338461908964374558e+00
-1.723085876489642621e+00 -3.697692459711717117e+00 2.948709926736066578e+00
-4.890232669267395416e+00 -5.029057299050965213e+00 1.667267172590981783e+00
-7.786346984735147636e+00 -6.267858618184385833e+00 6.891713925583988765e-01
-1.039235039010525163e+01 -7.432140035655377730e+00 -9.732817431654883222e-03
-1.268441631694489402e+01 -8.547313116838346048e+00 -4.639481020922171517e-01
-1.463676900667069170e+01 -9.643575962020223713e+00 -7.149572334068849955e-01
-1.622565643373657096e+01 -1.075015797904841719e+01 -8.034618930235657430e-01
-1.743822540985398462e+01 -1.188173827939801619e+01 -7.509464853332898926e-01
-1.826847631243889225e+01 -1.304298929869516144e+01 -5.656928536043226430e-01
-1.871458230492189401e+01 -1.423201597446513134e+01 -2.473427371934917574e-01
-1.877821594215006229e+01 -1.544157460287738459e+01 2.114997788049346461e-01
-1.851039964297562790e+01 -1.648784526668220352e+01 6.892004941994329670e-01
-1.796543742742101912e+01 -1.718626907715868768e+01 1.065328479132337192e+00
-1.715332665101329113e+01 -1.752496290367602327e+01 1.353508239167404037e+00
-1.608489913547509786e+01 -1.749247198121259572e+01 1.566462331849121981e+00
-1.477093849280757709e+01 -1.707871792754274054e+01 1.714679420699333878e+00
-1.322057706668423727e+01 -1.627654690235992163e+01 1.803651168394027948e+00
-1.143877314842170279e+01 -1.508400647868000277e+01 1.829297258098566248e+00
-9.427902046394837754e+00 -1.350198504419974732e+01 1.784194450490961481e+00
-7.188119251669894183e+00 -1.153346839549563541e+01 1.660090769683343570e+00
-4.717148162620566687e+00 -9.183498292059086410e+00 1.448709985678545031e+00
-2.239001167493109179e+00 -6.714552067842162408e+00 1.196979480756585446e+00
2.460039313696815721e-02 -4.390460036565669633e+00 9.541599581098529903e-01
2.081180092254544256e+00 -2.219182155772964293e+00 7.175564674194516712e-01
3.937940264029472281e+00 -2.077245718119872242e-01 4.865247886645764908e-01
5.601581112985106081e+00 1.637997772462250312e+00 2.622862171252813290e-01
7.077745463473469556e+00 3.314141821478529870e+00 4.835047901098876721e-02
8.368468437140592187e+00 4.822628394508982730e+00 -1.482241110866757694e-01
9.471717571130627178e+00 6.169768358333795888e+00 -3.195481444904619828e-01
1.038238387034133936e+01 7.364629249019214896e+00 -4.577663122492383607e-01
1.109307282945128925e+01 8.418023722455400204e+00 -5.552934737422519085e-01
1.155659005698030306e+01 9.234187770497412018e+00 -6.117745137180063963e-01
1.172187715166734812e+01 9.718334930255212001e+00 -6.320522102784758012e-01
1.157620428332070439e+01 9.881529339884492558e+00 -6.174362500266630249e-01
1.111057664060609262e+01 9.730818470044738433e+00 -5.704439753542014380e-01
1.032147252964607631e+01 9.267403510689817381e+00 -4.952899436245747911e-01
9.214833327586271494e+00 8.482544521134750326e+00 -3.992026408437747698e-01
7.812464987484712964e+00 7.351754599845759408e+00 -2.938712072796587638e-01
6.142412870095522059e+00 5.847034407127059907e+00 -1.893966033972807050e-01
4.233822395684046391e+00 3.942570382726335865e+00 -9.151034162968030294e-02
2.113589925748051268e+00 1.617445697756692446e+00 -5.159377716075219666e-04
1.998359348462978025e-01 -6.260554084046550116e-01 7.416818120404344850e-02
-1.127595287362848975e+00 -2.255103225494109687e+00 1.260409248893121781e-01
-1.904414847134706434e+00 -3.240144683314895246e+00 1.602078866020669456e-01
-2.162817795938336118e+00 -3.556036194843692932e+00 1.763472865759755093e-01
-1.924805313434802212e+00 -3.186409225556806835e+00 1.680866105922236564e-01
-1.195000546185316370e+00 -2.128144733546496248e+00 1.226807546032208096e-01
4.352980859438736194e-02 -3.940667320518899119e-01 2.124172822603578870e-02
1.822017693441844610e+00 1.991285441542526735e+00 -1.593701049583396701e-01
4.179691234968522018e+00 4.995091400533073767e+00 -4.450857589749865895e-01
7.158542895378324999e+00 8.579216425552239400e+00 -8.632755346512603900e-01
1.019139656943414529e+01 1.197616137693425031e+01 -1.360533340788184109e+00
1.265844044710655503e+01 1.446380363555166504e+01 -1.845010068037319595e+00
1.451477847420701117e+01 1.607863610507551755e+01 -2.283001578654720198e+00
1.571107108916402595e+01 1.686548297750446679e+01 -2.637668188312076278e+00
1.619900820936448227e+01 1.687307107228279079e+01 -2.871534516817449312e+00
1.593716680053832313e+01 1.614745267856190125e+01 -2.951398992380143138e+00
1.489749939058362749e+01 1.472263133075076702e+01 -2.856436031210007442e+00
1.306084363252858971e+01 1.262374463745687514e+01 -2.573389955278373442e+00
1.041522340484769948e+01 9.868043774696928949e+00 -2.094085161142670959e+00
6.955788345449130716e+00 6.464315593603683574e+00 -1.414587419130571844e+00
3.388976298155240929e+00 3.070976857623366474e+00 -6.838582062096599801e-01
4.378064780910800868e-01 3.250407997128031412e-01 -6.312191261977567747e-02
-1.876880193613148728e+00 -1.798536691839870638e+00 4.339689020582868650e-01
-3.540369783070361542e+00 -3.317851454801926003e+00 7.977750503587499598e-01
-4.544219932297260733e+00 -4.243627855783616454e+00 1.021857789646095638e+00
-4.886858405160053209e+00 -4.578586775787721663e+00 1.101936827287989029e+00
-4.574799607866315121e+00 -4.316489252078160810e+00 1.034514603924572729e+00
-3.621092752855794128e+00 -3.444167837514314989e+00 8.164405172295996493e-01
-2.043461514300847437e+00 -1.943957534109338470e+00 4.445458589758818357e-01
1.373783676072793114e-01 2.041190331063599817e-01 -8.475502562588771438e-02
2.372564112184721186e+00 2.483530093503512948e+00 -6.431887471153401314e-01
4.135189287668724845e+00 4.356476867198294300e+00 -1.098535177076588543e+00
5.438549371232518581e+00 5.809704262895239779e+00 -1.448689689945547698e+00
6.297958937159584991e+00 6.828716348889888543e+00 -1.691062135647473763e+00
6.729420780727489060e+00 7.399132172607484570e+00 -1.822518658538015313e+00
6.748072533558064023e+00 7.508096780321886321e+00 -1.839278270252445502e+00
6.366332671393733378e+00 7.145851973207767216e+00 -1.736653549646467898e+00
5.593109777872292021e+00 6.305922912197971186e+00 -1.510169698739955768e+00
4.432928095424244930e+00 4.985427642374093082e+00 -1.156488542466370451e+00
2.884947331344581478e+00 3.185565122084579315e+00 -6.741210358756530852e-01
1.199199624242081486e+00 1.216840305680999990e+00 -1.516473402443214435e-01
-3.784591167731283234e-01 -6.074170317239216965e-01 3.195273894894505862e-01
-1.859398839554719629e+00 -2.278441396725198409e+00 7.347335434799951992e-01
-3.254227279373767878e+00 -3.787526403037069667e+00 1.089322677016080210e+00
-4.572379107730762726e+00 -5.126016342639079681e+00 1.378913252133930900e+00
-5.821029853115181396e+00 -6.285715290871089600e+00 1.600438097563547712e+00
-7.001882709691434670e+00 -7.260923319712594193e+00 1.755927844838313545e+00
-8.111850515286601393e+00 -8.048712946804155166e+00 1.851718408503077562e+00
-9.144238888986503611e+00 -8.648878841182702004e+00 1.897009062190017747e+00
-1.008955619607689513e+01 -9.064061220799493057e+00 1.902864207155519516e+00
-1.078844079506104414e+01 -9.199597381071187741e+00 1.887533393053109076e+00
-1.107073487765998365e+01 -8.978030823337640243e+00 1.866878170129082193e+00
-1.090941949717444004e+01 -8.432692911590816465e+00 1.843989627109779761e+00
-1.027918428846872878e+01 -7.599191872559070582e+00 1.813085981448140371e+00
-9.158077577482055531e+00 -6.513608822080747984e+00 1.757202375017839824e+00
-7.529631635036628801e+00 -5.210572684371847174e+00 1.644250436344520061e+00
-5.385371575025247992e+00 -3.721622795156080965e+00 1.423817749493675899e+00
-2.723457434068893512e+00 -2.074678171742794230e+00 1.041079776437404014e+00
4.520822741746154949e-01 -2.931273810631138677e-01 4.439380779005906996e-01
4.132301062764816457e+00 1.605370175209538175e+00 -4.125143165754520114e-01
7.542792513755679273e+00 3.251884567346386312e+00 -1.393372252209224893e+00
9.903032677166613951e+00 4.332100905257092904e+00 -2.278305669257363775e+00
1.120097086380564377e+01 4.909131145036710109e+00 -2.976071059119923312e+00
1.143432747297467067e+01 5.035465123959321332e+00 -3.402941028829747250e+00
1.060722251308591169e+01 4.749912135635823596e+00 -3.491794297031217020e+00
8.725953314443758657e+00 4.073392135033311767e+00 -3.202947502167286409e+00
5.794657180956666487e+00 3.005178291473735719e+00 -2.533452865727448877e+00
1.815140368346543687e+00 1.530419678533255112e+00 -1.502762831687012746e+00
-3.212326529664510488e+00 -3.743036090891783685e-01 -1.436563493381610990e-01
-9.288182693431116022e+00 -2.736606245057787934e+00 1.503961898747141479e+00
-1.524996580323805517e+01 -5.129844945620469332e+00 3.093933234698373447e+00
-1.993574845066548917e+01 -7.102582147241775168e+00 4.312500789492528241e+00
-2.334669507062140781e+01 -8.636886074361692422e+00 5.180932603402054859e+00
-2.548416073687508288e+01 -9.707205825779260167e+00 5.733479860566337294e+00
-2.634980815676608756e+01 -1.028558118666710541e+01 6.009895333577162546e+00
-2.594497429305492275e+01 -1.034941959009057300e+01 6.044547746253604359e+00
-2.426929558161241474e+01 -9.893013384573110969e+00 5.850487666372344187e+00
-2.132160990688129587e+01 -8.918566122537407992e+00 5.429425105965090204e+00
-1.710082133776823099e+01 -7.430740914703709343e+00 4.777313806432800014e+00
-1.160657671618784192e+01 -5.433841714779758192e+00 3.886659664806425774e+00
-5.906750406096535677e+00 -3.312546153482779143e+00 2.993520518899693172e+00
-1.069884641867981934e+00 -1.449166094295789575e+00 2.335821528959957316e+00
2.901879444618726378e+00 1.600843173568380351e-01 1.911020232171278810e+00
6.005730796917693404e+00 1.521037956013215453e+00 1.719601225007728162e+00
8.238210863830451203e+00 2.639810711464293913e+00 1.763276278263249397e+00
9.595696742175642058e+00 3.520005879712954311e+00 2.042727498305754175e+00
1.007663023915163691e+01 4.157105800682110441e+00 2.554654719288899312e+00
9.681533561411120203e+00 4.539838988665083619e+00 3.292960023547393256e+00
8.412765382784460400e+00 4.652203189746055401e+00 4.250247847427436554e+00
6.274499970592878562e+00 4.474852963645860271e+00 5.418944214893707034e+00
3.873927012005970560e+00 3.960437910652525595e+00 6.618522776808950958e+00
1.824361926196899741e+00 3.076081157852811110e+00 7.684337788790269741e+00
1.401635512038041931e-01 1.823447691279713290e+00 8.632657700766644737e+00
-1.165649058846175867e+00 2.049944499150093691e-01 9.477371358238954713e+00
-2.082501494538155917e+00 -1.776748049868393409e+00 1.022779665136432214e+01
-2.603877344276094519e+00 -4.118911868962642941e+00 1.088675560032605105e+01
-2.729634948849852805e+00 -6.815439637879366686e+00 1.145143835334728166e+01
-2.464164486842909341e+00 -9.860223854945580513e+00 1.191602093303622212e+01
-1.815773291899059450e+00 -1.324857415230913560e+01 1.227336773461987107e+01
-7.966921168514093932e-01 -1.697766130320279387e+01 1.251662433137504493e+01
3.910737810550072302e-01 -2.038974959493960881e+01 1.247881932375848280e+01
1.545201893242658997e+00 -2.282773006953396688e+01 1.200051108647392795e+01
2.655824369199425661e+00 -2.429138822748343429e+01 1.109089182021144282e+01
3.721777043444171262e+00 -2.478144495504285416e+01 9.761767256633572032e+00
4.751808467653805046e+00 -2.430076845067024749e+01 8.024832792719895025e+00
5.766647516029605569e+00 -2.285601404410627424e+01 5.886766781463374620e+00
6.801195135721912699e+00 -2.045819458816076519e+01 3.341084523697016806e+00
7.898675107196852174e+00 -1.711902698184727356e+01 3.762874145797301395e-01
9.107698380817486949e+00 -1.284977069020060014e+01 -3.019736015650575922e+00
1.048053252271437152e+01 -7.660707188712748916e+00 -6.857665584044065454e+00
1.184716333508399799e+01 -2.412216069970301469e+00 -1.059809728184668209e+01
1.298558237315438646e+01 2.053927695707509216e+00 -1.369332120477807102e+01
1.386737310206456186e+01 5.759496635995775549e+00 -1.613766881551952892e+01
1.445993919517220405e+01 8.729194344743138601e+00 -1.792408340492499974e+01
1.472855903703497660e+01 1.098909396604032906e+01 -1.904499138772769129e+01
1.463971445083935308e+01 1.256438147638522196e+01 -1.949238130445736772e+01
1.416606499818868947e+01 1.347552705875601475e+01 -1.925780726652122254e+01
1.328159125216133774e+01 1.373828651168753012e+01 -1.833707957177134418e+01
1.195993072574169602e+01 1.336383489612406095e+01 -1.673143490097524122e+01
1.017415048140718525e+01 1.235837927456126906e+01 -1.444790256525351957e+01
8.286205477828856303e+00 1.115627969106143524e+01 -1.196911541746350061e+01
6.677304299887760308e+00 1.017880629469368614e+01 -9.774320133583161763e+00
5.346860032377552585e+00 9.410904895699351513e+00 -7.869599312716125894e+00
4.292333614508459405e+00 8.841346210403340677e+00 -6.259426226637383017e+00
3.510055363359746661e+00 8.463427668336194643e+00 -4.945581416234618999e+00
2.996979178876653549e+00 8.275406304865644103e+00 -3.925735348220634524e+00
2.755844196693228110e+00 8.280216521566282850e+00 -3.190750734912015663e+00
2.793805715770438347e+00 8.485473961527816300e+00 -2.725151422317071859e+00
3.120053218022289965e+00 8.902509244161850077e+00 -2.509245898531335506e+00
3.744356863917991163e+00 9.545007580188515917e+00 -2.521262821068559479e+00
4.302160480157446010e+00 1.013703890595622958e+01 -2.617571698206160313e+00
4.439880318006067306e+00 1.037490110676980493e+01 -2.686459717182057005e+00
4.184636824923103404e+00 1.023258248422929739e+01 -2.751355395648378721e+00
3.561577873289276219e+00 9.688636336717024733e+00 -2.830935480510826885e+00
2.589122472774332273e+00 8.729701020969827141e+00 -2.937723678821207329e+00
1.273148461306159440e+00 7.353536514466057383e+00 -3.077760532795663195e+00
-3.960971223545350361e-01 5.568034442052399946e+00 -3.253680619100546068e+00
-2.435813067810204569e+00 3.386542058064823113e+00 -3.465196073271249233e+00
-4.866563665628840241e+00 8.254866238346103557e-01 -3.709517691626042168e+00
-7.709604460973644713e+00 -2.097595231511257374e+00 -3.982391739866385727e+00
-1.036976726122191472e+01 -4.782115459358200482e+00 -4.179898378940361425e+00
-1.222737972065071688e+01 -6.651548811143028317e+00 -4.202302949504965746e+00
-1.325884611692890935e+01 -7.731679453223745391e+00 -4.056730536615377858e+00
-1.343601802438253223e+01 -8.053288650285985284e+00 -3.754617237649604977e+00
-1.273186005886882199e+01 -7.646961070020806162e+00 -3.307434978594906205e+00
-1.112673593216469747e+01 -6.536735417743594567e+00 -2.719773824480462565e+00
-8.614158431694992402e+00 -4.733578784088892988e+00 -1.981330319510316018e+00
-5.195810504306946243e+00 -2.238916395615440091e+00 -1.076703716969810820e+00
-8.800705823988278498e-01 9.548225628053874647e-01 9.236326906575942353e-03
4.317978624498956641e+00 4.864949467197424049e+00 1.288152395897443458e+00
9.457715630981466504e+00 8.775968068210083572e+00 2.555679456888548362e+00
1.360321072136328802e+01 1.197058782933216570e+01 3.591973106277756234e+00
1.674765723716114962e+01 1.446340265467249608e+01 4.378978369471075993e+00
1.889214793785331636e+01 1.625822139137522626e+01 4.898970440268755944e+00
2.004517445546042964e+01 1.734761886878227699e+01 5.138210595926529400e+00
2.022269121804782088e+01 1.771117195460691818e+01 5.093906590253401312e+00
1.944952317852284551e+01 1.731130549644236538e+01 4.786832759638281587e+00
1.775815209924713400e+01 1.610038175398863203e+01 4.248457581738637856e+00
1.518766305368824021e+01 1.402614720352593025e+01 3.511397926410566583e+00
1.178253809628173165e+01 1.103561070998779670e+01 2.603140323361286868e+00
8.179218128563668699e+00 7.688287845335564974e+00 1.691633274789510200e+00
4.977390061824252143e+00 4.587926189187853332e+00 9.200622548640937648e-01
2.166185154553070369e+00 1.752607504705257835e+00 2.678381206778011059e-01
-2.691555297376883038e-01 -7.966885256322826514e-01 -2.883576173757515515e-01
-2.346458215355028631e+00 -3.037430899334435441e+00 -7.723772627494513987e-01
-4.085198575758454353e+00 -4.947271155537201537e+00 -1.205406203309103086e+00
-5.503564362404032906e+00 -6.508147141990429319e+00 -1.597419662012990571e+00
-6.617599787586986082e+00 -7.707296682820932610e+00 -1.945417240890629174e+00
-7.442005116607657733e+00 -8.536095364148252429e+00 -2.236576129638190302e+00
-7.991038635716359195e+00 -8.989003277549436177e+00 -2.451230362034474641e+00
-8.235361360697467603e+00 -9.110438008362224949e+00 -2.596716925320666114e+00
-8.142661210133162797e+00 -8.943993758461758148e+00 -2.676244898425101049e+00
-7.724174572258919014e+00 -8.484344006891500811e+00 -2.661916062777119674e+00
-6.992954707959642136e+00 -7.724840992759638425e+00 -2.530034549143711509e+00
-5.963846385524785632e+00 -6.656269949022581400e+00 -2.264094294659600326e+00
-4.653848081671728032e+00 -5.264658318783920876e+00 -1.859214792022093832e+00
-3.082049991608418527e+00 -3.529832769245060842e+00 -1.325572901318235797e+00
-1.264543231784359678e+00 -1.433640916705867241e+00 -6.772177254238338495e-01
7.882598475906752444e-01 1.036150267594611707e+00 7.316075709155323015e-02
3.073612906212288109e+00 3.883702757550000939e+00 9.173600461865683009e-01
5.122303282749454567e+00 6.537124223305301740e+00 1.701222589504843175e+00
6.492030952865419202e+00 8.400329543145780065e+00 2.279574034526640869e+00
7.220397582222468635e+00 9.440168871236631176e+00 2.664295826195761219e+00
7.331557553280431350e+00 9.635499979482153421e+00 2.863162400927228290e+00
6.831175977881535744e+00 8.981980344453019072e+00 2.872664741680653666e+00
5.699524174824909473e+00 7.500114610560519424e+00 2.669140276144061907e+00
3.886246729361110930e+00 5.244535919567145932e+00 2.201809528853315712e+00
1.329504636958248831e+00 2.288359549029814310e+00 1.410416595836519571e+00
-2.030489498692961803e+00 -1.288655621639965609e+00 2.366518397346110136e-01
-6.241748793340834212e+00 -5.411145400157812091e+00 -1.368833846575731927e+00
-1.052932189460427992e+01 -9.287594128223304324e+00 -3.162899348642526753e+00
-1.404439049880215507e+01 -1.223238728235754280e+01 -4.830701854444389376e+00
-1.670854943140450288e+01 -1.435244643939110709e+01 -6.303252722126408969e+00
-1.844834730018247626e+01 -1.575985874838364609e+01 -7.514774776431220715e+00
-1.920284924089083489e+01 -1.655615938888058025e+01 -8.406307139938627770e+00
-1.893727766964693870e+01 -1.680465123647538661e+01 -8.932593793628834433e+00
-1.767010167323416070e+01 -1.648456408177352372e+01 -9.079024485151347079e+00
-1.544939020559020904e+01 -1.552694091325389536e+01 -8.851301231884242782e+00
-1.233820034977871671e+01 -1.384099219581619877e+01 -8.270937464846465303e+00
-8.406301557138842639e+00 -1.133044241863879265e+01 -7.373578419398210571e+00
-4.371605845331739459e+00 -8.428580682130665025e+00 -6.329295390944778887e+00
-9.063639728661976314e-01 -5.635959555621083084e+00 -5.294386852929899412e+00
1.999499637994275991e+00 -2.976228407354287508e+00 -4.283686218966907155e+00
4.368907649834825158e+00 -4.864149018782357725e-01 -3.299806998370549138e+00
6.235056684166650598e+00 1.788948006011659375e+00 -2.333201822391887781e+00
7.637274119825086416e+00 3.804845428581373312e+00 -1.363618678474992851e+00
8.608198031231721004e+00 5.531546945524853598e+00 -3.668759250433286656e-01
9.165288027978760965e+00 6.957692069810917701e+00 6.762423397311245754e-01
9.312731442696049911e+00 8.085420075878202439e+00 1.778600777796903287e+00
9.044245699505225389e+00 8.926444920778163095e+00 2.947028807392734429e+00
8.541531749646093630e+00 9.400522084445370297e+00 3.957249120797965425e+00
7.973758619445637130e+00 9.431118183461276061e+00 4.573088230874014393e+00
7.311361624506046653e+00 9.041006457279904041e+00 4.777995097303953997e+00
6.532294367008527836e+00 8.249552687975590715e+00 4.556459713968317615e+00
5.628443940384627808e+00 7.067256762400840664e+00 3.897170344293152233e+00
4.614465822636266701e+00 5.487870427591582612e+00 2.796800706184865426e+00
3.533960778916363843e+00 3.482887054760941403e+00 1.262810667482199944e+00
2.439804424412063355e+00 1.019940862719799224e+00 -6.922121603845479143e-01
1.383939993566112747e+00 -1.928904974446688847e+00 -3.053681990587906014e+00
4.104164286973279729e-01 -5.383236232331833904e+00 -5.807735290721520727e+00
-3.294390085184062400e-01 -8.707968838646454657e+00 -8.401544261103758515e+00
-7.570499139276858358e-01 -1.123587830250903252e+01 -1.030243813477245141e+01
-9.526763120873953383e-01 -1.292966731085330601e+01 -1.153307844589152964e+01
-9.929727428814132395e-01 -1.375655295046584925e+01 -1.211680125302356004e+01
-9.381029822583553113e-01 -1.369366110123616487e+01 -1.207139044729769495e+01
-8.130763220610539577e-01 -1.273569970304698096e+01 -1.139949443012990926e+01
-5.841353581513679671e-01 -1.090611744458344567e+01 -1.007672624145229712e+01
-1.852215610423311176e-01 -8.245308879592046836e+00 -8.065100924164807950e+00
4.652084262966447170e-01 -4.804094253445747142e+00 -5.322393362788378823e+00
1.453822386843813597e+00 -6.394829462605302606e-01 -1.808248739457501753e+00
2.629554730296374210e+00 3.455851490989631181e+00 1.863359857167635525e+00
3.757726434629085510e+00 6.747533914645895692e+00 5.035058851713852590e+00
4.784164197805614194e+00 9.275271777376254079e+00 7.673763452923466843e+00
5.643883752430483902e+00 1.108931692802691060e+01 9.745419440661779120e+00
6.269154629370019549e+00 1.224471156956638573e+01 1.121904743456347830e+01
6.599768406067988202e+00 1.279117292881011636e+01 1.207153337301928708e+01
6.598470676475987950e+00 1.275572381898241936e+01 1.229484610218679563e+01
6.245666893657128682e+00 1.214756942029408648e+01 1.189061853692880710e+01
5.536185320726683123e+00 1.096230902002468355e+01 1.086617720018518796e+01
4.478733482716494407e+00 9.184097579275945833e+00 9.232389505850031597e+00
3.289279778256814168e+00 7.149625899507894289e+00 7.307407643630096317e+00
2.185259444669363393e+00 5.200414740930729529e+00 5.403610729310074134e+00
1.186411182552362442e+00 3.323772531947418507e+00 3.523189290033545973e+00
3.109906680241514287e-01 1.510827009640908436e+00 1.666857630943466617e+00
-4.239619528560568673e-01 -2.438628931702697955e-01 -1.654786725327728747e-01
-1.002688793158542202e+00 -1.942703642302168410e+00 -1.973958768988475887e+00
-1.413710971625712576e+00 -3.584850957758136669e+00 -3.757758731393367135e+00
-1.652712498737568314e+00 -5.165923777770368375e+00 -5.515384528375717466e+00
-1.722577979080841537e+00 -6.678377709170931986e+00 -7.245709677701935192e+00
-1.633093390157893232e+00 -8.111944439617982283e+00 -8.949048349886975728e+00
-1.442239419146222446e+00 -9.292254425296562204e+00 -1.039511950084826708e+01
-1.232160751987558811e+00 -1.003855299038275817e+01 -1.136334876806188809e+01
-1.050780775161602065e+00 -1.033238275215447288e+01 -1.186931135955431671e+01
-9.382338634575795311e-01 -1.016077737621671417e+01 -1.192479436218704159e+01
-9.223614918607179192e-01 -9.517800969031178226e+00 -1.153440047906165589e+01
-1.010682666544114205e+00 -8.408374296887565436e+00 -1.069077489776503498e+01
-1.178973294254983983e+00 -6.854910280785434296e+00 -9.370394155139791792e+00
-1.388241036378583537e+00 -4.888005910218644168e+00 -7.543146220887689601e+00
-1.593525503359138007e+00 -2.541621261775651508e+00 -5.178575677932802712e+00
-1.748788943432119325e+00 1.498345783237030604e-01 -2.249972753140859982e+00
-1.773575123490336747e+00 2.740088581437648330e+00 7.925736220080331629e-01
-1.629051668203721936e+00 4.815890793247769253e+00 3.464575771955230366e+00
-1.342595869891762383e+00 6.399744380760679974e+00 5.733738351845573789e+00
-9.495495742965021080e-01 7.519701970329775165e+00 7.567967558092256297e+00
-4.883926802257532174e-01 8.206331291472130474e+00 8.939157919378846628e+00
6.739545890996012645e-03 8.487368369189217887e+00 9.827772545378168800e+00
5.191200364011558932e-01 8.377511915896121764e+00 1.022902116485406943e+01
1.044571927250075305e+00 7.881039588641483462e+00 1.014660678057898124e+01
1.587087148189761265e+00 6.995022620890432918e+00 9.589090466497433241e+00
2.156431448811242824e+00 5.711341159756949004e+00 8.568130011418009673e+00
2.541252042071492134e+00 4.258129511408454526e+00 7.181440994614971984e+00
2.528885209150381286e+00 2.862965716186041121e+00 5.518374703591856445e+00
2.128288607488240114e+00 1.514907572320293827e+00 3.576401420971669243e+00
1.345401830338359694e+00 2.053022233956554587e-01 1.350363755530306076e+00
1.822029827302652505e-01 -1.070423483218027050e+00 -1.165937596110499186e+00
-1.363916436500798079e+00 -2.311342796182065396e+00 -3.978119289345693588e+00
-3.297917843117244008e+00 -3.513199830921723610e+00 -7.089618706246707980e+00
-5.624980094588335255e+00 -4.671344717598420182e+00 -1.050173222879190149e+01
-8.350236418722429832e+00 -5.781514736722915160e+00 -1.421398237394056352e+01
-1.147860740994931206e+01 -6.840459804433038471e+00 -1.822441232081920504e+01
-1.435327507325478713e+01 -7.656868509039062687e+00 -2.171067408238832286e+01
-1.631471538712395386e+01 -8.039839035003842227e+00 -2.385173171651926083e+01
-1.736075080019125494e+01 -7.990294996300564279e+00 -2.464808037153728293e+01
-1.748648913424948859e+01 -7.510605888001007813e+00 -2.410200254547681453e+01
-1.668556259559734656e+01 -6.602359629319050072e+00 -2.221744907694644056e+01
-1.495178851640871187e+01 -5.262547464281758458e+00 -1.900002655636693305e+01
-1.228064047218152943e+01 -3.479193597251896364e+00 -1.445678779724888585e+01
-8.666558342199129683e+00 -1.241290890350471132e+00 -8.594726736409349144e+00
-4.101587600704583281e+00 1.455224724929028213e+00 -1.419789963803308908e+00
1.425447591569660943e+00 4.603415729555361935e+00 7.063927919874785744e+00
6.850084493176216149e+00 7.628551143409080026e+00 1.526553497432359130e+01
1.109714754845590434e+01 9.951320829753145247e+00 2.160280068209285531e+01
1.416275344072190201e+01 1.155247589736428182e+01 2.608593254074261125e+01
1.603927775403396083e+01 1.242401731461024994e+01 2.872328870494033737e+01
1.671412167125775738e+01 1.257463987960376883e+01 2.952027713516019958e+01
1.616865193450415816e+01 1.203789672635202379e+01 2.847735019087075869e+01
1.437741494705306700e+01 1.088344233794950711e+01 2.558705817287237494e+01
1.130836018649640096e+01 9.205980378465104863e+00 2.084009368168398169e+01
6.922492075911617526e+00 7.117144144074140755e+00 1.423015904089925243e+01
1.172967352156984333e+00 4.739892678439678875e+00 5.757841053576118640e+00
-4.795947693496090736e+00 2.553942299252181858e+00 -2.875579314016469823e+00
-9.799026607923011056e+00 9.079614603923510385e-01 -9.965551034099643601e+00
-1.382493239800638918e+01 -2.779642675470728186e-01 -1.550077639613340885e+01
-1.685641831751826558e+01 -1.095139481290229533e+00 -1.947462622770564877e+01
-1.886830081584813001e+01 -1.641495021580809954e+00 -2.188823785525095644e+01
-1.982270954119160677e+01 -2.015161162284354823e+00 -2.275574885102379241e+01
-1.966031744676823578e+01 -2.304948033337041124e+00 -2.211357407458902813e+01
-1.830965649949322227e+01 -2.592031718369655735e+00 -2.001377855059142874e+01
-1.569521537403295319e+01 -2.950666854528938732e+00 -1.651807833100729539e+01
-1.174333489568142319e+01 -3.447604368533391472e+00 -1.169305282999097884e+01
-7.346988994684502394e+00 -3.912970307883548493e+00 -6.613048218542203927e+00
-3.464050148168641208e+00 -4.106670115088373763e+00 -2.280601384531457221e+00
-1.270864578307617787e-01 -3.987475613757677451e+00 1.349841744858455650e+00
2.628190153390510098e+00 -3.518630752550219842e+00 4.328061702885530160e+00
4.765560672998220504e+00 -2.667889100917637979e+00 6.704919179003667296e+00
6.251900226777791225e+00 -1.407565517406251354e+00 8.528000403729226520e+00
7.064577467903976782e+00 2.850618649925018566e-01 9.834517933317389549e+00
7.190530001736769705e+00 2.428833215874829587e+00 1.065217081370499841e+01
6.623455648812484498e+00 5.040080165075726981e+00 1.100253419259897569e+01
5.361875278127941513e+00 8.133805356663971864e+00 1.090419589842053760e+01
4.026590403624816794e+00 1.103048440197173541e+01 1.067121545397662707e+01
3.243790783769988195e+00 1.303836354445017065e+01 1.058166817140765303e+01
3.022426531870414657e+00 1.415410947359788452e+01 1.059995576808126749e+01
3.370545624961391873e+00 1.437443891780053917e+01 1.068825168625581234e+01
4.294398942631969085e+00 1.369558562909950616e+01 1.080358287021406305e+01
5.795241506307717394e+00 1.211366242030258888e+01 1.089510358825117642e+01
7.862322726018039276e+00 9.627165037729808361e+00 1.090545515075908867e+01
1.047914688287771412e+01 6.235492356533877789e+00 1.077733891816872358e+01
1.362609053102213963e+01 1.938400891254710823e+00 1.045918042054624664e+01
1.728142343693858152e+01 -3.264178805081335177e+00 9.910440142812070974e+00
2.073783206481546060e+01 -8.430388353292174841e+00 9.121001545511317588e+00
2.330314936974084361e+01 -1.261062687412010064e+01 8.163589813033956588e+00
2.498207566177329042e+01 -1.579494654185012870e+01 7.131572953956446526e+00
2.578447349853328419e+01 -1.797533264080638560e+01 6.110303007656945340e+00
2.572393018334520676e+01 -1.914544384919122777e+01 5.170112115477931702e+00
2.481694946758746312e+01 -1.929986119550174806e+01 4.355252931138705819e+00
2.308331693565638787e+01 -1.843269751845653204e+01 3.666520660555704580e+00
2.053911673560803663e+01 -1.654018514647403748e+01 3.075340337080388231e+00
1.719270384242075167e+01 -1.362401354189689684e+01 2.532057626626842861e+00
1.304222336216913014e+01 -9.694519406622790214e+00 1.970145655630743509e+00
8.827012614994110606e+00 -5.680415747801602855e+00 1.437491611956884352e+00
5.286338696336930099e+00 -2.504640983757289163e+00 1.034169912083240384e+00
2.412359944369332876e+00 -1.728862594756686855e-01 7.743623595118944714e-01
2.031289239159810855e-01 1.316356183195040774e+00 6.862458467537566609e-01
-1.335527282687960504e+00 1.973578196018332287e+00 8.085902897399208644e-01
-2.187934905629438376e+00 1.820459406431458760e+00 1.187633068429875483e+00
-2.326894009274367292e+00 8.932164911264149909e-01 1.874588792124062708e+00
-1.718954084677981387e+00 -7.602879698221145510e-01 2.920887056966363193e+00
-3.302811398541682930e-01 -3.087693763609007380e+00 4.371995267217151593e+00
1.869103743724397804e+00 -6.040146085946192400e+00 6.261250562475888515e+00
4.258572891427139240e+00 -8.984563437223428650e+00 8.219606244619384938e+00
6.182862850296654500e+00 -1.135587669006842582e+01 9.825573696253403710e+00
7.615155130437745612e+00 -1.321396693428597402e+01 1.102576144627505705e+01
8.528956394793935303e+00 -1.461198746460177667e+01 1.177629409237628266e+01
8.898097406759484684e+00 -1.558956816762909092e+01 1.204697273003823099e+01
8.698651681316249551e+00 -1.616177325853118774e+01 1.183001537407962189e+01
7.917042565660023179e+00 -1.630257636795895593e+01 1.115668243768982038e+01
6.547651876396084702e+00 -1.596235082735005761e+01 1.008307067773806054e+01
4.592531646538684953e+00 -1.508019477197757041e+01 8.680358394493634222e+00
2.062250956262033252e+00 -1.359192021717710830e+01 7.028439179147173199e+00
-6.140359514838715782e-01 -1.173953515601457909e+01 5.644311371166219615e+00
-2.988555171512446318e+00 -9.830572888460146430e+00 4.987408413429511356e+00
-5.019913931998535084e+00 -7.908801424883617592e+00 5.042675903708202512e+00
-6.675419182530610840e+00 -6.022536798595338858e+00 5.782357710623902136e+00
-7.935405069873625372e+00 -4.217605303659777150e+00 7.169286991498680095e+00
-8.795295708364367471e+00 -2.530053208508209028e+00 9.162210873507588005e+00
-9.257855608115370671e+00 -9.809358821815761242e-01 1.172668132542850117e+01
-9.325112288133237115e+00 4.195341289050578126e-01 1.483780560951800354e+01
-8.995722016613354910e+00 1.667179478075438759e+00 1.847814815963833368e+01
-8.262990084590217776e+00 2.759757544339787927e+00 2.263567575046087299e+01
-7.312221609349068174e+00 3.768439063377657217e+00 2.637933224300835633e+01
-6.350948172932460167e+00 4.772391808178850781e+00 2.878699713037731911e+01
-5.397181547179719985e+00 5.775569400132455122e+00 2.986317259106315092e+01
-4.468551743132071152e+00 6.779675297330440387e+00 2.961307454358657765e+01
-3.587721762199451270e+00 7.789591908543952670e+00 2.804300373601846275e+01
-2.792337723392456006e+00 8.821191084986420350e+00 2.515980595259101804e+01
-2.150694753768752854e+00 9.911072135188367938e+00 2.096819633504114933e+01
-1.741491830172813060e+00 1.110726300457734439e+01 1.547556362132958974e+01
-1.642957026150013711e+00 1.246366938330610630e+01 8.693377928336529337e+00
-1.927308510894326421e+00 1.403649413619782393e+01 6.365542188135679957e-01
-2.459519745158408099e+00 1.559234495587625169e+01 -7.245408059277361978e+00
-3.015225787583675210e+00 1.682869130324200313e+01 -1.352676720712245384e+01
-3.524269984705109326e+00 1.769175627351390290e+01 -1.822992958471009572e+01
-3.919489970521277122e+00 1.812366123912212856e+01 -2.138062414620881668e+01
-4.141188169628851057e+00 1.806690039851909546e+01 -2.300564453939805887e+01
-4.142359059587326087e+00 1.746976819699814598e+01 -2.312919818907889891e+01
-3.895583762844188946e+00 1.629304467763210695e+01 -2.176764215700456262e+01
-3.388264689286869746e+00 1.451075646632667748e+01 -1.893018639684649429e+01
-2.618016299577913486e+00 1.211132226424341773e+01 -1.461883697583905040e+01
-1.589428796997928384e+00 9.099230104675074315e+00 -8.827876300802463660e+00
-5.248916424501066658e-01 6.011124028585117074e+00 -2.799964209173098073e+00
3.541455800588341196e-01 3.392807242515903710e+00 2.225582233873199201e+00
1.045618212539880520e+00 1.268289751800997234e+00 6.261396705213070568e+00
1.551784875318165557e+00 -3.487959805606355990e-01 9.314322829358220091e+00
1.877270867820868050e+00 -1.456198467648458728e+00 1.138525514418671136e+01
2.026527031008301005e+00 -2.065182303794476315e+00 1.246909490110081009e+01
1.999822154015142850e+00 -2.204997110713601050e+00 1.255469388189141533e+01
1.796723333565722447e+00 -1.918778605282058347e+00 1.162581111575381776e+01
1.420592794800582981e+00 -1.258792776673278713e+00 9.662919839892500917e+00
8.823740150142748151e-01 -2.822082657955480300e-01 6.644959670997879542e+00
3.190672488562049658e-01 7.055718231668866025e-01 3.296591070559142356e+00
-1.383609310162052797e-01 1.451540634442273436e+00 3.625022160867781285e-01
-4.816651017015537994e-01 1.979980195583514346e+00 -2.147738220502264372e+00
-7.058436729465318304e-01 2.318709438265351697e+00 -4.223997268436206376e+00
-8.105944450814264179e-01 2.496994628485810885e+00 -5.856110602834349699e+00
-8.025156020398772627e-01 2.542950528559716261e+00 -7.034379957550844331e+00
-6.997980770252302252e-01 2.479676349338279628e+00 -7.750238447404345976e+00
-5.298803318926856853e-01 2.323906311571890537e+00 -7.997055048068581584e+00
-3.255755004086253734e-01 2.085456868105643569e+00 -7.770875265470850835e+00
-1.216177971364906796e-01 1.766862663617483786e+00 -7.070858688680992543e+00
4.378519435064709420e-02 1.448257763767675232e+00 -6.163366846969733359e+00
1.552840865634934620e-01 1.207028179938107515e+00 -5.316485734154729137e+00
2.151270222113235153e-01 1.037055630251714877e+00 -4.533499593300830632e+00
2.280415201247689705e-01 9.336537462557809031e-01 -3.816273053180830210e+00
2.009150796373960768e-01 8.936842374811335699e-01 -3.165003755938525565e+00
1.430222871102549975e-01 9.152684309946059749e-01 -2.578133457052054212e+00
6.604651775647230050e-02 9.971341283912980025e-01 -2.052771128581866833e+00
-1.967664894930432062e-02 1.139539165185099234e+00 -1.585294223771335442e+00
-1.059121149496592973e-01 1.343972936415598340e+00 -1.171992705722142869e+00
-1.864888703780414603e-01 1.612650857076308286e+00 -8.096416376218834587e-01
-2.573354274488935389e-01 1.948163030900204928e+00 -4.959990460716605654e-01
-3.166000152141096313e-01 2.353237759480641067e+00 -2.302642523357887050e-01
-3.648464475555628361e-01 2.830571243337489662e+00 -1.352783790531900121e-02
-4.052989623722963453e-01 3.382662345839019924e+00 1.507551360000227991e-01
-4.440931068877441712e-01 4.011575509483265911e+00 2.562340822392127904e-01
-4.892047947123454033e-01 4.718593322441209992e+00 2.942362387966296344e-01
-5.452085396917671911e-01 5.503896171610005439e+00 2.582070643898084494e-01
-6.143255894574304321e-01 6.366364480085175970e+00 1.426818497313119827e-01
-6.971241987817706764e-01 7.303840380422206735e+00 -5.702736528971769081e-02
-7.923630144590775304e-01 8.313557104049236202e+00 -3.442298696548051762e-01
-8.968953830898958035e-01 9.392657707407190415e+00 -7.202392250016892428e-01
-1.005641564003599830e+00 1.053877931504853649e+01 -1.183772198816604337e+00
-1.111618283926541606e+00 1.175066496584914866e+01 -1.730388567503821307e+00
-1.205996329333851147e+00 1.302875259187545964e+01 -2.351987076525687392e+00
