-9.457903122723827494e-01 -1.469735003114561511e+00 2.339338636064137444e-01
-1.017750677751707356e+00 -1.574988406100391591e+00 3.090495790605445880e-01
-1.064040463143654192e+00 -1.643267046456928338e+00 3.576684379114243306e-01
-1.084962501009042235e+00 -1.674379536687986780e+00 3.797689809230365143e-01
-1.080818965488526073e+00 -1.668132702450704885e+00 3.753393571656525873e-01
-1.051911161453587429e+00 -1.624331717728862534e+00 3.443773308865188953e-01
-9.985396520573381896e-01 -1.542780778326064972e+00 2.868892067531820800e-01
-9.210047899930113857e-01 -1.423284270359848058e+00 2.028876741497954717e-01
-8.196077032834752085e-01 -1.265648399022011095e+00 9.238857443462619723e-02
-6.946517608898857832e-01 -1.069683259709931722e+00 -4.459340338734384818e-02
-5.464445070744902155e-01 -8.352053588586496602e-01 -2.080500940312768055e-01
-3.850271113539437962e-01 -5.792406875203220951e-01 -3.803821499860031152e-01
-2.202056019936807774e-01 -3.189510459662925346e-01 -5.439940131138616408e-01
-5.196231674329595401e-02 -5.434912441120762910e-02 -6.988934349650122169e-01
1.196898299878927652e-01 2.145712050134725157e-01 -8.450900604893301082e-01
2.947073514566695973e-01 4.878347509040711349e-01 -9.825956466979129944e-01
4.730160660097795788e-01 7.654846478109392782e-01 -1.111424859734197801e+00
6.545108844794336189e-01 1.047581803848383952e+00 -1.231596672348985733e+00
8.390555574611373579e-01 1.334204162168782570e+00 -1.343136383287858449e+00
1.026482446070337451e+00 1.625445779457682427e+00 -1.446078278580987142e+00
1.216592394233339869e+00 1.921415716324060163e+00 -1.540468951654179408e+00
1.382077946820523540e+00 2.172962812066439042e+00 -1.603226860452308777e+00
1.495999841232947158e+00 2.330800970606168310e+00 -1.611120836542623280e+00
1.558625043520173170e+00 2.394899661698020044e+00 -1.563958210793878090e+00
1.570135865220962934e+00 2.365298378862224382e+00 -1.461510431296543011e+00
1.530629653007741453e+00 2.242106012775171298e+00 -1.303513913313615546e+00
1.440120648233396139e+00 2.025499219880604773e+00 -1.089671667207698702e+00
1.298544790912643965e+00 1.715720190805064549e+00 -8.196542765499812422e-01
1.105768140124599563e+00 1.313074236167039999e+00 -4.930988576308578120e-01
8.615995263069726740e-01 8.179275511307333435e-01 -1.096047677681606103e-01
5.658080850838821396e-01 2.307053656608087366e-01 3.312749501835516863e-01
2.728513923118339735e-01 -3.394471018727852063e-01 7.472413799723806038e-01
3.775284324466311042e-02 -7.841929788180012073e-01 1.055308071698284555e+00
-1.389652514121706706e-01 -1.104226308912872989e+00 1.254961191286826150e+00
-2.568991736213898092e-01 -1.300173951026034835e+00 1.345711575646590719e+00
-3.157724959333513826e-01 -1.372593966338345517e+00 1.327087183668108183e+00
-3.154356980712400005e-01 -1.321972691551564605e+00 1.198632789525692743e+00
-2.558577975498906865e-01 -1.148722063696191453e+00 9.599145463572927861e-01
-1.371111958130398212e-01 -8.531786968290097084e-01 6.105270471495188866e-01
4.064887100721803481e-02 -4.356059187734747651e-01 1.501007158421613918e-01
2.772087478936330895e-01 1.038004587028948933e-01 -4.216922495924493308e-01
5.183729114551706152e-01 6.552758394999025349e-01 -9.962291494660919788e-01
7.102967953049388328e-01 1.109197906735214900e+00 -1.464564321609560738e+00
8.532455511275635063e-01 1.465612864628549339e+00 -1.826533941264491201e+00
9.474544303066315676e-01 1.724549290430766657e+00 -2.082005346487771025e+00
9.931263432990754536e-01 1.886021796707268550e+00 -2.230874250946469850e+00
9.904310039658860143e-01 1.950032094839275087e+00 -2.273063710665509163e+00
9.395052038693387786e-01 1.916568033101192947e+00 -2.208524527938276361e+00
8.404537876344608804e-01 1.785601180137652566e+00 -2.037236768675404708e+00
6.933508514885690088e-01 1.557083507823743496e+00 -1.759212108911980099e+00
4.982405907343537277e-01 1.230943705287896428e+00 -1.374496791359839820e+00
2.997525505284429070e-01 8.841734774423266607e-01 -9.696712443867255837e-01
1.425260483392635225e-01 5.939657261506818831e-01 -6.311312142154007487e-01
2.659369376379736027e-02 3.605055152508225280e-01 -3.586970916164601286e-01
-4.801324899529212098e-02 1.839422430433138855e-01 -1.522196878544996301e-01
-8.126196702376375924e-02 6.438871759151681973e-02 -1.157997035438554367e-02
-7.311703339566627546e-02 1.920881488525397369e-03 6.331078556394936774e-02
-2.354069360270619540e-02 -3.421966820206818940e-03 7.251059670179492433e-02
6.750597901201864370e-02 4.836341465381040899e-02 1.604631411103531885e-02
2.000615432811328476e-01 1.572450346829674106e-01 -1.060867023408645915e-01
3.741627475549613724e-01 3.231565846689736232e-01 -2.939245994111830962e-01
5.484667628653422389e-01 4.946075482048604699e-01 -4.911023814339339766e-01
6.816004858266953015e-01 6.202052190859037584e-01 -6.411843575021517472e-01
7.735605147367367040e-01 7.000065321462088930e-01 -7.441182068032767827e-01
8.243518380898363640e-01 7.340699614177851329e-01 -7.998429984943816740e-01
8.339875101069056385e-01 7.224557160319343696e-01 -8.082893545639248112e-01
8.024886790640459733e-01 6.652257914771894098e-01 -7.693794614647186947e-01
7.298850240580273541e-01 5.624437948670097942e-01 -6.830269609601130609e-01
6.162156577573536520e-01 4.141744625069184171e-01 -5.491367497478651938e-01
4.615305530406230705e-01 2.204827824571683470e-01 -3.676047229989448661e-01
2.658925486414626116e-01 -1.856737654973560428e-02 -1.383175107947646754e-01
6.708270672635124887e-02 -2.532176141871803621e-01 9.317720793691600112e-02
-9.721073406130148475e-02 -4.337934238829084799e-01 2.811647791357734794e-01
-2.270357909312049061e-01 -5.603535162666937186e-01 4.255349389009120964e-01
-3.224188331075832914e-01 -6.329492511920868925e-01 5.262041266094000802e-01
-3.833651436982711269e-01 -6.516241163882661169e-01 5.831153216413074158e-01
-4.098589126176947484e-01 -6.164136933359978254e-01 5.962378681397364488e-01
-4.018628686511186987e-01 -5.273458970733664319e-01 5.655673870040004436e-01
-3.593177555555176483e-01 -3.844412774003543309e-01 4.911258765649914593e-01
-2.821418525926017162e-01 -1.877131659370875061e-01 3.729621112782291470e-01
-1.702307386018334090e-01 6.283255171006849049e-02 2.111524558375219018e-01
-5.187363568171044631e-02 3.011585639900172806e-01 4.781370897461600239e-02
4.444762653505075767e-02 4.612184682604518748e-01 -7.508014148998454207e-02
1.185897177953778997e-01 5.430081523405203558e-01 -1.576163616640850751e-01
1.704416432284277805e-01 5.465346448404744262e-01 -1.998435077010310423e-01
1.999246763680850580e-01 4.718157682669867348e-01 -2.017714693123829062e-01
2.069920533371284177e-01 3.188803129097280697e-01 -1.633709677787893999e-01
1.916288338439132710e-01 8.776848096968901947e-02 -8.457277260272542951e-02
1.538523459202677524e-01 -2.214676490825812083e-01 3.473310462605418147e-02
9.371364465370857211e-02 -6.087638918939023425e-01 1.946979785516671224e-01
1.130042141767761792e-02 -1.074044224225343624e+00 3.955145386079768066e-01
-7.131524513463194381e-02 -1.532188441975350424e+00 5.968349822133142135e-01
-1.321831678303812541e-01 -1.898199296871067476e+00 7.579883514064424954e-01
-1.713722024974717317e-01 -2.172182875310878281e+00 8.786960217488708480e-01
-1.889606539041043254e-01 -2.354253963476726330e+00 9.586579755168306294e-01
-1.850397153234992487e-01 -2.444535260763065487e+00 9.975537472784972159e-01
-1.597149422401664132e-01 -2.443157164101769752e+00 9.950431874816922928e-01
-1.131055109036376294e-01 -2.350258250574663421e+00 9.507668866462194446e-01
-4.534103251578083110e-02 -2.165986599237011756e+00 8.643460660558169861e-01
4.344429889227902075e-02 -1.890502089424844989e+00 7.353817509885683945e-01
1.531204605295628518e-01 -1.523979790400388890e+00 5.634531062699775772e-01
2.665973541352363307e-01 -1.127357990063389881e+00 3.695620172427843131e-01
3.667776819484598327e-01 -7.614136232850952091e-01 1.751597250380493576e-01
4.535816393215384434e-01 -4.261137395776781744e-01 -1.953197421032082035e-02
5.269942713998944095e-01 -1.214518290766360420e-01 -2.143105081192204220e-01
5.870622438555200828e-01 1.525527525893344560e-01 -4.089928134211947008e-01
6.338915531497605338e-01 3.958557017340195161e-01 -6.034145690841030696e-01
6.676460922060837300e-01 6.083890383347109188e-01 -7.974286730954012192e-01
6.885469709645959391e-01 7.900627541680740329e-01 -9.909032331591350884e-01
6.968724850480570998e-01 9.407668649534115524e-01 -1.183719322479793057e+00
6.929586268625961276e-01 1.060373895855490689e+00 -1.375768738501760513e+00
6.940484747064415982e-01 1.152526325681097141e+00 -1.549828569285656821e+00
7.171000578454674868e-01 1.221343747780780031e+00 -1.688469902751085883e+00
7.620564992155811623e-01 1.267434016775992989e+00 -1.791271974408394030e+00
8.288454858065281705e-01 1.291446451334913093e+00 -1.857801225198151274e+00
9.173763337566133158e-01 1.294072345599074136e+00 -1.887613802807256880e+00
1.027539141479487217e+00 1.276046206234537683e+00 -1.880259088607148410e+00
1.159206231255240027e+00 1.238147834497445032e+00 -1.835284291854172967e+00
1.312236071956718542e+00 1.181205367392108796e+00 -1.752240158768157086e+00
1.486479870164379324e+00 1.106099363500117727e+00 -1.630687866111197870e+00
1.681791015587764671e+00 1.013767964394265864e+00 -1.470207207977358266e+00
1.852065904913971606e+00 9.139271175533352221e-01 -1.293114365638132757e+00
1.951327439939245956e+00 8.149266628377879185e-01 -1.122448572475603479e+00
1.979645516428083951e+00 7.157768620815107008e-01 -9.588200524549447268e-01
1.937103327481061399e+00 6.155868434651688981e-01 -8.027395420238820911e-01
1.823787741411593055e+00 5.135657967745851371e-01 -6.546197846913327512e-01
1.639781372125305392e+00 4.090261031262613090e-01 -5.147811334682421691e-01
1.385156270399661382e+00 3.013876558510289461e-01 -3.834603735305217032e-01
1.059969149163731084e+00 1.901827249527212882e-01 -2.608218230411426530e-01
6.642580364895652734e-01 7.506084910304409996e-02 -1.469697111685349389e-01
1.980402302981698892e-01 -4.420661489266216465e-02 -4.196077994611458611e-02
-2.644023022570942127e-01 -1.580271240111347231e-01 5.237885732136801642e-02
-6.487975817757134500e-01 -2.567213653052142774e-01 1.341895663471130151e-01
-9.551574855825715193e-01 -3.403052825748553167e-01 2.033784480970596276e-01
-1.183494460181917285e+00 -4.088089164405918630e-01 2.598334372910387491e-01
-1.333822015193204535e+00 -4.622749701926651689e-01 3.034229815658773255e-01
-1.406155177048418192e+00 -5.007577526230988507e-01 3.339957395112057026e-01
-1.400510848379926898e+00 -5.243226736155804923e-01 3.513804172331509434e-01
-1.316908021278448748e+00 -5.330464760994876317e-01 3.553858420975469223e-01
-1.155367794045921270e+00 -5.270183938252747113e-01 3.458013594304129024e-01
-9.159131414171838292e-01 -5.063424258601517680e-01 3.223976377683912542e-01
-6.554743420881148364e-01 -4.755238486443271739e-01 2.936253338748711084e-01
-4.309424633975715291e-01 -4.389346134709736780e-01 2.682404426090766458e-01
-2.422843370908032423e-01 -3.964944967899844408e-01 2.464394184363525864e-01
-8.946816483971541112e-02 -3.481252288804432271e-01 2.283926980734230505e-01
2.753599937883986770e-02 -2.937491443436863747e-01 2.142441439810858494e-01
1.087557861954608351e-01 -2.332884418700398033e-01 2.041106939819317401e-01
1.542160849308673032e-01 -1.666649444456357598e-01 1.980822047546194342e-01
1.639386735410264251e-01 -9.380024784709579955e-02 1.962214841910967511e-01
1.379419232483130586e-01 -1.461614347432960495e-02 1.985645104626904134e-01
7.624059622577945838e-02 7.096479875920194691e-02 2.051208353611221891e-01
1.092685550412484177e-02 1.508769468516086010e-01 1.982048557786161569e-01
-2.591172978661374429e-02 2.129601064359716300e-01 1.601657146013754085e-01
-3.425068426324302806e-02 2.571656431387799868e-01 9.105396838657071890e-02
-1.403968747120520714e-02 2.834672797852998971e-01 -9.068631104929860548e-03
3.479747433430206704e-02 2.918613518755112657e-01 -1.401290129439129728e-01
1.123629523567701155e-01 2.823674346524684409e-01 -3.020426705691223179e-01
2.187848132141172741e-01 2.550294735827448589e-01 -4.947136833745350293e-01
3.542168812944049283e-01 2.099175491682715722e-01 -7.180350121728681367e-01
5.188383630223581955e-01 1.471304028106748818e-01 -9.718892133226929575e-01
7.128531497265565564e-01 6.679884082552597913e-02 -1.256149729663285530e+00
9.032049483733916029e-01 -2.158749303502511055e-03 -1.535569721718415881e+00
1.056293823005504118e+00 -3.106535177240671297e-02 -1.775222514523254524e+00
1.171466976862954201e+00 -2.016196215034138720e-02 -1.975491949118419521e+00
1.247994664679647148e+00 3.025508350986883671e-02 -2.136807491785848168e+00
1.285074239054012191e+00 1.198263236912059104e-01 -2.259644100847272519e+00
1.281835303215706601e+00 2.481237441160102364e-01 -2.344524687961226039e+00
1.237345888588466947e+00 4.146482617686093608e-01 -2.392025787560996708e+00
1.150619543535580824e+00 6.188306455684768892e-01 -2.402787058823682376e+00
1.020623242897851224e+00 8.600363884534621972e-01 -2.377525224636789947e+00
8.462861185227288363e-01 1.137575064102870126e+00 -2.317052996108480922e+00
6.625721159452272468e-01 1.397126835106769827e+00 -2.234701998047281535e+00
5.061621969722267522e-01 1.585312798409604262e+00 -2.142629498627959261e+00
3.784452490831438087e-01 1.702829569192088055e+00 -2.040001583270469432e+00
2.806842434083882676e-01 1.750373639886912525e+00 -1.926012942190289623e+00
2.140162580299055650e-01 1.728629261565448605e+00 -1.799880828389663012e+00
1.794570585543056318e-01 1.638257925648416435e+00 -1.660846427979255857e+00
1.779100238975877546e-01 1.479889567821029761e+00 -1.508182556947848418e+00
2.101791335154185036e-01 1.254115581683850067e+00 -1.341206623075494653e+00
2.769855854924083705e-01 9.614836413639905599e-01 -1.159297888756034123e+00
3.789874154419083929e-01 6.024941998331089232e-01 -9.619182333290048348e-01
4.914876880815748361e-01 2.562443598091089791e-01 -7.776165114597983763e-01
5.889709655682004996e-01 1.307415973972394629e-03 -6.355670667821072817e-01
6.708520434021998380e-01 -1.626580666277163134e-01 -5.362839205540407272e-01
7.365665285730045309e-01 -2.360215395891043788e-01 -4.803250095811592568e-01
7.855671295874898652e-01 -2.191805872204737049e-01 -4.682883866714397936e-01
8.173241913725415309e-01 -1.125622442751920971e-01 -5.008121810731498424e-01
8.313310554227345550e-01 8.337465502806501449e-02 -5.785781698831521380e-01
8.271148474272115303e-01 3.681362722396093745e-01 -7.023187864905128253e-01
8.042533914119853744e-01 7.411899453637667001e-01 -8.728272734499826768e-01
7.623991107138673451e-01 1.201960132455080155e+00 -1.090970456906701802e+00
7.098087533443024899e-01 1.646934188286915957e+00 -1.300789049370989936e+00
6.552415052149583863e-01 1.973305845935373837e+00 -1.445154490144681558e+00
5.991257178339608469e-01 2.181506200763393633e+00 -1.523291736445529398e+00
5.418109212716502032e-01 2.271943159206876395e+00 -1.534486974622201849e+00
4.835632203222325343e-01 2.244999093178494665e+00 -1.478085765207246549e+00
4.245684389124472213e-01 2.101027118684473560e+00 -1.353494130552245656e+00
3.649420243088313809e-01 1.840346735184525739e+00 -1.160181321211170680e+00
3.047446021024634577e-01 1.463239477446339087e+00 -8.976831440718935351e-01
2.440019341964963506e-01 9.699450556158354386e-01 -5.656050316257993371e-01
1.827279196201386791e-01 3.606582172750513182e-01 -1.636244345538830358e-01
1.253345623190632863e-01 -2.533821535277426262e-01 2.372878858576510930e-01
7.627118511874894646e-02 -7.611182445852893164e-01 5.658788950381773430e-01
3.559966881906084790e-02 -1.162656377327980106e+00 8.220001425243695925e-01
3.359763915240843168e-03 -1.458095505627359234e+00 1.005512075397456462e+00
-2.043405516912509198e-02 -1.647527264706485139e+00 1.116283407927228133e+00
-3.579408215558379375e-02 -1.731035701851655118e+00 1.154191191983663600e+00
-4.275937254302588503e-02 -1.708696897025158590e+00 1.119121267829562560e+00
-4.139440467549675845e-02 -1.580578702297569471e+00 1.010968742299246603e+00
-3.178659706848167843e-02 -1.346740825199997049e+00 8.296381431487027669e-01
-1.404288960483013500e-02 -1.007235457238729648e+00 5.750429296851530259e-01
9.128133998034859697e-03 -6.372420312479042392e-01 3.013468591648088002e-01
3.515830115580614867e-02 -3.119122148924810545e-01 6.275196475303167210e-02
6.413342392581317108e-02 -3.124441737131730679e-02 -1.407468890761478519e-01
9.613194359884724705e-02 2.047790265948397082e-01 -3.091339599561324092e-01
1.312245292012582665e-01 3.961925526648275020e-01 -4.423717154573876265e-01
1.694733809243338940e-01 5.430478544420453968e-01 -5.404002746864012829e-01
2.109314119607836324e-01 6.454141980875774953e-01 -6.031371766584018301e-01
2.556414931239265886e-01 7.033786021023135104e-01 -6.304774450198180613e-01
3.036359504413311261e-01 7.170459254744165900e-01 -6.222939118644390533e-01
3.549365073804893744e-01 6.865389129296358695e-01 -5.784377556327160441e-01
3.897606612433204831e-01 6.218272903431221188e-01 -5.105504254621393567e-01
3.883503808867747042e-01 5.326937208009245861e-01 -4.304754199433831752e-01
3.507519579613060379e-01 4.190148217297199329e-01 -3.383260017877656733e-01
2.770040968998930819e-01 2.806955936136609209e-01 -2.341826562132005574e-01
1.671368556648541448e-01 1.176695332645701225e-01 -1.180936984067467860e-01
2.117076159167000787e-02 -7.010117847005103986e-02 9.923997038220604139e-03
-1.608837704474191110e-01 -2.826255273376500621e-01 1.498843004752682395e-01
-3.790265926310787958e-01 -5.198836640609311166e-01 3.018313220189567381e-01
-6.332674274464246134e-01 -7.818271611488259998e-01 4.658392488307570023e-01
-9.236247942926498755e-01 -1.068379646776357772e+00 6.420126645130452836e-01
-1.195336662793846427e+00 -1.327609921680561911e+00 7.935950308498236350e-01
-1.393743630859829663e+00 -1.507559852724660976e+00 8.837243172747673015e-01
-1.519050269050695956e+00 -1.608047150515236723e+00 9.123935059742922515e-01
-1.571498146223591519e+00 -1.628830967869277835e+00 8.796303238862953622e-01
-1.551365700934072889e+00 -1.569612433593523093e+00 7.854986407096001821e-01
-1.458969369614374845e+00 -1.430036196520228176e+00 6.300975255911576145e-01
-1.294666778303283694e+00 -1.209692868140332500e+00 4.135571453102254713e-01
-1.058862773536608293e+00 -9.081222695254691502e-01 1.360307030639742176e-01
-7.520189632765380550e-01 -5.248175004750790240e-01 -2.023184008800109068e-01
-3.746672424203392748e-01 -5.923008571956346613e-02 -6.013350782906971004e-01
6.032947426835170816e-03 3.984012262713663155e-01 -9.830595472013474723e-01
3.237187386518674548e-01 7.570202900043706551e-01 -1.269801720053320482e+00
5.789581426399873498e-01 1.016079311917766015e+00 -1.461767634694245199e+00
7.722777521141257484e-01 1.175163433186315221e+00 -1.559059798323192636e+00
9.041649453974207606e-01 1.233993148407862783e+00 -1.561668573124342485e+00
9.750654755165346632e-01 1.192424604087793716e+00 -1.469470369286132616e+00
9.853793167913569295e-01 1.050447360356865589e+00 -1.282231217332453488e+00
9.354576452237339801e-01 8.081792731122291462e-01 -9.996141856098528233e-01
8.256036696694422083e-01 4.658583117241377747e-01 -6.211890164001175885e-01
6.560797507458518973e-01 2.383126034653983844e-02 -1.464423659374291531e-01
4.657778651073185561e-01 -4.345991082121613003e-01 3.430570111457208471e-01
2.933891141829687577e-01 -8.266689721102988830e-01 7.650958052282709199e-01
1.388637117286394274e-01 -1.152738772603901118e+00 1.119312602712305704e+00
2.157077305222313002e-03 -1.413128520285322098e+00 1.405392042232016525e+00
-1.167789715061906541e-01 -1.608114636236028350e+00 1.623063523002501007e+00
-2.180010208664324711e-01 -1.737927601132478905e+00 1.772100455078185588e+00
-3.015755329270901619e-01 -1.802750337955924653e+00 1.852319948725867915e+00
-3.675776886477716277e-01 -1.802717330176274002e+00 1.863582763429764366e+00
-4.160883215698648052e-01 -1.737914493954430872e+00 1.805793316927554626e+00
-4.471896753332945673e-01 -1.608379795185832295e+00 1.678899577191962367e+00
-4.604188860437841702e-01 -1.446045292098316004e+00 1.513887976142395564e+00
-4.553251727633866319e-01 -1.283007688909747035e+00 1.341577356127214182e+00
-4.320064491108922544e-01 -1.119492510900193194e+00 1.161721057265886925e+00
-3.905565558784522828e-01 -9.556913899497870846e-01 9.741020667459242555e-01
-3.310616520428788512e-01 -7.917632762007256186e-01 7.785327433708618683e-01
-2.535970750597072998e-01 -6.278358680633588929e-01 5.748547120881065675e-01
-1.582246841770734713e-01 -4.640071501758965544e-01 3.629388990474173293e-01
-4.499069813425723985e-02 -3.003469312321775941e-01 1.426856775364468699e-01
8.607596252972844753e-02 -1.368982766334916334e-01 -8.597490572254049002e-02
2.349648180479110282e-01 2.632126510027049324e-02 -3.230828564603278052e-01
3.799535410797728607e-01 1.759360984050915011e-01 -5.460963038859815155e-01
4.993712994959829676e-01 2.985699265563768190e-01 -7.324232555103629139e-01
5.933036264947945115e-01 3.942208626341103805e-01 -8.820057350132807228e-01
6.618410090707095295e-01 4.628848526682677877e-01 -9.947843284248254481e-01
7.050786728166146267e-01 5.045564351703969441e-01 -1.070697848782812045e+00
7.231164616605134654e-01 5.192292093050300261e-01 -1.109683152898308212e+00
7.160588129657456946e-01 5.068959860264202755e-01 -1.111675128521052214e+00
6.840148337467116813e-01 4.675485962777345961e-01 -1.076606866911841376e+00
6.270984857538274282e-01 4.011773303128299828e-01 -1.004410034728909995e+00
5.454288854560125355e-01 3.077699823634241771e-01 -8.950154604707118988e-01
4.490399637948092604e-01 2.058191326328226434e-01 -7.584268355683626561e-01
3.478041868022789807e-01 1.138550378386729844e-01 -6.047329745124989664e-01
2.416260164201371741e-01 3.191132566399199066e-02 -4.339819767826513242e-01
1.304408530259350552e-01 -3.998899417408402490e-02 -2.462074457038089248e-01
1.421514090505009154e-02 -1.018327321059585566e-01 -4.142812706096929420e-02
-1.070535216056309885e-01 -1.536160140408276142e-01 1.803522514579941616e-01
-2.333362961244336009e-01 -1.953441429439234933e-01 4.191449743564981678e-01
-3.645730760538221094e-01 -2.270318984446061394e-01 6.749761980597780431e-01
-5.006725570166687955e-01 -2.487043443600270021e-01 9.478867050502648439e-01
-6.415124564944871821e-01 -2.603982112127002924e-01 1.237931576620998397e+00
-7.643127838316817746e-01 -2.797518712777787298e-01 1.518234126029048836e+00
-8.467033553253687783e-01 -3.245832549865343974e-01 1.761674125156671655e+00
-8.892212121189893015e-01 -3.952467430905003409e-01 1.967922838920380002e+00
-8.924955239563070464e-01 -4.921435837363484223e-01 2.136611589600765804e+00
-8.572523496642467933e-01 -6.157157833249770063e-01 2.267334616267699943e+00
-7.843194271037727816e-01 -7.664416912077471888e-01 2.359654637375639297e+00
-6.746308850504835197e-01 -9.448338518763784721e-01 2.413111603193276000e+00
-5.292317785103777261e-01 -1.151439692604281362e+00 2.427235117140795317e+00
-3.492823201580361747e-01 -1.386845579829380837e+00 2.401561019614137926e+00
-1.360616017518635756e-01 -1.651684709124948691e+00 2.335652669389376435e+00
7.411935663214702652e-02 -1.897925661597775759e+00 2.239427357381172712e+00
2.466420908032328496e-01 -2.076525164845717253e+00 2.123525209928862623e+00
3.826210095258303356e-01 -2.186726561294313864e+00 1.988570087030386180e+00
4.830958838986040282e-01 -2.227879518794174452e+00 1.835095440594219030e+00
5.490263909432600009e-01 -2.199430477167535258e+00 1.663537547627084168e+00
5.812842704820343487e-01 -2.100913949786587409e+00 1.474235829406175258e+00
5.806441153657625476e-01 -1.931944482824542675e+00 1.267439194489017762e+00
5.477737276559019319e-01 -1.692209132636424807e+00 1.043317272553127451e+00
4.832248058867315565e-01 -1.381460412797299142e+00 8.019753229930702831e-01
3.874245064230947277e-01 -9.995097713478443557e-01 5.434715261716389634e-01
2.805505254781960889e-01 -6.100354638178283606e-01 2.951191243206705006e-01
1.826038617457640678e-01 -2.767564252528724178e-01 8.428040892787350136e-02
9.364577326705289528e-02 3.972227721259261567e-04 -8.895527342886933031e-02
1.373056731355233422e-02 2.214776404265462462e-01 -2.245238340681824096e-01
-5.709545674157092549e-02 3.865193866463196293e-01 -3.223856258812652920e-01
-1.187943192018530159e-01 4.955394848798461149e-01 -3.825250123155212179e-01
-1.713361682262959929e-01 5.485374433141927408e-01 -4.049502540038871223e-01
-2.146988192885878333e-01 5.454952412567480868e-01 -3.896936387086490927e-01
-2.488672587027278837e-01 4.863772931417384982e-01 -3.368117814977875657e-01
-2.738333453043120813e-01 3.711303981637451010e-01 -2.463860273080085705e-01
-2.840976872672310027e-01 2.407922705213329795e-01 -1.503286229956047049e-01
-2.741455559395469255e-01 1.365182369856814126e-01 -8.039987531592103498e-02
-2.439582321119895814e-01 5.840419338922627629e-02 -3.648854013506651339e-02
-1.935259024311881126e-01 6.528906853119446733e-03 -1.850675120513425170e-02
-1.228473538159166878e-01 -1.904576973109333923e-02 -2.639023731993178287e-02
-3.193002525295669802e-02 -1.827460454472890766e-02 -6.009856168940269638e-02
7.920970582764169654e-02 8.871301915315871547e-03 -1.196153713904055255e-01
2.105461253336745886e-01 6.240471703241483314e-02 -2.049486455822656372e-01
3.620437954887921195e-01 1.423223016563597010e-01 -3.161309325153491834e-01
5.336573032940519212e-01 2.486043733639794195e-01 -4.532195657165087876e-01
6.967043743904567377e-01 3.568522545677736413e-01 -5.904475987614222765e-01
8.225652949265571667e-01 4.426636378757740631e-01 -7.019815516336294081e-01
9.112826197446937115e-01 5.059936940986404785e-01 -7.877991635556472749e-01
9.629022832707766488e-01 5.467892661549198507e-01 -8.478808631151025788e-01
9.774737214071530511e-01 5.649890854990132771e-01 -8.822095086491766880e-01
9.550499574124874380e-01 5.605238678389167228e-01 -8.907703038167641418e-01
8.956876227865803175e-01 5.333162860276491335e-01 -8.735509318899414843e-01
7.994468855310343791e-01 4.832808159809743875e-01 -8.305419524276406174e-01
6.663912578011949028e-01 4.103234515913970482e-01 -7.617375047507871644e-01
4.965872525472032062e-01 3.143412875600820611e-01 -6.671363639079078700e-01
3.222849132276263684e-01 2.145743917436510606e-01 -5.568363350203681117e-01
1.756197793312828659e-01 1.304581282117933116e-01 -4.409278302786965309e-01
5.650291612467521485e-02 6.214375472800719169e-02 -3.194031167803375038e-01
-3.513229476237568483e-02 9.741975682015268853e-03 -1.922546235039207796e-01
-9.932942737847950954e-02 -2.667667471633673043e-02 -5.947426666545640311e-02
-1.361085079956466382e-01 -4.708155695188490086e-02 7.894671946891321235e-02
-1.454657601348239848e-01 -5.148177774903259923e-02 2.230176178390975705e-01
-1.273736242010299335e-01 -3.992618413577473518e-02 3.727479015355235625e-01
-8.178107896598935111e-02 -1.250351348766090380e-02 5.281469160443715838e-01
-8.614293018843748040e-03 3.065728868806528312e-02 6.892237423035943999e-01
6.747320869347700478e-02 7.255199856113507539e-02 8.482558936823743068e-01
1.216742540128873812e-01 9.639740011951399012e-02 9.975117430705807697e-01
1.538319529961612031e-01 1.023875867107861409e-01 1.136989629023973825e+00
1.637681849900159692e-01 9.074681744790270843e-02 1.266691624309089326e+00
1.512851171177616305e-01 6.173064491732921377e-02 1.386623430057838391e+00
1.161667954976334655e-01 1.562703222881667992e-02 1.496794814483853875e+00
5.818078881486826726e-02 -4.724258401172414662e-02 1.597220715734138263e+00
-2.292013630167140034e-02 -1.265223280700590591e-01 1.687923127888836472e+00
-1.273963261684575299e-01 -2.218210631237722830e-01 1.768933888146243305e+00
-2.555195495188823385e-01 -3.327117665484072839e-01 1.840298481647300477e+00
-3.796187720611572392e-01 -4.209688073556365762e-01 1.876246058174617648e+00
-4.712500823633967162e-01 -4.489328950053131373e-01 1.851021965536089997e+00
-5.295636072197806854e-01 -4.169655968769367949e-01 1.764736743105509875e+00
-5.537512293877010494e-01 -3.253841299081282057e-01 1.617539318811289206e+00
-5.430452891725686682e-01 -1.744557910901907150e-01 1.409619860309293315e+00
-4.967170030641958611e-01 3.561080904126606717e-02 1.141216419778415814e+00
-4.140753130016431305e-01 3.046775976650257234e-01 8.126249415675732557e-01
-2.944671075494942891e-01 6.326919338032541695e-01 4.242121657425996228e-01
-1.372800541006596597e-01 1.019704572659357877e+00 -2.356912045078917578e-02
5.805035948786749223e-02 1.465890767145819007e+00 -5.301631804487669797e-01
2.484955457613943486e-01 1.888620177446719284e+00 -1.015773162388240669e+00
3.901233379926621336e-01 2.204919910967340524e+00 -1.401464209891162271e+00
4.821890048319322220e-01 2.414516753376363400e+00 -1.687904733265340962e+00
5.240759812136044360e-01 2.517066398621686574e+00 -1.875790315052385804e+00
5.153050078033223347e-01 2.512146263823814785e+00 -1.965845021750725063e+00
4.555366550722833030e-01 2.399255907195867454e+00 -1.958818743534756601e+00
3.445658328977780349e-01 2.177823518154049509e+00 -1.855482941581901857e+00
1.823070643516089273e-01 1.847216818994155796e+00 -1.656627206911524874e+00
-3.123039360462535885e-02 1.406756762123183124e+00 -1.363058801131154407e+00
-2.959782003490671332e-01 8.557326913896252663e-01 -9.756068503521005963e-01
-5.606206330110402591e-01 2.945610370971550318e-01 -5.697634661684264357e-01
-7.741524132584125528e-01 -1.754465312182386660e-01 -2.200072823658631993e-01
-9.369178213998136107e-01 -5.537192467723982547e-01 7.429641138854652105e-02
-1.049198335908246182e+00 -8.397536236974000312e-01 3.137480308693456621e-01
-1.111197383095916535e+00 -1.033113917728918807e+00 4.989204176389669954e-01
-1.123031803001224294e+00 -1.133432322220554900e+00 6.303607457028406191e-01
-1.084729300370685046e+00 -1.140408618518853556e+00 7.085887952566664039e-01
-9.962311866291964080e-01 -1.053808870179352208e+00 7.340929463548543366e-01
-8.573996781666805012e-01 -8.734627371416444630e-01 7.073252894270559699e-01
-6.680289422890498541e-01 -5.992590556954816572e-01 6.286971777773949777e-01
-4.650273286427466513e-01 -3.056108777222699135e-01 5.186991033789936090e-01
-2.856989917250039035e-01 -6.685554092102788393e-02 3.974415853235538920e-01
-1.303162724887473312e-01 1.171609567198215462e-01 2.647651737345222411e-01
9.429625159616047015e-04 2.465446356890572122e-01 1.205512038502650624e-01
1.079953245926970340e-01 3.213514591283329058e-01 -3.527996787174895316e-02
1.908515157950849694e-01 3.415862542168552340e-01 -2.027690279481338675e-01
2.496158805805533953e-01 3.072026417443254886e-01 -3.819168068770226188e-01
2.844862136958240528e-01 2.181039905050665417e-01 -5.726831603899636969e-01
2.957541390369698986e-01 7.414541339991916058e-02 -7.749863752725987265e-01
2.838063683353578837e-01 -1.248631766108684593e-01 -9.887038440815035800e-01
2.592247536687473097e-01 -3.202663174765134624e-01 -1.188951630201316556e+00
2.318802124732296799e-01 -4.532138271087630677e-01 -1.351053023472081005e+00
2.011267031680673278e-01 -5.236549190122000708e-01 -1.475148909873038372e+00
1.662656717865588496e-01 -5.315684406096267134e-01 -1.561353725712351981e+00
1.265462047962319647e-01 -4.769659856794370434e-01 -1.609754648489076789e+00
8.116585900181186308e-02 -3.598934564542036751e-01 -1.620413771887577736e+00
2.927179321173818682e-02 -1.804308489813935268e-01 -1.593373667602423716e+00
-3.003815507878509691e-02 6.130996066155542518e-02 -1.528666722217280727e+00
-9.771472285639132282e-02 3.651896508593959756e-01 -1.426328620871157637e+00
-1.747569249299561200e-01 7.310483395405165119e-01 -1.286416336042294439e+00
-2.456993882080892866e-01 1.094770601546796618e+00 -1.142459088730965577e+00
-2.936732872118428816e-01 1.392583155391104111e+00 -1.027877662484329324e+00
-3.176042254905345752e-01 1.624828429289764120e+00 -9.425573384139951383e-01
-3.164136067803029473e-01 1.791848150750823709e+00 -8.863187869901834048e-01
-2.890200363901905822e-01 1.893979787575071905e+00 -8.589085370146547493e-01
-2.343412275060445249e-01 1.931555391912752828e+00 -8.599947394116361776e-01
-1.512958006136191358e-01 1.904903096352755121e+00 -8.891682404387762917e-01
-3.880429734810791897e-02 1.814351514927571518e+00 -9.459489453902416578e-01
1.042112472181389721e-01 1.660237278719196130e+00 -1.029797436398162569e+00
2.788297170299181005e-01 1.442915889376145122e+00 -1.140131823390568622e+00
4.377676957292517823e-01 1.204630711097653961e+00 -1.230996410725274881e+00
5.323157866675322092e-01 9.870229694717024271e-01 -1.257439237934290910e+00
5.615294398990612335e-01 7.895872384601415606e-01 -1.220278305189705703e+00
5.246145916437240375e-01 6.118376876118614138e-01 -1.120214395150723741e+00
4.209195212358438631e-01 4.533132206430359190e-01 -9.578243555656931196e-01
2.499266445674749038e-01 3.135878595908704880e-01 -7.335588920319460193e-01
1.124425276697652021e-02 1.922844135327366755e-01 -4.477442242886098267e-01
-2.954016766128724769e-01 8.908956672178945657e-02 -1.005868409148930054e-01
-6.701753240888467245e-01 3.768657856152123065e-03 3.078195461897596519e-01
-1.113138121669918990e+00 -6.382142298513626688e-02 7.774858592434339410e-01
-1.530533086606872040e+00 -1.084442353646283691e-01 1.221780310080622822e+00
-1.828467350056650620e+00 -1.246383929017624292e-01 1.554199945947371653e+00
-2.006675346446872510e+00 -1.121928899703509702e-01 1.775084793899927016e+00
-2.064809140753306682e+00 -7.097952768027290804e-02 1.884846272405189538e+00
-2.002438892463986431e+00 -9.574913203516969770e-04 1.883967604706596743e+00
-1.819055652140866952e+00 9.782752541564239401e-02 1.773003887155106373e+00
-1.514075457144734127e+00 2.252517113835997287e-01 1.552583447745305767e+00
-1.086843684513576047e+00 3.811309868842289728e-01 1.223412101248182671e+00
-5.366388340155069381e-01 5.652501818504773734e-01 7.862816529531376775e-01
1.373245763540450748e-01 7.774054838155518565e-01 2.420834636909588444e-01
8.087172020634016967e-01 9.757124779023530481e-01 -2.992703888920847932e-01
1.350022560436199726e+00 1.118737903486219043e+00 -7.290776274787694744e-01
1.760364030295973103e+00 1.207023291772393092e+00 -1.048111474084259198e+00
2.038947611495823153e+00 1.241117131260262241e+00 -1.257063062611172510e+00
2.185058015475588533e+00 1.221555421595384772e+00 -1.356550274360709629e+00
2.198056237168729776e+00 1.148855817673105184e+00 -1.347118694618310464e+00
2.077378773491967756e+00 1.023523323150910214e+00 -1.229235497707888758e+00
1.822538597593625465e+00 8.460655810032773338e-01 -1.003277144404997268e+00
1.433128275622234771e+00 6.170156743685701883e-01 -6.695115482318336753e-01
9.088261447727582487e-01 3.369600209191033757e-01 -2.280749144601656453e-01
3.646243803010761897e-01 6.137969435007733371e-02 2.177731794725709380e-01
-8.418700692688908804e-02 -1.550717437346630367e-01 5.646755538372211225e-01
-4.374209890130211775e-01 -3.129072259194208283e-01 8.125112941532881550e-01
-6.949077885463440518e-01 -4.125281011509422946e-01 9.612123930584953735e-01
-8.564982203810067585e-01 -4.542245471482636021e-01 1.010757688670463672e+00
-9.220631607781448746e-01 -4.381757690205640432e-01 9.611714454099421490e-01
-8.914907463522094844e-01 -3.644497055706902855e-01 8.125251908530075617e-01
-7.646828902164828357e-01 -2.330019678085346324e-01 5.649414423693955856e-01
-5.415527350781917937e-01 -4.367362799423788605e-02 2.185979942335369852e-01
-2.220247292973495934e-01 2.038126513561362430e-01 -2.262685470347967909e-01
1.091694630041494668e-01 4.546213240030358427e-01 -6.669927045275656496e-01
3.671713544658299910e-01 6.534204704062440694e-01 -1.001283741366331359e+00
5.518267531482101695e-01 7.998525905490915244e-01 -1.229424709925762027e+00
6.629548801287138415e-01 8.935838678554248737e-01 -1.351708298461311131e+00
7.003522075078851827e-01 9.343011650105408350e-01 -1.368435647146216017e+00
6.637928456214139405e-01 9.217115514762906914e-01 -1.279916368050708853e+00
5.530256623043531272e-01 8.555446831653394923e-01 -1.086469484009893405e+00
3.677683045577209153e-01 7.355583651139833146e-01 -7.884250132809430545e-01
1.076983359852396738e-01 5.615477227010985395e-01 -3.861258577460051078e-01
-2.275581823058196729e-01 3.333585739213311694e-01 1.200705038667623653e-01
-5.692448194240847803e-01 9.275147056295843240e-02 6.309494253829149857e-01
-8.481366567369241771e-01 -1.183499358886539315e-01 1.047709492700316103e+00
-1.064000131342280220e+00 -2.998032296170771160e-01 1.370553997536372082e+00
-1.216673819678818935e+00 -4.514726834602946770e-01 1.599637485195333220e+00
-1.306065812468570231e+00 -5.732323124765339450e-01 1.735065475783291289e+00
-1.332152680346711637e+00 -6.649661781078640699e-01 1.776894392319414262e+00
-1.294979726021745492e+00 -7.265670573730771409e-01 1.725131544964753516e+00
-1.194662235457251587e+00 -7.579345744917884709e-01 1.579735018046228623e+00
-1.031387494253942494e+00 -7.589738980516429478e-01 1.340613271028875175e+00
-8.054173942671889463e-01 -7.295961305326019719e-01 1.007624219789403863e+00
-5.568079376004975156e-01 -6.698806743551548593e-01 6.471512578591016585e-01
-3.250779391841852606e-01 -5.800431202741470615e-01 3.259042203329789444e-01
-1.098342911757478474e-01 -4.601819287666158997e-01 4.411663122398581938e-02
8.918602390789133472e-02 -3.103587153521807362e-01 -1.980656929414474077e-01
2.721154743760344497e-01 -1.305936818026879331e-01 -4.005820632904460998e-01
4.389552552049613698e-01 7.913572256893626478e-02 -5.634552890768966815e-01
5.895747490711943373e-01 3.188936847378428530e-01 -6.867914012861942030e-01
7.237116702957387959e-01 5.887832188090237340e-01 -7.707811024196621341e-01
8.409734212870157988e-01 8.889424169376991536e-01 -8.157032947148887825e-01
9.408402197680953982e-01 1.219540505626612203e+00 -8.219310183142477522e-01
1.008165224405172422e+00 1.523265973749129421e+00 -8.007293065626271966e-01
1.028504139981592624e+00 1.742535349132558364e+00 -7.629611881909598159e-01
1.002248238114290979e+00 1.877155653490137466e+00 -7.085274461351067643e-01
9.297192932939899457e-01 1.926961533176859698e+00 -6.374011899528759795e-01
8.111687618622684948e-01 1.891814072018158877e+00 -5.496276697813383683e-01
6.467772239865028361e-01 1.771599675279582620e+00 -4.453264069411470572e-01
4.366534339541251475e-01 1.566229554923195488e+00 -3.246948371865118754e-01
1.808322594752483081e-01 1.275640382760397040e+00 -1.880126896262303282e-01
-1.207292835251719820e-01 8.997967252500236324e-01 -3.564632310827316880e-02
-4.681587562849035544e-01 4.386959261508530106e-01 1.319478164386043151e-01
-8.043286574014106849e-01 -2.583977659824285289e-02 2.909790873616934781e-01
-1.071833147368215222e+00 -4.119665695701276720e-01 4.184257763950231523e-01
-1.270468371949636577e+00 -7.196332285047783994e-01 5.148750544762403791e-01
-1.400045242655105771e+00 -9.488044387370894173e-01 5.808570008164599674e-01
-1.460383152867100742e+00 -1.099465103475481875e+00 6.168422335952936653e-01
-1.451307245363666842e+00 -1.171621442667606594e+00 6.232403522607764534e-01
-1.372648610053762708e+00 -1.165299388856076757e+00 6.003993036480722578e-01
-1.224246761603960065e+00 -1.080540795015129785e+00 5.486058307330418105e-01
-1.005953750247219114e+00 -9.173979820210359515e-01 4.680871194654906420e-01
-7.176392944168897836e-01 -6.759271605040244602e-01 3.590136519916489188e-01
-4.153170762637936608e-01 -4.135406568561000862e-01 2.433801617498478065e-01
-1.550913459642055126e-01 -1.875859637478270447e-01 1.431092014845838922e-01
6.301412294236904965e-02 1.974303323193473021e-03 5.822408263106896437e-02
2.389773876166109146e-01 1.551753393765977762e-01 -1.125226497577023164e-02
3.727780303435559439e-01 2.720502770303558915e-01 -6.529778799921073795e-02
4.643969574087873919e-01 3.526302704089429585e-01 -1.038916231446490451e-01
5.138162967628167044e-01 3.969445345659143864e-01 -1.270142478446156520e-01
5.210193864213975568e-01 4.050203429639143704e-01 -1.346474840585509813e-01
4.859908443674642031e-01 3.768829875022616793e-01 -1.267743698534118946e-01
4.087167105796192246e-01 3.125557058678554712e-01 -1.033789132319277715e-01
3.160542765928397446e-01 2.335681206355184891e-01 -7.588181755423510644e-02
2.348759028507924895e-01 1.614235511238091003e-01 -5.570930416743474778e-02
1.651915721214169963e-01 9.610937343768401198e-02 -4.285749226835301740e-02
1.070073773401456901e-01 3.761658878881300044e-02 -3.732522542498311474e-02
6.032552223622973664e-02 -1.406018033257116877e-02 -3.911411481968632420e-02
2.514431873142177615e-02 -5.892268158282466806e-02 -4.822855146370241125e-02
1.458180130838851582e-03 -9.696901872618288176e-02 -6.467569534614656113e-02
-1.074239077848821930e-02 -1.281936391843092604e-01 -8.846544944896216067e-02
-1.147081957646489334e-02 -1.525873302671042486e-01 -1.196104265641452225e-01
-7.444848660946440377e-04 -1.701372311758099776e-01 -1.581259168689805594e-01
1.027014212760401363e-02 -1.824617515514928567e-01 -1.863470397206520024e-01
1.044849510701406636e-02 -1.912013605570293262e-01 -1.865832649380854413e-01
-1.637568905725070518e-04 -1.963732830203955004e-01 -1.588148024124205193e-01
-2.151842493980220955e-02 -1.979946538681115753e-01 -1.030210504507350494e-01
-5.356484207860205682e-02 -1.960826591317096357e-01 -1.918061829359956130e-02
-9.624994183139266857e-02 -1.906547902667936056e-01 9.272865045213107837e-02
-1.495183747521516282e-01 -1.817292205761426305e-01 2.327296541068210323e-01
-2.133126661455489459e-01 -1.693253119256514228e-01 4.008460088149402578e-01
-2.875734207469718973e-01 -1.534642590869574053e-01 5.971020228312708955e-01
-3.722395836336347408e-01 -1.341698778719062901e-01 8.215226665349878443e-01
-4.591020588981921113e-01 -1.244961573195442067e-01 1.040239124860045106e+00
-5.401747678910189254e-01 -1.374025248497753593e-01 1.219293572034909179e+00
-6.157633410372708171e-01 -1.727522745839591145e-01 1.358566676048973410e+00
-6.862162802156237529e-01 -2.303792090506482926e-01 1.457922332866363080e+00
-7.519242791281501859e-01 -3.100853146416088224e-01 1.517209224676987711e+00
-8.133200571952098334e-01 -4.116391811313098725e-01 1.536263090453972469e+00
-8.708788894373289402e-01 -5.347753763078624267e-01 1.514909800055296740e+00
-9.251200192616008122e-01 -6.791949821059223291e-01 1.452969320160637068e+00
-9.766091331867249314e-01 -8.445674993079159698e-01 1.350260662475900819e+00
-1.025962053326632040e+00 -1.030534336379391069e+00 1.206607913132603072e+00
-1.072155753357078245e+00 -1.204849767239065672e+00 1.046843006855169289e+00
-1.113344938140905072e+00 -1.335620904246005880e+00 8.961802264746102642e-01
-1.148990208602756580e+00 -1.423008372793447274e+00 7.550254879431596011e-01
-1.178600185502368891e+00 -1.467180956945989267e+00 6.237825454134893199e-01
-1.201729697120271556e+00 -1.468312803202326267e+00 5.028512672178725440e-01
-1.217979168634514275e+00 -1.426581072644313775e+00 3.926274886432080669e-01
-1.226995199499724798e+00 -1.342163997394283825e+00 2.935042305273291574e-01
-1.228472315132364656e+00 -1.215239304662005804e+00 2.058740736068090105e-01
-1.222155891836271158e+00 -1.045982974215166950e+00 1.301324695663541586e-01
-1.207846276379710870e+00 -8.345682930712245984e-01 6.668175111018193046e-02
-1.191438777139452343e+00 -6.246756824673785902e-01 1.660422326235331397e-02
-1.178879211439422869e+00 -4.599795210940639811e-01 -1.963420143792781944e-02
-1.170096196163488367e+00 -3.406376642057971083e-01 -4.255069518063306355e-02
-1.165025922811642634e+00 -2.667995279363784555e-01 -5.266557832962557445e-02
-1.163609961326882436e+00 -2.386061644823662120e-01 -5.050189751374784680e-02
-1.165794761321433226e+00 -2.561902682225403183e-01 -3.658525904456413208e-02
-1.171532854426954096e+00 -3.196761003737386697e-01 -1.144387355111408863e-02
-1.180785760185659061e+00 -4.291793206882971168e-01 2.439122869751533113e-02
-1.193528598239548488e+00 -5.848067110552798153e-01 7.038586509267494296e-02
-1.209756410799198045e+00 -7.866557680864511015e-01 1.260023332200471136e-01
-1.212859414675867109e+00 -9.890352178219317114e-01 1.818167610560193770e-01
-1.186223972268214633e+00 -1.146160432613392066e+00 2.289458763709430467e-01
-1.129849118027024923e+00 -1.257992143736325286e+00 2.676155367069868452e-01
-1.043722209465204775e+00 -1.324511736746566637e+00 2.979934324897070552e-01
-9.278183609848281721e-01 -1.345720567194704342e+00 3.201888135958569914e-01
-7.821005987769740209e-01 -1.321639216174749443e+00 3.342522948296324792e-01
-6.065204044424449270e-01 -1.252306880113233323e+00 3.401758704446002923e-01
-4.010183132988095478e-01 -1.137781091708959247e+00 3.378932531267333506e-01
-1.655242343582127851e-01 -9.781379695037683009e-01 3.272806388770114205e-01
1.000428364678704607e-01 -7.734731907213238111e-01 3.081579924235021695e-01
3.639999397961255490e-01 -5.497334989199236244e-01 2.697092774280871463e-01
5.944699606462058306e-01 -3.327914688215204420e-01 2.014144137787294009e-01
7.913096942838039327e-01 -1.227127506558771813e-01 1.034561553559041475e-01
9.544475479464290535e-01 8.034661981127662334e-02 -2.403824823779817169e-02
1.083883131283255752e+00 2.761407299041216401e-01 -1.809964397580264284e-01
1.179688347881092003e+00 4.643339107869386972e-01 -3.673992373898099517e-01
1.242010230212075239e+00 6.445009558375035530e-01 -5.832782070865574209e-01
1.271075750450531228e+00 8.161279384997370823e-01 -8.287129039101319705e-01
1.267198828341293826e+00 9.786141544877018372e-01 -1.103828149670958991e+00
1.230789738950207379e+00 1.131275748686557892e+00 -1.408791699937260500e+00
1.163943824733465693e+00 1.248399850984346138e+00 -1.685305647870936729e+00
1.068374795969256219e+00 1.305145157586569571e+00 -1.874696343221451622e+00
9.440350471601745008e-01 1.301977423281217794e+00 -1.976666565698851130e+00
7.909220443245371657e-01 1.239226947056483175e+00 -1.991002848472138709e+00
6.090789818764265062e-01 1.117086509755863100e+00 -1.917573124747121716e+00
3.985979035168581430e-01 9.356096861805947018e-01 -1.756324897674746532e+00
1.596233557520481683e-01 6.947092730709791830e-01 -1.507284764268335353e+00
-1.076453423598739412e-01 3.941554638585395010e-01 -1.170560196703006151e+00
-4.029551479004400694e-01 3.357333700425285672e-02 -7.463445377189408259e-01
-7.260056793043477841e-01 -3.875607342909221931e-01 -2.349261734270065294e-01
-1.032185914885433320e+00 -8.061587810024772871e-01 2.783937614368324764e-01
-1.277431244068573113e+00 -1.158241420645402142e+00 7.086932703226530572e-01
-1.462236030601273606e+00 -1.443154378823485073e+00 1.056144689769138001e+00
-1.587086974321168631e+00 -1.660297797679996856e+00 1.320893046435841045e+00
-1.652452684544698513e+00 -1.809121212312704063e+00 1.503065249888159594e+00
-1.658777979190265928e+00 -1.889120783403358539e+00 1.602774206845410054e+00
-1.606482318820103172e+00 -1.899838691122671230e+00 1.620118350626199577e+00
-1.495961896898101218e+00 -1.840864469930113767e+00 1.555177121943020824e+00
-1.327594914033517481e+00 -1.711838071567198583e+00 1.408002943395415318e+00
-1.101749482180699458e+00 -1.512454562636567079e+00 1.178610203165397774e+00
-8.673364786768616996e-01 -1.298638918944654552e+00 9.312709648282967434e-01
-6.728776414588896193e-01 -1.126510467943656169e+00 7.303718909471615950e-01
-5.181535560595824652e-01 -9.961001233487827289e-01 5.760726709102426124e-01
-4.029391989560293097e-01 -9.074310450971397879e-01 4.685425999138923547e-01
-3.270046970587302537e-01 -8.605162865826496699e-01 4.079617502362483661e-01
-2.901157650988640535e-01 -8.553575094825384140e-01 3.945214356895354602e-01
-2.920337376357386994e-01 -8.919448396517121180e-01 4.284239728248094292e-01
-3.325150975745824744e-01 -9.702579404734471558e-01 5.098817545268354845e-01
-4.113104056296793543e-01 -1.090268381061201497e+00 6.391156508664933567e-01
-5.281625561932200563e-01 -1.251943377153134307e+00 8.163527366301827071e-01
-6.519677766446279055e-01 -1.413813357982848240e+00 9.993249060503663905e-01
-7.518746608428479306e-01 -1.534434307723315127e+00 1.145565682078028225e+00
-8.279827632640103241e-01 -1.613804149258608600e+00 1.255013437474154836e+00
-8.803768306510296737e-01 -1.651916708117771027e+00 1.327621307195313793e+00
-9.091267723574051329e-01 -1.648761278459838220e+00 1.363357433124356310e+00
-9.142874856199151301e-01 -1.604322560195790448e+00 1.362204945806237522e+00
-8.958986347834695385e-01 -1.518580860927113640e+00 1.324161739021918915e+00
-8.539844791064181706e-01 -1.391512454223809314e+00 1.249240098025351964e+00
-7.885538357026959932e-01 -1.223089984625088222e+00 1.137466248368771415e+00
-6.996002544856771976e-01 -1.013282810193528283e+00 9.888798975525442403e-01
-5.938393628095631760e-01 -7.908450738342409636e-01 8.188355826398251436e-01
-4.781275292610130401e-01 -5.845860915487469667e-01 6.425330609583534969e-01
-3.526278701714365971e-01 -3.945423510496178787e-01 4.598183994625976156e-01
-2.174626593352241288e-01 -2.207388578912051202e-01 2.705772033496611217e-01
-7.271208600626587193e-02 -6.319106417513284391e-02 7.473373839377422945e-02
8.158643826218099637e-02 7.809373807730629613e-02 -1.277495166024505691e-01
2.454385139315002351e-01 2.031156396163859013e-01 -3.368719558371595646e-01
4.188926068282359250e-01 3.118820307344186693e-01 -5.525946506903167688e-01
6.020395862514406060e-01 4.044082878120207614e-01 -7.748399626090375358e-01
7.950120009743337768e-01 4.807193029424789987e-01 -1.003491066644871754e+00
9.750187415035461713e-01 5.582042348665797737e-01 -1.221651373019403408e+00
1.118918449485164723e+00 6.541174097817588073e-01 -1.412765250765619651e+00
1.226309808715263294e+00 7.682565344382625838e-01 -1.577244898617321534e+00
1.296740971933947772e+00 9.003713337031674646e-01 -1.715564829875160902e+00
1.329714740870135303e+00 1.050158588908095991e+00 -1.828263414873602555e+00
1.324694751422794248e+00 1.217258692883822047e+00 -1.915945615350853615e+00
1.281112664121107025e+00 1.401254170089401452e+00 -1.979287186417007627e+00
1.198376348898509525e+00 1.601670599891239499e+00 -2.019040626046038955e+00
1.075879060075281002e+00 1.817980377209095666e+00 -2.036043137404120351e+00
9.130096262822064990e-01 2.049609751721026107e+00 -2.031226830752547841e+00
7.265702055270687465e-01 2.250489144622689341e+00 -1.991381928711331240e+00
5.340640511229757248e-01 2.375126654590373310e+00 -1.902324281681494034e+00
3.358218090291181790e-01 2.423735124110166783e+00 -1.763714055205692466e+00
1.320229282430108175e-01 2.396454477538422001e+00 -1.575357805568102121e+00
-7.730303807661453863e-02 2.293347498385692962e+00 -1.337208177162915845e+00
-2.922746432512289272e-01 2.114397976558922032e+00 -1.049364853330770453e+00
-5.131581450359409269e-01 1.859512120829952764e+00 -7.120756188875119186e-01
-7.403703986288916461e-01 1.528524095772035407e+00 -3.257364402609798648e-01
-9.744869099562945003e-01 1.121206554693764401e+00 1.091105566733680116e-01
-1.216256764690747838e+00 6.372871291419489603e-01 5.917824774824127498e-01
-1.430468116937587686e+00 1.592171137744295972e-01 1.049385101512295249e+00
-1.580591168653914913e+00 -2.298671615481404085e-01 1.410488132164844144e+00
-1.665575575885613668e+00 -5.293232900560348453e-01 1.676425192915661055e+00
-1.684396122542529461e+00 -7.386564551614283047e-01 1.848417517550186462e+00
-1.636036321810891536e+00 -8.575312652462471208e-01 1.927561557458536523e+00
-1.519484872286003263e+00 -8.857715101038127203e-01 1.914820743845276230e+00
-1.333741762904620654e+00 -8.233488657063158245e-01 1.811022721348328313e+00
-1.077830697001886495e+00 -6.703616747256999631e-01 1.616863332158146038e+00
-7.508147063632817364e-01 -4.270051125317768648e-01 1.332918262440540458e+00
-3.518123471559518323e-01 -9.353419296808856975e-02 9.596626794329586874e-01
5.153986026376977669e-02 2.559058959540220779e-01 5.734337690766513340e-01
3.907295218269707382e-01 5.476274425540407220e-01 2.501987148642079717e-01
6.652706990077555949e-01 7.820415760759540369e-01 -1.016741326571737186e-02
8.746810065505018494e-01 9.595633091214675892e-01 -2.077912736197174148e-01
1.018478671077768904e+00 1.080604960645573431e+00 -3.428102766774459575e-01
1.096180962637210543e+00 1.145572044611969265e+00 -4.153779419161275355e-01
1.107303951011276100e+00 1.154861667492279809e+00 -4.256655956500030591e-01
1.051363418006577843e+00 1.108863577554415558e+00 -3.738604570354983614e-01
9.278767129753919818e-01 1.007964040292100849e+00 -2.601601815627654357e-01
