0.000000000000000000e+00 0.000000000000000000e+00 -3.003563682372185628e+00
7.625701966774922624e-03 1.647299355442344293e-02 -3.000889482909985251e+00
1.566734756113064009e-02 3.391112161771259181e-02 -2.997736299827978179e+00
2.391712671698176251e-02 5.191600647274663416e-02 -2.994380832032933704e+00
3.217874684306654132e-02 7.008383585580402197e-02 -2.991086721332814502e+00
4.026720213832080120e-02 8.800531808470024586e-02 -2.988104616983158657e+00
4.800753540739766123e-02 1.052661313068150584e-01 -2.985672941859276452e+00
5.523274129541677624e-02 1.214477873576211842e-01 -2.984019206743354413e+00
6.178093863798261864e-02 1.361288479021536268e-01 -2.983361753072415468e+00
6.749191359475270602e-02 1.488864544757064756e-01 -2.983911853202176445e+00
7.220310685255615368e-02 1.592981630505958535e-01 -2.985876158240613698e+00
7.576867577304824408e-02 1.670057405590852362e-01 -2.989404805653124608e+00
7.812560978036175996e-02 1.719025136317746671e-01 -2.994431486014440313e+00
7.922150730482080405e-02 1.739497010089894324e-01 -3.000841787219648449e+00
7.899247821752330978e-02 1.731146613838969728e-01 -3.008529446761337045e+00
7.736479473347390723e-02 1.693707077448403098e-01 -3.017397795905125246e+00
7.425635721912238196e-02 1.626969848901422822e-01 -3.027361470404085875e+00
6.957788635031736391e-02 1.530784120329791165e-01 -3.038348322296338555e+00
6.323374659194369585e-02 1.405057030676135632e-01 -3.050301477861431465e+00
5.512230406661755566e-02 1.249754878841997652e-01 -3.063181504818677681e+00
4.513572306783597554e-02 1.064905691728803561e-01 -3.076968676874590969e+00
3.324118419006749647e-02 8.522896686394565435e-02 -3.091595143994148920e+00
1.974138328459362768e-02 6.204133767051178694e-02 -3.106720646096792660e+00
5.058223286719343292e-03 3.792702500163347423e-02 -3.121909801175996702e+00
-1.033968692269837675e-02 1.385815855894945159e-02 -3.136686284548123371e+00
-2.593367810672297935e-02 -9.224151912632372330e-03 3.132661893295276556e+00
-4.115561190043592887e-02 -3.041124439208253705e-02 3.120345872593269121e+00
-5.539384535169489254e-02 -4.882501736982725049e-02 3.110186542528901477e+00
-6.800601653980820060e-02 -6.361178800768296782e-02 3.102864997875220077e+00
-7.833981483160989967e-02 -7.393118053968805725e-02 3.099091777517955393e+00
-8.576229574151028601e-02 -7.893984560087519142e-02 3.099583116031960461e+00
-8.989383327459155026e-02 -7.812554579868891125e-02 3.104739141565129756e+00
-9.121808854250090803e-02 -7.235525310010482158e-02 3.113740826777197324e+00
-9.045302144973010883e-02 -6.282241917277398002e-02 3.125433225698600825e+00
-8.830663763094115382e-02 -5.071611992312741179e-02 3.138648630151047225e+00
-8.544410089555931620e-02 -3.723784079761038868e-02 -3.130955769630141550e+00
-8.247008503332065033e-02 -2.360975959189293150e-02 -3.118144916764816532e+00
-7.992610324968474345e-02 -1.107549240285310432e-02 -3.107215654781867897e+00
-7.830216631271902372e-02 -8.946654250281405041e-04 -3.099260768336828065e+00
-7.806215928913573521e-02 5.667537128402067026e-03 -3.095364728074524230e+00
-7.968261725826586428e-02 7.355430121246619990e-03 -3.096618165057334338e+00
-8.353926372953424107e-02 3.315185428511391308e-03 -3.103774569710433084e+00
-8.944011138708685138e-02 -5.779948990767280748e-03 -3.116173589311111325e+00
-9.707729476076298880e-02 -1.886805588846041104e-02 -3.132811424186847660e+00
-1.061437093111035068e-01 -3.488985888410134351e-02 3.130498853688973959e+00
-1.162962034398811184e-01 -5.280393246748005254e-02 3.108400406432928698e+00
-1.271286032958318657e-01 -7.159992647016322209e-02 3.085118083360108177e+00
-1.381545113597493213e-01 -9.030923901578447044e-02 3.061729189119581918e+00
-1.488001360048922805e-01 -1.080117826993820529e-01 3.039357281114110965e+00
-1.584076878296336588e-01 -1.238369753209389579e-01 3.019174851717917551e+00
-1.662500146916290333e-01 -1.369569187223693696e-01 3.002398025066191245e+00
-1.717449116622109528e-01 -1.468016865079873057e-01 2.989955971150488168e+00
-1.750731443786612829e-01 -1.537186032778974365e-01 2.981509290112047683e+00
-1.766581711558394829e-01 -1.582501401968814392e-01 2.976369221083398742e+00
-1.769658989938101001e-01 -1.609115441074919772e-01 2.973820833620494763e+00
-1.764883068544715883e-01 -1.622028320722481709e-01 2.973133582914562645e+00
-1.757309106599382886e-01 -1.626178554206005877e-01 2.973569508311769916e+00
-1.752041999241651382e-01 -1.626499349501018266e-01 2.974388630618600260e+00
-1.754191277297749707e-01 -1.627938430450299734e-01 2.974851308017560481e+00
-1.768866976512715183e-01 -1.635440721213696769e-01 2.974217449806695779e+00
-1.801216622245256360e-01 -1.653893749584751660e-01 2.971742570082564594e+00
-1.854823219064591910e-01 -1.686588481788429128e-01 2.966887054250080702e+00
-1.926682604400440368e-01 -1.730863505329121033e-01 2.959964423307361869e+00
-2.012106994329005971e-01 -1.782605094643319177e-01 2.951505530407205757e+00
-2.106320338590048635e-01 -1.837794171556024203e-01 2.942050033802761089e+00
-2.204411138636981349e-01 -1.892568446105009627e-01 2.932150717498060111e+00
-2.301310619107121980e-01 -1.943259975795603722e-01 2.922375493391990098e+00
-2.391796448779412998e-01 -1.986405852894064239e-01 2.913307048968619473e+00
-2.470521751634997543e-01 -2.018729390768947418e-01 2.905540146533986956e+00
-2.532068666118023614e-01 -2.037089517293422247e-01 2.899676632118190156e+00
-2.571025389235090941e-01 -2.038397102265054883e-01 2.896318254921165458e+00
-2.583740708563810884e-01 -2.020799603479259687e-01 2.895871901471148036e+00
-2.573359650501698681e-01 -1.987467976702443906e-01 2.897986130145223882e+00
-2.544789060357057764e-01 -1.942712176134322455e-01 2.902113487938128067e+00
-2.502938854700538229e-01 -1.890781573541224780e-01 2.907705599334456270e+00
-2.452647003574934814e-01 -1.835947951415004553e-01 2.914220142643718425e+00
-2.398633546295476648e-01 -1.782561537362252757e-01 2.921125098452002966e+00
-2.345482577013235925e-01 -1.735080815954623823e-01 2.927900395697635716e+00
-2.297651217364879983e-01 -1.698077769604129372e-01 2.934037083517494260e+00
-2.259504873962630001e-01 -1.676220427180137307e-01 2.939034131845749798e+00
-2.235378611257132775e-01 -1.674234191175192343e-01 2.942392904160683553e+00
-2.228283105761414973e-01 -1.694870423881895682e-01 2.943772544286896498e+00
-2.235832092039409247e-01 -1.732921615481681776e-01 2.943473486313997967e+00
-2.254336338541698126e-01 -1.781135777498210615e-01 2.941952682212219283e+00
-2.280091985296452961e-01 -1.832238409927229306e-01 2.939668764230992437e+00
-2.309320041007341118e-01 -1.878971546796353032e-01 2.937087599702815410e+00
-2.338143920274768917e-01 -1.914116245881469780e-01 2.934684581220950328e+00
-2.362607122098907553e-01 -1.930497658410197381e-01 2.932943428848469036e+00
-2.378732811718684559e-01 -1.920971553757326866e-01 2.932351325545721199e+00
-2.382625338331330056e-01 -1.878391759108879455e-01 2.933390413516204998e+00
-2.370610655101472730e-01 -1.795559435367533041e-01 2.936526043767589300e+00
-2.340704361544885259e-01 -1.667790223943956818e-01 2.942035750943258865e+00
-2.296470922125237735e-01 -1.500808908041881828e-01 2.949540951929261912e+00
-2.242761197071843071e-01 -1.302969523616468450e-01 2.958508697113037211e+00
-2.184200588442299917e-01 -1.082699609147761421e-01 2.968426814847533013e+00
-2.125071499885429205e-01 -8.485409836386681448e-02 2.978813048284483678e+00
-2.069255730344448097e-01 -6.091657012062867693e-02 2.989218189250403501e+00
-2.020226785312182471e-01 -3.733715530739889488e-02 2.999224282669306962e+00
-1.981081631657684028e-01 -1.500618401910669419e-02 3.008439120980904491e+00
-1.954603202775970772e-01 5.178649620050990166e-03 3.016488174377885301e+00
-1.943348101040296427e-01 2.231635315974145328e-02 3.023004883979490298e+00
-1.948965050059472404e-01 3.570212303022746170e-02 3.027688793917479249e+00
-1.969995976765854806e-01 4.541700510731860874e-02 3.030499789752356676e+00
-2.004396265852719239e-01 5.174639016865434371e-02 3.031446720602607670e+00
-2.050315851990358595e-01 5.498389283498594793e-02 3.030523847104766855e+00
-2.106072634426556789e-01 5.542973068180589991e-02 3.027716096559731174e+00
-2.170128444168382131e-01 5.338927852049479839e-02 3.023003245948324924e+00
-2.241065379757447573e-01 4.917172719863582842e-02 3.016363217186879719e+00
-2.317561197504627302e-01 4.308879431911183389e-02 3.007774647298574244e+00
-2.398363105474974333e-01 3.545344492281010673e-02 2.997218879320432183e+00
-2.482259802148130134e-01 2.657858614065400360e-02 2.984681501674872006e+00
-2.568625901143342105e-01 1.677261917436378980e-02 2.970211675967529441e+00
-2.659090188783501674e-01 6.330456705038400855e-03 2.954094911713612603e+00
-2.755740545260536578e-01 -4.454726717725066010e-03 2.936674733516778879e+00
-2.860513936421380521e-01 -1.528786292757988718e-02 2.918294630209225193e+00
-2.975174794807813328e-01 -2.587259301669231348e-02 2.899299489920059258e+00
-3.101302700459580564e-01 -3.591266726112207763e-02 2.880037637640254999e+00
-3.240289698646208194e-01 -4.511406102756421177e-02 2.860863281718430517e+00
-3.393347860953044304e-01 -5.318771869165406230e-02 2.842139159459863507e+00
-3.561527925283396456e-01 -5.985283836535959523e-02 2.824239171805362769e+00
-3.745749982855377525e-01 -6.484061920017314407e-02 2.807550816267553984e+00
-3.945502176318615994e-01 -6.797758757656158224e-02 2.792410365826826890e+00
-4.154910172681365310e-01 -6.942879902577736573e-02 2.778897825061996230e+00
-4.366887732223849738e-01 -6.946212634736959046e-02 2.767024416928411501e+00
-4.574487535070979050e-01 -6.836366690373374411e-02 2.756791825865315015e+00
-4.770885634566957023e-01 -6.643150247295359634e-02 2.748187787018669948e+00
-4.949360539807798887e-01 -6.396963826327972669e-02 2.741183955901557390e+00
-5.103268451980467191e-01 -6.128231217188062629e-02 2.735735972675859440e+00
-5.226016666099901897e-01 -5.866884732711863393e-02 2.731785576001630300e+00
-5.311037167787624469e-01 -5.641916946975555902e-02 2.729264586796364966e+00
-5.351762055574091903e-01 -5.481003121352223673e-02 2.728100568126173631e+00
-5.344002598943449200e-01 -5.403199151048321269e-02 2.728204915886689896e+00
-5.293137692447249520e-01 -5.397868850428633181e-02 2.729422514174622005e+00
-5.206919277983566019e-01 -5.446151528700848843e-02 2.731587975787298284e+00
-5.093088969425645374e-01 -5.528658001771669106e-02 2.734538949415425968e+00
-4.959392364671302289e-01 -5.626066175944277603e-02 2.738111370696812763e+00
-4.813589350593865390e-01 -5.719597255272645953e-02 2.742136274430001741e+00
-4.663460221149886564e-01 -5.791371549670376595e-02 2.746438192810494172e+00
-4.516807472711024118e-01 -5.824636197041854757e-02 2.750835086511295824e+00
-4.381453299526967271e-01 -5.803854091889792954e-02 2.755139697699065415e+00
-4.265233047027194857e-01 -5.714643786406847781e-02 2.759162179858405395e+00
-4.174166309898907912e-01 -5.549227066323769719e-02 2.762753062786787783e+00
-4.106985066420758557e-01 -5.322736184712084651e-02 2.765925204585314212e+00
-4.060581670690073253e-01 -5.055480516841592831e-02 2.768736773098203763e+00
-4.031833492071648095e-01 -4.767292067704964609e-02 2.771249290672421761e+00
-4.017608776623369238e-01 -4.477631946858906531e-02 2.773525206434583001e+00
-4.014770624782499908e-01 -4.205680828133573357e-02 2.775626127742470750e+00
-4.020179194996025274e-01 -3.970410704050131301e-02 2.777611688747639640e+00
-4.030692329986536038e-01 -3.790637004732921866e-02 2.779539038800929340e+00
-4.043164824163758553e-01 -3.685051325067378869e-02 2.781462938781078087e+00
-4.054446512166736127e-01 -3.672235610418894680e-02 2.783436458648371747e+00
-4.062240935061627312e-01 -3.763133760031589503e-02 2.785450159360341349e+00
-4.067697580645273092e-01 -3.938520102302689452e-02 2.787246972957250435e+00
-4.072849031717975521e-01 -4.171676370624899377e-02 2.788508062202889715e+00
-4.079757705821478453e-01 -4.435911285153704142e-02 2.788914026728646522e+00
-4.090513876307682040e-01 -4.704477928413552945e-02 2.788144528033135394e+00
-4.107224929498496380e-01 -4.950423999506226025e-02 2.785878507974695051e+00
-4.131995572800573058e-01 -5.146374930841890460e-02 2.781795035078802769e+00
-4.166898570378929634e-01 -5.264252144713577053e-02 2.775574809115047170e+00
-4.213935492234890390e-01 -5.274932238726659506e-02 2.766902339773272157e+00
-4.274986944172471937e-01 -5.147857655754073392e-02 2.755468786649727164e+00
-4.351100472697631005e-01 -4.863766632450694516e-02 2.741095461305589343e+00
-4.440580774281777110e-01 -4.454590051536033712e-02 2.724091412012797697e+00
-4.541144712480216228e-01 -3.965534606801801587e-02 2.704881866625245213e+00
-4.650672910292925621e-01 -3.442566629396281996e-02 2.683882744825348166e+00
-4.767270412384752021e-01 -2.932742952876843390e-02 2.661497645994246763e+00
-4.889308329077470816e-01 -2.484414685232483322e-02 2.638115946853096805e+00
-5.015447385064328856e-01 -2.147323426536829061e-02 2.614111740061216604e+00
-5.144644395243540558e-01 -1.972613832191161265e-02 2.589843288470460081e+00
-5.276142772961343042e-01 -2.012787921187086937e-02 2.565652650488321473e+00
-5.409448315130394036e-01 -2.321625692379303274e-02 2.541865152617460488e+00
-5.544234838116182118e-01 -2.932560898550118367e-02 2.518747734194945131e+00
-5.679939856979885349e-01 -3.793864485398890096e-02 2.496398687904253677e+00
-5.815590057041628569e-01 -4.833045781336586799e-02 2.474893120570503591e+00
-5.949825679750260221e-01 -5.978486680178418666e-02 2.454328963752353765e+00
-6.080918901092360329e-01 -7.159550588008034566e-02 2.434828937232093260e+00
-6.206796837354282559e-01 -8.306642064734415243e-02 2.416541679650625607e+00
-6.325073608838458483e-01 -9.351201227104777303e-02 2.399641419418654387e+00
-6.433096235907571625e-01 -1.022561500431526937e-01 2.384325619176776545e+00
-6.528008824989992576e-01 -1.086302801855536515e-01 2.370810125350502062e+00
-6.606838286357863410e-01 -1.119704037548578945e-01 2.359321514290567912e+00
-6.667879335181812195e-01 -1.118572188494217912e-01 2.349975458606308631e+00
-6.714705542029095753e-01 -1.088385116984986745e-01 2.342428021306720787e+00
-6.752436983901581868e-01 -1.036869505649673506e-01 2.336203617709408764e+00
-6.786357335708146366e-01 -9.716009401098757436e-02 2.330816510099694927e+00
-6.821820144542822817e-01 -9.000462954433752216e-02 2.325779095834125787e+00
-6.864197625128234392e-01 -8.295816270563394212e-02 2.320605704137050918e+00
-6.918870363641556054e-01 -7.674840881583744334e-02 2.314811953210540896e+00
-6.991255448153674834e-01 -7.208968899828738230e-02 2.307909852207626678e+00
-7.086871173087718745e-01 -6.967656769117525073e-02 2.299398834455618434e+00
-7.211438325845644925e-01 -7.017429162607013993e-02 2.288752807437615999e+00
-7.368588683348331614e-01 -7.396162082968338325e-02 2.275611310249965769e+00
-7.552515132638148998e-01 -8.041375228288671906e-02 2.260410643826299193e+00
-7.754885386700509642e-01 -8.868686521430024783e-02 2.243805310616916238e+00
-7.967081224322543065e-01 -9.798395458749542541e-02 2.226483409209923714e+00
-8.180097873659288865e-01 -1.075662569261712775e-01 2.209178728129223224e+00
-8.384499701327836618e-01 -1.167589754315461192e-01 2.192675789438670364e+00
-8.570434600152552207e-01 -1.249499837544796321e-01 2.177807916072691086e+00
-8.727708436763954580e-01 -1.315801200191533127e-01 2.165448499507044211e+00
-8.845919242758863987e-01 -1.361239198100210324e-01 2.156495749142732343e+00
-8.914649989154810328e-01 -1.380601895485140673e-01 2.151851181806612168e+00
-8.926924401386902019e-01 -1.370237714560174069e-01 2.152110646027098895e+00
-8.889025035687030396e-01 -1.333439729194529910e-01 2.156696966295406526e+00
-8.810764819535190639e-01 -1.274844948656235211e-01 2.164714096933570531e+00
-8.702053088322552199e-01 -1.198890454219112556e-01 2.175253171499851312e+00
-8.572711396264560690e-01 -1.110113571822113343e-01 2.187412712877367049e+00
-8.432339268056292525e-01 -1.013360439968162829e-01 2.200313557183475766e+00
-8.290230720951257126e-01 -9.139036012916124108e-02 2.213108481044611331e+00
-8.155343062865370030e-01 -8.174746672349630927e-02 2.224986372700156423e+00
-8.036318645937381433e-01 -7.302209818375171579e-02 2.235170807327547138e+00
-7.941558768566832072e-01 -6.585955211699356937e-02 2.242912992923499438e+00
-7.877338030204601438e-01 -6.076852941342281156e-02 2.247672195848959831e+00
-7.841977878480719255e-01 -5.764471590324093953e-02 2.249672842526551086e+00
-7.831999872466290924e-01 -5.620619176995234056e-02 2.249310543226702208e+00
-7.844078543057024788e-01 -5.615063310830059606e-02 2.246964178973566817e+00
-7.874974778692278576e-01 -5.716341393002588589e-02 2.243002470948488813e+00
-7.921481852295029213e-01 -5.892429379603303374e-02 2.237789467444790681e+00
-7.980383806064370589e-01 -6.111287992304470507e-02 2.231688956237347199e+00
-8.048426079585784265e-01 -6.341295490818055214e-02 2.225067790085009989e+00
-8.122298400507412808e-01 -6.551568559293485805e-02 2.218298100999833267e+00
-8.198630006494314060e-01 -6.712167431870152967e-02 2.211758379126628427e+00
-8.273868715786178996e-01 -6.801427591027930930e-02 2.205794818225899512e+00
-8.343931237941148993e-01 -6.827575321814505216e-02 2.200602207099576546e+00
-8.404631607137060811e-01 -6.806667315821224307e-02 2.196334478445858274e+00
-8.451813479255783079e-01 -6.755082704028358975e-02 2.193142120555557462e+00
-8.481345119440693026e-01 -6.689226316633511971e-02 2.191172305641271301e+00
-8.489111216608034027e-01 -6.625175138444205913e-02 2.190569732020317240e+00
-8.471001967783440278e-01 -6.578268942494691629e-02 2.191478126741198906e+00
-8.422900013285374854e-01 -6.562643588844663256e-02 2.194042320654340905e+00
-8.340665915998588531e-01 -6.590702389667146832e-02 2.198410768639424973e+00
-8.220123000182883999e-01 -6.672517528910670848e-02 2.204738340792978590e+00
-8.059525412339212380e-01 -6.810880252890427755e-02 2.213049212550575184e+00
-7.867025073667726076e-01 -6.989860056477592565e-02 2.222814196228524608e+00
-7.653284087302987260e-01 -7.191742945776402607e-02 2.233360315346985203e+00
-7.429015474511011519e-01 -7.403189503229468116e-02 2.244006753921075514e+00
-7.204986853338164465e-01 -7.616037252549201497e-02 2.254064208815306891e+00
-6.992014999681721577e-01 -7.827372333968751761e-02 2.262835805119306265e+00
-6.800957561648672822e-01 -8.038850906294570109e-02 2.269618542828834684e+00
-6.642707647236134605e-01 -8.255257178590280631e-02 2.273704289815069224e+00
-6.528194711437169673e-01 -8.482290454151453218e-02 2.274379631011079539e+00
-6.468391035496523500e-01 -8.723573876052626019e-02 2.270924435328782742e+00
-6.470554760513973491e-01 -8.974587562015257092e-02 2.262902826685558644e+00
-6.526893431937459411e-01 -9.213936835250269297e-02 2.251046736170984275e+00
-6.625746072896010475e-01 -9.414426059751956899e-02 2.236389526019209484e+00
-6.755305401323195014e-01 -9.549920963358182746e-02 2.219978736629961702e+00
-6.903623119285287046e-01 -9.598630459969292872e-02 2.202877059835296691e+00
-7.058652225625241527e-01 -9.545169968917033287e-02 2.186159237671665423e+00
-7.208317079061732358e-01 -9.381352211839999455e-02 2.170905649168282991e+00
-7.340596568057424776e-01 -9.105669221336132324e-02 2.158194035792071475e+00
-7.443605030242856913e-01 -8.721463282760222313e-02 2.149090991956597030e+00
-7.505659988961834728e-01 -8.233822340902863246e-02 2.144644468710180440e+00
-7.518359836470072111e-01 -7.649458066752146124e-02 2.145580374678040414e+00
-7.485608383666839671e-01 -6.985239517800589937e-02 2.151414830866864136e+00
-7.414360637452404035e-01 -6.256254631491975360e-02 2.161363119908736863e+00
-7.311512737550902585e-01 -5.474599185037032356e-02 2.174645012414052836e+00
-7.183851555847837744e-01 -4.651964034314604035e-02 2.190489404406180896e+00
-7.038014532449707872e-01 -3.801665916852003946e-02 2.208137931877436344e+00
-6.880456973178388225e-01 -2.940130174000543661e-02 2.226847864102172281e+00
-6.717427766830077474e-01 -2.087846843275986686e-02 2.245894241347539122e+00
-6.554956700361671551e-01 -1.269832253244285170e-02 2.264571028460995450e+00
-6.398857457049995645e-01 -5.156361647096652234e-03 2.282190981845106492e+00
-6.253966233445069633e-01 1.482792315090186719e-03 2.298187058715905007e+00
-6.121898663167790744e-01 7.219421126988478932e-03 2.312412790461019885e+00
-6.003542702290030064e-01 1.212508499044773203e-02 2.324820986452886373e+00
-5.899855099245421286e-01 1.627435861746118206e-02 2.335359329047505650e+00
-5.811854468854313893e-01 1.974598730530052748e-02 2.343970718737367065e+00
-5.740614256261515891e-01 2.262423170646865600e-02 2.350593648611521758e+00
-5.687255294198871880e-01 2.500040079412757521e-02 2.355162642765805447e+00
-5.652937616049129588e-01 2.697457004401648817e-02 2.357608797019615565e+00
-5.638851141069016748e-01 2.865747770230164804e-02 2.357860464796505795e+00
-5.646204801186636146e-01 3.017258578125492363e-02 2.355844135897601888e+00
-5.675386518746616815e-01 3.163824999953224193e-02 2.351558122147146879e+00
-5.723475932906634256e-01 3.310620323177104751e-02 2.345290777231867185e+00
-5.786731733837111591e-01 3.461324397226128724e-02 2.337402265369545429e+00
-5.861418238366287170e-01 3.619444423789719423e-02 2.328252053539868083e+00
-5.943804906080831785e-01 3.787808278869420064e-02 2.318198959280787896e+00
-6.030167705965183700e-01 3.968192191102826172e-02 2.307601026628071317e+00
-6.116791983646630015e-01 4.161082728046494594e-02 2.296815264676537627e+00
-6.199976177075683381e-01 4.365572830043351615e-02 2.286197312674964177e+00
-6.276035562733142115e-01 4.579391088567330570e-02 2.276101110793079307e+00
-6.341305184478382984e-01 4.799062790409891477e-02 2.266878656757324251e+00
-6.392828133235184396e-01 5.018828103318595524e-02 2.258849750648758814e+00
-6.430416763707498262e-01 5.227163448106653121e-02 2.252212019762698247e+00
-6.454588690554583508e-01 5.411594929660301645e-02 2.247132624123274525e+00
-6.465870121863650510e-01 5.560227175380072495e-02 2.243779241324170393e+00
-6.464783935005140592e-01 5.661812531147525362e-02 2.242320697927015161e+00
-6.451836344984887006e-01 5.705811580104169778e-02 2.242927486354640898e+00
-6.427502310731281199e-01 5.682447200479234795e-02 2.245772176363532324e+00
-6.392209827985801951e-01 5.582754925456479000e-02 2.251029737935030361e+00
-6.346323269368383535e-01 5.398632988016638379e-02 2.258877799484146465e+00
-6.290125952448981650e-01 5.122896126860254640e-02 2.269496871273245731e+00
-6.223849536528422988e-01 4.758868796193382877e-02 2.282980865766566225e+00
-6.147875191420322238e-01 4.348744184734476548e-02 2.299065599898227230e+00
-6.062749847452781893e-01 3.944367830163564292e-02 2.317392371265138973e+00
-5.969217694442416899e-01 3.597352033585288211e-02 2.337594771595491672e+00
-5.868265972470592118e-01 3.358760515339920261e-02 2.359296534610327178e+00
-5.761150418656608707e-01 3.278783216267644463e-02 2.382109918481162936e+00
-5.649398955338869044e-01 3.406420206800442330e-02 2.405634976873986197e+00
-5.534792473936143153e-01 3.789199776853546808e-02 2.429460038621584328e+00
-5.419322240525517032e-01 4.472959374689633449e-02 2.453163611924589205e+00
-5.305124513963148658e-01 5.501718308656045053e-02 2.476317761191752176e+00
-5.194445311661812781e-01 6.897699839168325298e-02 2.498527856063333275e+00
-5.089558153348683334e-01 8.601677807469476633e-02 2.519550025548234373e+00
-4.992331319019518432e-01 1.053338263518135420e-01 2.539200220460656077e+00
-4.904175406784823110e-01 1.261185978385790385e-01 2.557318318123273926e+00
-4.826097954852652805e-01 1.475580209132605347e-01 2.573763363136666094e+00
-4.758768836062925445e-01 1.688383337612733293e-01 2.588407835344566976e+00
-4.702592198190291839e-01 1.891473819760838282e-01 2.601131810863917426e+00
-4.657782926951128388e-01 2.076763992997898711e-01 2.611817676556972057e+00
-4.624447601209364933e-01 2.236213446154735607e-01 2.620345838981408271e+00
-4.602671323495295397e-01 2.361839049471763374e-01 2.626591636408045716e+00
-4.592135739162461761e-01 2.447902352507047574e-01 2.630502833473395974e+00
-4.590819054083485895e-01 2.497458485393111438e-01 2.632336589023738682e+00
-4.596485136092436363e-01 2.515811232022757693e-01 2.632422612419814456e+00
-4.607082166992944039e-01 2.508303291400775237e-01 2.631087394650564182e+00
-4.620662332581577658e-01 2.480290931023736434e-01 2.628656792957373867e+00
-4.635316600839924916e-01 2.437125758725402491e-01 2.625457634356012981e+00
-4.649124583655659393e-01 2.384142700335711851e-01 2.621818642702751667e+00
-4.660119653246628246e-01 2.326653894681944834e-01 2.618070825502364585e+00
-4.666269525496780091e-01 2.269948649917470362e-01 2.614547329444756762e+00
-4.665472508495094317e-01 2.219299851560370129e-01 2.611582690025599618e+00
-4.656443746228138281e-01 2.178889007966358093e-01 2.609424316533689669e+00
-4.641380032938977607e-01 2.148559709450603705e-01 2.607969225446115757e+00
-4.623378325245033338e-01 2.127084925334656873e-01 2.607024649960580032e+00
-4.605558556119664360e-01 2.113243707348981815e-01 2.606396349401074453e+00
-4.591055893799849130e-01 2.105813611523292828e-01 2.605889763848275198e+00
-4.583014520194961250e-01 2.103569015101829365e-01 2.605310846301343020e+00
-4.584583006263223126e-01 2.105285351623042978e-01 2.604466559540681736e+00
-4.598911302879757912e-01 2.109749231458390994e-01 2.603165031236033045e+00
-4.629149306781732420e-01 2.115774401536425486e-01 2.601215370992616016e+00
-4.678446904221154057e-01 2.122223525963402579e-01 2.598427166865090676e+00
-4.748689686340297200e-01 2.128233240831431949e-01 2.594669165899743835e+00
-4.836703065884444541e-01 2.133794779596600577e-01 2.590047108313244806e+00
-4.938048092352325114e-01 2.139088262890549430e-01 2.584725573082796490e+00
-5.048286611382906131e-01 2.144248419047318777e-01 2.578868690975026468e+00
-5.162981292712105486e-01 2.149342333577290987e-01 2.572640176873528084e+00
-5.277695926984673491e-01 2.154354330049583766e-01 2.566203279784414981e+00
-5.387995903513775886e-01 2.159177965396796850e-01 2.559720696305534116e+00
-5.489448750292993395e-01 2.163615109035328388e-01 2.553354504811550019e+00
-5.577624601521780079e-01 2.167382057580464760e-01 2.547266180704440330e+00
-5.648096455280642303e-01 2.170122626602042359e-01 2.541616747866406456e+00
-5.697719382451875703e-01 2.171506791815382975e-01 2.536561029172435866e+00
-5.728466883793856823e-01 2.171515691556553662e-01 2.532230014809367269e+00
-5.743589807510343093e-01 2.170261647620783663e-01 2.528749434908779570e+00
-5.746335399228268415e-01 2.167914627143865403e-01 2.526245567607792619e+00
-5.739946490599789897e-01 2.164696357776270119e-01 2.524844918883204059e+00
-5.727661357082878268e-01 2.160870488968562597e-01 2.524673951226283020e+00
-5.712714320496736775e-01 2.156728780643240029e-01 2.525858886166434836e+00
-5.698337089389102772e-01 2.152573312959376040e-01 2.528525600082727642e+00
-5.687760726083626039e-01 2.148694715666366051e-01 2.532799623356489338e+00
-5.684218004794843182e-01 2.145346412266029290e-01 2.538806239747518845e+00
-5.689924708632982941e-01 2.142715862318187447e-01 2.546623178727306591e+00
-5.703018941985096291e-01 2.140935524526219602e-01 2.556138462978656545e+00
-5.720626648972899631e-01 2.140146317785354135e-01 2.567193128971028582e+00
-5.739883931376308368e-01 2.140530805923432922e-01 2.579628691179826738e+00
-5.757938535979043593e-01 2.142335855695911562e-01 2.593287057056099965e+00
-5.771951761255840196e-01 2.145890735495576962e-01 2.608010401210294038e+00
-5.779100628601749889e-01 2.151620667425642175e-01 2.623640971829265922e+00
-5.776580043017780497e-01 2.160055843753956317e-01 2.640020792808162930e+00
-5.761604571856917545e-01 2.171835915114317395e-01 2.656991219739377019e+00
-5.731409394274873392e-01 2.187709948013791816e-01 2.674392306513285966e+00
-5.684672667862962214e-01 2.207806631514661611e-01 2.692007006080272546e+00
-5.625729020964058691e-01 2.229338869515080646e-01 2.709397093353414387e+00
-5.560207925081304126e-01 2.248570647820500312e-01 2.726071667125951503e+00
-5.493606026616806304e-01 2.261510440833731650e-01 2.741544096230437155e+00
-5.431311052470295664e-01 2.263931605852764761e-01 2.755332209287289391e+00
-5.378643167464201014e-01 2.251416632849969623e-01 2.766956826275852599e+00
-5.340914843879858154e-01 2.219423994522977672e-01 2.775938543590248830e+00
-5.323510162414226699e-01 2.163377488003623839e-01 2.781792620948528860e+00
-5.331984602911727933e-01 2.078779711032154864e-01 2.784021730695136032e+00
-5.372186843742738915e-01 1.961353741040254839e-01 2.782106222444328480e+00
-5.448017542746725894e-01 1.809282609525646457e-01 2.775711936178951511e+00
-5.554226561124737671e-01 1.629425185085002781e-01 2.765357959594967330e+00
-5.683196040544782335e-01 1.430808720471432594e-01 2.751792776385714401e+00
-5.827075407621027381e-01 1.222301791384299285e-01 2.735794268940217044e+00
-5.977603902598556118e-01 1.012416156435138603e-01 2.718182540109570944e+00
-6.125986193519921130e-01 8.091602081706916749e-02 2.699828044054164433e+00
-6.262829946833141648e-01 6.199557300160218887e-02 2.681654169378466790e+00
-6.378152825644942681e-01 4.516338155022303624e-02 2.664633364503660840e+00
-6.461463451818367787e-01 3.105267638501718608e-02 2.649776042062288450e+00
-6.501917164008172989e-01 2.026698183792419172e-02 2.638111742936621429e+00
-6.491682806087935020e-01 1.320092428545605046e-02 2.630418024384356457e+00
-6.435717559358637985e-01 9.448237223205868673e-03 2.626454971878774192e+00
-6.342561811083511358e-01 8.445995995397304057e-03 2.625691227577922060e+00
-6.221071441924763690e-01 9.663312092062170677e-03 2.627568655638884643e+00
-6.080271879476217833e-01 1.257938673388903084e-02 2.631521742094704130e+00
-5.929241567500955767e-01 1.666643622942931557e-02 2.636992803116729345e+00
-5.777026120758392835e-01 2.137788715928223837e-02 2.643442723050181797e+00
-5.632582899440681246e-01 2.614176924893563125e-02 2.650356906079997632e+00
-5.504754519088042031e-01 3.035892739924372918e-02 2.657246136366749223e+00
-5.402269107365640366e-01 3.340554206064805243e-02 2.663642097659652208e+00
-5.331529752633761277e-01 3.480401476352534829e-02 2.669146575024518242e+00
-5.289983162978728615e-01 3.473118007971010002e-02 2.673591850154433125e+00
-5.272904793721435723e-01 3.353910397445680758e-02 2.676853815412833626e+00
-5.275635950751507153e-01 3.159131071534382329e-02 2.678798672092470134e+00
-5.293569833131375191e-01 2.926129801625343418e-02 2.679289067617643738e+00
-5.322131251201076552e-01 2.693052411591168038e-02 2.678188571160208475e+00
-5.356749661191120282e-01 2.498578966259579204e-02 2.675364471120992960e+00
-5.392825929460087764e-01 2.381597865924600654e-02 2.670688862786842588e+00
-5.425693692280990632e-01 2.380814083650450996e-02 2.664037970738191596e+00
-5.450576276887098004e-01 2.534289360664399027e-02 2.655289621694914892e+00
-5.463769952598118707e-01 2.863237499157467170e-02 2.644404592202279414e+00
-5.466383312149618590e-01 3.325046327010561242e-02 2.631680543163923858e+00
-5.460828045199042080e-01 3.861269499379371695e-02 2.617497669111203074e+00
-5.449674280088752099e-01 4.413813454369952538e-02 2.602237276884552752e+00
-5.435695746463604650e-01 4.925274828380921122e-02 2.586284872091700660e+00
-5.421891877748983291e-01 5.339193584719525987e-02 2.570031700730111890e+00
-5.411486316621854087e-01 5.600204531228936133e-02 2.553874428503991378e+00
-5.407901523147673473e-01 5.654066818714342801e-02 2.538212657358239976e+00
-5.414710004932583587e-01 5.447552177525372130e-02 2.523444065436232009e+00
-5.435564110819726125e-01 4.928178671469396477e-02 2.509957103276527324e+00
-5.473274791232016767e-01 4.064166291931980979e-02 2.498006548739469146e+00
-5.527187182537387500e-01 2.904930589157217469e-02 2.487366810115902105e+00
-5.595627960552906899e-01 1.519620460575055176e-02 2.477689868340557489e+00
-5.676811221181239375e-01 -2.300712659848436203e-04 2.468629688217997220e+00
-5.768898473456784970e-01 -1.654314474636287002e-02 2.459849280837618668e+00
-5.870028840287435656e-01 -3.305575299759766494e-02 2.451026345304787135e+00
-5.978321518161244796e-01 -4.907839514940803838e-02 2.441857567009943608e+00
-6.091853830262259351e-01 -6.391873095420397277e-02 2.432061705093698567e+00
-6.208619074222347933e-01 -7.688172773632784285e-02 2.421381549707460223e+00
-6.326468948728720676e-01 -8.727054631854169742e-02 2.409584691508608767e+00
-6.442799691778731130e-01 -9.460028147330223902e-02 2.396615914622485910e+00
-6.553843168926549723e-01 -9.924439089341330344e-02 2.383043917964954961e+00
-6.655600126750780277e-01 -1.018129483194649687e-01 2.369580161566608112e+00
-6.744203297118422924e-01 -1.029399650069589001e-01 2.356919351710363486e+00
-6.815970176411365600e-01 -1.032780775989579070e-01 2.345738533402205839e+00
-6.867404638821037466e-01 -1.034909537202719498e-01 2.336699528667321335e+00
-6.895148789340126427e-01 -1.042437656617902775e-01 2.330454529075464798e+00
-6.895887522146590953e-01 -1.061919136635252059e-01 2.327654522543958659e+00
-6.866208307369614516e-01 -1.099679114682623471e-01 2.328960285347000170e+00
-6.802418038440576353e-01 -1.161659880299508174e-01 2.335055875553822435e+00
-6.702649812342489355e-01 -1.251129087592937061e-01 2.346346598100011338e+00
-6.573914135881793186e-01 -1.362451958849790756e-01 2.361997433986056993e+00
-6.425648046154543991e-01 -1.487999895158145236e-01 2.380842842571496920e+00
-6.267699752855584450e-01 -1.620634967050711417e-01 2.401680052159034240e+00
-6.110503396536479670e-01 -1.753942880689098871e-01 2.423255488024946835e+00
-5.965158165285959768e-01 -1.882351691703085805e-01 2.444258899386245965e+00
-5.843416782563801704e-01 -2.001116469843302603e-01 2.463325114024762730e+00
-5.757592581055259728e-01 -2.106148590778742502e-01 2.479043022600726065e+00
-5.720394916336113411e-01 -2.193671861845660764e-01 2.489971334846244666e+00
-5.744696269479625528e-01 -2.259695842613038685e-01 2.494661216376713675e+00
-5.838885370784598905e-01 -2.300771468440347967e-01 2.492148655142389480e+00
-5.993487953661027490e-01 -2.317978991736868721e-01 2.483371976782577040e+00
-6.194108529609962943e-01 -2.313225915173791059e-01 2.469786575536080608e+00
-6.426022236771036233e-01 -2.288570657662480912e-01 2.452877056522225097e+00
-6.674445377748972064e-01 -2.246786594726573050e-01 2.434129928177419799e+00
-6.924779746723324081e-01 -2.191707890355836241e-01 2.415008505806657713e+00
-7.162803961005099751e-01 -2.128356254429313310e-01 2.396932985761865087e+00
-7.374779021721717953e-01 -2.062861100851733909e-01 2.381269231264249608e+00
-7.547441878548681871e-01 -2.002194242899433263e-01 2.369329150907584225e+00
-7.667874944532782067e-01 -1.953741396831434329e-01 2.362384129120068899e+00
-7.727344667998501393e-01 -1.923319241172922744e-01 2.361268808004377107e+00
-7.733227420864317025e-01 -1.910330527480770257e-01 2.365151060055580512e+00
-7.696634710487089137e-01 -1.911973348489715008e-01 2.372814335998708835e+00
-7.628487807988673097e-01 -1.925119765656049253e-01 2.383064733270768620e+00
-7.539669836895761534e-01 -1.946704730543014072e-01 2.394715688410767651e+00
-7.441130100291371008e-01 -1.973986718150513298e-01 2.406577025171830808e+00
-7.343943553795053703e-01 -2.004682179674697196e-01 2.417448286311654204e+00
-7.259334068206033663e-01 -2.036971529570541506e-01 2.426115661756797159e+00
-7.198671838189998340e-01 -2.069372432534581918e-01 2.431351579942869101e+00
-7.173452389669980889e-01 -2.100476012641872003e-01 2.431916216756639493e+00
-7.191835575731264640e-01 -2.129003288701705188e-01 2.426974205679684804e+00
-7.248284956181745287e-01 -2.154898478169213760e-01 2.417343526258353581e+00
-7.333740870365286213e-01 -2.178249148506408162e-01 2.404263992816123352e+00
-7.439052451773839891e-01 -2.199216815232096778e-01 2.388983158398483742e+00
-7.555005990821825890e-01 -2.218312732061256121e-01 2.372754004849327192e+00
-7.672355974598037420e-01 -2.236561588440064696e-01 2.356832368000897127e+00
-7.781849463828871549e-01 -2.255551965625812727e-01 2.342474818872036568e+00
-7.874230132694961526e-01 -2.277373729473666231e-01 2.330938114378898973e+00
-7.940208675177933273e-01 -2.304443299185940930e-01 2.323481337280942416e+00
-7.970391173307298516e-01 -2.339217019396091501e-01 2.321371486406933027e+00
-7.957840159174214278e-01 -2.383065100800454417e-01 2.325500134112718165e+00
-7.906091951910099169e-01 -2.433777370237084625e-01 2.335207333607303593e+00
-7.821359599194206424e-01 -2.487933303993479228e-01 2.349442192220320358e+00
-7.710010267482179103e-01 -2.541970181732526868e-01 2.367143372462521711e+00
-7.578657534024753062e-01 -2.592467854937439142e-01 2.387231315055313274e+00
-7.434204170278420065e-01 -2.636372089222138726e-01 2.408604106437636005e+00
-7.283833607034395641e-01 -2.671151361526549195e-01 2.430137337983099499e+00
-7.134955233095983118e-01 -2.694880035743665303e-01 2.450687721675611996e+00
-6.995114328625442468e-01 -2.706241058661271737e-01 2.469099697640031454e+00
-6.871880663809140088e-01 -2.704443445711683935e-01 2.484213913128137996e+00
-6.771631757844849275e-01 -2.689844498183151522e-01 2.495127622116663613e+00
-6.696148893376490108e-01 -2.665977556329615084e-01 2.501958309054439500e+00
-6.645913953017315023e-01 -2.636862702424118687e-01 2.505092576221843892e+00
-6.621306600811536214e-01 -2.606208526412445714e-01 2.504928148498626328e+00
-6.622692068903184293e-01 -2.577451905995884474e-01 2.501866954932483900e+00
-6.650488083691925567e-01 -2.553800815598776808e-01 2.496309077874203197e+00
-6.705213318799838618e-01 -2.538278015804418253e-01 2.488647406949523688e+00
-6.787520234309649680e-01 -2.533764321714366829e-01 2.479262766450740507e+00
-6.898215374312002268e-01 -2.543040713016617715e-01 2.468519257824203450e+00
-7.038270311400776080e-01 -2.568828839294363675e-01 2.456759555822345398e+00
-7.207170642330513743e-01 -2.612667299324957781e-01 2.444306918820919883e+00
-7.397850431381556291e-01 -2.671550005062028887e-01 2.431496237248355285e+00
-7.601460330943421440e-01 -2.741614307271302842e-01 2.418682120459205720e+00
-7.808954165824406601e-01 -2.819368892204057175e-01 2.406244346614206275e+00
-8.011059206057389304e-01 -2.901709973690191902e-01 2.394593787289511777e+00
-8.198263538264249917e-01 -2.985903193953474144e-01 2.384175062304535686e+00
-8.360819644359152036e-01 -3.069525345891599422e-01 2.375466331815774268e+00
-8.488763809910713221e-01 -3.150360072276909840e-01 2.368976560040852775e+00
-8.571952183867530550e-01 -3.226242517237167817e-01 2.365240385280964919e+00
-8.600116755279749725e-01 -3.294849479014434479e-01 2.364810355657371854e+00
-8.566414928446546284e-01 -3.354048526138107000e-01 2.368054505407600097e+00
-8.477986354416486847e-01 -3.403585239789208572e-01 2.374561498687001393e+00
-8.345677095278896118e-01 -3.443482781917595048e-01 2.383697494213969481e+00
-8.180543937372712904e-01 -3.473736133561433626e-01 2.394801352206534784e+00
-7.993799163582924194e-01 -3.494554186307183841e-01 2.407191890973829018e+00
-7.796746832615113476e-01 -3.506533245714789082e-01 2.420176031777508729e+00
-7.600715111501941124e-01 -3.510757688922878650e-01 2.433057330124422712e+00
-7.416993786646610687e-01 -3.508825883970767556e-01 2.445143815206193949e+00
-7.256787883486968127e-01 -3.502802005563410148e-01 2.455753818645610931e+00
-7.131197226028405112e-01 -3.495096435970319604e-01 2.464218581048187140e+00
-7.048403878224691610e-01 -3.487946056868169720e-01 2.470050291617827298e+00
-7.005255126229066320e-01 -3.482113824120882661e-01 2.473443537940294590e+00
-6.995790812401363468e-01 -3.477697437393567625e-01 2.474760211352045935e+00
-7.014071970629505159e-01 -3.474551335735034385e-01 2.474359542920260502e+00
-7.054175012999461813e-01 -3.472391373110155222e-01 2.472598856515412447e+00
-7.110185035307825530e-01 -3.470879240003625910e-01 2.469834421180035378e+00
-7.176190391092491794e-01 -3.469686925797299537e-01 2.466422133101546343e+00
-7.246279444872012476e-01 -3.468541374900051544e-01 2.462717915085759657e+00
-7.314539517109039934e-01 -3.467249371002969482e-01 2.459077835815969504e+00
-7.375057460800071851e-01 -3.465702623144544248e-01 2.455858023812782953e+00
-7.423140673820922686e-01 -3.463847790753602496e-01 2.453334952258994228e+00
-7.458975836437282680e-01 -3.461589476206539118e-01 2.451466843392374084e+00
-7.483968773290285981e-01 -3.458786257398904773e-01 2.450132426005176889e+00
-7.499524947233737748e-01 -3.455269068591575454e-01 2.449210445097168787e+00
-7.507049587674181623e-01 -3.450850102606728420e-01 2.448579622024199320e+00
-7.507947591522015074e-01 -3.445330110847484306e-01 2.448118635369793239e+00
-7.503623123102487469e-01 -3.438504103796047318e-01 2.447706132135316182e+00
-7.495478870945628813e-01 -3.430165452531586112e-01 2.447220774970531032e+00
-7.484914943408602639e-01 -3.420108391218832367e-01 2.446541328109909763e+00
-7.473327401596243647e-01 -3.408128921949344914e-01 2.445546782439417033e+00
-7.461767432258197275e-01 -3.394220747279796946e-01 2.444186758315196606e+00
-7.449928682706712380e-01 -3.379162305326186555e-01 2.442692098269252376e+00
-7.437175717602029223e-01 -3.363924072497193052e-01 2.441363616283492188e+00
-7.422885276191211190e-01 -3.349470620814587463e-01 2.440501767981123393e+00
-7.406443906226343188e-01 -3.336757924360975736e-01 2.440406797247036685e+00
-7.387242362346011504e-01 -3.326728915388388330e-01 2.441379041246082071e+00
-7.364666844859133477e-01 -3.320307287366692783e-01 2.443719387099870577e+00
-7.338087177319110310e-01 -3.318389479628782723e-01 2.447729875136991584e+00
-7.306842051905455548e-01 -3.321834690218556929e-01 2.453714446058890886e+00
-7.270221514702672749e-01 -3.331452651095236916e-01 2.461979832093138310e+00
-7.227386860811142455e-01 -3.347480630032357851e-01 2.472725548703519127e+00
-7.177211219046544244e-01 -3.368059268619925106e-01 2.485709608778517765e+00
-7.118539814376330099e-01 -3.390778626545309926e-01 2.500577461865890250e+00
-7.050293072090383362e-01 -3.413193920809236559e-01 2.516970710747430839e+00
-6.971494884838627115e-01 -3.432834701188607340e-01 2.534525151278132604e+00
-6.881292711202613432e-01 -3.447219098070544163e-01 2.552868844675776128e+00
-6.778968485423284562e-01 -3.453872727994800051e-01 2.571620337400552181e+00
-6.663939177393523039e-01 -3.450351645541167578e-01 2.590387161854129427e+00
-6.535745838722286649e-01 -3.434268600183307818e-01 2.608764749767265467e+00
-6.394030136165262945e-01 -3.403321811848902811e-01 2.626335865899386057e+00
-6.239090853030262451e-01 -3.356228131070926324e-01 2.642734595587254098e+00
-6.073549522886878549e-01 -3.295454684845249282e-01 2.657847777487629237e+00
-5.900430121299908848e-01 -3.224504236970520132e-01 2.671640729206289144e+00
-5.722557703158948073e-01 -3.146989095584693530e-01 2.684097985594632085e+00
-5.542578109800819774e-01 -3.066606660605444290e-01 2.695224553646145882e+00
-5.362984311435390339e-01 -2.987115671208098178e-01 2.705045975861482876e+00
-5.186146718008277645e-01 -2.912313921823179719e-01 2.713607402752705955e+00
-5.014344853416243808e-01 -2.846018101417531199e-01 2.720971843099531107e+00
-4.849798098106639088e-01 -2.792046285848095444e-01 2.727217714943794835e+00
-4.694693696544680606e-01 -2.754203489908606528e-01 2.732435770681252762e+00
-4.550425395199582113e-01 -2.735016659846225551e-01 2.736748603326676132e+00
-4.415295059443575809e-01 -2.731943168076789163e-01 2.740368550128906566e+00
-4.286925241296586364e-01 -2.741100051737381804e-01 2.743514829900640883e+00
-4.163020305763271978e-01 -2.758528973009433116e-01 2.746392007087029796e+00
-4.041342212410539148e-01 -2.780208506037955551e-01 2.749192726430989886e+00
-3.919698013570958040e-01 -2.802061429513824642e-01 2.752099258289618433e+00
-3.795938086500232345e-01 -2.819957794204901447e-01 2.755283891078672553e+00
-3.667964324963008949e-01 -2.829714430970087236e-01 2.758908191103018659e+00
-3.533747449542072872e-01 -2.827091567696888852e-01 2.763121159067394750e+00
-3.391352246686167859e-01 -2.807787313962619713e-01 2.768056346228897180e+00
-3.240077211508163302e-01 -2.768655986008674574e-01 2.773768368696279296e+00
-3.083737935032164756e-01 -2.711438349264487790e-01 2.780061638501081234e+00
-2.927207400969438211e-01 -2.639199266549452361e-01 2.786691143706963025e+00
-2.775253875580716567e-01 -2.555126884048628533e-01 2.793430013814457435e+00
-2.632517372086731200e-01 -2.462531131587266664e-01 2.800072915017199460e+00
-2.503501325282915246e-01 -2.364832554056288672e-01 2.806437378718591891e+00
-2.392577614783704121e-01 -2.265543582521232224e-01 2.812363136854457046e+00
-2.304002492948526992e-01 -2.168244176708205018e-01 2.817709589379285617e+00
-2.241940831911986010e-01 -2.076553330479118387e-01 2.822351551609068032e+00
-2.210496391947227579e-01 -1.994097282662128379e-01 2.826173426584478676e+00
-2.212449381387084912e-01 -1.923981284898736988e-01 2.829051614110687396e+00
-2.245407911773300569e-01 -1.867261299278650810e-01 2.830812709805704763e+00
-2.305733704236736514e-01 -1.824378705629543518e-01 2.831256119733925214e+00
-2.389851689056090578e-01 -1.795640702234764241e-01 2.830165043491930099e+00
-2.494261454156738722e-01 -1.781216484590544269e-01 2.827308500975836303e+00
-2.615550221939040298e-01 -1.781139293267841595e-01 2.822443528139160218e+00
-2.750406831655531903e-01 -1.795314822917668529e-01 2.815317448802886258e+00
-2.895636253784683589e-01 -1.823536243555698988e-01 2.805670119455294653e+00
-3.048174309506066493e-01 -1.865505822937212344e-01 2.793236041067252540e+00
-3.205102512786108804e-01 -1.920862867559449683e-01 2.777746235373755201e+00
-3.363396306891974774e-01 -1.988430489892714093e-01 2.759130259379087402e+00
-3.518991237179509568e-01 -2.064040682499457269e-01 2.738127355645732841e+00
-3.667291159477503726e-01 -2.143199099393719997e-01 2.715701692384182131e+00
-3.803339207533982247e-01 -2.221939259584413406e-01 2.692845137702313707e+00
-3.921800473626664285e-01 -2.296810592321669731e-01 2.670576036460481806e+00
-4.016987734861743320e-01 -2.364814669028287852e-01 2.649935574110704906e+00
-4.082924055588383894e-01 -2.423282233178785106e-01 2.631981841423142843e+00
-4.113437156049926102e-01 -2.469685421641623080e-01 2.617781657446937693e+00
-4.102283674281581582e-01 -2.501382549580117853e-01 2.608399999308046002e+00
-4.043307075887740965e-01 -2.515296948217251582e-01 2.604886496217556413e+00
-3.933067664534748431e-01 -2.508621434185722698e-01 2.607914816396787572e+00
-3.778282292199586223e-01 -2.481957488787660537e-01 2.616743302758414824e+00
-3.588434930361277253e-01 -2.436584102170518129e-01 2.630260072622980783e+00
-3.373158544709635720e-01 -2.373850287265750758e-01 2.647344046044060040e+00
-3.142057816163461581e-01 -2.295523798319969444e-01 2.666881202930818873e+00
-2.904546462872161783e-01 -2.204031889608275563e-01 2.687779699295326896e+00
-2.669709219682072643e-01 -2.102593734100821621e-01 2.708982664073797508e+00
-2.446202796466927509e-01 -1.995250269978834368e-01 2.729477184332359307e+00
-2.242209201329412593e-01 -1.886802086207328699e-01 2.748298162363145725e+00
-2.065450305020899435e-01 -1.782668553887569729e-01 2.764526233310119707e+00
-1.921057772614105374e-01 -1.687506774376812402e-01 2.777531105789767363e+00
-1.805235412712562493e-01 -1.601239523470896486e-01 2.787697573865376643e+00
-1.712212487288731211e-01 -1.522168052371557501e-01 2.795638560198644651e+00
-1.636443032779064666e-01 -1.448225664349980235e-01 2.801944415122049836e+00
-1.572557394378417683e-01 -1.377090581330739916e-01 2.807187678511675610e+00
-1.515327652621500931e-01 -1.306264575270512651e-01 2.811926548449936281e+00
-1.459648478836559349e-01 -1.233120364804380920e-01 2.816706901026512444e+00
-1.400533950438989095e-01 -1.154919986832374512e-01 2.822062805830067855e+00
-1.333130316884201250e-01 -1.068805973850213142e-01 2.828515539066581042e+00
-1.252744470877686922e-01 -9.717672115501052588e-02 2.836571127166291006e+00
-1.156276981334860565e-01 -8.616047247784397456e-02 2.846562763594359780e+00
-1.046311624861164802e-01 -7.400614475638533918e-02 2.858197294322445181e+00
-9.267240213341487731e-02 -6.099734299000036941e-02 2.871037359087714069e+00
-8.012232639126004585e-02 -4.743215223149643833e-02 2.884661263989846347e+00
-6.733252830515112919e-02 -3.362609742568389848e-02 2.898665108062277174e+00
-5.463406634163359143e-02 -1.991344738801625880e-02 2.912663559281124748e+00
-4.233760812070297419e-02 -6.647087690141439964e-03 2.926289391691820008e+00
-3.073484470202902941e-02 5.802805368302799138e-03 2.939191914194374533e+00
-2.010108461447313033e-02 1.705107517416415419e-02 2.951034427751498157e+00
-1.069895000017062614e-02 2.670070326681006634e-02 2.961490836079403888e+00
-2.744547343608516599e-03 3.443734563115619096e-02 2.970291115985314701e+00
3.698968755131648578e-03 4.030832837432551941e-02 2.977362271242653957e+00
8.596566878292577485e-03 4.445735886475521426e-02 2.982671782619721768e+00
1.190271545263899000e-02 4.703509272628503268e-02 2.986177981293067774e+00
1.356254387529132188e-02 4.819983118202975092e-02 2.987831030504763952e+00
1.351298749129226096e-02 4.811841684657380824e-02 2.987573868452921388e+00
1.168397809350940619e-02 4.696731440864398976e-02 2.985343181290798675e+00
7.999741940404980767e-03 4.493385964352958339e-02 2.981070474701058792e+00
2.380268782441685715e-03 4.221765440735003594e-02 2.974683312941264646e+00
-5.256983156524341894e-03 3.903207643866490884e-02 2.966106794403554403e+00
-1.493035242759255254e-02 3.553487632357255066e-02 2.955318663847849692e+00
-2.640026858148303290e-02 3.161096993550849277e-02 2.942509169172179195e+00
-3.936772852436121184e-02 2.707375611805140636e-02 2.927917807664056848e+00
-5.354098065115664440e-02 2.173038750347000558e-02 2.911778592426062851e+00
-6.863673796092850665e-02 1.537804175186163747e-02 2.894319402361113625e+00
-8.438116357141645096e-02 7.801033027632353622e-03 2.875761676402893485e+00
-1.005106277163365647e-01 -1.231302367695974453e-03 2.856320438157751607e+00
-1.167722151369989803e-01 -1.196602217603892626e-02 2.836204648147457430e+00
-1.329239428907804665e-01 -2.466737770220372994e-02 2.815617888476888098e+00
-1.487346289875084437e-01 -3.961707972041761394e-02 2.794759392027296396e+00
-1.639834057825817482e-01 -5.695196298623983466e-02 2.773873315035820575e+00
-1.784404042871940987e-01 -7.617998894176958302e-02 2.753405353744083239e+00
-1.918310771177456076e-01 -9.667131123571515161e-02 2.733881068329998332e+00
-2.038277766166682881e-01 -1.178197213186971126e-01 2.715863228452469968e+00
-2.140485151956541543e-01 -1.390391487644793145e-01 2.699953206812229389e+00
-2.220589820638201317e-01 -1.597573886618430805e-01 2.686790383091798518e+00
-2.273784974522392588e-01 -1.794064176718235260e-01 2.677048517116760618e+00
-2.294907846712472832e-01 -1.974087999422593498e-01 2.671427954187666653e+00
-2.278606336486728168e-01 -2.131599729884938732e-01 2.670642458135384700e+00
-2.219576580223776574e-01 -2.260066874342832044e-01 2.675399480251873019e+00
-2.115249877827878322e-01 -2.354174333569267752e-01 2.686078135454532223e+00
-1.973223279313227607e-01 -2.415728631487015221e-01 2.701817743261541782e+00
-1.804118847072135878e-01 -2.448440839349323994e-01 2.721407675770087131e+00
-1.618902567399249648e-01 -2.456440396752221922e-01 2.743610054326282466e+00
-1.428576418403153525e-01 -2.444568914352096556e-01 2.767186963316769610e+00
-1.243921537970020808e-01 -2.418534682403299385e-01 2.790922823153006771e+00
-1.075318457657044036e-01 -2.384931244782881876e-01 2.813639311166110435e+00
-9.326665149294477430e-02 -2.351132851994792716e-01 2.834200762556985165e+00
-8.254161879819488234e-02 -2.325084004151545258e-01 2.851508941987468404e+00
-7.627189846592852263e-02 -2.314998708456128540e-01 2.864487066424556971e+00
-7.507562006512813468e-02 -2.327214544432631982e-01 2.872374472498807840e+00
-7.842498490667626498e-02 -2.360457683628593983e-01 2.875661730734738519e+00
-8.553271606956958095e-02 -2.411044814911980083e-01 2.875129365285251204e+00
-9.562903006266409989e-02 -2.474927830150588370e-01 2.871544861036385399e+00
-1.079457176229761117e-01 -2.547952926371324089e-01 2.865678525363555718e+00
-1.217036068664150150e-01 -2.626061812137692186e-01 2.858315698184294984e+00
-1.361038219306047736e-01 -2.705436997887593620e-01 2.850265020179568509e+00
-1.503230297927036219e-01 -2.782589028256561292e-01 2.842362680248144535e+00
-1.635126666121866634e-01 -2.854380885283829272e-01 2.835472752530320051e+00
