3.767916202545166904e+00 6.343472003936767578e-01 -2.343181520700454434e-01
3.696373641070237248e+00 6.207542535744876577e-01 -2.449395973452372088e-01
3.631126252112311104e+00 6.086676771760143323e-01 -2.546511115146352644e-01
3.571521828518039232e+00 5.979512430211102458e-01 -2.635480531741883903e-01
3.516934966061388668e+00 5.884750291093759911e-01 -2.717219353390525338e-01
3.466767063443632502e+00 5.801154196171567357e-01 -2.792604254435901989e-01
3.420446322293347663e+00 5.727551048975424441e-01 -2.862473453413701407e-01
3.377427747166424687e+00 5.662830814803693213e-01 -2.927626713051686425e-01
3.337193145546064166e+00 5.605946520722188131e-01 -2.988825340269680164e-01
3.299251127842774078e+00 5.555914255564178283e-01 -3.046792186179579365e-01
3.263137107394364467e+00 5.511813169930380729e-01 -3.102211646085339947e-01
3.228413300465962976e+00 5.472785476188971598e-01 -3.155729659482992000e-01
3.194668726250000201e+00 5.438036448475579432e-01 -3.207953710060627572e-01
3.161519206866217679e+00 5.406834422693288511e-01 -3.259452825698408995e-01
3.128607367361666114e+00 5.378510796512635528e-01 -3.310757578468564999e-01
3.095602635710702266e+00 5.352460029371608474e-01 -3.362360084635391821e-01
3.062201242814993396e+00 5.328139642475653304e-01 -3.414714004655251545e-01
3.028126222503515930e+00 5.305070218797668380e-01 -3.468234543176574869e-01
2.993127411532553683e+00 5.282835403078006697e-01 -3.523298449039858893e-01
2.956981449585697419e+00 5.261081901824472551e-01 -3.580244015277667113e-01
2.919491779273850618e+00 5.239519483312328196e-01 -3.639371079114632757e-01
2.880488646135221042e+00 5.217920977584283859e-01 -3.700941021967451006e-01
2.839829098635329174e+00 5.196122276450509947e-01 -3.765176769444890659e-01
2.797396988166999776e+00 5.174022333488627057e-01 -3.832262791347782471e-01
2.753102969050369886e+00 5.151583164043710417e-01 -3.902345101669026928e-01
2.706884498532883931e+00 5.128829845228290996e-01 -3.975531258593592021e-01
2.658705177740816605e+00 5.105846985801540949e-01 -4.051891069968964754e-01
2.608547502130321494e+00 5.082739894756203025e-01 -4.131464353496965836e-01
2.556405611926684252e+00 5.059595749842398238e-01 -4.214268696938171521e-01
2.502284633071925057e+00 5.036480067425767038e-01 -4.300300163586577851e-01
2.446200677224790176e+00 5.013436702487473751e-01 -4.389533292269596765e-01
2.388180841760758621e+00 4.990487848624204914e-01 -4.481921097348054994e-01
2.328263209772038600e+00 4.967634038048169276e-01 -4.577395068716197390e-01
2.266496850067571067e+00 4.944854141587102236e-01 -4.675865171801686371e-01
2.202941817173024397e+00 4.922105368684259186e-01 -4.777219847565600253e-01
2.137669151330799266e+00 4.899323267398417725e-01 -4.881326012502430478e-01
2.070762070350551376e+00 4.876424767535922355e-01 -4.988027706370530279e-01
2.002329079999087380e+00 4.853341655190219206e-01 -5.097131217188241026e-01
1.932517084415826814e+00 4.830054047346685198e-01 -5.208390206201019001e-01
1.861512577971854432e+00 4.806593435036440876e-01 -5.321504355602194591e-01
1.789541645269921544e+00 4.783042683336348189e-01 -5.436119368532983387e-01
1.716869961144444012e+00 4.759536031369011599e-01 -5.551826969082471752e-01
1.643802790661504032e+00 4.736259092302780305e-01 -5.668164902287634588e-01
1.570684989118848129e+00 4.713448853351739909e-01 -5.784616934133316457e-01
1.497901002045891383e+00 4.691393675775724081e-01 -5.900612851552247129e-01
1.425874865203709652e+00 4.670433294880301234e-01 -6.015528462425026035e-01
1.355063661294883204e+00 4.650951602044010591e-01 -6.128694786896998759e-01
1.285885543709257561e+00 4.633297246948872572e-01 -6.239499161951259643e-01
1.218647760222913989e+00 4.617704239759325979e-01 -6.347486346047450656e-01
1.153540109692404281e+00 4.604284733132213425e-01 -6.452367710460517047e-01
1.090634942054748757e+00 4.593029022216796875e-01 -6.554021239280704014e-01
1.029887158327435825e+00 4.583805544654748210e-01 -6.652491529413560034e-01
9.711342106084245307e-01 4.576360880580152557e-01 -6.747989790579946856e-01
9.140961020761421141e-01 4.570319752619510512e-01 -6.840893845316023958e-01
8.583753869894850119e-01 4.565185025891732029e-01 -6.931748128973252987e-01
8.034571706878190778e-01 4.560337708008145863e-01 -7.021263689718408862e-01
7.487194008821081992e-01 4.555047201271785751e-01 -7.110303480032951207e-01
6.935460722499265929e-01 4.548584077260793279e-01 -7.199720562645240962e-01
6.374404313249010245e-01 4.540332851705115580e-01 -7.290196316041929192e-01
5.800352678859919120e-01 4.529802236783581626e-01 -7.382225725827066265e-01
5.210929149574906605e-01 4.516625141123900566e-01 -7.476117384722107406e-01
4.605052488090192186e-01 4.500558669802666167e-01 -7.571993492565916029e-01
3.982936889555312998e-01 4.481484124345350706e-01 -7.669789856314758181e-01
3.346091981573118823e-01 4.459407002726307745e-01 -7.769255890042299217e-01
2.697322824199768210e-01 4.434456999368774355e-01 -7.869954614939614901e-01
2.040729909944735687e-01 4.406888005144864451e-01 -7.971262659315181409e-01
1.381619709423541620e-01 4.377069850526799644e-01 -8.072383186353485618e-01
7.255206718316128955e-02 4.345397480092823561e-01 -8.172488099706225473e-01
7.719922413849012940e-03 4.312200126915026188e-01 -8.270860249268460196e-01
-5.594296836859857791e-02 4.277733055671182893e-01 -8.366906358998850157e-01
-1.181302578671702269e-01 4.242177562644761646e-01 -8.460157026919662426e-01
-1.786207464848231230e-01 4.205640975724916908e-01 -8.550266725116765221e-01
-2.372783823244860035e-01 4.168156654406493522e-01 -8.637013799739639008e-01
-2.940522611890581395e-01 4.129683989790022824e-01 -8.720300471001353193e-01
-3.489766265814093216e-01 4.090108404581730972e-01 -8.800152833178599421e-01
-4.021708697043803182e-01 4.049241353093524509e-01 -8.876720854611658273e-01
-4.538341898180723311e-01 4.006825138488535054e-01 -8.950270925283562162e-01
-5.041868581700372776e-01 3.962585902481889910e-01 -9.021103880190549651e-01
-5.534114819254677409e-01 3.916286615041513763e-01 -9.089473022712567518e-01
-6.016476645244868138e-01 3.867731891633650609e-01 -9.155576672192387022e-01
-6.489920056821484318e-01 3.816767993222859867e-01 -9.219558163935613893e-01
-6.954981013884365959e-01 3.763282826272023041e-01 -9.281505849210682779e-01
-7.411765439082662610e-01 3.707205942742342608e-01 -9.341453095248868355e-01
-7.859949217814836686e-01 3.648508540093332586e-01 -9.399378285244267550e-01
-8.298778198228645708e-01 3.587203461282832961e-01 -9.455204818353815099e-01
-8.727068191221156734e-01 3.523345194766998034e-01 -9.508801109697269105e-01
-9.143238449908510646e-01 3.457030372754331671e-01 -9.559985719980268470e-01
-9.545679943154684599e-01 3.388403251990433351e-01 -9.608583781249787625e-01
-9.933123628621380874e-01 3.317661194535646008e-01 -9.654483422576289886e-01
-1.030467393207811444e+00 3.245055166016692638e-01 -9.697640899652273383e-01
-1.065980874740224404e+00 3.170889735626684081e-01 -9.738080594792285494e-01
-1.099837943657894668e+00 3.095523076125115125e-01 -9.775895016932917292e-01
-1.132061082970122534e+00 3.019366963837864515e-01 -9.811244801632796886e-01
-1.162710122496991350e+00 2.942886778657197722e-01 -9.844358711072600521e-01
-1.191882238869366617e+00 2.866601504041764170e-01 -9.875533634055048138e-01
-1.219711955528897995e+00 2.791083727016596683e-01 -9.905134586004905595e-01
-1.246367856962254272e+00 2.716954040728228881e-01 -9.933587717198502087e-01
-1.272016445403076457e+00 2.644819472764469714e-01 -9.961303403555183955e-01
-1.296785997627934339e+00 2.575211913634318228e-01 -9.988599337628799590e-01
-1.320763279221901509e+00 2.508582519376467701e-01 -1.001569353690391129e+00
-1.343993544578552246e+00 2.445301711559295654e-01 -1.004270434379577637e+00
-1.366480536899965514e+00 2.385659177280871068e-01 -1.006965042565036050e+00
-1.388186488196720969e+00 2.329863869168951052e-01 -1.009645077474433439e+00
-1.409032119287900731e+00 2.278044005380981674e-01 -1.012292470828507485e+00
-1.428896639801090274e+00 2.230247069604098520e-01 -1.014879186841066261e+00
-1.447617748172377095e+00 2.186439811055124471e-01 -1.017367222218988232e+00
-1.464997170706535456e+00 2.146510379461607776e-01 -1.019709773463471247e+00
-1.480861591450359338e+00 2.110291809934626006e-01 -1.021864077228296086e+00
-1.495123582224469061e+00 2.077585507902685036e-01 -1.023804250711485953e+00
-1.507787141736322001e+00 2.048163384113112495e-01 -1.025522458967690120e+00
-1.518947695580208590e+00 2.021767854632052774e-01 -1.027028914908180379e+00
-1.528792096237258535e+00 1.998111840844475073e-01 -1.028351879300855476e+00
-1.537598623075435933e+00 1.976878769454167295e-01 -1.029537660770236673e+00
-1.545736982349540822e+00 1.957722572483738266e-01 -1.030650615797470637e+00
-1.553668307201209409e+00 1.940267687274616348e-01 -1.031773148720327216e+00
-1.561945157658913619e+00 1.924109056487051661e-01 -1.033005711733202547e+00
-1.571201818771996939e+00 1.908816727473067465e-01 -1.034465000138588886e+00
-1.582047578974754565e+00 1.893986445905297966e-01 -1.036264099906740066e+00
-1.594960007617790776e+00 1.879290249800603108e-01 -1.038492635080430881e+00
-1.610275252824472370e+00 1.864481069024608029e-01 -1.041214962974794878e+00
-1.628188041490934435e+00 1.849392725291709727e-01 -1.044470174177324129e+00
-1.648751679286073468e+00 1.833939932165066788e-01 -1.048272092547868573e+00
-1.671878050651552261e+00 1.818118295056609102e-01 -1.052609275218637119e+00
-1.697337618801799675e+00 1.802004311227033695e-01 -1.057445012594198097e+00
-1.724759425724007311e+00 1.785755369785804736e-01 -1.062717328351476143e+00
-1.753631092178133732e+00 1.769609751691152977e-01 -1.068338979439756864e+00
-1.783308065921267671e+00 1.753880817396795133e-01 -1.074198947051208330e+00
-1.813115352175660000e+00 1.738893070965803755e-01 -1.080178837296649874e+00
-1.842449244096754812e+00 1.724918224184484594e-01 -1.086169281881322890e+00
-1.870786570997554854e+00 1.712169384209094314e-01 -1.092071429075415656e+00
-1.897684698348622412e+00 1.700801053565837162e-01 -1.097796943714061335e+00
-1.922781527778079091e+00 1.690909130150866635e-01 -1.103268007197339307e+00
-1.945795497071606928e+00 1.682530907230287143e-01 -1.108417317490276499e+00
-1.966525580172444609e+00 1.675645073440148736e-01 -1.113188089122843394e+00
-1.984851287181391255e+00 1.670171712786453488e-01 -1.117534053189958909e+00
-2.000732664356805302e+00 1.665972304645150226e-01 -1.121419457351485516e+00
-2.014208410418185657e+00 1.662853020580747354e-01 -1.124819210708126516e+00
-2.025375156101127505e+00 1.660600988973706671e-01 -1.127720477419653200e+00
-2.034366743873956551e+00 1.659020559364881298e-01 -1.130124270310705281e+00
-2.041352344295203292e+00 1.657936599179799797e-01 -1.132045595742537270e+00
-2.046536456013602123e+00 1.657194493728668394e-01 -1.133513453613018251e+00
-2.050158905768090012e+00 1.656660146206369588e-01 -1.134570837356631445e+00
-2.052494848387806936e+00 1.656219977692461043e-01 -1.135274733944475534e+00
-2.053854766792099440e+00 1.655780927151179194e-01 -1.135696123884263997e+00
-2.054584471990516192e+00 1.655270451431435641e-01 -1.135919981220324448e+00
-2.055065103082808875e+00 1.654636525266817981e-01 -1.136045273533598854e+00
-2.055708593552076469e+00 1.653845776699536252e-01 -1.136183628259395340e+00
-2.056907800662279406e+00 1.652862976814931939e-01 -1.136444662233514036e+00
-2.058986634985459752e+00 1.651630529529337366e-01 -1.136921311276530622e+00
-2.062195526738126006e+00 1.650066607031800969e-01 -1.137688496524268178e+00
-2.066711425781249556e+00 1.648065149784088690e-01 -1.138803124427795632e+00
-2.072637801620264675e+00 1.645495866520682027e-01 -1.140304086753426427e+00
-2.080004643405070297e+00 1.642204234248779704e-01 -1.142212260582721628e+00
-2.088768459930028243e+00 1.638011498248296560e-01 -1.144530508312487482e+00
-2.098812279633964994e+00 1.632714672071863549e-01 -1.147243677654775418e+00
-2.109945650600169920e+00 1.626086537544830235e-01 -1.150318601636884042e+00
-2.121908658726764596e+00 1.617881342420386948e-01 -1.153704800369913519e+00
-2.134416127754028558e+00 1.607897474803311744e-01 -1.157342200529657417e+00
-2.147201819406693080e+00 1.596040137736727260e-01 -1.161168854857572930e+00
-2.160022451602625182e+00 1.582327046911560786e-01 -1.165121643936027684e+00
-2.172657698452828967e+00 1.566888430666548981e-01 -1.169136276188301293e+00
-2.184910190261446949e+00 1.549967029988233436e-01 -1.173147287878585576e+00
-2.196605513525758724e+00 1.531918098510963722e-01 -1.177088043111983895e+00
-2.207592210936180965e+00 1.513209402516897673e-01 -1.180890733834510486e+00
-2.217741781376268317e+00 1.494421220935998329e-01 -1.184486379833092240e+00
-2.226948679922712504e+00 1.476246345346035604e-01 -1.187804828735566476e+00
-2.235131388006405651e+00 1.459473720381318507e-01 -1.190776055018170965e+00
-2.242244185306597082e+00 1.444808486356496668e-01 -1.193344449236556359e+00
-2.248288921736909529e+00 1.432692020486198425e-01 -1.195483107368304765e+00
-2.253316087637014409e+00 1.423285576825697452e-01 -1.197195129857576701e+00
-2.257424813772640260e+00 1.416470286270916645e-01 -1.198513621615115765e+00
-2.260762871335560753e+00 1.411847156558423688e-01 -1.199501692018244858e+00
-2.263526671943606239e+00 1.408737072265434931e-01 -1.200252454910867739e+00
-2.265961267640656640e+00 1.406180794809814560e-01 -1.200889028603470798e+00
-2.268360350896644562e+00 1.402938962450071547e-01 -1.201564535873119510e+00
-2.271066254607553958e+00 1.397492090285364919e-01 -1.202462103963461537e+00
-2.274463588778424583e+00 1.388066135305938975e-01 -1.203791386425666188e+00
-2.278909244036393833e+00 1.372913711947955639e-01 -1.205750303368770870e+00
-2.284662395143734592e+00 1.350595307648327636e-01 -1.208486781710030211e+00
-2.291878137680864125e+00 1.320004847895157596e-01 -1.212095277015856176e+00
-2.300607488046343185e+00 1.280369696227736109e-01 -1.216616773501818294e+00
-2.310797383456870691e+00 1.231250654236544922e-01 -1.222038784032642766e+00
-2.322290681947290825e+00 1.172541961563254576e-01 -1.228295350122214469e+00
-2.334826162370587710e+00 1.104471295900723848e-01 -1.235267041933573839e+00
-2.348038524397888960e+00 1.027599772993002120e-01 -1.242780958278919767e+00
-2.361458388518462126e+00 9.428219466353281175e-02 -1.250610726619607815e+00
-2.374521204542134445e+00 8.513515902329543694e-02 -1.258480706161966056e+00
-2.386665244106352723e+00 7.545652955753813507e-02 -1.266112221430245599e+00
-2.397429592418642841e+00 6.538460728309566927e-02 -1.273269795478825239e+00
-2.406463056504154263e+00 5.505691325124750096e-02 -1.279765352867776596e+00
-2.413524165205654270e+00 4.461018854771933023e-02 -1.285458219662861001e+00
-2.418481169183531954e+00 3.418039429268218687e-02 -1.290255123435532836e+00
-2.421312040915800434e+00 2.390271164075264548e-02 -1.294110193262937303e+00
-2.422104474698089316e+00 1.391154178099275780e-02 -1.297024959727911986e+00
-2.421055886643656674e+00 4.340505936910134255e-03 -1.299048354918986625e+00
-2.418473414683375733e+00 -4.677554633542079475e-03 -1.300276712430380899e+00
-2.414766049107231360e+00 -1.301196171971180128e-02 -1.300850805096984253e+00
-2.410358068820884991e+00 -2.054941400470015195e-02 -1.300923260192097253e+00
-2.405602477827387897e+00 -2.720920087224342962e-02 -1.300625974709923360e+00
-2.400773135843718986e+00 -3.294458547526974562e-02 -1.300067153128799724e+00
-2.396064758300780806e+00 -3.774280473589897850e-02 -1.299331307411193626e+00
-2.391592916343405317e+00 -4.162506934544265430e-02 -1.298479257003704257e+00
-2.387394036830348121e+00 -4.464656376440443580e-02 -1.297548128837061610e+00
-2.383425402334295562e+00 -4.689644622247922390e-02 -1.296551357326128251e+00
-2.379565151141854518e+00 -4.849784871855414292e-02 -1.295478684369896438e+00
-2.375612277253563942e+00 -4.960787702070778432e-02 -1.294296159351491671e+00
-2.371290920575921390e+00 -5.041491963906247209e-02 -1.292947451260170189e+00
-2.366297558379144128e+00 -5.110904693776763957e-02 -1.291368281833105147e+00
-2.360348196263958531e+00 -5.185241055494170526e-02 -1.289500858547016682e+00
-2.353182658189985510e+00 -5.277655247817613499e-02 -1.287295186690120108e+00
-2.344564586475736512e+00 -5.398240504453563626e-02 -1.284709069362123257e+00
-2.334281441798614409e+00 -5.554029094055793619e-02 -1.281708107474228253e+00
-2.322144503194914833e+00 -5.748992320225416314e-02 -1.278265699749132178e+00
-2.307988868059823506e+00 -5.984040521510822913e-02 -1.274363042721024852e+00
-2.291673452147418022e+00 -6.257023071407763481e-02 -1.269989130735590388e+00
-2.273080989570670951e+00 -6.562728378359257431e-02 -1.265140755950007634e+00
-2.252118855692946564e+00 -6.893050958885102442e-02 -1.259822481280219453e+00
-2.228728118871809549e+00 -7.238829229258761377e-02 -1.254046342822986659e+00
-2.202892592155716311e+00 -7.591683287624520493e-02 -1.247831552279480061e+00
-2.174639656159840673e+00 -7.944181983940169778e-02 -1.241204469903074425e+00
-2.144040259066063658e+00 -8.289842919977122304e-02 -1.234198604499344709e+00
-2.111208916622981935e+00 -8.623132449320276838e-02 -1.226854613426065832e+00
-2.076303712145895375e+00 -8.939465677368156615e-02 -1.219220302593213789e+00
-2.039526296516826598e+00 -9.235206461332783057e-02 -1.211350626462966984e+00
-2.001121888184498321e+00 -9.507667410239789563e-02 -1.203307688049702673e+00
-1.961379273164352899e+00 -9.755109884928318820e-02 -1.195160738920001409e+00
-1.920628000666175561e+00 -9.976716781453270899e-02 -1.186985518326426625e+00
-1.879207534998102336e+00 -1.017229314850909144e-01 -1.178856983679154480e+00
-1.837436407470629751e+00 -1.034196680485358205e-01 -1.170842041017600366e+00
-1.795609412024235851e+00 -1.048616112271011785e-01 -1.162998884144202272e+00
-1.753997605229399293e+00 -1.060559502776758922e-01 -1.155376994624420783e+00
-1.712848306286579358e+00 -1.070128299918044618e-01 -1.148017141786738415e+00
-1.672385097026237055e+00 -1.077453506956867896e-01 -1.140951382722662721e+00
-1.632807821908813128e+00 -1.082695682501781803e-01 -1.134203062286722075e+00
-1.594292588024749158e+00 -1.086044940507893963e-01 -1.127786813096468332e+00
-1.556991765094469793e+00 -1.087720950276866438e-01 -1.121708555532476836e+00
-1.521033092477821258e+00 -1.087970342242695204e-01 -1.115965695913655242e+00
-1.486509856209607738e+00 -1.087038171417364918e-01 -1.110549306440778761e+00
-1.453471065984052402e+00 -1.085139380688062566e-01 -1.105446305151363440e+00
-1.421920562147175771e+00 -1.082456206553472911e-01 -1.100639654098755749e+00
-1.391817015696811044e+00 -1.079138179123780572e-01 -1.096108359352134576e+00
-1.363073928282589664e+00 -1.075302122120669612e-01 -1.091827470996508787e+00
-1.335559632205952640e+00 -1.071032152877322979e-01 -1.087768083132718111e+00
-1.309097290420142778e+00 -1.066379682338423340e-01 -1.083897333877433811e+00
-1.283464896530212451e+00 -1.061363415060153775e-01 -1.080178405363159566e+00
-1.258395274793012719e+00 -1.055969349210194169e-01 -1.076570523738227703e+00
-1.233581465443499336e+00 -1.050153243424601923e-01 -1.073029590623465479e+00
-1.208735964105682070e+00 -1.043867752609858451e-01 -1.069515129231827899e+00
-1.183649961819914775e+00 -1.037089564027237343e-01 -1.065997230560303599e+00
-1.158198730574615531e+00 -1.029821864243782026e-01 -1.062457184870661431e+00
-1.132341623306273970e+00 -1.022094339132308405e-01 -1.058887481689452459e+00
-1.106122073899445946e+00 -1.013963173871403889e-01 -1.055291809808011072e+00
-1.079667597186754202e+00 -1.005511052945425449e-01 -1.051685057282452096e+00
-1.053189788948895478e+00 -9.968471601445040575e-02 -1.048093311433673236e+00
-1.026984325914629403e+00 -9.881071785645405281e-02 -1.044553858847354411e+00
-1.001430965760787384e+00 -9.794532906072077327e-02 -1.041115185373957308e+00
-9.769856963733252186e-01 -9.710714024523581234e-02 -1.037835939162034204e+00
-9.540943789168913058e-01 -9.631406136780304439e-02 -1.034773524182851290e+00
-9.331063918028100757e-01 -9.558026871980825068e-02 -1.031972693873680624e+00
-9.142667802496240448e-01 -9.491592738404755480e-02 -1.029464514210664872e+00
-8.977162562830864889e-01 -9.432719123472746436e-02 -1.027266363708815966e+00
-8.834911987361694363e-01 -9.381620293746492645e-02 -1.025381933422018665e+00
-8.715236532490563404e-01 -9.338109394928720275e-02 -1.023801226943028331e+00
-8.616413322691475196e-01 -9.301598451863202222e-02 -1.022500560403469594e+00
-8.535676150510560500e-01 -9.271098368534741452e-02 -1.021442562473838356e+00
-8.469215476566109846e-01 -9.245218928069182107e-02 -1.020576174363502231e+00
-8.412258969883753545e-01 -9.222200334466650051e-02 -1.019837713493404907e+00
-8.359957445439002433e-01 -9.200260169260823795e-02 -1.019162573814695216e+00
-8.308270797091231730e-01 -9.177940346373365810e-02 -1.018496926066485120e+00
-8.254048536382742052e-01 -9.154138653245580404e-02 -1.017798781428271848e+00
-8.195029792538734981e-01 -9.128108750838398455e-02 -1.017037991519937679e+00
-8.129843312467327499e-01 -9.099460173632387128e-02 -1.016196248401748381e+00
-8.058007460759541996e-01 -9.068158329627749870e-02 -1.015267084574354106e+00
-7.979930219689326254e-01 -9.034524500344319475e-02 -1.014255872978790496e+00
-7.896909189213519031e-01 -8.999235840821562249e-02 -1.013179826996476018e+00
-7.811131586971888918e-01 -8.963325379618578004e-02 -1.012068000449214855e+00
-7.725611228848406897e-01 -8.928153839896443844e-02 -1.010960443195658476e+00
-7.643495315145582003e-01 -8.895099671323991597e-02 -1.009898912692403394e+00
-7.567371216758805863e-01 -8.865249081983582469e-02 -1.008917585555087593e+00
-7.499203455737621926e-01 -8.839367859453457765e-02 -1.008042213154854982e+00
-7.440333705285753219e-01 -8.817901370807730566e-02 -1.007290121618354961e+00
-7.391480789761087911e-01 -8.800974562616387109e-02 -1.006670211827741745e+00
-7.352740684675690419e-01 -8.788391960945293735e-02 -1.006182959420675482e+00
-7.323586516695783644e-01 -8.779637671356183004e-02 -1.005820414790320916e+00
-7.302868563641768951e-01 -8.773875378906674516e-02 -1.005566203085348720e+00
-7.288814254488213962e-01 -8.769948348150254092e-02 -1.005395524209935498e+00
-7.279061742942598556e-01 -8.766404161578862653e-02 -1.005275641421452093e+00
-7.271029219372954211e-01 -8.761766844378646169e-02 -1.005171255942333364e+00
-7.262284224656617715e-01 -8.754808990601259389e-02 -1.005049881599905159e+00
-7.250577224399343823e-01 -8.744576502078311997e-02 -1.004882333433391395e+00
-7.233841608935307477e-01 -8.730388588421347795e-02 -1.004642727693916271e+00
-7.210193693327101583e-01 -8.711837767021859968e-02 -1.004308481844502721e+00
-7.177932717365735904e-01 -8.688789863051279982e-02 -1.003860314560073519e+00
-7.135540845570638169e-01 -8.661384009460988687e-02 -1.003282245727450617e+00
-7.081683167189666284e-01 -8.630032646982316313e-02 -1.002561596445356473e+00
-7.015207696199079468e-01 -8.595421524126523050e-02 -1.001688989024410503e+00
-6.935160031415316118e-01 -8.558483807336475513e-02 -1.000658394788668915e+00
-6.840944619961123463e-01 -8.520115288704263601e-02 -9.994676598997943584e-01
-6.732486022409520654e-01 -8.480889590725933236e-02 -9.981190311867073062e-01
-6.610243573454729349e-01 -8.441032275465490398e-02 -9.966192039489392140e-01
-6.475211381912233666e-01 -8.400420844554902511e-02 -9.949793219566349656e-01
-6.328918330718740215e-01 -8.358584739194109547e-02 -9.932149774505528717e-01
-6.173428076932185871e-01 -8.314705340150999047e-02 -9.913462111420636713e-01
-6.011339051731766636e-01 -8.267615967761439422e-02 -9.893975122131518640e-01
-5.845784460417888795e-01 -8.215801881929249428e-02 -9.873978183164147104e-01
-5.680432282412218870e-01 -8.157400282126217594e-02 -9.853805155750620104e-01
-5.519414172475312075e-01 -8.090261396320019838e-02 -9.833828861394453558e-01
-5.366543384949890028e-01 -8.012620449860118066e-02 -9.814400313931617159e-01
-5.224532706140456728e-01 -7.923769627372694024e-02 -9.795787952223811157e-01
-5.094923358243178546e-01 -7.824119159358265685e-02 -9.778172115934448128e-01
-4.978084999345838146e-01 -7.715197322191684470e-02 -9.761645045528690723e-01
-4.873215723427883894e-01 -7.599650438122161622e-02 -9.746210882273428355e-01
-4.778342060360384336e-01 -7.481242875273223791e-02 -9.731785668237293851e-01
-4.690318975906068721e-01 -7.364857047642758836e-02 -9.718197346290644578e-01
-4.604829871719285928e-01 -7.256493415102974187e-02 -9.705185760105580206e-01
-4.516386585346044980e-01 -7.163270483400435706e-02 -9.692402654155924946e-01
-4.418435445020594821e-01 -7.093290679468886029e-02 -9.679418205004051146e-01
-4.304523864336946004e-01 -7.054164990103622968e-02 -9.665792864957453157e-01
-4.169466930851866704e-01 -7.051537608310372296e-02 -9.651149205351595706e-01
-4.009453458858729946e-01 -7.088951811176390227e-02 -9.635178447712160477e-01
-3.822045989387466980e-01 -7.167849959870449539e-02 -9.617640463755043889e-01
-3.606180790204615016e-01 -7.287573499642827080e-02 -9.598363775386342667e-01
-3.362167855813262829e-01 -7.445362959825338467e-02 -9.577245554702379371e-01
-3.091690907453117920e-01 -7.636357953831281187e-02 -9.554251623989677977e-01
-2.797807393100426587e-01 -7.853597179155512309e-02 -9.529416455724979418e-01
-2.484948487468062184e-01 -8.088018417374358282e-02 -9.502843172575236030e-01
-2.158824129495797162e-01 -8.328616980282045612e-02 -9.474695092798416374e-01
-1.825378434744210909e-01 -8.564188617390534886e-02 -9.445102729652392615e-01
-1.489745107788616185e-01 -8.785072423429361732e-02 -9.414070790803822364e-01
-1.156152479709307568e-01 -8.983309284482045298e-02 -9.381469723728950161e-01
-8.279235080916795553e-02 -9.152641877986017471e-02 -9.347035715713618576e-01
-5.074757770261092982e-02 -9.288514672732693656e-02 -9.310370693853253776e-01
-1.963214971080719934e-02 -9.388073928867424200e-02 -9.270942325052877742e-01
1.049324945619730005e-02 -9.450167697889515217e-02 -9.228084016027098269e-01
3.965847343784700829e-02 -9.475345822652220251e-02 -9.180994913300122295e-01
6.798391322308756923e-02 -9.465859937362747223e-02 -9.128739903205744799e-01
9.567619628830632827e-02 -9.425439402488505758e-02 -9.070268940994586915e-01
1.229808767866706898e-01 -9.356826571631005063e-02 -9.004629672488450032e-01
1.501351254913470823e-01 -9.259312045578528549e-02 -8.931180056840692938e-01
1.773634288514280843e-01 -9.128510602938624818e-02 -8.849607696012127267e-01
2.048775889919230986e-01 -8.956361200138139578e-02 -8.759929834771056356e-01
2.328767237137676638e-01 -8.731126971423167071e-02 -8.662493360693225286e-01
2.615472664938139347e-01 -8.437395228859112528e-02 -8.557974804161865290e-01
2.910629664848405351e-01 -8.056077462330618610e-02 -8.447380338367667107e-01
3.215848885155426773e-01 -7.564409339541663946e-02 -8.332045779308807631e-01
3.532614130905417649e-01 -6.935950706015421574e-02 -8.213636585790902167e-01
3.862260862092066760e-01 -6.141085600074133732e-02 -8.094126441101958669e-01
4.205739670447107281e-01 -5.152522493912316953e-02 -7.975561648167941442e-01
4.563379753769938874e-01 -3.950794591893747737e-02 -7.859825522257278818e-01
4.934867413295808691e-01 -2.524759864605218701e-02 -7.748616971838626633e-01
5.319246053695684262e-01 -8.716010488569696582e-03 -7.643450498580933727e-01
5.714916183076375056e-01 1.003174352317737737e-02 -7.545656197353398653e-01
6.119635412980477529e-01 3.085734069662468201e-02 -7.456379756225475219e-01
6.530518458386319613e-01 5.353921067697286346e-02 -7.376582456466902471e-01
6.944037137708097829e-01 7.777253544719447964e-02 -7.307041172547665830e-01
7.356020372795711859e-01 1.031692493280256112e-01 -7.248348372138023743e-01
7.761714882420946982e-01 1.292641861953296167e-01 -7.200912284215952308e-01
8.156452801362513716e-01 1.555826979330085791e-01 -7.164958748223607676e-01
8.536319292545707649e-01 1.817082721824532787e-01 -7.140533063204521635e-01
8.898213238213045218e-01 2.072886793253956306e-01 -7.127500155904653578e-01
9.239847239924402489e-01 2.320359724839175242e-01 -7.125544580772384951e-01
9.559747618556901916e-01 2.557264875204423027e-01 -7.134170519958537016e-01
9.857254414305020029e-01 2.782008430377433950e-01 -7.152701783316353090e-01
1.013252138668047087e+00 2.993639403789356002e-01 -7.180281808401505206e-01
1.038651601451231477e+00 3.191849636274832758e-01 -7.215873660472095219e-01
1.062101949594687067e+00 3.376973796071929268e-01 -7.258260032488650371e-01
1.083857567095475316e+00 3.549956141665934761e-01 -7.306056507158356084e-01
1.104192917280423680e+00 3.711984915606173496e-01 -7.357857438409761697e-01
1.123346358245743914e+00 3.864126740224759771e-01 -7.412381832108616564e-01
1.141515035205139750e+00 4.007293381114216402e-01 -7.468486607849152970e-01
1.158854880489817107e+00 4.142241747127540785e-01 -7.525166598954103891e-01
1.175480613548475217e+00 4.269573890378134395e-01 -7.581554552474665254e-01
1.191465740947313279e+00 4.389737006239870509e-01 -7.636921129190539226e-01
1.206842556370025354e+00 4.503023433347035365e-01 -7.690674903609894253e-01
1.221602140617805032e+00 4.609570653594378675e-01 -7.742362363969398364e-01
1.235694361609340985e+00 4.709361292137067556e-01 -7.791667912234191418e-01
1.249031795713147153e+00 4.802234148954452331e-01 -7.838413036247930954e-01
1.261532862403161204e+00 4.888005546051064631e-01 -7.882547203383026835e-01
1.273164958914339229e+00 4.966590674657617166e-01 -7.924138754190873657e-01
1.283948381574987918e+00 5.038014626794757866e-01 -7.963374074551898829e-01
1.293956325806759455e+00 5.102412395273044909e-01 -8.000557595675533706e-01
1.303314886124655958e+00 5.160028873692965590e-01 -8.036111794100241346e-01
1.312203056137026147e+00 5.211218856444925773e-01 -8.070577191693496522e-01
1.320852728545567789e+00 5.256447038709256558e-01 -8.104612355651793498e-01
1.329548695145325032e+00 5.296288016456203174e-01 -8.138993898500644919e-01
1.338628646824693069e+00 5.331426286445942742e-01 -8.174616478094585137e-01
1.348476352841596837e+00 5.362646723222103118e-01 -8.212475003216717084e-01
1.359446632341162475e+00 5.390729825314165558e-01 -8.253468893816248153e-01
1.371790325483085216e+00 5.416346960894919960e-01 -8.298206340227773925e-01
1.385647472587724138e+00 5.440050844592372314e-01 -8.346986508431456508e-01
1.401047314136098176e+00 5.462275537489743593e-01 -8.399799540052994562e-01
1.417908290769889668e+00 5.483336447125463087e-01 -8.456326552363656601e-01
1.436038043291440802e+00 5.503430327493179508e-01 -8.515939638280245472e-01
1.455133412663757619e+00 5.522635279041753220e-01 -8.577701866365129435e-01
1.474780440010505789e+00 5.540910748675262898e-01 -8.640367280826225516e-01
1.494454366616015273e+00 5.558097529752995536e-01 -8.702380901517008382e-01
1.513529201025509030e+00 5.573925845006847402e-01 -8.761906720882347566e-01
1.531382958607539146e+00 5.588104259866049084e-01 -8.817135674635009357e-01
1.547502902211293607e+00 5.600408596706900610e-01 -8.866593615636161330e-01
1.561495109631800604e+00 5.610690018078530183e-01 -8.909169311909251876e-01
1.573084473609924316e+00 5.618875026702880859e-01 -8.944114446640013538e-01
1.582114701832368908e+00 5.624965465474714987e-01 -8.971043618176468559e-01
1.588548316931674309e+00 5.629038517461611990e-01 -8.989934340028912230e-01
1.592466656486221543e+00 5.631246705903978356e-01 -9.001127040869936202e-01
1.594069873020226513e+00 5.631817894215033204e-01 -9.005325064534405177e-01
1.593676934003743995e+00 5.631055285980814951e-01 -9.003594670019472446e-01
1.591718827100448763e+00 5.629331951751779251e-01 -8.997342720662848681e-01
1.588663818930007299e+00 5.627030624585465102e-01 -8.988071268508178724e-01
1.584942714608040149e+00 5.624483496215518796e-01 -8.977132141223636008e-01
1.580942063253092833e+00 5.621966744052062648e-01 -8.965704632131258345e-01
1.577004157986638733e+00 5.619700531181706094e-01 -8.954795500206972347e-01
1.573427035933075757e+00 5.617849006367535702e-01 -8.945238970080569008e-01
1.570464478219731896e+00 5.616520304049122947e-01 -8.937696732035722569e-01
1.568326009976860114e+00 5.615766544342520872e-01 -8.932657942009981644e-01
1.567176900337640122e+00 5.615583833040257433e-01 -8.930439221594764776e-01
1.567138162438178384e+00 5.615912261611351042e-01 -8.931184658035372648e-01
1.568286533691395590e+00 5.616638982571083849e-01 -8.934870955365482592e-01
1.570654258808816595e+00 5.617632037140938284e-01 -8.941364094528744255e-01
1.574228872829135817e+00 5.618774181852732585e-01 -8.950475991731985381e-01
1.578953181394358474e+00 5.619965963566486700e-01 -8.961969648990235626e-01
1.584725260749801690e+00 5.621125719470416726e-01 -8.975559154126733219e-01
1.591398457744094497e+00 5.622189577080940470e-01 -8.990909680772923851e-01
1.598781389829180721e+00 5.623111454242673002e-01 -9.007637488368459566e-01
1.606637945060314765e+00 5.623863059128433317e-01 -9.025309922161209863e-01
1.614687282096061605e+00 5.624433890239233236e-01 -9.043445413207233941e-01
1.622603830198301456e+00 5.624831236404286283e-01 -9.061513478370812891e-01
1.630023539031734581e+00 5.625079298965731667e-01 -9.078942246073019584e-01
1.636612626458484154e+00 5.625209535810609118e-01 -9.095201239526204962e-01
1.642136326332699126e+00 5.625251005402830407e-01 -9.109884159968473227e-01
1.646465138300059694e+00 5.625229488967911085e-01 -9.122716412412278375e-01
1.649574827797782639e+00 5.625167490492966049e-01 -9.133555105644416416e-01
1.651546426054615768e+00 5.625084236726710651e-01 -9.142389052226026491e-01
1.652566230090842136e+00 5.624995677179459586e-01 -9.149338768492599749e-01
1.652925802718278270e+00 5.624914484123131331e-01 -9.154656474553968248e-01
1.653021972540274387e+00 5.624850052591241489e-01 -9.158726094294314946e-01
1.653356833951714178e+00 5.624808500378909448e-01 -9.162063255372157045e-01
1.654528418042869875e+00 5.624792705913752577e-01 -9.165308261959250746e-01
1.657128068271170873e+00 5.624802724853115166e-01 -9.169148791651371422e-01
1.661637812929902758e+00 5.624836206694322494e-01 -9.174242589966379313e-01
1.668421034984367557e+00 5.624888432649889358e-01 -9.181210442278829875e-01
1.677722472071885074e+00 5.624952315647533396e-01 -9.190636173819980437e-01
1.689668216501790221e+00 5.625018400330177304e-01 -9.203066649677790201e-01
1.704265715255438352e+00 5.625074863055941066e-01 -9.219011774796931347e-01
1.721403769986200372e+00 5.625107511898143064e-01 -9.238944493978763495e-01
1.740852537019467183e+00 5.625099786645310074e-01 -9.263300791881367013e-01
1.762263527352641468e+00 5.625032758801162824e-01 -9.292479693019508602e-01
1.785176597148844913e+00 5.624885485704691490e-01 -9.326837119957550604e-01
1.809096844234248103e+00 5.624638905904850716e-01 -9.366618332493948929e-01
1.833571505395422019e+00 5.624279734575806655e-01 -9.411890366142894315e-01
1.858196947139700184e+00 5.623800817650507211e-01 -9.462535890092879098e-01
1.882618665695190874e+00 5.623201131820680931e-01 -9.518253207206726074e-01
1.906531287010766018e+00 5.622485784536828124e-01 -9.578556254021561855e-01
1.929678566756067193e+00 5.621666014008237511e-01 -9.642774600748832414e-01
1.951853390321503623e+00 5.620759189202968464e-01 -9.710053451274296421e-01
1.972897772818247075e+00 5.619788809847863220e-01 -9.779353643158013032e-01
1.992702859078244071e+00 5.618784506428545766e-01 -9.849451647634377416e-01
2.011208642287455106e+00 5.617781176509936136e-01 -9.918965598497482272e-01
2.028400868994540307e+00 5.616809484393747720e-01 -9.986641605868811222e-01
2.044307944151734890e+00 5.615886360874831063e-01 -1.005164006698619161e+00
2.059000649758837120e+00 5.615014139594621811e-01 -1.011356169409630690e+00
2.072592144863206975e+00 5.614180557041165143e-01 -1.017244751445468331e+00
2.085237965559763929e+00 5.613358752549089115e-01 -1.022877887032568989e+00
2.097136024990987391e+00 5.612507268299627983e-01 -1.028347741898253620e+00
2.108526613346919820e+00 5.611570049320608877e-01 -1.033790513270728351e+00
2.119692397865164057e+00 5.610476443486452913e-01 -1.039386429879083140e+00
2.130958422830882881e+00 5.609141201518177411e-01 -1.045359751953293115e+00
2.142686706951739239e+00 5.607466053927335770e-01 -1.051974181229564209e+00
2.155216816955293879e+00 5.605357056677491290e-01 -1.059482373110238962e+00
2.168806443041140231e+00 5.602741936304319603e-01 -1.068075450399459392e+00
2.183625996874089648e+00 5.599571666679097337e-01 -1.077878413833768700e+00
2.199758611584168300e+00 5.595820469008689901e-01 -1.088950142082105499e+00
2.217200141766622501e+00 5.591485811835563702e-01 -1.101283391745812246e+00
2.235859163481915601e+00 5.586588411037781698e-01 -1.114804797358630806e+00
2.255556974255730207e+00 5.581172229829003406e-01 -1.129374871386703560e+00
2.276027593078960631e+00 5.575304478758480453e-01 -1.144788004228568745e+00
2.296917760407726217e+00 5.569075615711067684e-01 -1.160772464215168887e+00
2.317793693566124968e+00 5.562597844853793827e-01 -1.176995369301836014e+00
2.338215396176675398e+00 5.555988605048323148e-01 -1.193117375680196934e+00
2.357810967590745488e+00 5.549354058263388234e-01 -1.208847366390078948e+00
2.376283358291316095e+00 5.542787588521383979e-01 -1.223947423011495950e+00
2.393410369892989387e+00 5.536369801898360921e-01 -1.238232825664654868e+00
2.409044655141982183e+00 5.530168526524028572e-01 -1.251572053009951446e+00
2.423113717916129062e+00 5.524238812581757641e-01 -1.263886782247972462e+00
2.435619913224877919e+00 5.518622932308577811e-01 -1.275151889119492399e+00
2.446640447209297076e+00 5.513350379995177741e-01 -1.285395447905477884e+00
2.456327377142068613e+00 5.508437871985899514e-01 -1.294698731427085470e+00
2.464903966639055533e+00 5.503888420905058698e-01 -1.303194003239938281e+00
2.472624591317974296e+00 5.499681151722480843e-01 -1.311040230760497804e+00
2.479734643205673272e+00 5.495761117501217763e-01 -1.318398797634403374e+00
2.486466885532550020e+00 5.492038373517889038e-01 -1.325431295678070276e+00
2.493041452732554841e+00 5.488387977262685347e-01 -1.332299524878691077e+00
2.499665850443188120e+00 5.484649988439366242e-01 -1.339165493394231632e+00
2.506534955505505202e+00 5.480629468965264595e-01 -1.346191417553437963e+00
2.513831015964109739e+00 5.476096482971281043e-01 -1.353539721855829825e+00
2.521723651067161232e+00 5.470786096801892873e-01 -1.361373038971705585e+00
2.530369851266367043e+00 5.464398379015142915e-01 -1.369854209742136897e+00
2.539912762860209394e+00 5.456602206453958770e-01 -1.379144261526972892e+00
2.550468318883942320e+00 5.447077131611386402e-01 -1.389380169724343750e+00
2.562111869860490998e+00 5.435555250431364227e-01 -1.400652619058801562e+00
2.574876968397312726e+00 5.421825008525265055e-01 -1.413003981852196667e+00
2.588755369186401811e+00 5.405731201171875000e-01 -1.426428318023681863e+00
2.603697029004283792e+00 5.387174973317393478e-01 -1.440871375089708639e+00
2.619610106712018993e+00 5.366113819575442090e-01 -1.456230588164029172e+00
2.636360963255199419e+00 5.342561584227055738e-01 -1.472355079957696322e+00
2.653774161663948306e+00 5.316588461220692619e-01 -1.489045660779057867e+00
2.671632467052926785e+00 5.288320994172227563e-01 -1.506054828533768264e+00
2.689680109964748933e+00 5.257941129739113206e-01 -1.523090857940064602e+00
2.707658682649671800e+00 5.225675804880614006e-01 -1.539862781272964165e+00
2.725343034971833944e+00 5.191786534226373595e-01 -1.556125368640485895e+00
2.742544537628190060e+00 5.156568463486674858e-01 -1.571683217042953995e+00
2.759111082148517191e+00 5.120350369452454364e-01 -1.586390750372997038e+00
2.774927080895406739e+00 5.083494659995285714e-01 -1.600152219415547306e+00
2.789913467064266239e+00 5.046397374067402852e-01 -1.612921701847835898e+00
2.804027694683324690e+00 5.009488181701678977e-01 -1.624703102239402730e+00
2.817263738613628554e+00 4.973230384011630978e-01 -1.635550152052087203e+00
2.829652094549039099e+00 4.938120913191421657e-01 -1.645566409640034644e+00
2.841259748727560819e+00 4.904674499744727800e-01 -1.654902921352379819e+00
2.852189844769769778e+00 4.873249519249591155e-01 -1.663732494733468181e+00
2.862581350527639845e+00 4.843873844558761466e-01 -1.672223972526019731e+00
2.872609027799333692e+00 4.816229014840350264e-01 -1.680539894041468196e+00
2.882483432329198347e+00 4.789650235577843640e-01 -1.688836495159959261e+00
2.892450913807771862e+00 4.763126378570085029e-01 -1.697263708330355225e+00
2.902793615871780197e+00 4.735299981931293534e-01 -1.705965162570232119e+00
2.913829476104139005e+00 4.704467250091045605e-01 -1.715078183465880368e+00
2.925912226033945185e+00 4.668578053794295579e-01 -1.724733793172301022e+00
2.939431391136490657e+00 4.625235930101355142e-01 -1.735056710413213743e+00
2.954805044603860953e+00 4.571746692810953472e-01 -1.746163522584609940e+00
2.972400098821632142e+00 4.505653147113721224e-01 -1.758142578893927999e+00
2.992452596845564639e+00 4.425269804245680616e-01 -1.771033883499218753e+00
3.015060466172207576e+00 4.329731491911321117e-01 -1.784827267612707491e+00
3.040183518738905022e+00 4.218993354283551156e-01 -1.799462389500796622e+00
3.067643450923792425e+00 4.093830852003730314e-01 -1.814828734484061457e+00
3.097123843545798838e+00 3.955839762181647123e-01 -1.830765614937254648e+00
3.128170161864639809e+00 3.807436178395574577e-01 -1.847062170289300198e+00
3.160189755580827597e+00 3.651856510692187419e-01 -1.863457367023300559e+00
3.192451858835664957e+00 3.493157485586617095e-01 -1.879639998676531754e+00
3.224101223553582418e+00 3.336136683498818756e-01 -1.895254031414388640e+00
3.254308092448777501e+00 3.185458414177954056e-01 -1.909957407790809469e+00
3.282418176712796676e+00 3.044779564843778652e-01 -1.923480852344082059e+00
3.307966290917149443e+00 2.916670128528801587e-01 -1.935633217782563920e+00
3.330676353013320767e+00 2.802613204078254761e-01 -1.946301484984685803e+00
3.350461384332755088e+00 2.703004996150141226e-01 -1.955450762998948377e+00
3.367423509586878527e+00 2.617154815215168573e-01 -1.963124289043928217e+00
3.381853956867078459e+00 2.543285077556792229e-01 -1.969443428508271365e+00
3.394233057644719054e+00 2.478531305271201579e-01 -1.974607674950699998e+00
3.405230246771129288e+00 2.418942126267337733e-01 -1.978894650100004871e+00
3.415689944226779406e+00 2.359566215187948179e-01 -1.982654444047473596e+00
3.426476252207865780e+00 2.295408656807800818e-01 -1.986247356499911465e+00
3.438317650597152664e+00 2.222387319381643189e-01 -1.989981637384934388e+00
3.451792878174563040e+00 2.137419798881916855e-01 -1.994107826827486996e+00
3.467330932617187944e+00 2.038423418998718262e-01 -1.998818755149841531e+00
3.485211070499274921e+00 1.924315231139818172e-01 -2.004249542871594070e+00
3.505562807292236016e+00 1.795012014430663605e-01 -2.010477600709670742e+00
3.528365917364644666e+00 1.651430275714356466e-01 -2.017522629578323290e+00
3.553450433982230372e+00 1.495486249551711555e-01 -2.025346620589128399e+00
3.580496649307891133e+00 1.330095898221179684e-01 -2.033853855050992365e+00
3.609043740178567106e+00 1.159099660256296682e-01 -2.042893569706939694e+00
3.638584650334768966e+00 9.864346958394633325e-02 -2.052289273932151659e+00
3.668660971662974113e+00 8.153071408074898108e-02 -2.061868066626996843e+00
3.698871569643477741e+00 6.481168580594670603e-02 -2.071463301352153508e+00
3.728872583350391068e+00 4.864574375568314624e-02 -2.080914586328613591e+00
3.758377425451637333e+00 3.311161963233315991e-02 -2.090067784437678711e+00
3.787156782208948247e+00 1.820741784450862974e-02 -2.098775013220961938e+00
3.815038613477875096e+00 3.850615507050031243e-03 -2.106894644880386913e+00
3.841908152707783408e+00 -1.012193755896798573e-02 -2.114291306278190508e+00
3.867707906941847629e+00 -2.395401882623917483e-02 -2.120835878936915719e+00
3.892434500100742767e+00 -3.796264488070108523e-02 -2.126406765987949754e+00
3.916103950548192714e+00 -5.245680481778054044e-02 -2.130903828025370483e+00
3.938716949740219242e+00 -6.765619617501245076e-02 -2.134262318524857704e+00
3.960255705870070475e+00 -8.368383759698443114e-02 -2.136454150647238759e+00
3.980683943868209784e+00 -1.005660688353310628e-01 -2.137487897238484980e+00
3.999946905402333108e+00 -1.182325507487423377e-01 -2.137408790829715244e+00
4.017971348877355631e+00 -1.365162653029581841e-01 -2.136298723637195973e+00
4.034665549435420218e+00 -1.551535155707715330e-01 -2.134276247562338913e+00
4.049919298955885871e+00 -1.737839257320213382e-01 -2.131496574191701132e+00
4.063603906055339721e+00 -1.919504410736030398e-01 -2.128151574796988132e+00
4.075574898113899280e+00 -2.091081391432227377e-01 -2.124466729483381666e+00
4.085701743564590593e+00 -2.247211524407721761e-01 -2.120667567821175936e+00
4.093897574182720156e+00 -2.383595911097032005e-01 -2.116946109477412907e+00
4.100121887112183394e+00 -2.497083540907842347e-01 -2.113457813364219007e+00
4.104380544865468217e+00 -2.585671291221073864e-01 -2.110321577638795798e+00
4.106725775323651462e+00 -2.648503927390835067e-01 -2.107619739703424422e+00
4.107256171736399786e+00 -2.685874102744439385e-01 -2.105398076205468705e+00
4.106116692721971440e+00 -2.699222358582390457e-01 -2.103665803037371607e+00
4.103498662267212715e+00 -2.691137124178405449e-01 -2.102395575336653444e+00
4.099639769727561500e+00 -2.665354716779396171e-01 -2.101523487485914554e+00
4.094820346859903815e+00 -2.626669972600430558e-01 -2.100951045424370722e+00
4.089322413479770546e+00 -2.579953146858374735e-01 -2.100566862977587768e+00
4.083388721840270463e+00 -2.529166783121337136e-01 -2.100268358864406437e+00
4.077219033238867141e+00 -2.477276334075578790e-01 -2.099963729234197274e+00
4.070970118017379846e+00 -2.426250161525507765e-01 -2.099571947666861949e+00
4.064755755561985318e+00 -2.377059536393696937e-01 -2.099022765172832372e+00
4.058646734303214210e+00 -2.329678638720858175e-01 -2.098256710193074248e+00
4.052670851715951983e+00 -2.283084557665857328e-01 -2.097225088599081300e+00
4.046812914319444232e+00 -2.235257291505710342e-01 -2.095889983692881486e+00
4.041014737677287805e+00 -2.183179747635595191e-01 -2.094224256207032120e+00
4.035178213439587935e+00 -2.122911363277772412e-01 -2.092211190852042879e+00
4.029199047274609313e+00 -2.050397944513704385e-01 -2.089840608284075696e+00
4.023000497151422827e+00 -1.962281513741521710e-01 -2.087104977032188113e+00
4.016536440499066885e+00 -1.855973933193465486e-01 -2.083999060032276862e+00
4.009791374206542081e+00 -1.729656904935836792e-01 -2.080519914627074751e+00
4.002780414622808536e+00 -1.582281970869026388e-01 -2.076666892566149780e+00
3.995549297556793000e+00 -1.413570512727510275e-01 -2.072441640005907804e+00
3.988174378277378196e+00 -1.224013752079829848e-01 -2.067848097509589866e+00
3.980762631513415251e+00 -1.014872750328660450e-01 -2.062892500047273536e+00
3.973451651453717925e+00 -7.881784087107138181e-02 -2.057583376995874236e+00
3.966406935075247109e+00 -5.466865188745408805e-02 -2.051929649728930993e+00
3.959791999167724619e+00 -2.933833260943390087e-02 -2.045919705394572574e+00
3.953738497669127661e+00 -3.099109762783655315e-03 -2.039500470911186802e+00
3.948343505097504647e+00 2.380768249914460774e-02 -2.032575510629779370e+00
3.943669516550986742e+00 5.117160259541080752e-02 -2.025005026333976943e+00
3.939744447707773212e+00 7.881310151749156001e-02 -2.016605857240020949e+00
3.936561634826146072e+00 1.065835228292702774e-01 -2.007151479996777343e+00
3.934079834744456772e+00 1.343651026670519000e-01 -1.996372008685727284e+00
3.932223224881136403e+00 1.620709697395531779e-01 -1.983954194820970462e+00
3.930881403234686378e+00 1.896451453279072719e-01 -1.969541427349223550e+00
3.929911743819744174e+00 2.170603010456730597e-01 -1.952740918690713645e+00
3.929165305385469154e+00 2.442930952254448729e-01 -1.933202747899467555e+00
3.928512739325313419e+00 2.712995100752060851e-01 -1.910698901356636004e+00
3.927846644843533408e+00 2.980126096949420877e-01 -1.885130457989041552e+00
3.927081568955186786e+00 3.243425400766303257e-01 -1.856527589269188150e+00
3.926154006486137327e+00 3.501765291042550632e-01 -1.825049559215248918e+00
3.925022400073051809e+00 3.753788865537978081e-01 -1.790984724391074367e+00
3.923667140163400902e+00 3.997910040932415865e-01 -1.754750533906185517e+00
3.922090565015456942e+00 4.232313552825621161e-01 -1.716893529415788544e+00
3.920316960698297937e+00 4.454954955737416844e-01 -1.678089345120755915e+00
3.918391276349022512e+00 4.663594159028175978e-01 -1.639130958528205451e+00
3.916364992002137058e+00 4.856164322025238178e-01 -1.600799448817750381e+00
3.914281986418941983e+00 5.031140749149312086e-01 -1.563734755207747629e+00
3.912177252344754219e+00 5.187574425835002057e-01 -1.528423927715879538e+00
3.910076896508899669e+00 5.325092018530892535e-01 -1.495201127159132559e+00
3.907998139624716760e+00 5.443895874699485882e-01 -1.464247625153811683e+00
3.905949316389558224e+00 5.544764022817234572e-01 -1.435591804115535330e+00
3.903929875484791090e+00 5.629050172374495675e-01 -1.409109157259244238e+00
3.901930379575790919e+00 5.698683713875598578e-01 -1.384522288599185913e+00
3.899932505311946684e+00 5.756169718838790583e-01 -1.361400912948926845e+00
3.897909641005127046e+00 5.804545266940944748e-01 -1.339172426087403611e+00
3.895833461366383421e+00 5.846899024616659668e-01 -1.317238181424325916e+00
3.893680502447871561e+00 5.885890808662674889e-01 -1.295089770294749254e+00
3.891432759389716889e+00 5.923707908384280296e-01 -1.272319593334864551e+00
3.889077686420016278e+00 5.962065085595320557e-01 -1.248620860481997719e+00
3.886608196854832276e+00 6.002204574618192900e-01 -1.223787590974616757e+00
3.884022663098201988e+00 6.044896082283854888e-01 -1.197714613352318436e+00
3.881324916642128642e+00 6.090436787931817753e-01 -1.170397565455838507e+00
3.878524248066590019e+00 6.138651343410155281e-01 -1.141932894427045930e+00
3.875635407039530023e+00 6.188891873075483829e-01 -1.112517856708952202e+00
3.872678269135671592e+00 6.240065581575365838e-01 -1.082444512753081733e+00
3.869674170792571033e+00 6.290938443667154489e-01 -1.052033667884355594e+00
3.866642244228544634e+00 6.340438897196358781e-01 -1.021568812478701238e+00
3.863599084248758420e+00 6.387685451932184622e-01 -9.912901164413546740e-01
3.860558748245239258e+00 6.431986689567564808e-01 -9.613944292068478115e-01
3.857532756196867307e+00 6.472841263719143479e-01 -9.320352797390171196e-01
3.854530090669379128e+00 6.509937899927271676e-01 -9.033228765310017394e-01
3.851557196815366790e+00 6.543155395656020668e-01 -8.753241076052417080e-01
3.848617982374277879e+00 6.572562620293155300e-01 -8.480625405134853967e-01
3.845713817672415047e+00 6.598418515150170638e-01 -8.215184223367778538e-01
3.842843615913422717e+00 6.621160838866468890e-01 -7.956306970234121589e-01
3.840004716361363535e+00 6.641282368572886119e-01 -7.703191957984871774e-01
3.837193767514612386e+00 6.659207102343158713e-01 -7.455068273426157521e-01
3.834406807393275773e+00 6.675279005027466850e-01 -7.211215950529020757e-01
3.831639263539193152e+00 6.689762008252418957e-01 -6.970965970429499059e-01
3.828885953015938259e+00 6.702840010421056149e-01 -6.733700261428586797e-01
3.826141082408815564e+00 6.714616876712850013e-01 -6.498851698992313963e-01
3.823398247824863372e+00 6.725116439083707043e-01 -6.265904105751622932e-01
3.820650434892852942e+00 6.734282496265965312e-01 -6.034392251502455062e-01
3.817890018763287152e+00 6.741978813768393364e-01 -5.803901853205701844e-01
3.815108764108402717e+00 6.747989123876197981e-01 -5.574069574987299269e-01
3.812297825122167971e+00 6.752017125651008644e-01 -5.344583028138089054e-01
3.809447745520286865e+00 6.753686484930897516e-01 -5.115180771113916336e-01
3.806548458540192303e+00 6.752540834330363895e-01 -4.885652309535576943e-01
3.803589286941052805e+00 6.748043773240338661e-01 -4.655838096188902875e-01
3.800558943003768952e+00 6.739578867828186493e-01 -4.425629531024642405e-01
3.797445528530971171e+00 6.726449651037706978e-01 -4.194968961158538900e-01
3.794236534847028608e+00 6.707879622589127955e-01 -3.963849680871290859e-01
3.790918842798038924e+00 6.683012248979112169e-01 -3.732315931608634063e-01
3.787478722751830951e+00 6.650910963480753946e-01 -3.500462901981216679e-01
3.783901834597972691e+00 6.610559166143581411e-01 -3.268436727764685301e-01
3.780173227747758880e+00 6.560860223793553159e-01 -3.036434491899659971e-01
3.776277341134218091e+00 6.500637470033052701e-01 -2.804704224491715303e-01
3.772198003212114958e+00 6.428634205240919552e-01 -2.573544902811465973e-01
