-7.491425084970535053e+00 -1.439311796611495220e+00 -1.110915842193666681e+00
-6.828404044692849340e+00 -1.281653139791160578e+00 -1.015026615790393105e+00
-6.231943866115082997e+00 -1.137932609522656513e+00 -9.288655280216855381e-01
-5.699364256506371795e+00 -1.007519588131444488e+00 -8.520480208082149565e-01
-5.227984923135861273e+00 -8.897834579429853008e-01 -7.841895360706534479e-01
-4.815125573272692527e+00 -7.840936012827408597e-01 -7.249055157296722118e-01
-4.458105914186000440e+00 -6.898194004761712961e-01 -6.738114017059415595e-01
-4.154245653144929662e+00 -6.063302378487381850e-01 -6.305226359201336894e-01
-3.900864497418619958e+00 -5.329954957259026571e-01 -5.946546602929198011e-01
-3.695282154276214204e+00 -4.691845564331261209e-01 -5.658229167449712049e-01
-3.534818330986851720e+00 -4.142668022958693741e-01 -5.436428471969588783e-01
-3.416792734819672717e+00 -3.676116156395938250e-01 -5.277298935695546866e-01
-3.338525073043817848e+00 -3.285883787897603270e-01 -5.176994977834291634e-01
-3.297335052928428212e+00 -2.965664740718301773e-01 -5.131671017592541739e-01
-3.290542381742645794e+00 -2.709152838112644512e-01 -5.137481474177010288e-01
-3.315466766755609029e+00 -2.510041903335245017e-01 -5.190580766794408163e-01
-3.369427915236459903e+00 -2.362025759640711819e-01 -5.287123314651447359e-01
-3.449745534454339513e+00 -2.258798230283658448e-01 -5.423263536954844311e-01
-3.553739331678388957e+00 -2.194053138518695378e-01 -5.595155852911311012e-01
-3.678729014177747114e+00 -2.161484307600434474e-01 -5.798954681727558347e-01
-3.822034289221556858e+00 -2.154785560783487319e-01 -6.030814442610302750e-01
-3.980974864078956621e+00 -2.167650721322464391e-01 -6.286889554766253996e-01
-4.152870446019090167e+00 -2.193773612471978385e-01 -6.563334437402128518e-01
-4.335040742311093709e+00 -2.226848057486638943e-01 -6.856303509724633871e-01
-4.524805460224111897e+00 -2.260567879621058762e-01 -7.161951190940487599e-01
-4.719484307027284942e+00 -2.288626902129849983e-01 -7.476431900256403917e-01
-4.916660609576819496e+00 -2.306130997643623948e-01 -7.796182245270842914e-01
-5.114972175434136403e+00 -2.313834248921718684e-01 -8.118767589672244434e-01
-5.313320432926197157e+00 -2.313902794411839547e-01 -8.442035486802272892e-01
-5.510606810379964138e+00 -2.308502772561691618e-01 -8.763833490002598259e-01
-5.705732736122398840e+00 -2.299800321818980808e-01 -9.082009152614892722e-01
-5.897599638480460094e+00 -2.289961580631411364e-01 -9.394410027980825140e-01
-6.085108945781113832e+00 -2.281152687446690308e-01 -9.698883669442062150e-01
-6.267162086351319772e+00 -2.275539780712521054e-01 -9.993277630340274831e-01
-6.442660488518040296e+00 -2.275288998876610902e-01 -1.027543946401713315e+00
-6.610505580608232457e+00 -2.282566480386663821e-01 -1.054321672381430375e+00
-6.769122050311996652e+00 -2.298321109784999261e-01 -1.079391605476532456e+00
-6.915027617657083070e+00 -2.318632742932657809e-01 -1.102268046286786873e+00
-7.044263259476931438e+00 -2.338363975255416394e-01 -1.122411204290981068e+00
-7.152869952604985926e+00 -2.352377402179052779e-01 -1.139281288967902261e+00
-7.236888673874687150e+00 -2.355535619129345282e-01 -1.152338509796338339e+00
-7.292360400119473951e+00 -2.342701221532069722e-01 -1.161043076255076079e+00
-7.315326108172794051e+00 -2.308736804813006083e-01 -1.164855197822903810e+00
-7.301826774868083625e+00 -2.248504964397929629e-01 -1.163235083978607864e+00
-7.247903377038789507e+00 -2.156868295712620065e-01 -1.155642944200976352e+00
-7.149596891518346098e+00 -2.028689394182852102e-01 -1.141538987968795826e+00
-7.005565611986746433e+00 -1.861718045208540784e-01 -1.120751077544523522e+00
-6.824937108870401836e+00 -1.665252804411538612e-01 -1.094577687640118313e+00
-6.619456274122405226e+00 -1.451479422550534248e-01 -1.064684946408624544e+00
-6.400867999695847743e+00 -1.232583650384217883e-01 -1.032738982003084782e+00
-6.180917177543820529e+00 -1.020751238671280398e-01 -1.000405922576543150e+00
-5.971348699619412059e+00 -8.281679381704114273e-02 -9.693518962820423246e-01
-5.783907457875716140e+00 -6.670194996403010224e-02 -9.412430312726265402e-01
-5.630338344265823025e+00 -5.494916738396399269e-02 -9.177454557013389191e-01
-5.522386250742824743e+00 -4.877702115271174976e-02 -9.005252977212228060e-01
-5.471796069259811546e+00 -4.940408634614240624e-02 -8.912486854853219898e-01
-5.486196170410699402e+00 -5.763884957927203900e-02 -8.909934064209215077e-01
-5.556748780465298410e+00 -7.264943775733181952e-02 -8.984838766359781737e-01
-5.670499574890480510e+00 -9.319388639150866238e-02 -9.118561673045347815e-01
-5.814494229153121196e+00 -1.180302309929891630e-01 -9.292463496006342361e-01
-5.975778418720095075e+00 -1.459165070729600278e-01 -9.487904946983195531e-01
-6.141397819058274976e+00 -1.756107501426078243e-01 -9.686246737716333044e-01
-6.298398105634535504e+00 -2.058709957131193979e-01 -9.868849579946187278e-01
-6.433824953915748601e+00 -2.354552792956812191e-01 -1.001707418541317951e+00
-6.534724039368791537e+00 -2.631216364014800635e-01 -1.011228126585774323e+00
-6.588141037460533589e+00 -2.876281025417025683e-01 -1.013583153302030748e+00
-6.584699799681267507e+00 -3.080629873756123294e-01 -1.007425680516462529e+00
-6.529336907208064034e+00 -3.248356995170871842e-01 -9.934773363634453736e-01
-6.430567130037990076e+00 -3.386859229092364920e-01 -9.729768614790218484e-01
-6.296905238168115204e+00 -3.503533414951695568e-01 -9.471629964992357431e-01
-6.136866001595501885e+00 -3.605776392179958489e-01 -9.172744820601299587e-01
-5.958964190317217913e+00 -3.700985000208247278e-01 -8.845500587977475071e-01
-5.771714574330331082e+00 -3.796556078467653861e-01 -8.502284673481321775e-01
-5.583631923631903859e+00 -3.899886466389271833e-01 -8.155484483473265378e-01
-5.403231008219007592e+00 -4.018373003404195898e-01 -7.817487424313741551e-01
-5.239026598088702080e+00 -4.159412528943515763e-01 -7.500680902363179303e-01
-5.097397606154060234e+00 -4.328474984227830280e-01 -7.214471355635805327e-01
-4.976179516992137231e+00 -4.523322717635734347e-01 -6.956341348761010401e-01
-4.871071958095998689e+00 -4.739791179335328675e-01 -6.720792478021979655e-01
-4.777774556958705787e+00 -4.973715819494711754e-01 -6.502326339701900437e-01
-4.691986941073319706e+00 -5.220932088281984296e-01 -6.295444530083955659e-01
-4.609408737932903399e+00 -5.477275435865244235e-01 -6.094648645451329338e-01
-4.525739575030516271e+00 -5.738581312412588398e-01 -5.894440282087211047e-01
-4.436679079859220387e+00 -6.000685168092120270e-01 -5.689321036274777033e-01
-4.337926879912077816e+00 -6.259422453071940007e-01 -5.473792504297217976e-01
-4.225182602682147959e+00 -6.510628617520139994e-01 -5.242356282437714565e-01
-4.095485053654666530e+00 -6.749939810114017336e-01 -4.991565814968640935e-01
-3.951229740704999660e+00 -6.972194974993131122e-01 -4.726181923443147914e-01
-3.796151344911427028e+00 -7.172033755518996134e-01 -4.453017270065610655e-01
-3.633984547352221206e+00 -7.344095795053119380e-01 -4.178884517040399316e-01
-3.468464029105659652e+00 -7.483020736957013419e-01 -3.910596326571886827e-01
-3.303324471250017602e+00 -7.583448224592193032e-01 -3.654965360864446122e-01
-3.142300554863570294e+00 -7.640017901320163007e-01 -3.418804282122449023e-01
-2.989126961024592521e+00 -7.647369410502433684e-01 -3.208925752550266797e-01
-2.847538370811363073e+00 -7.600142395500523174e-01 -3.032142434352273486e-01
-2.721269465302153190e+00 -7.492976499675935154e-01 -2.895266989732837026e-01
-2.612740620836925931e+00 -7.322750341675632324e-01 -2.802315376038913564e-01
-2.519115013603629105e+00 -7.095298409259614969e-01 -2.746116771194888617e-01
-2.436241524452504859e+00 -6.818694149458993659e-01 -2.716703668271249761e-01
-2.359969034233792229e+00 -6.501011009304874522e-01 -2.704108560338485123e-01
-2.286146423797732918e+00 -6.150322435828369239e-01 -2.698363940467081723e-01
-2.210622573994566409e+00 -5.774701876060585048e-01 -2.689502301727526579e-01
-2.129246365674533958e+00 -5.382222777032629191e-01 -2.667556137190307819e-01
-2.037866679687876381e+00 -4.980958585775613900e-01 -2.622557939925911907e-01
-1.932332396884832937e+00 -4.578982749320644197e-01 -2.544540203004827528e-01
-1.808492398115645328e+00 -4.184368714698830094e-01 -2.423535419497541976e-01
-1.664411190945728869e+00 -3.804335935509878808e-01 -2.254245293035097852e-01
-1.507015821496051178e+00 -3.442687879411390761e-01 -2.050048436284473419e-01
-1.345448978450209720e+00 -3.102374014521307455e-01 -1.828992705870117474e-01
-1.188853350491801297e+00 -2.786343808957570944e-01 -1.609125958416480484e-01
-1.046371626304422264e+00 -2.497546730838120510e-01 -1.408496050548010414e-01
-9.271464945716707540e-01 -2.238932248280899040e-01 -1.245150838889158146e-01
-8.403206439771426783e-01 -2.013449829403846092e-01 -1.137138180064371645e-01
-7.950367632044359478e-01 -1.824048942324906775e-01 -1.102505930698100961e-01
-8.004375409371455863e-01 -1.673679055162013984e-01 -1.159301947414793366e-01
-8.656656658588692821e-01 -1.565289636033113385e-01 -1.325574086838899879e-01
-9.959830663883590951e-01 -1.499990397295609401e-01 -1.612151185669457309e-01
-1.181128463339926604e+00 -1.471531949310585230e-01 -2.000985691095461816e-01
-1.406959733990063910e+00 -1.471825107201287786e-01 -2.466810875475474452e-01
-1.659334755615262225e+00 -1.492780686090963704e-01 -2.984360011168054050e-01
-1.924111405492013649e+00 -1.526309501102861566e-01 -3.528366370531760832e-01
-2.187147560896809839e+00 -1.564322367360227450e-01 -4.073563225925154185e-01
-2.434301099106141120e+00 -1.598730099986307995e-01 -4.594683849706792111e-01
-2.651429897396500923e+00 -1.621443514104352057e-01 -5.066461514235238717e-01
-2.824391833044379574e+00 -1.624373424837605162e-01 -5.463629491869047561e-01
-2.939044783326267840e+00 -1.599430647309314779e-01 -5.760921054966781085e-01
-2.984945915265232230e+00 -1.540850937956369793e-01 -5.939033357984916384e-01
-2.966449554870620897e+00 -1.452169818470221974e-01 -6.002519083771579167e-01
-2.891609317898356846e+00 -1.339247751855963398e-01 -5.961894797272818680e-01
-2.768478820104363969e+00 -1.207945201118689194e-01 -5.827677063434680838e-01
-2.605111677244563051e+00 -1.064122629263491299e-01 -5.610382447203208223e-01
-2.409561505074877985e+00 -9.136404992954630377e-02 -5.320527513524450081e-01
-2.189881919351232664e+00 -7.623592742196982908e-02 -4.968628827344452326e-01
-1.954126535829547651e+00 -6.161394170412894805e-02 -4.565202953609258651e-01
-1.710348970265746837e+00 -4.808413907653302094e-02 -4.120766457264915528e-01
-1.466602838415751675e+00 -3.623256583969134553e-02 -3.645835903257468313e-01
-1.230188280162366921e+00 -2.651339602140826215e-02 -3.151507358028405315e-01
-1.005391564231420842e+00 -1.885332021798168112e-02 -2.651194869131607845e-01
-7.957454996432932193e-01 -1.304715958264632616e-02 -2.158891973181789603e-01
-6.047828954183488426e-01 -8.889735268636501236e-03 -1.688592206793630979e-01
-4.360365605769674913e-01 -6.175868429186936147e-03 -1.254289106581847335e-01
-2.930393041395237819e-01 -4.700380217532214126e-03 -8.699762091611416837e-02
-1.793239351263920534e-01 -4.258091786906911466e-03 -5.496470511462168973e-02
-9.842326255794758838e-02 -4.643824290545607060e-03 -3.072951691517768202e-02
-5.387009545456447612e-02 -5.652398881682879801e-03 -1.569140997925238395e-02
-4.919724283661769393e-02 -7.078636713553307716e-03 -1.124973796831620076e-02
-8.612403314331781856e-02 -8.791941892720277207e-03 -1.827038227985186211e-02
-1.591158984312190383e-01 -1.096004927214662243e-02 -3.548534288676008508e-02
-2.608248031466892103e-01 -1.382527612466703110e-02 -6.109315131363128593e-02
-3.839027117360963581e-01 -1.762993972311620652e-02 -9.329233908505596418e-02
-5.210015886458080336e-01 -2.261635734032883815e-02 -1.302814377256245881e-01
-6.647733983221922882e-01 -2.902684624913962064e-02 -1.702589787599275428e-01
-8.078701052116165071e-01 -3.710372372238325556e-02 -2.114234937125553104e-01
-9.429436737604488528e-01 -4.708930703289443409e-02 -2.519735141080984286e-01
-1.062646068415056488e+00 -5.922591345350784048e-02 -2.901075714711471853e-01
-1.159629253621808465e+00 -7.375586025705818671e-02 -3.240241973262922293e-01
-1.228152463890241020e+00 -9.069355823962167718e-02 -3.522026309553282220e-01
-1.268904036974793037e+00 -1.091417890300062643e-01 -3.742449466844306460e-01
-1.284179592189205854e+00 -1.279754261501414303e-01 -3.900339286047650456e-01
-1.276274748847220808e+00 -1.460693431219567961e-01 -3.994523608074967980e-01
-1.247485126262577904e+00 -1.622984134673816359e-01 -4.023830273837912253e-01
-1.200106343749018478e+00 -1.755375107083456676e-01 -3.987087124248138159e-01
-1.136434020620283425e+00 -1.846615083667783597e-01 -3.883122000217299474e-01
-1.058763776190115635e+00 -1.885452799646091526e-01 -3.710762742657054414e-01
-9.693912297722525606e-01 -1.860636990237677368e-01 -3.468837192479049536e-01
-8.706120006804365374e-01 -1.760916390661834141e-01 -3.156173190594942501e-01
-7.651497741842993028e-01 -1.581583596048686258e-01 -2.776794626446649761e-01
-6.574405177477311568e-01 -1.344106922005176008e-01 -2.355509806588544641e-01
-5.523482739759110194e-01 -1.076498684466580674e-01 -1.922323197601567557e-01
-4.547370854740174773e-01 -8.067711993681794813e-02 -1.507239266066657257e-01
-3.694709948472294503e-01 -5.629367826452495727e-02 -1.140262478564754295e-01
-3.014140447007255252e-01 -3.730077502330694794e-02 -8.513973016767972801e-02
-2.554302776396843999e-01 -2.649964180669175939e-02 -6.706482019837255171e-02
-2.363837362692849386e-01 -2.669151020820711984e-02 -6.280196460664787261e-02
-2.491384631947056172e-01 -4.067761182138088238e-02 -7.535161005059959338e-02
-2.985585010211252444e-01 -7.125917823974083076e-02 -1.077142031883216444e-01
-3.869625655552266230e-01 -1.202148390392445143e-01 -1.614989270541811739e-01
-5.064880654097081436e-01 -1.852328157255682672e-01 -2.327499101876380483e-01
-6.467270823987720796e-01 -2.629787277868179673e-01 -3.161200175044249772e-01
-7.972716983366210375e-01 -3.501181947110997283e-01 -4.062621139202751697e-01
-9.477139950374572352e-01 -4.433168359865194974e-01 -4.978290643509213909e-01
-1.087646054315483113e+00 -5.392402711011834437e-01 -5.854737337120967666e-01
-1.206659957984901776e+00 -6.345541195431975146e-01 -6.638489869195343118e-01
-1.294347787859915000e+00 -7.259240008006677680e-01 -7.276076888889667638e-01
-1.340301625754724890e+00 -8.100155343617001513e-01 -7.714027045361272483e-01
-1.334113553483534442e+00 -8.834943397144005006e-01 -7.898868987767485583e-01
-1.268939041082602248e+00 -9.435947719599261374e-01 -7.793943688396735014e-01
-1.152186958553201190e+00 -9.898261042442842994e-01 -7.429840690559055272e-01
-9.948294876574695911e-01 -1.022266333122921811e+00 -6.853961499946156222e-01
-8.078388101575333380e-01 -1.040993455151287606e+00 -6.113707622249696660e-01
-6.021871078155289769e-01 -1.046085466884827619e+00 -5.256480563161377573e-01
-3.888465623935897786e-01 -1.037620364878988788e+00 -4.329681828372885510e-01
-1.787893556538499018e-01 -1.015676145689218490e+00 -3.380712923575910911e-01
1.701233064155702190e-02 -9.803308058709637729e-01 -2.456975354462139494e-01
1.875863147304974721e-01 -9.316623419796723482e-01 -1.605870626723262529e-01
3.219604148508384833e-01 -8.697487505707909294e-01 -8.748002460509653189e-02
4.123102288926697168e-01 -7.952212602388953888e-01 -2.993166721681725026e-02
4.634024283257109356e-01 -7.109240198210441397e-01 1.324236495756030488e-02
4.831514417573108400e-01 -6.202544062364134803e-01 4.441132350489358782e-02
4.794716977948190184e-01 -5.266097964041809298e-01 6.594446001204010144e-02
4.602776250455846707e-01 -4.333875672435234527e-01 8.021102606585729655e-02
4.334836521169576629e-01 -3.439850956736198451e-01 8.958027325320246093e-02
4.070042076162854738e-01 -2.617997586136415755e-01 9.642145316093363172e-02
3.887537201509194129e-01 -1.902289329827727138e-01 1.031038173759076249e-01
3.866466183282072921e-01 -1.326699957001839514e-01 1.119966174849824914e-01
4.085973307554984224e-01 -9.252032368505747062e-02 1.254691050750149361e-01
4.608042174090667409e-01 -7.210088812996248708e-02 1.453656854355727390e-01
5.426014619344025069e-01 -6.942709891304613135e-02 1.714314086987884789e-01
6.516072284423447547e-01 -8.143799098162327055e-02 2.028864937152658754e-01
7.854396810437163090e-01 -1.050725992830083139e-01 2.389511593356037633e-01
9.417169838493609779e-01 -1.372699587645184183e-01 2.788456244104067783e-01
1.118057300970097589e+00 -1.749691043734661888e-01 3.217901077902730611e-01
1.312078796516773949e+00 -2.151090710571700870e-01 3.670048283258078303e-01
1.521399634600204109e+00 -2.546288937629418991e-01 4.137100048676086717e-01
1.743637979331240206e+00 -2.904676074381003503e-01 4.611258562662812754e-01
1.976411994820693963e+00 -3.195642470299576710e-01 5.084726013724230054e-01
2.217010689361463616e+00 -3.395261384101717073e-01 5.549812801022550035e-01
2.461406457391777991e+00 -3.506337520278681730e-01 5.999262163248598734e-01
2.705242542240532178e+00 -3.538358396966055919e-01 6.425925548201478765e-01
2.944162187236577743e+00 -3.500811532299413775e-01 6.822654403680219470e-01
3.173808635708809778e+00 -3.403184444414327214e-01 7.182300177483924575e-01
3.389825130986081625e+00 -3.254964651446382029e-01 7.497714317411625640e-01
3.587854916397283933e+00 -3.065639671531138477e-01 7.761748271262416399e-01
3.763541235271275376e+00 -2.844697022804192343e-01 7.967253486835341736e-01
3.912527330936942604e+00 -2.601624223401098335e-01 8.107081411929482062e-01
4.030456446723146513e+00 -2.345908791457454179e-01 8.174083494343893364e-01
4.114093574904108763e+00 -2.085949581195467306e-01 8.163754646740664089e-01
4.164690703535408822e+00 -1.825790791183915518e-01 8.082163641233931495e-01
4.184621569617957171e+00 -1.568387956078254319e-01 7.938022714800865298e-01
4.176259910152674948e+00 -1.316696610533893141e-01 7.740044104418611903e-01
4.141979462140478851e+00 -1.073672289206285962e-01 7.496940047064346579e-01
4.084153962582283803e+00 -8.422705267508438787e-02 7.217422779715209069e-01
4.005157148479014495e+00 -6.254468578230198972e-02 6.910204539348384634e-01
3.907362756831577855e+00 -4.261568170782264325e-02 6.583997562941003023e-01
3.793144524640902127e+00 -2.473559391719132999e-02 6.247514087470253941e-01
3.664876188907893795e+00 -9.199975875949735482e-03 5.909466349913267136e-01
3.525288683715027016e+00 3.799387766566591877e-03 5.577773884115740932e-01
3.378541741690462175e+00 1.448579059472089592e-02 5.257185388717841024e-01
3.229152297653711923e+00 2.318629649351880428e-02 4.951656847888512014e-01
3.081637286424261823e+00 3.022796934796765159e-02 4.665144245796641331e-01
2.940513642821625417e+00 3.593787304307335950e-02 4.401603566611168583e-01
2.810298301665288712e+00 4.064307146384301545e-02 4.164990794500985083e-01
2.695508197774763026e+00 4.467062849528275620e-02 3.959261913635025443e-01
2.600660265969537477e+00 4.834760802239948529e-02 3.788372908182184862e-01
2.530271441069121607e+00 5.200107393019946789e-02 3.656279762311396841e-01
2.488858657893006310e+00 5.595809010368957281e-02 3.566938460191561022e-01
2.478784710471831243e+00 6.044704568232292519e-02 3.521779147299196611e-01
2.493795706418958869e+00 6.530162517708636150e-02 3.512128469810506526e-01
2.525483550927546617e+00 7.025683553026533523e-02 3.526787162943439968e-01
2.565440149190751917e+00 7.504768368414614643e-02 3.554555961915943363e-01
2.605257406401727760e+00 7.940917658101423471e-02 3.584235601945959804e-01
2.636527227753632907e+00 8.307632116315569193e-02 3.604626818251437381e-01
2.650841518439623901e+00 8.578412437285652670e-02 3.604530346050321965e-01
2.639792183652855506e+00 8.726759315240233128e-02 3.572746920560559980e-01
2.594971128586484710e+00 8.726173444407915591e-02 3.498077277000095076e-01
2.507970258433669830e+00 8.550155519017281491e-02 3.369322150586878672e-01
2.373521758990102981e+00 8.183308290722858536e-02 3.179430123525593954e-01
2.198918758774652815e+00 7.654642105622755377e-02 2.937940928627933435e-01
1.994594577065844421e+00 7.004269049613102982e-02 2.658542027023146903e-01
1.770982533142231530e+00 6.272301208590110033e-02 2.354920879840523285e-01
1.538515946282332791e+00 5.498850668449895007e-02 2.040764948209306262e-01
1.307628135764706601e+00 4.724029515088683934e-02 1.729761693258791422e-01
1.088752420867869830e+00 3.987949834402580718e-02 1.435598576118219671e-01
8.923221208703797647e-01 3.330723712287812777e-02 1.171963057916884376e-01
7.287705550507573848e-01 2.792463234640495465e-02 9.525425997840321346e-02
6.085310426875540912e-01 2.413280487356840240e-02 7.910246628489489562e-02
5.388152973320790018e-01 2.220670893115420097e-02 6.968420275569067734e-02
5.139487017973357608e-01 2.191663582688958140e-02 6.624088733442268229e-02
5.250350792542103351e-01 2.290671204114117301e-02 6.758847598264952627e-02
5.631782528735909121e-01 2.482106405427557394e-02 7.254292466193010269e-02
6.194820458263695651e-01 2.730381834665962168e-02 7.992018933382383228e-02
6.850502812834301514e-01 2.999910139865977557e-02 8.853622595988909494e-02
7.509867824156669647e-01 3.255103969064294250e-02 9.720699050168556121e-02
8.083953723939631963e-01 3.460375970297556447e-02 1.047484389207715277e-01
8.483798743892126959e-01 3.580138791602450327e-02 1.099765271787066095e-01
8.620441115723006531e-01 3.578805081015632578e-02 1.117072112370493392e-01
8.430126846620215053e-01 3.432059053636418028e-02 1.090942084720098043e-01
7.949933045687741506e-01 3.160671192814645120e-02 1.026422819184000107e-01
7.242144597508679560e-01 2.796683548962830210e-02 9.319395602568376902e-02
6.369046386666015191e-01 2.372138172493432756e-02 8.159175524332336338e-02
5.392923297742872046e-01 1.919077113818982300e-02 6.867820402078300690e-02
4.376060215322218894e-01 1.469542423351933094e-02 5.529582680752475471e-02
3.380742023987192146e-01 1.055576151504816068e-02 4.228714805301295870e-02
2.469253608320752247e-01 7.092203486900864294e-03 3.049469220670961156e-02
1.703879852906027281e-01 4.625170653202673003e-03 2.076098371807892987e-02
1.146905642326002672e-01 3.475083518078302819e-03 1.392854703658326539e-02
8.471863976484197978e-02 3.863408579418829356e-03 1.064446706968498815e-02
7.998593016581208304e-02 5.615793479072580217e-03 1.077406496524999091e-02
9.866318815132354980e-02 8.458930437095245336e-03 1.398721953333800783e-02
1.389211664371902133e-01 1.211951167354287547e-02 1.995380958400905236e-02
1.989306177392210495e-01 1.632422940847098533e-02 2.834371392732232958e-02
2.768622947732336526e-01 2.079977586193575839e-02 3.882681137333831439e-02
3.708869502550335429e-01 2.527284325399263565e-02 5.107298073211582329e-02
4.791753369004412844e-01 2.947012380469781617e-02 6.475210081371565729e-02
5.998982074252598995e-01 3.311830973410677392e-02 7.953405042819636228e-02
7.312263145453123947e-01 3.594409326227563511e-02 9.508870838561897521e-02
8.707440037104071662e-01 3.777772649647327674e-02 1.110668327910078745e-01
1.013689957751674031e+00 3.886370701860882709e-02 1.270426978351508196e-01
1.154716435456740298e+00 3.955009526071897458e-02 1.425714564567432674e-01
1.288475695613257699e+00 4.018495165484052556e-02 1.572082615944834227e-01
1.409619997008852765e+00 4.111633663301021702e-02 1.705082661870667426e-01
1.512801598431171790e+00 4.269231062726481368e-02 1.820266231731908768e-01
1.592672758667856847e+00 4.526093406964120519e-02 1.913184854915528366e-01
1.643885736506540463e+00 4.917026739217594117e-02 1.979390060808488283e-01
1.661092790734866931e+00 5.476837102690615411e-02 2.014433378797761687e-01
1.638946180140472775e+00 6.240330540586810221e-02 2.013866338270313416e-01
1.574942101242789105e+00 7.217877641455006099e-02 1.975450231963662151e-01
1.477952338758166784e+00 8.322108573422121180e-02 1.905785279574760405e-01
1.359692533770190392e+00 9.441218749054312853e-02 1.813681400930170773e-01
1.231878327362461167e+00 1.046340358091753103e-01 1.707948515856467508e-01
1.106225360618561027e+00 1.127685848157791715e-01 1.597396544180210431e-01
9.944492746220923163e-01 1.176977886360145442e-01 1.490835405727975460e-01
9.082657104566375095e-01 1.183036013955423710e-01 1.397075020326321859e-01
8.593903092057959547e-01 1.134679772200231362e-01 1.324925307801825269e-01
8.595387119531558984e-01 1.020728702351169637e-01 1.283196187981047176e-01
9.204265597823088063e-01 8.300023456648535081e-02 1.280697580690558779e-01
1.049527312026313997e+00 5.566852180923505256e-02 1.323626897262941138e-01
1.237345822385421679e+00 2.164215808700729535e-02 1.407731589799031402e-01
1.470144823493833464e+00 -1.697794068171681880e-02 1.526146639277655426e-01
1.734187047985713992e+00 -5.809085857845022044e-02 1.672007026677623798e-01
2.015735228495272757e+00 -9.959567968471259858e-02 1.838447732977769866e-01
2.301052097656671069e+00 -1.393914880820165403e-01 2.018603739156898946e-01
2.576400388104118200e+00 -1.753773678518814882e-01 2.205610026193845774e-01
2.828042832471775903e+00 -2.054524030758205222e-01 2.392601575067415665e-01
3.042242163393852561e+00 -2.275156778353524811e-01 2.572713366756445019e-01
3.205261113504513482e+00 -2.394662762119915134e-01 2.739080382239736933e-01
3.307160915823858183e+00 -2.398370668326608446e-01 2.888219442173131646e-01
3.353196804915575591e+00 -2.296960565059047721e-01 3.030174725920506962e-01
3.352422515729255537e+00 -2.107450365856752272e-01 3.178372252522733699e-01
3.313891783214487408e+00 -1.846857984259213104e-01 3.346238041020709320e-01
3.246658342320867252e+00 -1.532201333805961463e-01 3.547198110455300202e-01
3.159775927997979572e+00 -1.180498328036479472e-01 3.794678479867408250e-01
3.062298275195425301e+00 -8.087668804903075381e-02 4.102105168297895954e-01
2.963279118862786277e+00 -4.340249047069211913e-02 4.482904194787672436e-01
2.871772193949662100e+00 -7.329031422586111677e-03 4.950501578377586864e-01
2.796831235405637717e+00 2.564189774133934091e-02 5.518323338108566123e-01
2.745789629259022036e+00 5.470476817897654276e-02 6.192063831691567710e-01
2.719099316633210250e+00 8.263912673797496611e-02 6.946490550312767187e-01
2.715491865120351012e+00 1.131207955990547187e-01 7.748639213225254618e-01
2.733698842312590749e+00 1.498255969429412304e-01 8.565545539682246634e-01
2.772451815802073671e+00 1.964293529503537417e-01 9.364245248936826638e-01
2.830482353180950650e+00 2.566078858020192088e-01 1.011177406024220904e+00
2.906522022041363229e+00 3.340370176786547907e-01 1.077516769285148612e+00
2.999302389975461836e+00 4.323925707609899138e-01 1.132146186601785898e+00
3.107555024575388458e+00 5.553503672297389615e-01 1.171769229899443987e+00
3.230011493433297076e+00 7.065862292656348576e-01 1.193089471103440768e+00
3.364543287572555830e+00 8.877759095935608968e-01 1.193667219228591980e+00
3.505581542527161698e+00 1.092594768669412408e+00 1.174489780670964434e+00
3.646697292654978551e+00 1.312718040269960085e+00 1.137401223427923824e+00
3.781461572313895125e+00 1.539820958172012588e+00 1.084245615496831183e+00
3.903445415861776180e+00 1.765578756152337947e+00 1.016867024875055536e+00
4.006219857656505567e+00 1.981666667987735497e+00 9.371095195599591365e-01
4.083355932055963144e+00 2.179759927455002799e+00 8.468171675489015726e-01
4.128424673418018109e+00 2.351533768330911212e+00 7.478340368392553117e-01
4.134997116100553427e+00 2.488663424392265178e+00 6.420041954283758345e-01
4.096644294461442293e+00 2.582824129415840275e+00 5.311717113136367185e-01
4.009364970723003907e+00 2.628149992395553802e+00 4.171739282259272485e-01
3.878868679650632867e+00 2.628610482496827494e+00 3.018212932150588501e-01
3.713292614417295745e+00 2.590633873754230265e+00 1.869175292567373248e-01
3.520773968195977321e+00 2.520648440202332363e+00 7.426635932668895768e-02
3.309449934159639284e+00 2.425082455875696041e+00 -3.432849359938000555e-02
3.087457705481273962e+00 2.310364194808897764e+00 -1.370633065457438904e-01
2.862934475333836382e+00 2.182921931036495788e+00 -2.321343565366956740e-01
2.644017436890321537e+00 2.049183938593068799e+00 -3.177379205965108477e-01
2.438843783323685344e+00 1.915578491513174164e+00 -3.920702757494807233e-01
2.255550707806920130e+00 1.788533863831390569e+00 -4.533276990198827905e-01
2.100232308662492109e+00 1.673148846501421039e+00 -5.002369479363746319e-01
1.970810363264131615e+00 1.569204336190255455e+00 -5.336466868679630160e-01
1.863163583361546527e+00 1.475151765502282108e+00 -5.549360530995000040e-01
1.773170680704467150e+00 1.389442567041905940e+00 -5.654841839158331052e-01
1.696710367042606249e+00 1.310528173413517239e+00 -5.666702166018122711e-01
1.629661354125691242e+00 1.236860017221520058e+00 -5.598732884422864542e-01
1.567902353703435336e+00 1.166889531070304908e+00 -5.464725367221042740e-01
1.507312077525565508e+00 1.099068147564276288e+00 -5.278470987261161262e-01
1.443769237341796519e+00 1.031847299307824484e+00 -5.053761117391695201e-01
1.373152544901854677e+00 9.636784189053533289e-01 -4.804387130461154065e-01
1.292909244886303322e+00 8.934542015103935642e-01 -4.543809259326915262e-01
1.206760713699089882e+00 8.218323924730221997e-01 -4.284163176881926050e-01
1.119996860675019246e+00 7.499119996924624720e-01 -4.037253416028064867e-01
1.037907595148881201e+00 6.787920310679248503e-01 -3.814884509667165746e-01
9.657828264554793041e-01 6.095714944986320161e-01 -3.628860990701102129e-01
9.089124639296053410e-01 5.433493978837947713e-01 -3.490987392031712488e-01
8.725864169060617570e-01 4.812247491226361307e-01 -3.413068246560865826e-01
8.620945947196418935e-01 4.242965561143668407e-01 -3.406908087190407830e-01
8.827269067051441986e-01 3.736638267582089168e-01 -3.484311446822194736e-01
9.397732621973677869e-01 3.304255689533746598e-01 -3.657082858358089994e-01
1.035795274500720620e+00 2.952998694324785456e-01 -3.929909077552715679e-01
1.162441294740632847e+00 2.674811193634233919e-01 -4.279005547929911613e-01
1.308631338983264669e+00 2.457827832983515703e-01 -4.673469834044901017e-01
1.463285423294798715e+00 2.290183257894008728e-01 -5.082399500452970953e-01
1.615323563741393187e+00 2.160012113887127827e-01 -5.474892111709337428e-01
1.753665776389231379e+00 2.055449046484258691e-01 -5.820045232369287502e-01
1.867232077304472382e+00 1.964628701206810601e-01 -6.086956426988046065e-01
1.944942482553296381e+00 1.875685723576172581e-01 -6.244723260120885744e-01
1.975717008201867353e+00 1.776754759113751969e-01 -6.262443296323048081e-01
1.948475670316359709e+00 1.655970453340938620e-01 -6.109214100149787940e-01
1.855965343305046700e+00 1.504700634154411409e-01 -5.765332067899788804e-01
1.706240553920756131e+00 1.327246043957407695e-01 -5.255889563652240692e-01
1.511182796747298607e+00 1.131140700031876556e-01 -4.617178103635563025e-01
1.282673566368455642e+00 9.239186196597343192e-02 -3.885489204078068082e-01
1.032594357368045612e+00 7.131138201229327012e-02 -3.097114381208189160e-01
7.728266643298552507e-01 5.062603187033955232e-02 -2.288345151254264631e-01
5.152519818376823935e-01 3.108921326830559398e-02 -1.495473030444661455e-01
2.717518044753039486e-01 1.345432793438322214e-02 -7.547895350076858079e-02
5.420762682656062037e-02 -1.525222403231092302e-03 -1.025861811718378411e-02
-1.254990565247723344e-01 -1.309603601634569750e-02 4.248455148345816473e-02
-2.582046389227457550e-01 -2.072363846908067270e-02 8.001383229183925416e-02
-3.456169099051271676e-01 -2.474925196777938430e-02 1.031621646879084531e-01
-3.921614691792262297e-01 -2.573301974762718519e-02 1.136548921329059436e-01
-4.022639164523774680e-01 -2.423508504381063910e-02 1.132173580880783681e-01
-3.803498514319058055e-01 -2.081559109151581363e-02 1.035749060146699957e-01
-3.308448738251306698e-01 -1.603468112592827330e-02 8.645287937392304167e-02
-2.581745833393857548e-01 -1.045249838223496347e-02 6.357662162708477283e-02
-1.667645796819932358e-01 -4.629186095621576173e-03 3.667147623539815382e-02
-6.104046256027742534e-02 8.751124987258541727e-04 7.462786660107252612e-03
5.457216831844705074e-02 5.500254165621624482e-03 -2.232410363754645799e-02
1.756398229146532430e-01 8.809108701737544331e-03 -5.116989362899573152e-02
2.976974512145557084e-01 1.085657691504828513e-02 -7.837941664764183636e-02
4.162721135493814839e-01 1.182056208754663634e-02 -1.034635307755606970e-01
5.268908702503669605e-01 1.187896750122537960e-02 -1.259330940948301669e-01
6.250807816487191637e-01 1.120969643807730870e-02 -1.452989646875221807e-01
7.063689080756755390e-01 9.990652180095252119e-03 -1.610720006357148071e-01
7.662823098624627072e-01 8.399738009272022729e-03 -1.727630600214838941e-01
8.003480473403096207e-01 6.614857207600250387e-03 -1.798830009269060393e-01
8.040931808404372383e-01 4.813913057073055876e-03 -1.819426814340557030e-01
7.730447706940763997e-01 3.174808839683088569e-03 -1.784529596250097605e-01
7.052297970361445234e-01 1.840335226425245541e-03 -1.692257235254071845e-01
6.086749192163207756e-01 8.128324443028222754e-04 -1.552769809351391139e-01
4.939067163879640177e-01 5.952810932115683957e-05 -1.379237695976578970e-01
3.714517677044645860e-01 -4.523501625142224204e-04 -1.184831272564209614e-01
2.518366523191824524e-01 -7.555747551979978462e-04 -9.827209165488096088e-02
1.455879493854869144e-01 -8.829180527247746388e-04 -7.860770053649199229e-02
6.323223805674177411e-02 -8.671524390891501791e-04 -6.080699164470679263e-02
1.529609748633159461e-02 -7.410502982857338286e-04 -4.618700272298269932e-02
1.230610682761729135e-02 -5.373840143091342982e-04 -3.606477151477213705e-02
6.478884523396821749e-02 -2.889259711539559077e-04 -3.175733576352925136e-02
1.795392000182501890e-01 -2.693369515996166960e-05 -3.430063874691555853e-02
3.484246505301208385e-01 2.233949780004200925e-04 -4.360619762532044752e-02
5.595806639713237773e-01 4.383772003365064927e-04 -5.930441096577353244e-02
8.011427075435951783e-01 5.943301238575916193e-04 -8.102567733530456617e-02
1.061246248448693974e+00 6.675709005729713735e-04 -1.084003953009458898e-01
1.328026753888309930e+00 6.344166824919254474e-04 -1.410589634297223505e-01
1.589619691064201090e+00 4.711846216237582530e-04 -1.786317802886658868e-01
1.834160527178104072e+00 1.541918699777637940e-04 -2.207492444448062030e-01
2.049784729431771257e+00 -3.402444204368168350e-04 -2.670417544651771946e-01
2.224627765026900406e+00 -1.035807097610602027e-03 -3.171397089168004890e-01
2.349621311977255100e+00 -1.942014139535887555e-03 -3.704278329104818690e-01
2.426882051546217056e+00 -3.011723233684985863e-03 -4.253081436744637900e-01
2.461322955810553825e+00 -4.183626792265890230e-03 -4.799369779518911083e-01
2.457856996847024966e+00 -5.396417227486276051e-03 -5.324706724858940809e-01
2.421397146732403360e+00 -6.588786951554131618e-03 -5.810655640196180638e-01
2.356856377543453451e+00 -7.699428376677346780e-03 -6.238779892962028617e-01
2.269147661356942791e+00 -8.667033915063807048e-03 -6.590642850587888901e-01
2.163183970249626498e+00 -9.430295978921456046e-03 -6.847807880505178968e-01
2.043878276298289887e+00 -9.927906980458043110e-03 -6.991838350145254122e-01
1.916143551579691406e+00 -1.009855933188153441e-02 -7.004297626939541832e-01
1.784780222007179118e+00 -9.915492459899387379e-03 -6.877160582831297608e-01
1.654138535280321287e+00 -9.490131872435442206e-03 -6.644047512064354954e-01
1.528456196155228319e+00 -8.968449103529363767e-03 -6.348989915523199912e-01
1.411970909387975981e+00 -8.496415687220705906e-03 -6.036019294092251908e-01
1.308920379734652251e+00 -8.220003157549055431e-03 -5.749167148655953685e-01
1.223542311951336892e+00 -8.285183048554014759e-03 -5.532464980098728002e-01
1.160074410794133648e+00 -8.837926894275167228e-03 -5.429944289305056460e-01
1.122754381019121173e+00 -1.002420622875208230e-02 -5.485636577159357374e-01
1.115819927382386778e+00 -1.198999258602434156e-02 -5.743573344546066828e-01
1.143508754640022218e+00 -1.488125750013183368e-02 -6.247786092349684184e-01
1.207897548437496082e+00 -1.878089564989232629e-02 -7.023946605482814798e-01
1.302419288933381436e+00 -2.351950512086656286e-02 -8.024290956557698085e-01
1.418346122649436269e+00 -2.886461255709134657e-02 -9.182697077974234512e-01
1.546950196107430342e+00 -3.458374460260402183e-02 -1.043304290213243890e+00
1.679503655829096997e+00 -4.044442790144036487e-02 -1.170920636143198967e+00
1.807278648336204885e+00 -4.621418909763767152e-02 -1.294506538827289388e+00
1.921547320150511329e+00 -5.166055483523275538e-02 -1.407449791505504644e+00
2.013581817793780981e+00 -5.655105175826283942e-02 -1.503138187417842886e+00
2.074654287787753848e+00 -6.065320651076384212e-02 -1.574959519804276731e+00
2.096036876654197911e+00 -6.373454573677303503e-02 -1.616301581904805662e+00
2.071703892021519167e+00 -6.562263821688950338e-02 -1.622540843755921669e+00
2.006438285944727618e+00 -6.638522127796137040e-02 -1.597008482580124511e+00
1.907725171585471724e+00 -6.615007438339894075e-02 -1.545024352396411560e+00
1.783049662105428812e+00 -6.504497699661269949e-02 -1.471908307223793955e+00
1.639896870666250672e+00 -6.319770858101303457e-02 -1.382980201081269733e+00
1.485751910429596201e+00 -6.073604860001032696e-02 -1.283559887987841819e+00
1.328099894557110527e+00 -5.778777651701470786e-02 -1.178967221962502698e+00
1.174425936210481192e+00 -5.448067179543709948e-02 -1.074522057024273503e+00
1.032215148551353545e+00 -5.094251389868763302e-02 -9.755442471921469405e-01
9.089526447413860399e-01 -4.730108229017671029e-02 -8.873536464851249361e-01
8.106656017107765066e-01 -4.372118791086387901e-02 -8.143869739997668944e-01
7.375492011872187836e-01 -4.051577396891837407e-02 -7.575482575394897333e-01
6.883405635258840194e-01 -3.803481832863149503e-02 -7.168583141819212523e-01
6.617768090819536875e-01 -3.662829885429492310e-02 -6.923379610046964672e-01
6.565950582106094835e-01 -3.664619341020038112e-02 -6.840080150854507268e-01
6.715324312670333251e-01 -3.843847986063951561e-02 -6.918892935018202683e-01
7.053260486064051316e-01 -4.235513606990395918e-02 -7.160026133314387753e-01
7.567130305839059323e-01 -4.874613990228530980e-02 -7.563687916519413745e-01
8.244304975547239733e-01 -5.796146922207622010e-02 -8.130086455409688551e-01
9.072155698740281826e-01 -7.035110189356671984e-02 -8.859429920761462407e-01
1.003319222867790073e+00 -8.611277220252011588e-02 -9.743839836786566400e-01
1.109047823927476140e+00 -1.048352314090733178e-01 -1.074309067871363155e+00
1.220221581506427677e+00 -1.259549828390500725e-01 -1.180887004384268524e+00
1.332660704057955892e+00 -1.489085298182684647e-01 -1.289286552947348286e+00
1.442185400035402409e+00 -1.731323756725521579e-01 -1.394676473290605623e+00
1.544615877892098421e+00 -1.980630237277228867e-01 -1.492225525144034393e+00
1.635772346081375783e+00 -2.231369773096026077e-01 -1.577102468237628896e+00
1.711475013056571237e+00 -2.477907397440152204e-01 -1.644476062301388319e+00
1.767544087271002873e+00 -2.714608143567781573e-01 -1.689515067065293863e+00
1.799799777178010096e+00 -2.935837044737155677e-01 -1.707388242259347599e+00
1.805367622375064984e+00 -3.136337782735902358e-01 -1.694900025928608223e+00
1.786594412345090088e+00 -3.312368611803021001e-01 -1.655397475784797567e+00
1.747132230369866202e+00 -3.460566423873808195e-01 -1.593863281058253367e+00
1.690633159731169899e+00 -3.577568110883608266e-01 -1.515280130979302475e+00
1.620749283710777977e+00 -3.660010564767751662e-01 -1.424630714778274410e+00
1.541132685590460794e+00 -3.704530677461565502e-01 -1.326897721685490028e+00
1.455435448652008912e+00 -3.707765340900373019e-01 -1.227063840931297056e+00
1.367309656177193800e+00 -3.666351447019507437e-01 -1.130111761746016574e+00
1.280407391447792032e+00 -3.576925887754296429e-01 -1.041024173359977656e+00
1.198380737745573299e+00 -3.436125555040053792e-01 -9.647837650035044899e-01
1.124869663055249935e+00 -3.246920358675997598e-01 -9.054376803656758455e-01
1.063465676252873582e+00 -3.037611192805526050e-01 -8.632910415640808743e-01
1.017748171957243430e+00 -2.842831425891955699e-01 -8.377135054701242423e-01
9.912965447871570079e-01 -2.697214426398590881e-01 -8.280747289552099488e-01
9.876901893614185024e-01 -2.635393562788777011e-01 -8.337443688907444361e-01
1.010508500298823442e+00 -2.692002203525813986e-01 -8.540920821481299274e-01
1.063330872218170686e+00 -2.901673717073018355e-01 -8.884875255987711995e-01
1.149736699738269197e+00 -3.299041471893749411e-01 -9.363003561140774700e-01
1.273305377477901956e+00 -3.918738836451253205e-01 -9.969002305654441898e-01
1.437616300055874596e+00 -4.795399179208874596e-01 -1.069656805824279910e+00
1.643350370334385913e+00 -5.944211699411993122e-01 -1.153208580186337873e+00
1.879594524149232004e+00 -7.302588919434238601e-01 -1.243269417644768726e+00
2.132537205579631667e+00 -8.788499192431440399e-01 -1.334822023617080244e+00
2.388366858704735307e+00 -1.031991087155903042e+00 -1.422849103520756220e+00
2.633271927603761497e+00 -1.181479230997283469e+00 -1.502333362773304648e+00
2.853440856355905275e+00 -1.319111186082854159e+00 -1.568257506792224643e+00
3.035062089040377220e+00 -1.436683787728194162e+00 -1.615604240995019758e+00
3.164324069736340395e+00 -1.525993871248851885e+00 -1.639356270799181559e+00
3.227415242523009375e+00 -1.578838271960408379e+00 -1.634496301622214265e+00
3.210524051479578311e+00 -1.587013825178432924e+00 -1.596007038881618101e+00
3.105292355629654999e+00 -1.545495914232280832e+00 -1.521009448159712285e+00
2.925176609935378202e+00 -1.461974660152122407e+00 -1.415177902762710493e+00
2.689087152393732083e+00 -1.347319004810582310e+00 -1.286325219697852740e+00
2.415934321001707907e+00 -1.212397890080288088e+00 -1.142264215972385699e+00
2.124628453756270297e+00 -1.068080257833853519e+00 -9.908077085935416140e-01
1.834079888654462032e+00 -9.252350499439305764e-01 -8.397685145685931385e-01
1.563198963693247956e+00 -7.947312082831344826e-01 -6.969594509047739583e-01
1.330896016869618226e+00 -6.874376747240913410e-01 -5.701933346093288613e-01
1.156081386180551895e+00 -6.142233911394234802e-01 -4.672829826894970284e-01
1.057665409623070429e+00 -5.859572994017712144e-01 -3.960412121525425655e-01
1.048911097933776126e+00 -6.100306879575670971e-01 -3.620169061794161203e-01
1.120491829662839889e+00 -6.799240325541612284e-01 -3.617030831016802561e-01
1.257433494526435824e+00 -7.856400560148426582e-01 -3.893287626520229860e-01
1.444761982240699627e+00 -9.171814811628702380e-01 -4.391229645631240519e-01
1.667503182521801408e+00 -1.064551030821530686e+00 -5.053147085676693573e-01
1.910682985085901064e+00 -1.217751427814102616e+00 -5.821330143983436400e-01
2.159327279649160047e+00 -1.366785394963864197e+00 -6.638069017878316380e-01
2.398461955927758016e+00 -1.501655655094104702e+00 -7.445653904688251945e-01
2.613112903637812678e+00 -1.612364931028078319e+00 -8.186375001739941704e-01
2.788306012495506359e+00 -1.688915945589076539e+00 -8.802522506360306309e-01
2.912517466517583475e+00 -1.724321465751233795e+00 -9.247047512210794240e-01
2.988024429497126100e+00 -1.723634262857235200e+00 -9.515544088274252577e-01
3.020554260815482728e+00 -1.694917066283802232e+00 -9.614266894861742685e-01
3.015834319854022283e+00 -1.646232605407657923e+00 -9.549470592284394765e-01
2.979591965994107472e+00 -1.585643609605522641e+00 -9.327409840853319034e-01
2.917554558617093008e+00 -1.521212808254111648e+00 -8.954339300879581298e-01
2.835449457104351811e+00 -1.461002930730158633e+00 -8.436513632674349505e-01
2.739004020837241704e+00 -1.413076706410378858e+00 -7.780187496548710557e-01
2.633945609197123172e+00 -1.385496864671492689e+00 -6.991615552813761347e-01
2.526001581565349152e+00 -1.386326134890223161e+00 -6.077052461780526604e-01
2.419636628860497574e+00 -1.420672016510277524e+00 -5.047820605376278635e-01
2.314264984896662103e+00 -1.481821596531258445e+00 -3.935512382078694138e-01
2.208038323396198432e+00 -1.560106985658292311e+00 -2.776787477034156626e-01
2.099108318081449376e+00 -1.645860294596511952e+00 -1.608305575388951358e-01
1.985626642674789277e+00 -1.729413634051027326e+00 -4.667263622896749425e-02
1.865744970898562505e+00 -1.801099114726971262e+00 6.112904771173918728e-02
1.737614976475122974e+00 -1.851248847329469038e+00 1.589085257685858288e-01
1.599388333126812167e+00 -1.870194942563647267e+00 2.429998294269408721e-01
1.449216714576008203e+00 -1.848269511134626786e+00 3.097369901721502283e-01
1.285251794545053894e+00 -1.775804663747536427e+00 3.554540394895834288e-01
1.106726057279077580e+00 -1.646656972611981740e+00 3.777053495323806076e-01
9.171952291143052882e-01 -1.468780855955491349e+00 3.789266551247967851e-01
7.212958469097191516e-01 -1.253655193510052612e+00 3.627740317588638019e-01
5.236644475243550367e-01 -1.012758865007713061e+00 3.329035549266188276e-01
3.289375678171955752e-01 -7.575707501804623822e-01 2.929713001200946465e-01
1.417517446472412734e-01 -4.995697287603092507e-01 2.466333428313254306e-01
-3.325648512652225330e-02 -2.502346804792406343e-01 1.975457585523406334e-01
-1.914505846450639259e-01 -2.104448506930924057e-02 1.493646227751831146e-01
-3.281940170493993780e-01 1.765219777374991694e-01 1.057460109918824664e-01
-4.388502454805284780e-01 3.309858282091765469e-01 7.034599869447248632e-02
-5.202719412383177700e-01 4.344429979534882857e-01 4.603172547588428587e-02
-5.752688639030665296e-01 4.932892776074480068e-01 3.251445189992090840e-02
-6.081401090392049014e-01 5.174955759895519813e-01 2.871643491345963681e-02
-6.231847722111550913e-01 5.170328019182857116e-01 3.355993146338043936e-02
-6.247019489833379735e-01 5.018718642121320350e-01 4.596719849656470680e-02
-6.169907349201753100e-01 4.819836716895796735e-01 6.486049295989013141e-02
-6.043502255860897510e-01 4.673391331691127415e-01 8.916207180023746903e-02
-5.910795165455028366e-01 4.679091574692161304e-01 1.177941919644866914e-01
-5.814777033628357739e-01 4.936646534083788396e-01 1.496791103995206984e-01
-5.798438816025122122e-01 5.545765298050817638e-01 1.837390840522137303e-01
-5.892503241188479235e-01 6.576708530779674655e-01 2.190377515751938675e-01
-6.078619427258786789e-01 7.981941515398650600e-01 2.552042865340519717e-01
-6.326167914273567172e-01 9.684480268499539024e-01 2.920092482451484561e-01
-6.604529242270270606e-01 1.160734080667366719e+00 3.292231960248339639e-01
-6.883083951286416147e-01 1.367353914651281199e+00 3.666166891894688806e-01
-7.131212581359496205e-01 1.580609130460860712e+00 4.039602870554103720e-01
-7.318295672527015405e-01 1.792801329755268736e+00 4.410245489390155482e-01
-7.413713764826466157e-01 1.996232114193686069e+00 4.775800341566447393e-01
-7.386847398295330880e-01 2.183203085435239554e+00 5.133973020246487273e-01
-7.207077112971118638e-01 2.346015845139111544e+00 5.482469118593877866e-01
-6.854650084319479086e-01 2.478769963281405087e+00 5.826603834330362774e-01
-6.353279407729205408e-01 2.582756780226156401e+00 6.202130347988457082e-01
-5.737544503124896167e-01 2.661065553214767121e+00 6.652411226949330736e-01
-5.042024790431024472e-01 2.716785539488662859e+00 7.220809038594248053e-01
-4.301299689572101181e-01 2.753005996289263457e+00 7.950686350304442263e-01
-3.549948620472567762e-01 2.772816180857987423e+00 8.885405729461239854e-01
-2.822551003057069408e-01 2.779305350436250155e+00 1.006832974344570975e+00
-2.153686257250050917e-01 2.775562762265472383e+00 1.154282095963916177e+00
-1.577933802976020650e-01 2.764677673587071283e+00 1.335224194542282472e+00
-1.129873060159455322e-01 2.749739341642464474e+00 1.553995526817815165e+00
-8.346618392835425393e-02 2.732940140510544680e+00 1.812057974293054041e+00
-6.797731303574729156e-02 2.712885065576991828e+00 2.099376410937043413e+00
-6.432591225776027044e-02 2.687282306041753444e+00 2.403041582182284142e+00
-7.031720051402963467e-02 2.653840051104776165e+00 2.710144233461305063e+00
-8.375639672418987158e-02 2.610266489966015069e+00 3.007775110206552416e+00
-1.024487198078767175e-01 2.554269811825414571e+00 3.283024957850552816e+00
-1.241993886847256728e-01 2.483558205882924863e+00 3.522984521825808013e+00
-1.468136222743744446e-01 2.395839861338486365e+00 3.714744547564833965e+00
-1.680966394964543975e-01 2.288822967392061702e+00 3.845395780500096894e+00
-1.858536592706032109e-01 2.160215713243594848e+00 3.902028966064116755e+00
-1.984037976296405548e-01 2.009067724916269171e+00 3.876434545462059234e+00
-2.061217590591229720e-01 1.839794375726215403e+00 3.779201742989750201e+00
-2.098961451577911752e-01 1.658152475812781246e+00 3.625619478715662591e+00
-2.106155575243852385e-01 1.469898835315366137e+00 3.430976672708315967e+00
-2.091685977576461797e-01 1.280790264373319554e+00 3.210562245036186368e+00
-2.064438674563145726e-01 1.096583573126006517e+00 2.979665115767764938e+00
-2.033299682191308522e-01 9.230355717127787241e-01 2.753574204971522388e+00
-2.007155016448361473e-01 7.659030702730323936e-01 2.547578432715988939e+00
-1.994890693321708375e-01 6.309428789461171139e-01 2.376966719069633527e+00
-2.005392728798754687e-01 5.239118078713986826e-01 2.257027984100946405e+00
-2.045156390810064784e-01 4.488197279852451649e-01 2.198823020971448994e+00
-2.111113544650893292e-01 4.026884535236501250e-01 2.196499389393149926e+00
-2.197805102351299833e-01 3.807927095721639343e-01 2.239976159252454302e+00
-2.299771975941340973e-01 3.784072212163452353e-01 2.319172400435776549e+00
-2.411555077451084661e-01 3.908067135417542248e-01 2.424007182829543083e+00
-2.527695318910566091e-01 4.132659116339467698e-01 2.544399576320145684e+00
-2.642733612349853489e-01 4.410595405784822343e-01 2.670268650794008991e+00
-2.751210869799002867e-01 4.694623254609188723e-01 2.791533476137545655e+00
-2.847668003288078564e-01 4.937489913668171582e-01 2.898113122237179873e+00
-2.926645924847122160e-01 5.091942633817314601e-01 2.979926658979305198e+00
-2.984018277626859783e-01 5.121771831522897722e-01 3.029295284751182926e+00
-3.020989705520692459e-01 5.034941217593416063e-01 3.048148849395289073e+00
-3.040097621672971928e-01 4.850457984400042277e-01 3.040819399981366189e+00
-3.043879439228046047e-01 4.587329324314000645e-01 3.011638983579159046e+00
-3.034872571330267110e-01 4.264562429706467706e-01 2.964939647258410638e+00
-3.015614431123986861e-01 3.901164492948634432e-01 2.905053438088864404e+00
-2.988642431753555928e-01 3.516142706411691798e-01 2.836312403140266003e+00
-2.956493986363323279e-01 3.128504262466799135e-01 2.763048589482351325e+00
-2.921706508097642874e-01 2.757256353485214584e-01 2.689594044184876243e+00
-2.886817410100864789e-01 2.421406171838093313e-01 2.620280814317577978e+00
-2.854042945110292773e-01 2.135459093043577117e-01 2.558634015620482760e+00
-2.824314742611860329e-01 1.895913482801769023e-01 2.504951084687388363e+00
-2.798243280872800276e-01 1.694766018755951842e-01 2.458722549868551432e+00
-2.776439038160340989e-01 1.524013378549343156e-01 2.419438939514211295e+00
-2.759512492741710843e-01 1.375652239825186918e-01 2.386590781974613495e+00
-2.748074122884139880e-01 1.241679280226710980e-01 2.359668605600001356e+00
-2.742734406854858697e-01 1.114091177397181637e-01 2.338162938740625751e+00
-2.744103822921097335e-01 9.848846089798267422e-02 2.321564309746728672e+00
-2.752792849350083615e-01 8.460562526178896925e-02 2.309363246968556549e+00
-2.769411964409048688e-01 6.896027859545961203e-02 2.301050278756353151e+00
-2.794571646365220374e-01 5.075208866332150959e-02 2.296115933460366687e+00
-2.828882373485829271e-01 2.918072322969755827e-02 2.294050739430840480e+00
-2.872954624038105420e-01 3.445850058911847924e-03 2.294345225018020074e+00
-2.927398876289283303e-01 -2.725286308471430718e-02 2.296489918572152789e+00
-2.992825608506581858e-01 -6.371574843685146039e-02 2.299975348443482392e+00
-3.069845298957236124e-01 -1.067431382331778533e-01 2.304292042982254429e+00
-3.159068425908475586e-01 -1.571353647093693406e-01 2.308930530538714887e+00
-3.261105467627540277e-01 -2.156927601011074114e-01 2.313381339463109754e+00
-3.376566902381640256e-01 -2.832156566440575118e-01 2.317134998105683241e+00
-3.506063208438013890e-01 -3.605043865739002151e-01 2.319682034816681337e+00
-3.650204864063891774e-01 -4.483592821263115424e-01 2.320512977946349586e+00
-3.809602347526502841e-01 -5.475806755369672096e-01 2.319118355844933532e+00
-3.984866137093092675e-01 -6.589688990415533132e-01 2.314988696862678275e+00
-4.176606711030860786e-01 -7.833242848757263621e-01 2.307614529349830246e+00
