7.618211504661183575e+00 3.948692465092531467e-01 -1.110915842193666681e+00
6.924429749200817774e+00 3.214551575201415323e-01 -1.117566476395707165e+00
6.298660639691537000e+00 2.519675714448800785e-01 -1.121691861569926729e+00
5.738366188878573304e+00 1.879332570995013163e-01 -1.122349790299511429e+00
5.241038833682149622e+00 1.301916877226606539e-01 -1.119399953247780966e+00
4.804172622426015060e+00 7.907854547448869842e-02 -1.113282114412368795e+00
4.425243336026313479e+00 3.458946074815606037e-02 -1.104810363185591671e+00
4.101701178972549933e+00 -3.477566087821917784e-03 -1.094982850715124911e+00
3.830976608814477657e+00 -3.540122002445241639e-02 -1.084807433155907663e+00
3.610497266852086273e+00 -6.143622592393496729e-02 -1.075144174991999879e+00
3.437711839615705145e+00 -8.173058954498732542e-02 -1.066565788112558533e+00
3.310048559267221524e+00 -9.641720414041479725e-02 -1.059430031325954813e+00
3.224731946826234541e+00 -1.059994670758752366e-01 -1.054324779240740639e+00
3.178990281195138934e+00 -1.108179192026524928e-01 -1.051404194395455072e+00
3.170126461632039039e+00 -1.109537691930677222e-01 -1.050232781046373631e+00
3.195509404223104255e+00 -1.062949302551758346e-01 -1.049840610433695254e+00
3.252553162450618984e+00 -9.658914786966740773e-02 -1.048780875233896737e+00
3.338685838887337276e+00 -8.148546205029051637e-02 -1.045189365397118486e+00
3.451310188190895634e+00 -6.056540165443825147e-02 -1.036845907770406860e+00
3.587757704843749451e+00 -3.336541268301521090e-02 -1.021238198683984688e+00
3.745237951149235744e+00 6.079072821628395129e-04 -9.956287783341308817e-01
3.920630821981702319e+00 4.165176883858987683e-02 -9.577665976337618181e-01
4.110066710943453216e+00 8.904761091704671561e-02 -9.081052317891897818e-01
4.309585502619026620e+00 1.413579363464542160e-01 -8.483787290065969433e-01
4.515432674699389359e+00 1.964876777090390492e-01 -7.811286229792429037e-01
4.724173685573939352e+00 2.515987039895250521e-01 -7.097617033354114424e-01
4.933032749031672992e+00 3.032128321177992580e-01 -6.385831214353485663e-01
5.140683036707126341e+00 3.476723099078644075e-01 -5.728214360220058587e-01
5.346380559391523235e+00 3.807752842033907958e-01 -5.184787489139774941e-01
5.549536287134998247e+00 3.977050466081155644e-01 -4.822911332323546185e-01
5.749434829896551413e+00 3.931477553283171389e-01 -4.717411928120346376e-01
5.944899632734093942e+00 3.630226098388120715e-01 -4.930041332632408846e-01
6.134265888473525052e+00 3.097667221752781197e-01 -5.441484076393087177e-01
6.315543587257743674e+00 2.384369730608298932e-01 -6.203341154823255321e-01
6.486853015531859334e+00 1.551193603726769565e-01 -7.156577892437105959e-01
6.646842491787426255e+00 6.675136314364042700e-02 -8.231090221636427895e-01
6.794495886254527051e+00 -1.917189555269874224e-02 -9.345482648431531203e-01
6.927803754832591032e+00 -9.504949799895942575e-02 -1.040607084469778787e+00
7.045116261086057818e+00 -1.529585543825890959e-01 -1.130960560569725049e+00
7.145311383129831384e+00 -1.847157143252071143e-01 -1.194676756152498465e+00
7.227229961034892014e+00 -1.820335311125346467e-01 -1.220630199370613678e+00
7.288372230519770234e+00 -1.390928023580347284e-01 -1.200711098476508143e+00
7.322863642289445529e+00 -6.023483006846154508e-02 -1.138519301035558984e+00
7.323474379359691255e+00 4.673891935546810317e-02 -1.041578775133249701e+00
7.282905357050223571e+00 1.728430009487702534e-01 -9.184495865829941375e-01
7.194459488896852051e+00 3.079670651576407181e-01 -7.784033197787474379e-01
7.055162191447292841e+00 4.415027247264052268e-01 -6.312323335340084274e-01
6.873852523217604649e+00 5.643835497590101724e-01 -4.870525856191048053e-01
6.663199558163787728e+00 6.692257032731653288e-01 -3.545869871173494836e-01
6.436753698595641282e+00 7.504272396160369674e-01 -2.406540269528542053e-01
6.208502680200430390e+00 8.042967271000112106e-01 -1.502322908540854041e-01
5.992185471723166401e+00 8.306226008567947350e-01 -8.536029537114131482e-02
5.800145035468693422e+00 8.369841921976056698e-01 -4.181034390916971155e-02
5.643836049975528901e+00 8.324017445294034090e-01 -1.442151405665781372e-02
5.534353631475276813e+00 8.252291214414871900e-01 1.300355007538667174e-03
5.482683246003706934e+00 8.230533833086962625e-01 9.206460149901452006e-03
5.495774335691904433e+00 8.317727856541072828e-01 1.258537606961496191e-02
5.564387332470677627e+00 8.528763186740164759e-01 1.427675974326370056e-02
5.675205813029816859e+00 8.868381116098207340e-01 1.701007625233297293e-02
5.814810296518253097e+00 9.344487574024543663e-01 2.365987792917889632e-02
5.969592058613219621e+00 9.969949274565452768e-01 3.734311014088753655e-02
6.125871748815208129e+00 1.075118096513977495e+00 6.046868408073435841e-02
6.270619734745489282e+00 1.164926459119545399e+00 9.174950308449947300e-02
6.391152935416144487e+00 1.260790572646924179e+00 1.285759175900481610e-01
6.475084690504742113e+00 1.356291305008832104e+00 1.678860833830709831e-01
6.510408503179556661e+00 1.444203159327489550e+00 2.062557146281838172e-01
6.489012672045666008e+00 1.517598523810326672e+00 2.401874693585135390e-01
6.417038093266591581e+00 1.573271983157742193e+00 2.668206775238679551e-01
6.304180556782975842e+00 1.609432111476015725e+00 2.839393021488937352e-01
6.160061578564342000e+00 1.624950302769807564e+00 2.899286914518174330e-01
5.994112354675544374e+00 1.619456348433684578e+00 2.837450368294159864e-01
5.815189647208486079e+00 1.594268309134992290e+00 2.655821025724260931e-01
5.630736012148610747e+00 1.554831247000215466e+00 2.388047521309042409e-01
5.447855348193312075e+00 1.507352421922378616e+00 2.071633558247036877e-01
5.273765342693209845e+00 1.457622880184513914e+00 1.739088548288247882e-01
5.115885386579228644e+00 1.410895529811342808e+00 1.417726231485354482e-01
4.979778687268779258e+00 1.371259367369757287e+00 1.129480179251354244e-01
4.862846736073048959e+00 1.340020634615655126e+00 8.910802031052145189e-02
4.760476957637560069e+00 1.317723809657551426e+00 7.177630372228294142e-02
4.668063392791514943e+00 1.304836301990885072e+00 6.242653137264619900e-02
4.580948930799501717e+00 1.301788690948870064e+00 6.246670909582940912e-02
4.494564180462384151e+00 1.308344546699412358e+00 7.231300904362025772e-02
4.405013512088333805e+00 1.321754943764095858e+00 8.885913084423924246e-02
4.308580812653923786e+00 1.338765316510555969e+00 1.082867914516715269e-01
4.201616543774141732e+00 1.356220986948722729e+00 1.269661662342200792e-01
4.080571479800513934e+00 1.371053207914190164e+00 1.415039546712609786e-01
3.943319354631630524e+00 1.380518543393836728e+00 1.489060465372770148e-01
3.793105426994397344e+00 1.382917397399420878e+00 1.469358327140307674e-01
3.634445280941359435e+00 1.377052902329516160e+00 1.340602382507172785e-01
3.471696912199559559e+00 1.362053409830615180e+00 1.093752143967182677e-01
3.308973866152319143e+00 1.337370253855657776e+00 7.251970914285027492e-02
3.149885413685887148e+00 1.303171945987340763e+00 2.432919730601829089e-02
2.997095718227618111e+00 1.261377006167082149e+00 -3.128967417628414349e-02
2.853203315584869948e+00 1.213969167466145471e+00 -9.046725021720347648e-02
2.721044738175615763e+00 1.162480774929532501e+00 -1.502972912261010541e-01
2.603715596398163967e+00 1.107987339704837870e+00 -2.088284668763949747e-01
2.503194959120751850e+00 1.051208001202084796e+00 -2.648522738158868295e-01
2.416283795896902120e+00 9.928855281206319106e-01 -3.170734392418930736e-01
2.338705738873148476e+00 9.338172945895233390e-01 -3.639562885905631706e-01
2.266461166754332179e+00 8.748460625516709666e-01 -4.037393484251894371e-01
2.195797015007138864e+00 8.168678045421486900e-01 -4.344470854201496479e-01
2.123103395838383811e+00 7.606874840396501414e-01 -4.543618940261870964e-01
2.044654438732131929e+00 7.066362327543972421e-01 -4.632335524728103948e-01
1.956578619654854245e+00 6.549510149627855160e-01 -4.611046118893353807e-01
1.854876720505504117e+00 6.058296628729147315e-01 -4.480278361815898669e-01
1.735419929078821255e+00 5.593458675989623208e-01 -4.241689273145721195e-01
1.596149430419144588e+00 5.154367934502553927e-01 -3.904388015932404588e-01
1.443694400260172817e+00 4.741341465652668674e-01 -3.501256349073122998e-01
1.286861291343363023e+00 4.355188452493907736e-01 -3.069913587195471916e-01
1.134499849456053866e+00 3.998184747176291021e-01 -2.644948951339181065e-01
9.955322447397880747e-01 3.675807838185213838e-01 -2.256313483472033588e-01
8.789692364882513154e-01 3.397951755618232039e-01 -1.928344487079337588e-01
7.939232191282061812e-01 3.179466275459534308e-01 -1.679442866437717008e-01
7.494621131526233437e-01 3.043978375445073326e-01 -1.521797982842319485e-01
7.545222596750776889e-01 3.024512006164178368e-01 -1.461899917630618273e-01
8.178512117258668335e-01 3.162576735863177890e-01 -1.501675979261025140e-01
9.441863842894518966e-01 3.496868175116031319e-01 -1.634120445001595590e-01
1.122989692051944877e+00 4.026814859021786708e-01 -1.830292859258691174e-01
1.340030267272661391e+00 4.730368751790772208e-01 -2.064096436673628354e-01
1.581317660977386907e+00 5.571300516874907460e-01 -2.319059729949047299e-01
1.833208459740500285e+00 6.499209178211609039e-01 -2.587356640229108162e-01
2.082417303747365001e+00 7.452593907172319065e-01 -2.866204545815400073e-01
2.315807251947703094e+00 8.368930022880729513e-01 -3.148639258007069897e-01
2.520371642893264319e+00 9.184575293440724320e-01 -3.423801436200469284e-01
2.683191705678316996e+00 9.835549517203274750e-01 -3.676812703561320173e-01
2.791362774425742987e+00 1.025945574347177924e+00 -3.888157357876871334e-01
2.835398191937617440e+00 1.041075860398323893e+00 -4.037866410791236538e-01
2.819545478739934108e+00 1.030391417351409711e+00 -4.119103146135496551e-01
2.751320511740084296e+00 9.972597980198016909e-01 -4.129049835426844006e-01
2.638084177794111085e+00 9.454218114670183137e-01 -4.066619754625765415e-01
2.487099893418600605e+00 8.788121363128242880e-01 -3.933416859200373761e-01
2.305593002162825922e+00 8.013263427020915763e-01 -3.735387094391166007e-01
2.100812615774527270e+00 7.165041821518357557e-01 -3.485334588415135437e-01
1.880033838906950194e+00 6.277764852432150544e-01 -3.196670534515680950e-01
1.650568509292834163e+00 5.385357484904076397e-01 -2.881244352736073155e-01
1.419779093599132125e+00 4.521198344052936857e-01 -2.548977432764690243e-01
1.194450183888724926e+00 3.713705271907309369e-01 -2.208140413034728189e-01
9.788661537566396564e-01 2.973668348898830249e-01 -1.866815630674293347e-01
7.766969607869443903e-01 2.307357640618250827e-01 -1.532713684337253801e-01
5.916236970648430793e-01 1.720869090362225906e-01 -1.213355314896484849e-01
4.273296769430650066e-01 1.220153346676929873e-01 -9.165173456739068858e-02
2.874932352104065947e-01 8.110605877255955276e-02 -6.505505613298270817e-02
1.757793949843104442e-01 4.993391184179800379e-02 -4.247979061086371716e-02
9.582593399596900374e-02 2.903010286106147766e-02 -2.505295248286563969e-02
5.124700951561971668e-02 1.887011985700058625e-02 -1.406484044797293165e-02
4.564291440399895899e-02 1.986958899403456352e-02 -1.090670448489071756e-02
8.080369410965361487e-02 3.198718555692300902e-02 -1.661436649856697784e-02
1.512971465453263054e-01 5.357274274431378380e-02 -3.059960874760432256e-02
2.499078259769702548e-01 8.262674201716251055e-02 -5.169128894655638379e-02
3.694494907418164331e-01 1.172200715641792401e-01 -7.849901908961161301e-02
5.027636352484978755e-01 1.555067311444220945e-01 -1.094248218968111586e-01
6.426962762175534305e-01 1.957551479840446418e-01 -1.427437120934437198e-01
7.820056878390306832e-01 2.364555123442342588e-01 -1.768801339092339331e-01
9.133506574532334055e-01 2.763020714071047212e-01 -2.104722509015463927e-01
1.029298915451674290e+00 3.141317904844811437e-01 -2.423875810025915012e-01
1.122339343582050342e+00 3.488380302343385697e-01 -2.717315582348103775e-01
1.186531424747250485e+00 3.795053090051236921e-01 -2.979083547701775747e-01
1.222410074649074696e+00 4.060753668195038468e-01 -3.207882029334578888e-01
1.232138020706439852e+00 4.285324414026305817e-01 -3.403193276197095662e-01
1.217908263685969494e+00 4.466238489728181493e-01 -3.563737853349086548e-01
1.181976800132481298e+00 4.598556885645336267e-01 -3.686944610790257593e-01
1.126793197108809874e+00 4.674198879208745216e-01 -3.766869133127894176e-01
1.055320702816583411e+00 4.680417664163636360e-01 -3.789507087706202038e-01
9.707771656698541696e-01 4.604751115440438025e-01 -3.738743424664336401e-01
8.765009747660403860e-01 4.437261524085137632e-01 -3.598895858953746751e-01
7.758820230049034983e-01 4.171377685557763337e-01 -3.355457965617143490e-01
6.725043270300634646e-01 3.809434846654228268e-01 -3.003233577972637680e-01
5.706600119608139510e-01 3.377645814064463847e-01 -2.569839904347870907e-01
4.744533681852916018e-01 2.910041400695488334e-01 -2.093823454380444593e-01
3.875513671622976553e-01 2.443002763853382997e-01 -1.616589911112787104e-01
3.132452954622870211e-01 2.015046634023302252e-01 -1.181229653540570301e-01
2.545484899393672396e-01 1.666804978095907941e-01 -8.314581007333107787e-02
2.143444742733707220e-01 1.441313381377585245e-01 -6.105040191760155444e-02
1.956397916393267100e-01 1.384300220759425992e-01 -5.564166751321517751e-02
2.015935161763200145e-01 1.544004357339253675e-01 -7.016456915402542738e-02
2.354681985944848954e-01 1.970567803261739914e-01 -1.074278891258210605e-01
2.985655290074885615e-01 2.697086800016016417e-01 -1.684915158880067043e-01
3.842093090760735352e-01 3.682084784264054722e-01 -2.486354768544546123e-01
4.837156933757782440e-01 4.858462125157586020e-01 -3.425174179651039319e-01
5.883560328686563423e-01 6.151192178282448575e-01 -4.458019099204427738e-01
6.893402712787439768e-01 7.478280140454133251e-01 -5.550573507068530255e-01
7.778929349871396282e-01 8.753577565942923799e-01 -6.672067760292915706e-01
8.456414004569021703e-01 9.894156987451946383e-01 -7.780294719207662135e-01
8.845904275045823884e-01 1.082058203691621756e+00 -8.822497487659420878e-01
8.870945681076831679e-01 1.145668183427368536e+00 -9.737060065490799055e-01
8.458729508031661570e-01 1.172940469319959877e+00 -1.045491339651369422e+00
7.569642988312531573e-01 1.159050284482475268e+00 -1.091622853447441921e+00
6.284812530771688444e-01 1.108308892367545262e+00 -1.111745719399872323e+00
4.714407769599651687e-01 1.027179849645706522e+00 -1.107757734379705372e+00
2.966995682436309179e-01 9.218693818030336828e-01 -1.082668617290734492e+00
1.149020439979106523e-01 7.982800953302090496e-01 -1.040565425929819821e+00
-6.375582148488570522e-02 6.620533618733366321e-01 -9.863770370934947795e-01
-2.301966547577415090e-01 5.189551431210123189e-01 -9.249599585388288414e-01
-3.758786383843173429e-01 3.755746877150067942e-01 -8.598628323238197702e-01
-4.926081854579416053e-01 2.394721796219584642e-01 -7.930711194097828098e-01
-5.725649538554032913e-01 1.191133113224700779e-01 -7.250900256089863882e-01
-6.111381204797817768e-01 2.182858993915013507e-02 -6.552146157142323402e-01
-6.151861015050485992e-01 -5.233487701655183122e-02 -5.823549209279763605e-01
-5.938985129548036701e-01 -1.058269824777437196e-01 -5.061703427434666169e-01
-5.557285164322769422e-01 -1.418672872827221598e-01 -4.273162146284654739e-01
-5.083429406035651077e-01 -1.643751123442545592e-01 -3.473936692597246467e-01
-4.585722497676621989e-01 -1.779168269507392930e-01 -2.689154932040339618e-01
-4.124376329801867636e-01 -1.876953611648840003e-01 -1.953312201264099379e-01
-3.762473150400969524e-01 -1.987684127846097992e-01 -1.299075634312069627e-01
-3.569940224736716794e-01 -2.157133375885890714e-01 -7.525424543679705425e-02
-3.624033254180423214e-01 -2.425237195963100556e-01 -3.317168194026373640e-02
-3.989683283231136302e-01 -2.819192786841889231e-01 -4.005078590053515186e-03
-4.659820652996066737e-01 -3.335650018893981938e-01 1.484253276642755193e-02
-5.606745630676498449e-01 -3.966599221286591925e-01 2.630582390456176478e-02
-6.798911200168332725e-01 -4.708864404913482016e-01 3.267147547349918968e-02
-8.199995773350731154e-01 -5.565793058361783174e-01 3.534078363023662739e-02
-9.769410728267458044e-01 -6.546624102675314694e-01 3.490641798153037989e-02
-1.146666134225569955e+00 -7.659241101205153113e-01 3.212878601386012778e-02
-1.325100038563101990e+00 -8.910562879052341678e-01 2.787955187480051222e-02
-1.508151141355082547e+00 -1.030643449966289094e+00 2.315390086797264324e-02
-1.691788082292657647e+00 -1.185054389149185816e+00 1.921579996148037317e-02
-1.872267771863979302e+00 -1.353785104972498932e+00 1.725968321677501249e-02
-2.046673534527771121e+00 -1.533692107103637126e+00 1.712323732672704768e-02
-2.212519377695719491e+00 -1.720718798055352217e+00 1.862865137343533428e-02
-2.367638379768294499e+00 -1.910481107421801106e+00 2.200842006101089154e-02
-2.510203230388350804e+00 -2.098293571453135886e+00 2.785836082835307925e-02
-2.638631069607051405e+00 -2.279317714044645449e+00 3.682939435137821960e-02
-2.751223446666435812e+00 -2.448985184700237738e+00 4.871181549555042567e-02
-2.846282951708084763e+00 -2.602817025371765070e+00 6.287935741108097165e-02
-2.922138801580854928e+00 -2.736374961020712870e+00 7.848049768861470321e-02
-2.977094392720865734e+00 -2.845304475531666544e+00 9.444510355246749089e-02
-3.010135061075412288e+00 -2.926226468821162108e+00 1.096916870000441691e-01
-3.023163276833931157e+00 -2.979324484257249495e+00 1.237210030303071417e-01
-3.018680358320679158e+00 -3.005796567203586012e+00 1.361397289647217068e-01
-2.999017885937000916e+00 -3.006989090074576598e+00 1.465431546549547104e-01
-2.966338998763993651e+00 -2.984376359839460591e+00 1.545748186982454642e-01
-2.922309713778088014e+00 -2.939867581322934242e+00 1.600132598727004307e-01
-2.867167769649932918e+00 -2.876720274420251577e+00 1.628936245178719266e-01
-2.800890360882474450e+00 -2.798412740234927476e+00 1.633688173933544041e-01
-2.723634202268414573e+00 -2.708239940776046240e+00 1.616314096026652547e-01
-2.635802954418984267e+00 -2.609258921010580323e+00 1.578946281245572347e-01
-2.538216231736825534e+00 -2.504601975892880361e+00 1.523734136949866924e-01
-2.432529137735723879e+00 -2.398510024559997511e+00 1.452094237277822830e-01
-2.320861413602132828e+00 -2.295237497499122092e+00 1.365223428835692920e-01
-2.205599775025217646e+00 -2.198720716785323770e+00 1.264699392734238148e-01
-2.089283813997750539e+00 -2.112641449848831954e+00 1.152926834740501949e-01
-1.974954371591342017e+00 -2.040035017917561699e+00 1.034999641832797801e-01
-1.867367977934595746e+00 -1.982158134157952389e+00 9.221401468676143631e-02
-1.771245353771152553e+00 -1.940405687222871878e+00 8.249041669163229007e-02
-1.690788000184639817e+00 -1.916834328369364737e+00 7.512383243136752653e-02
-1.629755267486980852e+00 -1.914074100385471988e+00 7.069181661941512096e-02
-1.590263845531601161e+00 -1.933461784414029827e+00 6.959310044622041280e-02
-1.569188628920158646e+00 -1.969542063468582072e+00 7.199235087514563314e-02
-1.562620035346837577e+00 -2.014825456473187337e+00 7.799019779191193602e-02
-1.567239378884669909e+00 -2.061442085100467114e+00 8.764276250769581500e-02
-1.580175162227877683e+00 -2.101189616321913700e+00 1.009359815822471751e-01
-1.598160008444281743e+00 -2.126067281763556860e+00 1.176152355637998248e-01
-1.615461342389531874e+00 -2.129753809485689153e+00 1.366726902489834305e-01
-1.625227957808628387e+00 -2.106615039440071779e+00 1.567506683723384198e-01
-1.619955227172471091e+00 -2.051476416589936846e+00 1.761953148813727721e-01
-1.591509487948150836e+00 -1.959746388862270150e+00 1.929774385373746182e-01
-1.533264496616843386e+00 -1.829889339656093794e+00 2.049266722236857408e-01
-1.446667867684416908e+00 -1.670369150082700482e+00 2.108008878777961614e-01
-1.335943949085939053e+00 -1.491693716477541232e+00 2.099894844247760239e-01
-1.206312250379123263e+00 -1.303690855665284642e+00 2.024123017088254317e-01
-1.064019331526969703e+00 -1.115345155935587140e+00 1.886009380642951483e-01
-9.163343616089573151e-01 -9.346295650139201383e-01 1.698312574901217620e-01
-7.714939703293284268e-01 -7.683730427707310406e-01 1.482618020262880809e-01
-6.380887618264196037e-01 -6.228696348591812315e-01 1.263299787532944085e-01
-5.248368115481218954e-01 -5.041392776951533206e-01 1.065344590905431682e-01
-4.404729419976262106e-01 -4.180739755302065319e-01 9.136389171956524335e-02
-3.912890860848380892e-01 -3.683980956222699388e-01 8.274445556702210436e-02
-3.739143816663436093e-01 -3.503260197213610150e-01 8.044362777281727217e-02
-3.822269914188949347e-01 -3.573351486816336853e-01 8.347977322203625761e-02
-4.097739169607329535e-01 -3.832882759804703832e-01 9.068483954675229941e-02
-4.498699381417988197e-01 -4.223170981077820629e-01 1.007772179751056790e-01
-4.957296869801000594e-01 -4.686674895661880336e-01 1.124071125364995011e-01
-5.406914642838689389e-01 -5.164589105191850216e-01 1.241485027951408776e-01
-5.782809932645484041e-01 -5.596116238055354186e-01 1.345312494574902873e-01
-6.022786839084246502e-01 -5.917830710447787856e-01 1.420498888067308618e-01
-6.067785575001071185e-01 -6.063245066567112262e-01 1.451540929674779434e-01
-5.879684056566675254e-01 -5.980692908011918663e-01 1.426748510007412873e-01
-5.492427185202378714e-01 -5.688689814819385404e-01 1.351639546835802508e-01
-4.956298637538538721e-01 -5.225167937718022682e-01 1.236166632013448452e-01
-4.319378270418400279e-01 -4.630403058916779391e-01 1.090450637111807508e-01
-3.627141414436969025e-01 -3.947215897362764681e-01 9.249062952864914311e-02
-2.922265023189770661e-01 -3.220973922322782346e-01 7.503036249794611812e-02
-2.244708205208054697e-01 -2.499362866348151246e-01 5.777972548451609097e-02
-1.632530867703634592e-01 -1.831441649464823074e-01 4.194048081669998762e-02
-1.122657937308196296e-01 -1.266951522355392323e-01 2.879593960798677507e-02
-7.517565495135211662e-02 -8.556470476478562903e-02 1.968015124816015204e-02
-5.487348809255853527e-02 -6.363737934164824528e-02 1.564170015494465923e-02
-5.100768979721233276e-02 -6.058782384237618168e-02 1.651356473817026591e-02
-6.259819981787838328e-02 -7.489955121555816331e-02 2.175185320532094235e-02
-8.889678494751952764e-02 -1.048713247948676319e-01 3.071635437602242280e-02
-1.293792137822895594e-01 -1.486060872472005634e-01 4.266716692301442126e-02
-1.837053174932810617e-01 -2.040092283897093628e-01 5.679325031160536996e-02
-2.515694237953547407e-01 -2.688491387371568786e-01 7.236892598377994701e-02
-3.326073704468310854e-01 -3.408066790354769560e-01 8.884520752274198407e-02
-4.263230500502991349e-01 -4.175291062205205295e-01 1.059171815320939097e-01
-5.320208232602500198e-01 -4.966958795027843765e-01 1.235832120024955294e-01
-6.482620302975836690e-01 -5.757541395245149296e-01 1.422027737350348986e-01
-7.712876633800634929e-01 -6.510818456262984499e-01 1.625587151051183232e-01
-8.963699138212737338e-01 -7.192294247569619436e-01 1.857172278090035433e-01
-1.018301480529134384e+00 -7.773340605846580376e-01 2.128678910645553091e-01
-1.131436364561627883e+00 -8.231357415348288242e-01 2.451355990037993315e-01
-1.229833312189262617e+00 -8.549377846811538895e-01 2.830484228899829979e-01
-1.307649299997143633e+00 -8.715056872953792499e-01 3.252521736669958807e-01
-1.359165327942037038e+00 -8.720202024730211443e-01 3.690640294210077998e-01
-1.378868632362775903e+00 -8.560121598187849790e-01 4.108195822996055790e-01
-1.361567380494558943e+00 -8.232638594094725537e-01 4.460562928266039728e-01
-1.304998910813526258e+00 -7.748744208132368749e-01 4.703444577820249384e-01
-1.217490069482106696e+00 -7.163731829406086993e-01 4.817846339869635841e-01
-1.110254515014948318e+00 -6.535408793168302477e-01 4.804072030357749989e-01
-9.946236096182997644e-01 -5.912487251231652863e-01 4.677522810562335653e-01
-8.818516225828069155e-01 -5.336394711134799795e-01 4.466930601748853036e-01
-7.829526503664278048e-01 -4.842725515030808503e-01 4.212757700851275100e-01
-7.085485146029688597e-01 -4.462035287727033617e-01 3.966383017099673336e-01
-6.690856037730382733e-01 -4.226773877413771419e-01 3.776893390599866951e-01
-6.749584562709914914e-01 -4.173980039435532530e-01 3.686483166445138626e-01
-7.365544691615535378e-01 -4.345856795513376447e-01 3.729594547798706916e-01
-8.603946886313759146e-01 -4.774311093744172396e-01 3.923097758374308741e-01
-1.037512657703904662e+00 -5.432988334764821126e-01 4.239151001294643728e-01
-1.255094835037142476e+00 -6.278085875976383567e-01 4.642182897765206318e-01
-1.500369674363086547e+00 -7.260913979053261746e-01 5.103111427000915912e-01
-1.760624986068249243e+00 -8.326636245602783148e-01 5.601586009729542237e-01
-2.023200884847566439e+00 -9.416084523424183006e-01 6.124133046126666313e-01
-2.275398406677085372e+00 -1.047467123168790648e+00 6.652954634040824100e-01
-2.504454785273450224e+00 -1.145094001777462456e+00 7.167623949461623400e-01
-2.697550557084195333e+00 -1.229554911241207416e+00 7.645946751609197234e-01
-2.841824182045764147e+00 -1.296119131936019908e+00 8.063367973496432528e-01
-2.927956656185704887e+00 -1.341474214617291105e+00 8.401011892956782301e-01
-2.960871046529747197e+00 -1.367466592107887235e+00 8.670561947516128853e-01
-2.949083641840426928e+00 -1.377178564810578321e+00 8.890756830695112356e-01
-2.901166498755213485e+00 -1.373568802655803944e+00 9.080211319895445943e-01
-2.825764396752695529e+00 -1.359423249652679910e+00 9.258061069854988112e-01
-2.731648915902293862e+00 -1.337196548764339132e+00 9.445184572355960206e-01
-2.627817017971443292e+00 -1.308684037602968919e+00 9.666479415150479593e-01
-2.523312624391043091e+00 -1.275682886317288656e+00 9.946847670542142694e-01
-2.427147870839831967e+00 -1.240255973697897307e+00 1.030981202643187267e+00
-2.348265749040033601e+00 -1.204805579422465467e+00 1.077744347504309141e+00
-2.293497577919420216e+00 -1.172205147488449395e+00 1.136474283494649740e+00
-2.261483030807640571e+00 -1.145975479324472968e+00 1.206359121818697533e+00
-2.248609851011048377e+00 -1.129834312612331582e+00 1.286209409263896042e+00
-2.251019696907369472e+00 -1.127561292692354167e+00 1.375048591592752611e+00
-2.264641106081657806e+00 -1.142987193638184795e+00 1.472054818371727913e+00
-2.285306441083823081e+00 -1.179907917395929928e+00 1.576435689137243079e+00
-2.309058394033193462e+00 -1.241745052785003800e+00 1.687249815146111720e+00
-2.332122087694388668e+00 -1.331693107642243357e+00 1.803422630651200009e+00
-2.350927572431817492e+00 -1.452805563556542223e+00 1.923759582942755397e+00
-2.362181845760559007e+00 -1.608016854843513421e+00 2.046968381596383502e+00
-2.363559473610620909e+00 -1.797981220325399532e+00 2.171172304523022234e+00
-2.355606915600067186e+00 -2.014523613041310668e+00 2.292400967633615672e+00
-2.339823201118479190e+00 -2.247207118333775622e+00 2.406366326098411612e+00
-2.317904183780620464e+00 -2.485527310625075259e+00 2.509096041164172952e+00
-2.291578085849731217e+00 -2.718937310245990613e+00 2.596964147706428694e+00
-2.262192287524611878e+00 -2.937173273321914024e+00 2.666547168023176262e+00
-2.229774928367049824e+00 -3.131191328471774060e+00 2.714036285273226490e+00
-2.193454400695373341e+00 -3.292428337133652239e+00 2.735238660748267492e+00
-2.151593276158860757e+00 -3.412521752209195736e+00 2.725648150752846721e+00
-2.101750297508326870e+00 -3.483285965929071804e+00 2.680481843292596977e+00
-2.041423498573036177e+00 -3.499514876366776495e+00 2.596574602614436067e+00
-1.970669588626482005e+00 -3.467337418704830920e+00 2.477971749842379445e+00
-1.890563280255203038e+00 -3.395432390912091147e+00 2.330595081297484494e+00
-1.802654548370537180e+00 -3.292080435566424601e+00 2.160480588051727935e+00
-1.709048517974348647e+00 -3.165105727318898943e+00 1.973808787112098395e+00
-1.612406208855735157e+00 -3.021819263961170510e+00 1.776997101682653346e+00
-1.515727306473584335e+00 -2.869010738898534196e+00 1.576951628628809443e+00
-1.422269441325378914e+00 -2.713204368692339052e+00 1.380801251785956918e+00
-1.335569620134967384e+00 -2.560782993851173028e+00 1.195727103442047801e+00
-1.259463554497520565e+00 -2.418069539410083291e+00 1.028863274555072982e+00
-1.196813318967132389e+00 -2.289965158397622602e+00 8.856281781014772037e-01
-1.145507769595335290e+00 -2.175747904020792767e+00 7.649885822798918600e-01
-1.102169593780759405e+00 -2.073510438285017354e+00 6.642152825154068463e-01
-1.063469836004828029e+00 -1.981545802552752589e+00 5.804872199888083673e-01
-1.026159837979007783e+00 -1.898250781099969586e+00 5.109454533472437276e-01
-9.874410773585969858e-01 -1.821820041036441795e+00 4.527789607148856588e-01
-9.459750777791164911e-01 -1.749582634002496695e+00 4.033273619275306032e-01
-9.006943816354003873e-01 -1.678583496568338607e+00 3.600973862960118455e-01
-8.503960184536648592e-01 -1.605774035082022433e+00 3.207800401435821902e-01
-7.937174407241482932e-01 -1.528012249908243358e+00 2.832605727036952015e-01
-7.303670230459280432e-01 -1.443044350104714102e+00 2.460157857504015610e-01
-6.647678129089257260e-01 -1.352619271503480602e+00 2.091059635320265397e-01
-6.021384178265771769e-01 -1.259915722678588645e+00 1.726175662600542005e-01
-5.472037663607248748e-01 -1.168560849555656977e+00 1.363004574329660934e-01
-5.042577445339010422e-01 -1.082489141710090585e+00 9.970747633596682702e-02
-4.770981180259499244e-01 -1.005836580308028250e+00 6.237406889774482766e-02
-4.686338066509345701e-01 -9.430176217368294589e-01 2.397463350278472571e-02
-4.818347964511019432e-01 -8.982722320812966954e-01 -1.571976213496573127e-02
-5.200290530677745826e-01 -8.755406886527359323e-01 -5.686823640935037560e-02
-5.868960566461017825e-01 -8.784841521752959626e-01 -9.957913615972252552e-02
-6.843604741581869044e-01 -9.085927092066545807e-01 -1.436166680078177493e-01
-8.062085594825725288e-01 -9.595777117242421106e-01 -1.874917905014517883e-01
-9.438350749549679897e-01 -1.023615184188755745e+00 -2.296207020616010674e-01
-1.088122937104182730e+00 -1.093478701845547851e+00 -2.688015490178696787e-01
-1.229415073160486926e+00 -1.162594550670707605e+00 -3.042756380072645372e-01
-1.357748479989167478e+00 -1.224860334332390721e+00 -3.354964301453456921e-01
-1.463574539513105233e+00 -1.274013737485222730e+00 -3.612509367175103514e-01
-1.537546362814961487e+00 -1.303707219857118460e+00 -3.797993981284185638e-01
-1.570481329377602098e+00 -1.307463161212452984e+00 -3.890201894295288731e-01
-1.553466241983535889e+00 -1.278505335555178979e+00 -3.864861322574837388e-01
-1.481024882832081779e+00 -1.212054815340249281e+00 -3.703073792242565498e-01
-1.360333775689029689e+00 -1.112656260140779452e+00 -3.414739594728479766e-01
-1.201890135991836139e+00 -9.868613647418406076e-01 -3.020204003208842303e-01
-1.016300056530116347e+00 -8.409278217520719245e-01 -2.544260035220096694e-01
-8.141484109383153589e-01 -6.810056676101088335e-01 -2.016215281789691116e-01
-6.058961325314672353e-01 -5.132877555948094361e-01 -1.470198627896593946e-01
-4.017877517352784200e-01 -3.441949837955584068e-01 -9.440315409275500114e-02
-2.116530237280836446e-01 -1.808947822504754221e-01 -4.698095250879137652e-02
-4.476771428235012257e-02 -3.147361554916924126e-02 -7.162097277902785067e-03
9.025652163351385870e-02 9.504683160296542588e-02 2.337341582988258087e-02
1.875146207615642213e-01 1.908012118235231369e-01 4.398275432451941025e-02
2.494725997766210623e-01 2.555580616644094194e-01 5.620947595781579376e-02
2.805970994677419172e-01 2.912125589826328742e-01 6.189308508193940711e-02
2.852383837259807597e-01 2.999236710976594389e-01 6.250299163898778709e-02
2.675408785646973264e-01 2.841865398440960866e-01 5.905038815265824248e-02
2.313549202922018933e-01 2.469053319984595152e-01 5.198268725776224175e-02
1.801750586024986611e-01 1.914492858653172869e-01 4.110323857867847347e-02
1.172578740679503240e-01 1.214366876994447536e-01 2.608396862740379463e-02
4.568994089870883485e-02 4.060666284882696181e-02 6.776821463379532375e-03
-3.158860322412511412e-02 -4.725404775022521570e-02 -1.661189548641262351e-02
-1.116384660163715903e-01 -1.385246826549612342e-01 -4.350943580956030676e-02
-1.910755603383459400e-01 -2.302512137409100379e-01 -7.320846595991879757e-02
-2.664988295164762988e-01 -3.196579675557948974e-01 -1.045182187559982601e-01
-3.346710521419734574e-01 -4.039717333254716491e-01 -1.357069222353082527e-01
-3.925564290963247105e-01 -4.803809651925323720e-01 -1.646116893659334002e-01
-4.374038839783092603e-01 -5.458704977088617571e-01 -1.889557589161194873e-01
-4.669670085454468711e-01 -5.967806587199674384e-01 -2.071252452566827995e-01
-4.793649468543238479e-01 -6.289885634800431724e-01 -2.180396339623963398e-01
-4.729297859666014570e-01 -6.381151539704437159e-01 -2.209946252271506595e-01
-4.460565669460108684e-01 -6.196980786407580988e-01 -2.155494980760634394e-01
-3.985961395919180306e-01 -5.712826357763920448e-01 -2.018590263696008469e-01
-3.362763984780682835e-01 -4.983971976154181749e-01 -1.819757566919994463e-01
-2.656572698313205416e-01 -4.091335774249685864e-01 -1.581225634309681993e-01
-1.926440799570792728e-01 -3.121610676401251339e-01 -1.321309884287932279e-01
-1.227340927978692736e-01 -2.165092880532418773e-01 -1.055449903810273260e-01
-6.132829091227776780e-02 -1.313071092374931970e-01 -7.983160358946689295e-02
-1.421501557991337178e-02 -6.533054652213927949e-02 -5.680150648598973617e-02
1.173503705105024934e-02 -2.622247434697637727e-02 -3.927377902521482500e-02
8.517528602277460448e-03 -2.027707189741977112e-02 -3.112376669075479774e-02
-3.275668157205666176e-02 -5.251911929277669477e-02 -3.708029450885472200e-02
-1.187637106017272737e-01 -1.246010019469660363e-01 -6.148682984985440192e-02
-2.450698180101877344e-01 -2.286098180580578842e-01 -1.047836955905195322e-01
-4.031908035536719281e-01 -3.559896516900989960e-01 -1.653973054328905512e-01
-5.830877986133575774e-01 -5.005545979064586204e-01 -2.405179101213794080e-01
-7.732341902317791948e-01 -6.586030421260317125e-01 -3.261067481020237802e-01
-9.611385194404977739e-01 -8.281227796294927668e-01 -4.171073015399830997e-01
-1.135251923578826316e+00 -1.005712963693390138e+00 -5.084730099353590438e-01
-1.285276347843226530e+00 -1.185947255638475584e+00 -5.953729156374972797e-01
-1.402284795381602223e+00 -1.361258385714609220e+00 -6.734254311867194920e-01
-1.478915917928714130e+00 -1.521879200344217642e+00 -7.390796763904911026e-01
-1.511555720401534852e+00 -1.657855593526956106e+00 -7.903511850083946300e-01
-1.506417346172460370e+00 -1.765099331916135883e+00 -8.281205874084773821e-01
-1.472281664891209818e+00 -1.841335199621682461e+00 -8.545987831714245697e-01
-1.417888188181514186e+00 -1.884890298675218290e+00 -8.725805424725781023e-01
-1.351576747118387711e+00 -1.894933839192153080e+00 -8.850484651927934543e-01
-1.280168000573219000e+00 -1.872310278492289815e+00 -8.942477970078199778e-01
-1.206428122674832570e+00 -1.821619135233907283e+00 -8.998371348902914901e-01
-1.131805727237064740e+00 -1.748369164548913668e+00 -9.003330536852381938e-01
-1.057617376635732631e+00 -1.657966498092226848e+00 -8.938610533235289424e-01
-9.853460573393768573e-01 -1.555575127407969216e+00 -8.784014537237219145e-01
-9.162144079686256326e-01 -1.446335551411416009e+00 -8.527348744090035293e-01
-8.494350066581368708e-01 -1.336256466062905490e+00 -8.188875724400354050e-01
-7.843157960817368490e-01 -1.231157538520836425e+00 -7.800354821921697823e-01
-7.208465241880612773e-01 -1.136317214061068670e+00 -7.397518535417528796e-01
-6.594836717310218477e-01 -1.056536969102546797e+00 -7.019118731067587325e-01
-6.012681684800847970e-01 -9.959151464491825534e-01 -6.706979436372720871e-01
-5.486074517446459797e-01 -9.571272352976039066e-01 -6.508694313935186049e-01
-5.033633372152641616e-01 -9.431298121236992849e-01 -6.470946450140500072e-01
-4.664157416016321833e-01 -9.575588918440398611e-01 -6.637932980561519480e-01
-4.378701239199338513e-01 -1.004566233038379997e+00 -7.051939253412218278e-01
-4.169899753333247694e-01 -1.086434445214806921e+00 -7.736323580692379132e-01
-4.017892165225733225e-01 -1.196726079297313561e+00 -8.643805536207181950e-01
-3.912817514332815882e-01 -1.326275684511653896e+00 -9.714162575433732405e-01
-3.861342698207335111e-01 -1.465242430400860441e+00 -1.089357486056760527e+00
-3.885557318289599715e-01 -1.603135475294688916e+00 -1.213426762912415580e+00
-4.011608406227537005e-01 -1.729319198063246521e+00 -1.338904079549104953e+00
-4.236437222857677432e-01 -1.834721932027959301e+00 -1.459537344782872115e+00
-4.537332160824580907e-01 -1.911226658268026846e+00 -1.567951848185259678e+00
-4.875838549477091721e-01 -1.951568197481506228e+00 -1.655901648435493367e+00
-5.197401792427306377e-01 -1.949531739909547312e+00 -1.714368579229251566e+00
-5.440776065205128464e-01 -1.902480481434210224e+00 -1.735929063171822051e+00
-5.569435648718722431e-01 -1.818269602398618678e+00 -1.721727970639610472e+00
-5.561001009387133154e-01 -1.707009225093790494e+00 -1.675638265056138776e+00
-5.404352584634940504e-01 -1.578183403732411172e+00 -1.602272725547765564e+00
-5.101537541224074879e-01 -1.440364926281341829e+00 -1.506977756858740136e+00
-4.670866288790417320e-01 -1.300750155846617240e+00 -1.395905693871728470e+00
-4.151941761639799111e-01 -1.164490782213343012e+00 -1.276216079556687255e+00
-3.590687408158810268e-01 -1.036131825491614311e+00 -1.155137461018010736e+00
-3.033697728039067565e-01 -9.202332856512152048e-01 -1.039657304970911467e+00
-2.526140890066986833e-01 -8.216089374053010541e-01 -9.364687248967140665e-01
-2.103227610351674493e-01 -7.443036408723571196e-01 -8.509364429054773193e-01
-1.769556589270083191e-01 -6.880263740673648876e-01 -7.840957326594404364e-01
-1.518915363167262500e-01 -6.516440093164812541e-01 -7.358221712679329229e-01
-1.341172499816637997e-01 -6.342903311940877309e-01 -7.059110202956486724e-01
-1.222572462145053995e-01 -6.352851919602715558e-01 -6.941130090145526399e-01
-1.147087520848832920e-01 -6.540319179513052195e-01 -7.001630309691616594e-01
-1.100258625808948065e-01 -6.898608119615765588e-01 -7.238265706470844441e-01
-1.067331101300339480e-01 -7.420381902072651359e-01 -7.648999367706648123e-01
-1.033930008936801981e-01 -8.097134850409676288e-01 -8.232266968740034052e-01
-9.877910130302325342e-02 -8.918456659523027463e-01 -8.987426496145555221e-01
-9.218059855294125082e-02 -9.865983877642784394e-01 -9.907650471596509689e-01
-8.409703711378457847e-02 -1.089632058864512532e+00 -1.095786082890664703e+00
-7.611050528234664103e-02 -1.195654236024980888e+00 -1.209924634702868040e+00
-7.072511614690613069e-02 -1.298994743103980998e+00 -1.329672415799459051e+00
-7.122641245931604637e-02 -1.393670907549363402e+00 -1.451759006292134391e+00
-8.091822736693909945e-02 -1.473777402166295492e+00 -1.572652726713591687e+00
-1.009157856245512797e-01 -1.534710941925480965e+00 -1.687386085966883886e+00
-1.310237634500186488e-01 -1.572718595746330994e+00 -1.790038402523039363e+00
-1.700922409896346021e-01 -1.584739540012449766e+00 -1.874042010173417427e+00
-2.160070982925070826e-01 -1.568444939975436547e+00 -1.932347443660349828e+00
-2.656602752624148689e-01 -1.523581650339054017e+00 -1.959216187556846123e+00
-3.149931367408169702e-01 -1.455812745772423256e+00 -1.955343148481793580e+00
-3.600551330590517907e-01 -1.372058947475180979e+00 -1.923653018258365544e+00
-3.974550814290086498e-01 -1.278871172278915669e+00 -1.867838931750695819e+00
-4.245386017008117019e-01 -1.182272654609771267e+00 -1.792304670894057761e+00
-4.398670002664640810e-01 -1.087312078457166153e+00 -1.702131739886689532e+00
-4.441932874114713492e-01 -9.971369180099602936e-01 -1.603079393949641940e+00
-4.387507847036720143e-01 -9.144031884806455013e-01 -1.500824499087432873e+00
-4.246382396198576936e-01 -8.418249942502050720e-01 -1.400761025359794409e+00
-4.027067606066263572e-01 -7.822977916651230323e-01 -1.307987432749850409e+00
-3.742443558267484205e-01 -7.381759447149884856e-01 -1.227033620900344957e+00
-3.432204163036849387e-01 -7.089050696829855003e-01 -1.161100698737813186e+00
-3.141022227518249776e-01 -6.933992616554061073e-01 -1.113072064840297415e+00
-2.911795775359927729e-01 -6.907922978205073283e-01 -1.085885218592992807e+00
-2.786530727534468621e-01 -7.003554079154179490e-01 -1.082575328914526569e+00
-2.806348700602457891e-01 -7.214876525915402405e-01 -1.106240981642969690e+00
-3.009160186080379606e-01 -7.539324941545513248e-01 -1.159877180809843811e+00
-3.432901088149356017e-01 -7.974333573544907239e-01 -1.246451572940288077e+00
-4.116484236653908946e-01 -8.516440691784421535e-01 -1.368915537725274412e+00
-5.099673560640533010e-01 -9.161599045486328308e-01 -1.530179455605974015e+00
-6.400877426202780107e-01 -9.899288675014299432e-01 -1.730362827675869575e+00
-7.950672523002270120e-01 -1.069398446548571524e+00 -1.958603455568341145e+00
-9.657234811255549500e-01 -1.150461145515865535e+00 -2.201285819499441132e+00
-1.142776384432651282e+00 -1.229137542682056106e+00 -2.444807653675586057e+00
-1.316810846929183709e+00 -1.301587340259272807e+00 -2.675611956164821947e+00
-1.478359846659785148e+00 -1.363881351967857425e+00 -2.880258750723377226e+00
-1.618235558932020757e+00 -1.411226434834539134e+00 -3.045585802305433631e+00
-1.727294308012044199e+00 -1.438327921578235635e+00 -3.158600997202406724e+00
-1.796307552935756169e+00 -1.439670937784454541e+00 -3.206422361894680773e+00
-1.815899385520861387e+00 -1.409723373352926856e+00 -3.176240775961955976e+00
-1.780063276276687922e+00 -1.345061738011942065e+00 -3.060563939802460887e+00
-1.696962011596247377e+00 -1.250165975083723957e+00 -2.873005668050446104e+00
-1.578257737378768955e+00 -1.131936253007397752e+00 -2.632282966980403760e+00
-1.435564056895442420e+00 -9.977644553072837486e-01 -2.356912547514519840e+00
-1.280506994404244203e+00 -8.553470982030109138e-01 -2.065242019224642345e+00
-1.124809820910136260e+00 -7.125661890138994536e-01 -1.775435830079636457e+00
-9.804177246166975168e-01 -5.774185983555739643e-01 -1.505426855495410887e+00
-8.596739495350005367e-01 -4.567380571735470407e-01 -1.273313100067148929e+00
-7.754522529920095941e-01 -3.556711831099605980e-01 -1.097415028347037413e+00
-7.412872190450749965e-01 -2.774895478739949350e-01 -9.961644075451170366e-01
-7.675252701658445975e-01 -2.223435938666292744e-01 -9.822812519343213644e-01
-8.491623922299122995e-01 -1.846638550321045291e-01 -1.045681712079830739e+00
-9.773386528777335824e-01 -1.584178401535143443e-01 -1.170324366025230489e+00
-1.143208106473362573e+00 -1.387915918036237983e-01 -1.339850794701076264e+00
-1.337847991181685403e+00 -1.224066095553364708e-01 -1.537646932838173663e+00
-1.551944504093043964e+00 -1.073271191843525041e-01 -1.747127929373101018e+00
-1.774890386940041198e+00 -9.260578041799061300e-02 -1.952594300710143393e+00
-1.994805124498310045e+00 -7.835138778250622105e-02 -2.139294429596062752e+00
-2.198571527701727923e+00 -6.570071488599676934e-02 -2.293515582746604942e+00
-2.371861687371592975e+00 -5.668564210328669306e-02 -2.402704806939784277e+00
-2.502473045533480267e+00 -5.332603688960013688e-02 -2.458842487252764109e+00
-2.590509848661685766e+00 -5.477863000702637430e-02 -2.467978703718350264e+00
-2.639636412029868318e+00 -5.884442744852430573e-02 -2.439198665343057293e+00
-2.654098310681153983e+00 -6.268336077411584828e-02 -2.380986198063148152e+00
-2.638784085514437550e+00 -6.288800789687021275e-02 -2.301109152645833600e+00
-2.599550191043709546e+00 -5.551226765839634147e-02 -2.206189503655689776e+00
-2.544014887923122803e+00 -3.603540755489648140e-02 -2.100652400937939035e+00
-2.480277347723786718e+00 3.542096178844600374e-04 -1.988081017484075286e+00
-2.416438462810182042e+00 5.864202483222244466e-02 -1.871759648828329237e+00
-2.360500857751032466e+00 1.439537383772492851e-01 -1.754765747997860892e+00
-2.318233844694622459e+00 2.592310680458736472e-01 -1.639007753957121061e+00
-2.286910067310351735e+00 3.982134438686711908e-01 -1.522487648067123001e+00
-2.261429750895999735e+00 5.522485811355809515e-01 -1.402650889426313885e+00
-2.236370591954442766e+00 7.125946458833393171e-01 -1.277432485380754379e+00
-2.205990711863723419e+00 8.704174264332484867e-01 -1.145312839204381206e+00
-2.164123678740017542e+00 1.016657765329799679e+00 -1.005820445849603839e+00
-2.104051959408244521e+00 1.141741781112463938e+00 -8.608548531220249211e-01
-2.019303898574185130e+00 1.236088896699162332e+00 -7.135944822477781058e-01
-1.903903988497346988e+00 1.290265814449540693e+00 -5.680052863521376505e-01
-1.752422304075630821e+00 1.294992808101729009e+00 -4.286159685561242716e-01
-1.562267151883077965e+00 1.244275653798794457e+00 -3.001375116313246272e-01
-1.340402103157961378e+00 1.144857531749291502e+00 -1.864755612462125622e-01
-1.096224004144046082e+00 1.006849034666006171e+00 -8.984428325188159592e-02
-8.391085847846966317e-01 8.405429269645100510e-01 -1.068269657142945084e-02
-5.782810510324820630e-01 6.563617045626078950e-01 5.221002341481578712e-02
-3.227338715053735818e-01 4.647986144885812854e-01 1.014720303974838700e-01
-8.113061900746368349e-02 2.763676305970416136e-01 1.406643922859684426e-01
1.383084543570546887e-01 1.017182162267131207e-01 1.730033617897642206e-01
3.276950965188440978e-01 -4.838916146585971190e-02 2.008182089906473955e-01
4.792824398099302941e-01 -1.632094509857962561e-01 2.252570397672686298e-01
5.877450031829816179e-01 -2.352326118252792142e-01 2.465034698098258481e-01
6.575418452932607627e-01 -2.693763333342953925e-01 2.653316405724333582e-01
6.954021038586677417e-01 -2.738244039345296699e-01 2.826602320524613798e-01
7.078753604375253028e-01 -2.569228086851372272e-01 2.995189343563326445e-01
7.014286901079680447e-01 -2.270792305337563655e-01 3.172911789548857886e-01
6.825724216373125763e-01 -1.927584014858119421e-01 3.378339801981377621e-01
6.580602790947093217e-01 -1.626698634318146930e-01 3.634420451926191342e-01
6.351756153947861749e-01 -1.451097963894512066e-01 3.970951155371345020e-01
6.218035548841684967e-01 -1.476825119201118086e-01 4.424648691470339235e-01
6.263741334908263791e-01 -1.773101166741725965e-01 5.037367098688254607e-01
6.555864114084354322e-01 -2.384262249969678893e-01 5.840238218496657252e-01
7.076206822694440790e-01 -3.276898786459510049e-01 6.809049759619965059e-01
7.781398242997390469e-01 -4.407963470670748785e-01 7.896594081103596174e-01
8.623242476921091360e-01 -5.745784877590621731e-01 9.045142548297965268e-01
9.547858733942164999e-01 -7.268819867690937686e-01 1.018753888231331395e+00
1.049446366919460472e+00 -8.958236811536828270e-01 1.125261445559803120e+00
1.139629063815218224e+00 -1.077661846675489254e+00 1.218238202229769529e+00
1.218407602177055793e+00 -1.267229085523063903e+00 1.293162874657545425e+00
1.278856296338108933e+00 -1.458107028512857450e+00 1.346869746321056382e+00
1.314312421199194558e+00 -1.642600920051750624e+00 1.377762571728855967e+00
1.320008201802215009e+00 -1.812887568505923586e+00 1.387325824096344862e+00
1.297473863736117838e+00 -1.964684213567050364e+00 1.384021640201998693e+00
1.250647098108464750e+00 -2.095205633836986436e+00 1.378043898798091194e+00
1.184399435126496147e+00 -2.202480072566753933e+00 1.379428920671429415e+00
1.104261500409267960e+00 -2.285409051950707315e+00 1.397748169086472370e+00
1.015799461547710614e+00 -2.344100659395105257e+00 1.441311495556067523e+00
9.234907223966650758e-01 -2.380872936955741981e+00 1.515429891007404217e+00
8.312846622485956516e-01 -2.398526599173732343e+00 1.624356922800711978e+00
7.429652599287324133e-01 -2.399786286218342557e+00 1.772059096758641594e+00
6.623306015813215097e-01 -2.387302051983519746e+00 1.962356176251155659e+00
5.927325387443358462e-01 -2.363474858083087771e+00 2.195936531504322442e+00
5.351039111238693469e-01 -2.329758919870696943e+00 2.461226277386945327e+00
4.897890352086888277e-01 -2.287445439549127713e+00 2.743707878606110651e+00
4.572518969819324153e-01 -2.238025839570288333e+00 3.029002201356350898e+00
4.380501707542590051e-01 -2.183222336156729337e+00 3.302857804238365169e+00
4.324991378641795947e-01 -2.124485094409792829e+00 3.551415276342644312e+00
4.395437563700534400e-01 -2.061354447684599300e+00 3.761984305978603338e+00
4.566152365738140873e-01 -1.992231670707649061e+00 3.922173559454559033e+00
4.797654250351408578e-01 -1.914642139154344891e+00 4.019702275153557380e+00
5.038074322869177113e-01 -1.825188552527218011e+00 4.042495316176417219e+00
5.232088526811428109e-01 -1.720544830443367479e+00 3.983521050324251522e+00
5.348690978590330269e-01 -1.600881465221677846e+00 3.854969380059115380e+00
5.372673438667200374e-01 -1.467916568642774866e+00 3.673582363028901732e+00
5.299873045561730445e-01 -1.324227139322756042e+00 3.455734128704313957e+00
5.136564050417209426e-01 -1.173334984559391669e+00 3.217347858783970782e+00
4.900276979899119700e-01 -1.019795049739864901e+00 2.973787100165750985e+00
4.623376722205724820e-01 -8.693227861919903265e-01 2.739713564437117999e+00
4.341594582638414468e-01 -7.282448729827960543e-01 2.529469325030088367e+00
4.089585918815991650e-01 -6.031568532785382963e-01 2.357288753909847046e+00
3.899794405020779453e-01 -5.006525817381889398e-01 2.237440039820870918e+00
3.794795698733925970e-01 -4.253089157794180952e-01 2.180182573689348757e+00
3.766073513611192247e-01 -3.742781872025700562e-01 2.179316017395126259e+00
3.796467634347774345e-01 -3.424214050870630910e-01 2.224728224011554012e+00
3.868458230063477332e-01 -3.241625015146375466e-01 2.306493256278735249e+00
3.964897923861594453e-01 -3.136537677308852690e-01 2.414769936701242958e+00
4.067702881142413185e-01 -3.051784267758753111e-01 2.539695732659181360e+00
4.152427059457250991e-01 -2.941043347415364106e-01 2.671288964274008748e+00
4.192227088773378130e-01 -2.766242891367024503e-01 2.799370814834273968e+00
4.159855062611020893e-01 -2.497540761278240207e-01 2.913506277042633208e+00
4.028902771499297542e-01 -2.114429535409034500e-01 3.002976116526173911e+00
3.779592220851758499e-01 -1.614184348150299320e-01 3.059262975834589948e+00
3.411504314646756075e-01 -1.032645750537939944e-01 3.083656001789933931e+00
2.931361797490922294e-01 -4.123859475395330598e-02 3.080039698413833182e+00
2.348884284579808857e-01 2.076734727260148849e-02 3.052450398381630681e+00
1.676298286790708358e-01 7.932140724219216565e-02 3.005069867604701628e+00
9.320239994356371849e-02 1.316729801146276357e-01 2.942183061110727138e+00
1.522341352464512410e-02 1.762777943118882806e-01 2.868155307211902372e+00
-6.258346238618578417e-02 2.122664031316269795e-01 2.787606096329696026e+00
-1.370286913028953002e-01 2.391656837670452507e-01 2.705425539756317832e+00
-2.055593253487721928e-01 2.567538132692531172e-01 2.626721076760419216e+00
-2.663019433728830432e-01 2.651810863980162969e-01 2.555861451442302368e+00
-3.179413270993972085e-01 2.656777691526275298e-01 2.493756401329712435e+00
-3.593780217887441175e-01 2.596438857839430958e-01 2.440445254545803966e+00
-3.896127026851166630e-01 2.483279809262191329e-01 2.395940784522718747e+00
-4.076787394761126060e-01 2.327874082890999397e-01 2.360190015942094988e+00
-4.132724508286306775e-01 2.140295840214277989e-01 2.332888753241796120e+00
-4.087114447396797967e-01 1.935500164246812538e-01 2.313036356385693715e+00
-3.967171378067729792e-01 1.728855680412379470e-01 2.299432097728266733e+00
-3.797440470259220158e-01 1.535613862066572688e-01 2.290918759450907949e+00
-3.600283189154416252e-01 1.371817373170888255e-01 2.286448143343811079e+00
-3.396376770653666832e-01 1.254848085728358376e-01 2.285108372133808352e+00
-3.205261520234857775e-01 1.203679500474060943e-01 2.286114740556997926e+00
-3.045986058622409121e-01 1.238885202108583328e-01 2.288764271835389330e+00
-2.937898728795111380e-01 1.382432804825587391e-01 2.292352855136770895e+00
-2.901614873580765086e-01 1.657258951026658322e-01 2.296052610508409586e+00
-2.953972209064030241e-01 2.082068154802691196e-01 2.298866203669720942e+00
-3.089655569604818908e-01 2.656854780824552953e-01 2.299913120585221460e+00
-3.298184121907759003e-01 3.375991639637886954e-01 2.298227860051517357e+00
-3.569118056106851400e-01 4.232943835038565639e-01 2.292765486478491432e+00
-3.891305132441940096e-01 5.220562703010832584e-01 2.282509067212557863e+00
-4.252217844317248141e-01 6.331442138264321562e-01 2.266574799278731955e+00
-4.637400206540992498e-01 7.558349923839907669e-01 2.244313681870885535e+00
-5.030025971004481455e-01 8.894719508927680929e-01 2.215407929410908583e+00
-5.410550327921817004e-01 1.033516146258786517e+00 2.179960094690135186e+00
