4.189392101575131022e+01 -4.621383801817015069e+01 -9.054980918881469165e+00
3.741058000107801007e+01 -4.200443253081793671e+01 -8.026689573146260415e+00
3.320798288291457112e+01 -3.794466913552617626e+01 -7.030755742529684937e+00
2.931612189713257521e+01 -3.401054432870238031e+01 -6.075234307330484640e+00
2.575350585708679674e+01 -3.018999281881184515e+01 -5.167432863129945098e+00
2.252796970055355175e+01 -2.648083675341035814e+01 -4.313371106873868044e+00
1.963753827628377024e+01 -2.288867774227363583e+01 -3.517224531688967204e+00
1.707141557027410173e+01 -1.942484922883896203e+01 -2.780860949870711529e+00
1.481113392820822838e+01 -1.610453427217168354e+01 -2.103550280298942976e+00
1.283186702127127532e+01 -1.294513549076749648e+01 -1.481900045287003476e+00
1.110388793223381576e+01 -9.964959192048935321e+00 -9.100423798588150870e-01
9.592536690930881349e+00 -7.184381255338904815e+00 -3.801995935073794186e-01
8.259965586365547452e+00 -4.628779171735746267e+00 1.147335519161732931e-01
7.078746345272548979e+00 -2.317803160564027465e+00 5.784256272011192301e-01
6.033128067462386390e+00 -2.641314261995172386e-01 1.010999398792884474e+00
5.117113488222909012e+00 1.525185579332632546e+00 1.409533998460235527e+00
4.332420260557314329e+00 3.047570222647963512e+00 1.768743986112739197e+00
3.686385064775430376e+00 4.303786795178941915e+00 2.081713664160131927e+00
3.189850523380812319e+00 5.296721346399325014e+00 2.340598448977186052e+00
2.855057126724510841e+00 6.030011778455891758e+00 2.537239694823449909e+00
2.693540861954643262e+00 6.506519177679740196e+00 2.663676195392008061e+00
2.712080144494336764e+00 6.726998347216785135e+00 2.713718361495651710e+00
2.904799740941941710e+00 6.689800286887217950e+00 2.686919096653754391e+00
3.258758303829177194e+00 6.390506981124984165e+00 2.585472369353492894e+00
3.757657016788060744e+00 5.823194441108197950e+00 2.412846423047600553e+00
4.383857821729567839e+00 4.981965281086283781e+00 2.173458699998822574e+00
4.902331313937584589e+00 4.070526441637544401e+00 1.846760271809182008e+00
5.091370662872840569e+00 3.305824457291391294e+00 1.412047254264721996e+00
4.955432310787796446e+00 2.702402074461744963e+00 8.730516702985875455e-01
4.500693579408468814e+00 2.272874238999223362e+00 2.319693419158043723e-01
3.733979986996065037e+00 2.026034156559347377e+00 -5.108384234588931871e-01
2.661975170624242715e+00 1.964229177459191122e+00 -1.357591756856360909e+00
1.290578375021703916e+00 2.081114590967746647e+00 -2.313740747976931633e+00
-3.772392181684043333e-01 2.367498020921733559e+00 -3.384430228198056945e+00
-2.340990598835885450e+00 2.814480942259319995e+00 -4.573245473926579763e+00
-4.601730931230903821e+00 3.415418636687109544e+00 -5.881678564672654375e+00
-6.723724066437673841e+00 4.021501410894349426e+00 -7.158701717743151782e+00
-8.270320120472302250e+00 4.493344836309741019e+00 -8.249285760163797221e+00
-9.241897987469391396e+00 4.841519965388718205e+00 -9.147636461661987184e+00
-9.639052446387353257e+00 5.073787245027232551e+00 -9.850200056279597050e+00
-9.462781357016837092e+00 5.191208434820238971e+00 -1.035741754883438759e+01
-8.714701977349637474e+00 5.183113282781630637e+00 -1.067606676376791697e+01
-7.396943007379740642e+00 5.022854068482733858e+00 -1.082130451799356408e+01
-5.512658665921460255e+00 4.676272624045539672e+00 -1.081161205082454480e+01
-3.066389193849108352e+00 4.107471131591442060e+00 -1.066526790666482860e+01
-6.374934774720997233e-02 3.283203259661840789e+00 -1.039787265781050607e+01
2.968365380166066547e+00 2.342821099231633397e+00 -1.012050320973974848e+01
5.512443655520449681e+00 1.469233161997737902e+00 -9.923460165527188792e+00
7.579368465567100976e+00 7.036066850407011186e-01 -9.786867728622027585e+00
9.182721810588752476e+00 8.977996732741744257e-02 -9.691078213716108891e+00
1.033707527276501636e+01 -3.296882185565366274e-01 -9.618233044249695496e+00
1.105421564965828374e+01 -5.206444961287101103e-01 -9.554976019766851181e+00
1.133627251111201772e+01 -4.713928193513107212e-01 -9.498306560860617864e+00
1.117915859487601971e+01 -1.849144062183677439e-01 -9.451683529314692578e+00
1.057478554092190137e+01 3.257657840616956513e-01 -9.422668433988462766e+00
9.512229694461398211e+00 1.039295751273280555e+00 -9.422024763545955750e+00
8.081564579592965814e+00 1.753116509954546043e+00 -9.434158261736422801e+00
6.381805174770628142e+00 2.265259530885540329e+00 -9.445328660856885605e+00
4.417198353257631105e+00 2.549774994556753605e+00 -9.471783553894448815e+00
2.195722892410960192e+00 2.581417474523820310e+00 -9.529935012635235125e+00
-2.716515960702596821e-01 2.336917632190032901e+00 -9.635186362142167837e+00
-2.971531172784354080e+00 1.796154427335886039e+00 -9.800862388443341899e+00
-5.887839559655455801e+00 9.428870424104444092e-01 -1.003853422239835602e+01
-9.004005016194000177e+00 -2.350203226681514823e-01 -1.035876364872335387e+01
-1.230445505949507279e+01 -1.745071759519870369e+00 -1.077076862154702042e+01
-1.577577704504976985e+01 -3.589654765762942734e+00 -1.128196583887172544e+01
-1.888911448705689722e+01 -5.468590337227080767e+00 -1.183596144780106485e+01
-2.114108712630356379e+01 -7.045350901908521202e+00 -1.234898531648318887e+01
-2.255967694850328442e+01 -8.267760090823351504e+00 -1.278726630096768879e+01
-2.317245432105264058e+01 -9.090723492335506251e+00 -1.311974253066360063e+01
-2.300452160763142473e+01 -9.478206198650502401e+00 -1.331898518252004315e+01
-2.207530293401454458e+01 -9.407142544963569719e+00 -1.336244805815742431e+01
-2.039365390493151153e+01 -8.874087039032197310e+00 -1.323417954963833587e+01
-1.796116892393058606e+01 -7.886399817536438484e+00 -1.292427856528347085e+01
-1.477439752963245745e+01 -6.457488121783610424e+00 -1.242871801376153584e+01
-1.082616426901161155e+01 -4.604359264331105983e+00 -1.174942201682792131e+01
-6.707231169416297156e+00 -2.650357383873233275e+00 -1.100674657097522413e+01
-3.009863348904647573e+00 -9.128160169972859839e-01 -1.032717174243538061e+01
2.702546854693735900e-01 6.036084901716040063e-01 -9.724097980469489144e+00
3.134482530798207378e+00 1.899330350177187210e+00 -9.207944699449297943e+00
5.581847961083711063e+00 2.978517514164785052e+00 -8.786117670081335262e+00
7.610301061215483998e+00 3.848093271083158129e+00 -8.462296619343794291e+00
9.219404173299844629e+00 4.516521867363488596e+00 -8.233248693583663069e+00
1.040926457693236351e+01 4.991007675885855477e+00 -8.089983252737159347e+00
1.118022315737209738e+01 5.277381697303886732e+00 -8.020233058293943174e+00
1.153305762427958570e+01 5.380506787552221226e+00 -8.010598482928866559e+00
1.163666004347173022e+01 5.386142458500331465e+00 -8.024507739178240229e+00
1.166074739964771645e+01 5.379628787834700887e+00 -8.029441597504570538e+00
1.160779980395680866e+01 5.364572197529104081e+00 -8.019057658554769930e+00
1.148031301201980803e+01 5.344405878361801143e+00 -7.987979546905013883e+00
1.128074441452906029e+01 5.322331017923413121e+00 -7.932067945638073603e+00
1.101047363569486137e+01 5.299503773165563203e+00 -7.851248731297314265e+00
1.066691439078053172e+01 5.269936440341833617e+00 -7.757062441819194909e+00
1.024673641083083275e+01 5.226267035102186931e+00 -7.664130531300464177e+00
9.746950347167596007e+00 5.161784807534522734e+00 -7.587029168741177720e+00
9.164879494522658376e+00 5.070535096395425434e+00 -7.539737960198298339e+00
8.512807840515606017e+00 4.943021372985172412e+00 -7.532922881137794846e+00
7.802883445965091980e+00 4.770214621448938708e+00 -7.575017031759074371e+00
7.032060505505702608e+00 4.547566112750812906e+00 -7.673915121649232063e+00
6.196562866689985682e+00 4.270447565455696370e+00 -7.834424359153483231e+00
5.291505429544306693e+00 3.933807210925149178e+00 -8.057570390928542992e+00
4.311826327357628053e+00 3.534195355677148598e+00 -8.338178206269821757e+00
3.256703323550652840e+00 3.076463357587791769e+00 -8.661531964855091914e+00
2.127249749548221658e+00 2.566679307271484412e+00 -9.012551254426524494e+00
9.258733327569338423e-01 2.009909622531552031e+00 -9.378782461398971648e+00
-3.433760986607674592e-01 1.410222560875879605e+00 -9.751154978168555587e+00
-1.569894785031018092e+00 8.145372981386118649e-01 -1.009749056688796465e+01
-2.640684358583232250e+00 2.691873733483030051e-01 -1.039288294567764481e+01
-3.546082338735535355e+00 -2.231729320353295076e-01 -1.064465165404865132e+01
-4.275929921686696389e+00 -6.592260039154640427e-01 -1.086237642240371670e+01
-4.819971325279563956e+00 -1.034499090231373319e+00 -1.105645590184775351e+01
-5.170510186941226216e+00 -1.344067011543588652e+00 -1.123535622757555963e+01
-5.330147747227748312e+00 -1.585899364065857409e+00 -1.139976546319323170e+01
-5.305844360493947143e+00 -1.757076446236081946e+00 -1.154487015467204714e+01
-5.106494453567576031e+00 -1.853416444965428900e+00 -1.166250860589006422e+01
-4.742593700497933717e+00 -1.870470368364066216e+00 -1.174238258904152943e+01
-4.179723765232445487e+00 -1.740195049195223387e+00 -1.173542902788049425e+01
-3.389888552281584921e+00 -1.394655274718481275e+00 -1.158808114171947423e+01
-2.393381653116002372e+00 -8.321104537828443171e-01 -1.128401588192607896e+01
-1.207797056624571930e+00 -5.406545893270564562e-02 -1.081067871842536832e+01
1.541342166829804405e-01 9.345445873105964196e-01 -1.016118354666432566e+01
1.687463643135211688e+00 2.126358097172238892e+00 -9.335724315901746451e+00
3.397009655878042267e+00 3.515727198578591839e+00 -8.339773713305179470e+00
5.291941357976530647e+00 5.097668790896122459e+00 -7.181690150827671815e+00
7.383865570085779595e+00 6.867358073601383950e+00 -5.872191374705248101e+00
9.686060001506504591e+00 8.820340854864870295e+00 -4.423990679424751882e+00
1.173972343526464712e+01 1.055242421397487185e+01 -3.145881940995967074e+00
1.307956532525489202e+01 1.166376028277469601e+01 -2.342123319951541660e+00
1.370283426426751561e+01 1.215934282474632155e+01 -2.012076320828238174e+00
1.359901344464518580e+01 1.204658660560814099e+01 -2.145753668807796721e+00
1.275196243272758956e+01 1.133419011110530761e+01 -2.725166211759467494e+00
1.114200926375693612e+01 1.003142472256729079e+01 -3.724706400822865859e+00
8.748553574814511791e+00 8.148496912452980467e+00 -5.111142251538221437e+00
5.553985980754116980e+00 5.694773184923122678e+00 -6.852117674664602198e+00
1.547028777571907820e+00 2.677359350361059320e+00 -8.922344946430442292e+00
-3.274277614332194553e+00 -9.002386884010400436e-01 -1.130869585125960164e+01
-8.048641359130005668e+00 -4.398329138938942506e+00 -1.358938997610181332e+01
-1.189374656405073871e+01 -7.183381559108506842e+00 -1.537750188131629159e+01
-1.477495748384897922e+01 -9.263125254550223175e+00 -1.672102412085579815e+01
-1.666528672813333500e+01 -1.064160011464868028e+01 -1.765845724027508723e+01
-1.754886321423761686e+01 -1.131719569656976709e+01 -1.821247565783735567e+01
-1.742932485318189251e+01 -1.128142194257553221e+01 -1.837893959859717086e+01
-1.634679178062163984e+01 -1.052039707936165946e+01 -1.810910757696484907e+01
-1.436138285516097746e+01 -9.018025463641654582e+00 -1.732935523693557656e+01
-1.154231720478719048e+01 -6.760559481952364891e+00 -1.595625130303066896e+01
-7.960651440659851197e+00 -3.740272847531933120e+00 -1.390696491543572577e+01
-4.366976652199674902e+00 -5.744639146134424834e-01 -1.158984548978641982e+01
-1.444536856844456096e+00 2.104445584574603068e+00 -9.496700242021111293e+00
8.467514235076946116e-01 4.277602015732489882e+00 -7.682698572269741177e+00
2.551406913742757077e+00 5.929998598270072030e+00 -6.205996078348148259e+00
3.712319514460530989e+00 7.050979820999581094e+00 -5.121232458616058913e+00
4.363198850219250247e+00 7.635854199686143318e+00 -4.470884482587701214e+00
4.518387513078994999e+00 7.691106069477227969e+00 -4.271530862585457555e+00
4.174786888911450333e+00 7.226885562769568949e+00 -4.520239373836197672e+00
3.319262893378073009e+00 6.253366700752139629e+00 -5.202563875002669924e+00
1.935795792209158428e+00 4.779277222552910764e+00 -6.298659212668164642e+00
2.936789405136877029e-01 3.279036417674002113e+00 -7.314173938526034924e+00
-1.316564220806457186e+00 2.225290682897823835e+00 -7.771254216826189776e+00
-2.877930871016443071e+00 1.618396763353935341e+00 -7.678759425568403074e+00
-4.380225509619124935e+00 1.451650412774958543e+00 -7.048855968596384081e+00
-5.826906087748416674e+00 1.708618665399215697e+00 -5.893949796763074289e+00
-7.241652487085723067e+00 2.361446747006092028e+00 -4.222982854382824058e+00
-8.669232389392059090e+00 3.376636704711727166e+00 -2.035852706882097518e+00
-1.016576051216035559e+01 4.719123560508012183e+00 6.745145450194087733e-01
-1.179173425145197740e+01 6.352660603282220819e+00 3.919083551349131778e+00
-1.360627530640228855e+01 8.240850315132707493e+00 7.710714202711454135e+00
-1.528543539646418203e+01 9.837108390530293178e+00 1.114268059763158369e+01
-1.639723457056421196e+01 1.068411225818206134e+01 1.330256623417458428e+01
-1.683172628767235324e+01 1.089278074826174780e+01 1.419761712315021995e+01
-1.648467170895918699e+01 1.058292257615147491e+01 1.383752462403294636e+01
-1.526770277467344172e+01 9.872327441543024662e+00 1.223216339597858493e+01
-1.311878639091593968e+01 8.862687269358350051e+00 9.386879323414186516e+00
-1.001082194676326864e+01 7.625226168010426520e+00 5.296863138975515639e+00
-5.939828471046546987e+00 6.206254557467476118e+00 -4.936048774799295380e-02
-9.195016016909351997e-01 4.627487186066754354e+00 -6.668617509423674150e+00
5.021111196548677214e+00 2.884096809236337489e+00 -1.458256733714466336e+01
1.075257329960531472e+01 1.339332084170159476e+00 -2.233014072741077527e+01
1.514365031092572877e+01 2.907175619897337526e-01 -2.843577274909374353e+01
1.817111619228295893e+01 -3.611269543453516917e-01 -3.289598642027175401e+01
1.983439868539204909e+01 -6.803941376496940308e-01 -3.569933857230849128e+01
2.015301600794062153e+01 -6.939667334027568302e-01 -3.682779944239261738e+01
1.916630352541589133e+01 -3.838271637238630518e-01 -3.625800045016707429e+01
1.693580088622017144e+01 3.282028723607623988e-01 -3.396176651125571055e+01
1.353456160615804649e+01 1.550428680582697893e+00 -2.991218680908812644e+01
9.038011995237976492e+00 3.399088795911328731e+00 -2.408749561194523281e+01
3.515512165442112202e+00 5.982157059441064462e+00 -1.647276211088814435e+01
-1.941247668066120591e+00 8.833555356612574627e+00 -8.613707658177951032e+00
-6.325277381343937577e+00 1.137020065040816696e+01 -2.072744316999894920e+00
-9.708374269515731569e+00 1.350159867291189819e+01 3.138668975120537219e+00
-1.216159574650103181e+01 1.513743684476122375e+01 7.014320044687643474e+00
-1.374715111761312514e+01 1.619946657906426069e+01 9.552184780386772545e+00
-1.450645621663421281e+01 1.663690364436151015e+01 1.075137253804972559e+01
-1.444163659308074443e+01 1.644924411397129660e+01 1.060672669496772436e+01
-1.352489118990416905e+01 1.567628263013732592e+01 9.113254661839867765e+00
-1.170816621043644012e+01 1.438601132376421710e+01 6.268942492158812385e+00
-8.930253969900620703e+00 1.266546604414466870e+01 2.076347606649662225e+00
-5.810757308433684543e+00 1.093148130112049543e+01 -2.453164461746650815e+00
-3.019744490960596828e+00 9.524791954984461739e+00 -6.313352857529746842e+00
-5.734548315605836333e-01 8.415868349700350137e+00 -9.506995568561679377e+00
1.504763358680111018e+00 7.563859712475251129e+00 -1.203973086179194496e+01
3.187660743874387581e+00 6.921083865923895573e+00 -1.392016552979453792e+01
4.447556494362387092e+00 6.439104036186043878e+00 -1.515859879608666994e+01
5.260668165103794536e+00 6.078370727741561730e+00 -1.576363778044108344e+01
5.607192454284075644e+00 5.807676344481773612e+00 -1.574344114108408377e+01
5.471532724832798955e+00 5.604091323574921901e+00 -1.510538314539768301e+01
4.842924545552430793e+00 5.454141415926878622e+00 -1.385501118903000695e+01
3.864624967242831666e+00 5.436019437157580292e+00 -1.230762794172660257e+01
2.687398360700421041e+00 5.639012993846579391e+00 -1.077458512350218633e+01
1.318848602362579392e+00 6.076885483820015033e+00 -9.253383272269605442e+00
-2.285067149949204790e-01 6.767537911855596278e+00 -7.741072919278441766e+00
-1.936154294423950928e+00 7.733439757108756751e+00 -6.234101282038478686e+00
-3.779486653653725714e+00 9.001437351669887121e+00 -4.728182528241399396e+00
-5.733055593241735082e+00 1.059816213051367839e+01 -3.218808668583795995e+00
-7.772694505111997110e+00 1.254489291493242220e+01 -1.702756583950517655e+00
-9.877047512960890785e+00 1.485600265884438187e+01 -1.779453065536902301e-01
-1.202991778067101158e+01 1.753801370646660729e+01 1.357259739138500620e+00
-1.376769277276680370e+01 2.006915105508495856e+01 2.633243173262327375e+00
-1.468184698726926030e+01 2.188214954333168905e+01 3.378512283206112077e+00
-1.484681888035639297e+01 2.291257435293456268e+01 3.592276453443862039e+00
-1.433394554272960875e+01 2.310623187716316096e+01 3.273595217884312625e+00
-1.320270353152501208e+01 2.242528853742730632e+01 2.420357035076564856e+00
-1.148748469148019602e+01 2.085611232470750664e+01 1.026793911503482093e+00
-9.181626647155287202e+00 1.841629013802783277e+01 -9.207840937906253131e-01
-6.256701744843972790e+00 1.513936703091296820e+01 -3.439423381738273555e+00
-2.672528997359406411e+00 1.106735712968061236e+01 -6.546441204175938111e+00
1.617508197637564926e+00 6.246447015856023910e+00 -1.025751763172488218e+01
5.984913087629783135e+00 1.484022968881111737e+00 -1.399535280385295799e+01
9.770446821760703671e+00 -2.451836301636814319e+00 -1.716504464870187974e+01
1.296372280996985005e+01 -5.585156362029531252e+00 -1.975336713179028436e+01
1.554163419058091833e+01 -7.951964412773879332e+00 -2.174801797389619651e+01
1.747325736093186777e+01 -9.595589441791688046e+00 -2.313890763591204092e+01
1.872616675944939146e+01 -1.055885636068557965e+01 -2.391904023297588111e+01
1.927601445785616008e+01 -1.086989665305757313e+01 -2.408493136894186648e+01
1.910462026515028811e+01 -1.054723816591818419e+01 -2.363619684084273587e+01
1.819865911232789912e+01 -9.602539366644247565e+00 -2.257474628157658358e+01
1.654969064309393190e+01 -8.040892461867754193e+00 -2.090401418509847531e+01
1.461305373872663438e+01 -6.275218106461448286e+00 -1.902946482831821839e+01
1.285235210902745528e+01 -4.711008493424774457e+00 -1.735470118741008960e+01
1.127421924464262659e+01 -3.339125979018039203e+00 -1.588046377255648522e+01
9.883920204896956108e+00 -2.152541455637067891e+00 -1.460685741531896653e+01
8.685319457960787304e+00 -1.146235971319001123e+00 -1.353355764200606792e+01
7.681705637881483639e+00 -3.161440012483627271e-01 -1.265949655763402681e+01
6.877820176272209096e+00 3.433037607661404422e-01 -1.198166208360013663e+01
6.276803749449614500e+00 8.360403978581212314e-01 -1.149688162011909576e+01
5.880180257232096253e+00 1.164383141482713491e+00 -1.120227101515133583e+01
5.688879565043128750e+00 1.330166141370801469e+00 -1.109512572323139779e+01
5.512991522950262180e+00 1.516332863350444704e+00 -1.100267563610286459e+01
5.163767109238342812e+00 1.907624261971075263e+00 -1.075245525354099208e+01
4.641923371443175128e+00 2.506773268838199620e+00 -1.034205244966559256e+01
3.944543594272055920e+00 3.312935716167924038e+00 -9.768666023133906862e+00
3.064099620880314845e+00 4.320675918633180679e+00 -9.029093516938406339e+00
1.986948709614660524e+00 5.517703513618378075e+00 -8.120813283697096097e+00
6.925837523411646490e-01 6.881974052429638000e+00 -7.045346016392469046e+00
-8.413130381684181813e-01 8.388029564790896231e+00 -5.806268896838651550e+00
-2.636726835659825241e+00 1.000941922443738008e+01 -4.408685653089656320e+00
-4.714165031730209066e+00 1.171968553613385566e+01 -2.859345452269508758e+00
-6.882781336491850865e+00 1.332682958954000796e+01 -1.323758618636245998e+00
-8.930482772679933845e+00 1.466174485883417589e+01 3.377308770532483351e-02
-1.084116779478748782e+01 1.573669801524711076e+01 1.208143337951060658e+00
-1.259580510788035568e+01 1.656823785543611649e+01 2.195969124766966374e+00
-1.417370859898400148e+01 1.717619691446702035e+01 2.995871403562847313e+00
-1.555470088652154459e+01 1.758153548597755389e+01 3.609596647872523878e+00
-1.672349762008496299e+01 1.780107515047622968e+01 4.044651411781252648e+00
-1.766785636503431434e+01 1.784887689572450142e+01 4.309812649894868564e+00
-1.837728818068006831e+01 1.773779193859955683e+01 4.413472189224009412e+00
-1.884260403133196604e+01 1.748024687234457986e+01 4.363312917032243554e+00
-1.891518460591699125e+01 1.701591354877741580e+01 4.076160788766722831e+00
-1.844002061051933339e+01 1.629793597168989905e+01 3.468899372891796951e+00
-1.739950987621358180e+01 1.536228216359129384e+01 2.547444213739926688e+00
-1.577623529791905810e+01 1.425051021393691997e+01 1.316398715065839831e+00
-1.355254847614333436e+01 1.301145444889383818e+01 -2.203079125496296697e-01
-1.070932510428822226e+01 1.170349199945226104e+01 -2.060006080599800615e+00
-7.225472094487207286e+00 1.039140197989167369e+01 -4.204869484929078638e+00
-3.085619431299147841e+00 9.131257440927928570e+00 -6.656734607355887512e+00
1.717538854156673178e+00 7.962194479657750179e+00 -9.417100266366267292e+00
7.182855746441346945e+00 6.899985377247141116e+00 -1.248987582959193077e+01
1.248168015598315961e+01 6.104066380948840020e+00 -1.541404802553039843e+01
1.676387708842556279e+01 5.642362110747999537e+00 -1.774008758738938951e+01
1.999551654611595097e+01 5.379166540189579848e+00 -1.949511515374305048e+01
2.215102973713964829e+01 5.197208044958072648e+00 -2.070553584882313913e+01
2.321354962857662940e+01 5.008525648368387095e+00 -2.139164188120076204e+01
2.317834878112703478e+01 4.777960055449991472e+00 -2.155605393678069959e+01
2.206343840225971320e+01 4.568714214909920912e+00 -2.116332839091147378e+01
1.990287260079654885e+01 4.494984746422268529e+00 -2.016315854762112991e+01
1.674151908477544382e+01 4.691868066749444566e+00 -1.850586946500060037e+01
1.262987114034852354e+01 5.297679142392455631e+00 -1.615117113948210203e+01
8.255352921438381841e+00 6.235275343462762798e+00 -1.357843676070402950e+01
4.260477015237214893e+00 7.324826814201252922e+00 -1.129683148395655223e+01
6.190565618814982685e-01 8.525050679036276335e+00 -9.325070251848735836e+00
-2.705260269356214220e+00 9.776710925664044538e+00 -7.683436767521550692e+00
-5.755583666979314117e+00 1.100883160331753885e+01 -6.391754180581331823e+00
-8.573886825581734428e+00 1.214630246833323390e+01 -5.469106766826071109e+00
-1.118146705366693361e+01 1.312989074953331325e+01 -4.931328469406928150e+00
-1.357818596615928897e+01 1.392693815064671981e+01 -4.784417679898020914e+00
-1.574846117725910588e+01 1.452802000909432145e+01 -5.024937484704665280e+00
-1.766689060640964470e+01 1.494294115331258510e+01 -5.641266191469571645e+00
-1.918278283987642041e+01 1.514733699685886315e+01 -6.419174709375830012e+00
-2.015362978576039765e+01 1.513167857505472291e+01 -7.134000527396790581e+00
-2.056519367302976775e+01 1.494200595890844596e+01 -7.753305223775697641e+00
-2.040744893281363304e+01 1.462250015682007742e+01 -8.248512235950830274e+00
-1.967450075232373052e+01 1.420979297376564077e+01 -8.599609102362416380e+00
-1.836513346906151867e+01 1.372317273869829535e+01 -8.803900151049473877e+00
-1.648456851312032967e+01 1.315080926283668816e+01 -8.888431363118455053e+00
-1.403839081180732684e+01 1.246821025258664406e+01 -8.892230373009576638e+00
-1.103191177167957271e+01 1.164602240216756002e+01 -8.857424995558773162e+00
-7.470897382006191023e+00 1.065297803876664595e+01 -8.824733467504827900e+00
-3.766907259580360545e+00 9.573743628253408744e+00 -8.840950137257845398e+00
-3.286127532654514738e-01 8.508595365484175943e+00 -8.923416789243653113e+00
2.844375235993417572e+00 7.457130541314468175e+00 -9.057208037044155446e+00
5.755759997077524837e+00 6.427319776480181268e+00 -9.218864755027119884e+00
8.412564078023038405e+00 5.434161811338517722e+00 -9.378597196163710237e+00
1.082327537677502427e+01 4.496476583407103433e+00 -9.504863575005808585e+00
1.299153999455381303e+01 3.627133635126975619e+00 -9.577394860043764169e+00
1.491771791195622576e+01 2.833253279634210919e+00 -9.586494383540387076e+00
1.660018185190670081e+01 2.117952888211310558e+00 -9.530135798658802671e+00
1.803577285536542973e+01 1.481046139015737673e+00 -9.412487838179535160e+00
1.918045872241931349e+01 9.407722544934857822e-01 -9.270913372593346580e+00
1.998991255527576527e+01 5.127041650240240500e-01 -9.146891195841238442e+00
2.045974994542304515e+01 1.902474256194954805e-01 -9.055401752081913003e+00
2.058581833426584851e+01 -3.269815982547186195e-02 -9.011080819405421494e+00
2.036435894014799430e+01 -1.604525575696618134e-01 -9.026367824486024816e+00
1.979407647797245673e+01 -1.906088760424768935e-01 -9.105576598476318395e+00
1.888223139165639708e+01 -1.028346462879587975e-01 -9.232389169224701320e+00
1.763916818127146158e+01 1.285933735309559012e-01 -9.384990567963434671e+00
1.607618650663239634e+01 5.292039779966035695e-01 -9.542367603292053246e+00
1.420490300477807288e+01 1.122363124301596571e+00 -9.686058893226071831e+00
1.230554411210467691e+01 1.795217607971856921e+00 -9.794742191264447229e+00
1.065194397438573048e+01 2.419893957669873252e+00 -9.857083296904427527e+00
9.244895979065193004e+00 2.992829794851598280e+00 -9.874001583830827045e+00
8.084257842797551774e+00 3.509370346722314071e+00 -9.847388016381453113e+00
7.169350707054169547e+00 3.965054992640465237e+00 -9.778790419274800527e+00
6.497769706710494475e+00 4.353642141053295056e+00 -9.670694931570700703e+00
6.061742656130592266e+00 4.659679884168570041e+00 -9.532404779229494807e+00
5.854571583102233134e+00 4.869996350938583518e+00 -9.371403668489453054e+00
5.871902941977108270e+00 4.975533891440975687e+00 -9.191948021589013251e+00
6.110903494223350663e+00 4.969514018886005857e+00 -8.996360032327224587e+00
6.533732427298982515e+00 4.904091463052556499e+00 -8.774978263767570397e+00
7.099930102476550431e+00 4.828618788709746923e+00 -8.518807859198833654e+00
7.803816336421357747e+00 4.731034035417547301e+00 -8.232556573125332733e+00
8.640555988668939591e+00 4.596301178769712337e+00 -7.924687676431616978e+00
9.606237448200074525e+00 4.405487094852991170e+00 -7.608494328280572816e+00
1.069840706562407640e+01 4.139556394154289443e+00 -7.298968220554495900e+00
1.191789075082658123e+01 3.794998832741931505e+00 -6.999283815331573066e+00
1.326595621708817951e+01 3.373169990966886189e+00 -6.708933521407539402e+00
1.474370368157896927e+01 2.877054825188079867e+00 -6.426515196113378181e+00
1.635241870009862808e+01 2.312450859945243131e+00 -6.149031993766158166e+00
1.794319429928389553e+01 1.669286901942741430e+00 -5.897483968395548892e+00
1.936596721539043386e+01 9.516521682555199035e-01 -5.683207096171003059e+00
2.062267045806908783e+01 1.926735974709998800e-01 -5.485186541690831419e+00
2.171830565804298985e+01 -5.713392830347041595e-01 -5.281107243989856315e+00
2.266093449206933386e+01 -1.302449250240425016e+00 -5.048664928289501752e+00
2.345956197006892197e+01 -1.970150881628430994e+00 -4.770687862674361845e+00
2.411773273259607819e+01 -2.576316423138620415e+00 -4.448358546744073827e+00
2.463593900162908668e+01 -3.135071688826760017e+00 -4.088911748302206384e+00
2.501322265580960291e+01 -3.664545515466751446e+00 -3.701074475888023407e+00
2.524756378001665169e+01 -4.185672613299925793e+00 -3.294606940898191283e+00
2.509837287839826914e+01 -4.522836307718971938e+00 -2.949359171007458258e+00
2.432003272437734509e+01 -4.507164023524806495e+00 -2.748041129164811025e+00
2.290286288721911134e+01 -4.169474797557279899e+00 -2.705262211635176328e+00
2.083931155935603385e+01 -3.535202694165841653e+00 -2.834889850473637285e+00
1.812551013285632706e+01 -2.620364441884703854e+00 -3.148855423122811636e+00
1.476327781270336104e+01 -1.424136670840244090e+00 -3.654745958391332206e+00
1.076155227907045386e+01 7.963424627145876400e-02 -4.352635332795799172e+00
6.131766132310325190e+00 1.923315273285468585e+00 -5.240669387053126904e+00
8.859817645212104686e-01 4.138513155815763511e+00 -6.316731984404318823e+00
-4.964187030142884538e+00 6.753655942272997592e+00 -7.578500017690791957e+00
-1.036978114348186075e+01 9.310196412105879560e+00 -8.801050592396011396e+00
-1.429760736973906177e+01 1.131686657782663019e+01 -9.754700058833282839e+00
-1.676334453914196132e+01 1.274387740897615728e+01 -1.043161430653740140e+01
-1.778431660748319132e+01 1.355897614269853868e+01 -1.082607566170227820e+01
-1.737704607280609537e+01 1.373313498230464802e+01 -1.093427358630514945e+01
-1.555327902821854558e+01 1.324708802441846700e+01 -1.075501950469082857e+01
-1.231419167342820664e+01 1.209734221437177837e+01 -1.029155193242443644e+01
-7.654920469348617473e+00 1.029121128635779314e+01 -9.547915442007095521e+00
-1.567186123233251127e+00 7.843698102629245383e+00 -8.526228693624947397e+00
5.959347955159740806e+00 4.775599055875598964e+00 -7.224538735035308967e+00
1.355112429053322387e+01 1.694575481859394994e+00 -5.887872825667862742e+00
1.982801652168586415e+01 -8.056298376735115951e-01 -4.757331043885245414e+00
2.478862847357458321e+01 -2.728372769350343674e+00 -3.821489751141973201e+00
2.842900473954250629e+01 -4.084235031266189253e+00 -3.071615647732298449e+00
3.074376794999458085e+01 -4.889219809132334227e+00 -2.503730993209745570e+00
3.172701848069633002e+01 -5.163146825470636081e+00 -2.124243167900632834e+00
3.137292592447591488e+01 -4.928344038407889371e+00 -1.962371716828864798e+00
2.967751439647931377e+01 -4.206738082475079743e+00 -2.057609761563501394e+00
2.663859624635280809e+01 -3.018268097322139631e+00 -2.450716700777052282e+00
2.225487296141468718e+01 -1.379986392080748914e+00 -3.177808350654621528e+00
1.747306726044632796e+01 3.641558305509260407e-01 -4.062008883028043194e+00
1.323864870711451402e+01 1.883494973495812630e+00 -4.897928351381519718e+00
9.547460484698534700e+00 3.183012776848821890e+00 -5.669713915550349981e+00
6.394504116662481863e+00 4.266851400260717853e+00 -6.360589168633662638e+00
3.774464495330598357e+00 5.138100250668497182e+00 -6.955212411602818001e+00
1.683847293142100687e+00 5.800212347125536461e+00 -7.440423463812162019e+00
1.267106271628160030e-01 6.261456490425650223e+00 -7.805203156888619098e+00
-8.892497719672065593e-01 6.529844179498727641e+00 -8.049369572477440116e+00
-1.355120867507509708e+00 6.611220421523228197e+00 -8.182670917411549283e+00
-1.261864603706171817e+00 6.508945272167719232e+00 -8.221251527223687461e+00
-8.994103051882360589e-01 6.311352269736972609e+00 -8.228774568971479297e+00
-5.598612829151572434e-01 6.109133261127659864e+00 -8.252363224648979312e+00
-2.376334996474049888e-01 5.907530601905885526e+00 -8.285569353186321706e+00
7.330255622231929280e-02 5.712221436852947143e+00 -8.321622988880280403e+00
3.794371360903083801e-01 5.529277159893540627e+00 -8.353557330167964423e+00
6.854184822415834155e-01 5.363774257019352731e+00 -8.375237433373749596e+00
9.871789029860733589e-01 5.215842009950042879e+00 -8.384726494127841434e+00
1.278466369156404214e+00 5.084559292968842570e+00 -8.381922550059121235e+00
1.553063705431919184e+00 4.969199497302208002e+00 -8.367652152838985558e+00
1.804814975516747300e+00 4.869173244690263580e+00 -8.343633376175988658e+00
1.886130771687690277e+00 4.877272583601780731e+00 -8.315700470574498127e+00
1.649904759863147774e+00 5.086786261719081104e+00 -8.291952312132337966e+00
1.089400107213492674e+00 5.495697506912127217e+00 -8.277211454283518677e+00
1.956250609427927500e-01 6.098320918089516596e+00 -8.273926668853491151e+00
-1.043203693543502730e+00 6.884338461105892648e+00 -8.280756384404689641e+00
-2.639961558356590743e+00 7.837777786532297952e+00 -8.291739438444521326e+00
-4.601099779460084527e+00 8.938437844152744560e+00 -8.298706790153532964e+00
-6.930350342415415810e+00 1.016590770352316575e+01 -8.292877050533011385e+00
-9.629444112526737598e+00 1.150201569812539226e+01 -8.265621195089298823e+00
-1.269711917618182717e+01 1.293310976763088505e+01 -8.209245366353032480e+00
-1.551393919186437564e+01 1.416670166718158264e+01 -8.095305937873430224e+00
-1.744453761258509061e+01 1.494356639073747317e+01 -7.916004356424541477e+00
-1.846219878310343887e+01 1.530475619571382140e+01 -7.697942291690194061e+00
-1.854381783457645128e+01 1.528648139342668522e+01 -7.469120403897768767e+00
-1.767208845346123525e+01 1.491373219502341385e+01 -7.257115432999259319e+00
-1.584021437025196199e+01 1.419152692910286007e+01 -7.085564694088277271e+00
-1.306020525164457524e+01 1.309669962429295254e+01 -6.967119910323081200e+00
-9.351844024225925978e+00 1.159227621534875041e+01 -6.906209610198874138e+00
-4.737386213462549733e+00 9.637005925987594424e+00 -6.898505958848792474e+00
7.611401012219807249e-01 7.192202076024499569e+00 -6.929120182912257953e+00
6.210067102720305598e+00 4.651000222087864344e+00 -6.972855820376111069e+00
1.069704164751013664e+01 2.453634434311132928e+00 -6.998956264907539193e+00
1.423816472117662002e+01 6.454603059468473347e-01 -6.981402954787508719e+00
1.685256191898679035e+01 -7.237233854691789148e-01 -6.903192742711023122e+00
1.855883463083602436e+01 -1.606373136570556248e+00 -6.757211190332298223e+00
1.936943960219247884e+01 -1.969065738117356190e+00 -6.550489594811568672e+00
1.928217718616736676e+01 -1.814406118165578619e+00 -6.316247606229834055e+00
1.828664227725472458e+01 -1.164818249052661514e+00 -6.101723051788474628e+00
1.636951095521327915e+01 -5.233824647154428078e-02 -5.961069894441669348e+00
1.351767746438834195e+01 1.486349973103700428e+00 -5.951480497828330662e+00
1.050326503273459799e+01 3.053937534968339307e+00 -6.044668629607324206e+00
8.107469354398201489e+00 4.280069059621840921e+00 -6.160831039909919760e+00
6.333232166896387128e+00 5.171369260574749660e+00 -6.277428122145955136e+00
5.183523334110935465e+00 5.736678378954238156e+00 -6.371478542726830341e+00
4.660334420695565250e+00 5.984117303506572227e+00 -6.422815178082509568e+00
4.764740879268254403e+00 5.920259977256335127e+00 -6.415194726622466703e+00
5.498746594261493925e+00 5.553970748412346836e+00 -6.332053740455564572e+00
6.863772522690145372e+00 4.891025804855543946e+00 -6.163044755482953718e+00
8.860606059741696683e+00 3.933607053898645844e+00 -5.904361168085002554e+00
1.148979113573971844e+01 2.681665788437087805e+00 -5.556596356099626099e+00
1.424038209350010220e+01 1.335464980250113953e+00 -5.254811466945531251e+00
1.660167163149175806e+01 9.919229102874904669e-02 -5.128644275853490697e+00
1.857520708351725958e+01 -1.019474028623968742e+00 -5.169298403347770687e+00
2.016394601556953603e+01 -2.009420842154698406e+00 -5.364949728772778315e+00
2.137284313586198792e+01 -2.856420859510509835e+00 -5.702294188000183617e+00
2.220816527392114992e+01 -3.546033006765525464e+00 -6.170586621585386844e+00
2.267344218028249259e+01 -4.072549016715294457e+00 -6.770616498407590278e+00
2.277119039613310036e+01 -4.433608018745152535e+00 -7.507004776591919892e+00
2.250358647112251376e+01 -4.628232819009807208e+00 -8.385242369484407376e+00
2.187222999277994973e+01 -4.657133511233857881e+00 -9.411364687698085874e+00
2.088074004466625411e+01 -4.431012111687232746e+00 -1.039274037438540077e+01
1.952600512628962548e+01 -3.871649566677811016e+00 -1.113273128590983951e+01
1.779771209222237616e+01 -2.999066625721384938e+00 -1.163213815918595628e+01
1.568468901365343626e+01 -1.833744052601772090e+00 -1.189287359931419630e+01
1.317587393915435001e+01 -3.951350030133351510e-01 -1.191828150374880479e+01
1.026200044340660966e+01 1.301253954334161911e+00 -1.171246347110666974e+01
6.938516003511715269e+00 3.249235842277951036e+00 -1.127765107888628648e+01
3.203369304138039553e+00 5.447692681048422969e+00 -1.061615840064300187e+01
-9.437954418599354689e-01 7.898906561931466896e+00 -9.730844857267502590e+00
-5.501671543984437918e+00 1.060832424942187480e+01 -8.624836917739171938e+00
-9.628067076819961656e+00 1.307325219903416169e+01 -7.580253130673506590e+00
-1.247456340872856728e+01 1.479715267989309524e+01 -6.871275374550539716e+00
-1.403111152540413897e+01 1.579317747898548951e+01 -6.488015183698673027e+00
-1.429041083830585457e+01 1.606923225958447432e+01 -6.419411366807860730e+00
-1.324819559666531177e+01 1.562759404065119639e+01 -6.653699272825155830e+00
-1.090456974093018871e+01 1.446351844891816185e+01 -7.179321265502993654e+00
-7.267352046531112109e+00 1.256231031076504401e+01 -7.987543215555945153e+00
-2.349228744538713443e+00 9.903222971185776657e+00 -9.073723161560383943e+00
3.833111471202709009e+00 6.461310240924365011e+00 -1.043918592863073158e+01
1.125883559104713783e+01 2.208236353184904743e+00 -1.209334051125891918e+01
1.843160851684060830e+01 -1.984383215224459818e+00 -1.370608644200286008e+01
2.387229905083368564e+01 -5.214538388450868922e+00 -1.495151589310002116e+01
2.758653923277418585e+01 -7.462696422268340513e+00 -1.584748729562851111e+01
2.958516787732646947e+01 -8.704391180065186973e+00 -1.640294429273633625e+01
2.988438158732022742e+01 -8.911224200485294844e+00 -1.661544352010594849e+01
2.850793517840888214e+01 -8.051615915205660556e+00 -1.646574715424762658e+01
2.549373673710110566e+01 -6.090285212626842082e+00 -1.590796434904509127e+01
2.089005640623538795e+01 -2.985935244956031909e+00 -1.488346711570968139e+01
1.475507101335092131e+01 1.311300693611142876e+00 -1.332963297777291167e+01
7.157881997133938690e+00 6.861934274609143181e+00 -1.118523329241807573e+01
-4.782181448477995644e-01 1.268368089872338800e+01 -8.823950462927520277e+00
-6.787431990931355408e+00 1.773991388903844424e+01 -6.679274164977289985e+00
-1.178382504908158168e+01 2.201394358990230771e+01 -4.787586238978103204e+00
-1.548930279615417760e+01 2.548156731650092155e+01 -3.187191126740287039e+00
-1.793418596637066287e+01 2.810987017596656301e+01 -1.914576230126398215e+00
-1.916130584287653349e+01 2.985408995005572308e+01 -1.000813920865361695e+00
-1.923764153616910022e+01 3.065044291847399194e+01 -4.679127666631437421e-01
-1.824235094205852192e+01 3.042628819066897705e+01 -3.286260937019207518e-01
-1.625974057919234639e+01 2.910792235742601264e+01 -5.886429797032128874e-01
-1.337526896448835956e+01 2.662560460693886100e+01 -1.248894985351352460e+00
-1.025963278574849724e+01 2.363236739918999518e+01 -2.086511876981750113e+00
-7.520510895250376748e+00 2.083698241826504827e+01 -2.876685794517585215e+00
-5.144076167379851405e+00 1.826077945075385855e+01 -3.616942290618687217e+00
-3.113498583583850898e+00 1.592636737296360927e+01 -4.306661076505639230e+00
-1.410272061331122817e+00 1.385630467210604344e+01 -4.946529230653755604e+00
-1.398201501432527749e-02 1.207200711946581251e+01 -5.537904036950463293e+00
1.100050361658027498e+00 1.059191402970889051e+01 -6.081668584786994458e+00
1.952846506344017463e+00 9.429467917506647368e+00 -6.577945307978973588e+00
2.560127424633664717e+00 8.593632174324678630e+00 -7.026285079348796536e+00
2.932883497528971262e+00 8.089682857255311887e+00 -7.425838351453867503e+00
3.035421978512566898e+00 7.878609901286703021e+00 -7.647753297758579372e+00
2.829606710220609500e+00 7.918688866757481293e+00 -7.562945510384497361e+00
2.317675680315381737e+00 8.206935053761775123e+00 -7.170378771924641015e+00
1.499644325284683610e+00 8.738546383898910364e+00 -6.469681516590284787e+00
3.737287245279792280e-01 9.507684266686084129e+00 -5.461387725152029304e+00
-1.063563986412713991e+00 1.050831386802981271e+01 -4.146935018329524603e+00
-2.818205005549327957e+00 1.173448291174654834e+01 -2.527856555718819287e+00
-4.897750561705037420e+00 1.317926427944857792e+01 -6.060398746310209361e-01
-7.310934090307505961e+00 1.483440010731527003e+01 1.616244956016520185e+00
-1.006754439163073123e+01 1.669014347995916836e+01 4.136492434734412527e+00
-1.264016324815339587e+01 1.833884799008770017e+01 6.453965966386963515e+00
-1.448508777196812858e+01 1.938858769949493421e+01 8.072712660995293277e+00
-1.558623536106955498e+01 1.985407417420342924e+01 8.998138730178851574e+00
-1.592494639729837580e+01 1.975309782477491183e+01 9.236541205175720748e+00
-1.548028660368818166e+01 1.910682415543663382e+01 8.794802021047868124e+00
-1.422969523377632228e+01 1.794015472573140357e+01 7.679273596187780271e+00
-1.215003067970152806e+01 1.628191445827185646e+01 5.893626608135359213e+00
-9.215949563373431630e+00 1.416382014739924067e+01 3.443091320085636120e+00
-5.399143274191944286e+00 1.161962286061108784e+01 3.367885873031650767e-01
-6.680282946069096006e-01 8.684356292762146268e+00 -3.410911370965775902e+00
4.209960613307583088e+00 5.855149332702005438e+00 -7.148287230065077047e+00
8.432381539781459878e+00 3.587981413269667463e+00 -1.023573742128496811e+01
1.197911036350652836e+01 1.854870761524771261e+00 -1.267398352758923963e+01
1.482737660953571890e+01 6.259982479954846468e-01 -1.446695321295314329e+01
1.695152151860173007e+01 -1.295939518159965331e-01 -1.562301251702429639e+01
1.832193051897488800e+01 -4.433613726106280239e-01 -1.615718752251706647e+01
1.890227235654437266e+01 -3.468189138865689358e-01 -1.609566826584437038e+01
1.865342456853502284e+01 1.292130592266627076e-01 -1.547279621433398766e+01
1.753672870100604086e+01 9.555505304132783095e-01 -1.432786031441622576e+01
1.551619994648169865e+01 2.105600445046590607e+00 -1.270245636052250582e+01
1.309377312282587624e+01 3.337259142497783770e+00 -1.094689726098353688e+01
1.080051763484410188e+01 4.430657640949569043e+00 -9.380295313547179603e+00
8.647983196978188403e+00 5.395254125655227107e+00 -7.995347737120992448e+00
6.648173249064841528e+00 6.240538747331580538e+00 -6.782392647624128301e+00
4.813025130875405289e+00 6.975817225896111751e+00 -5.730021263710094459e+00
3.154080032398698830e+00 7.610225105703846360e+00 -4.825299038730801904e+00
1.681541317913638478e+00 8.152479744200903156e+00 -4.054356873662564809e+00
4.025838944999455826e-01 8.608982518636178582e+00 -3.406055861050806044e+00
-6.782802049985323656e-01 8.983876496240968734e+00 -2.872305542662080491e+00
-1.558545368203486881e+00 9.279569125107306249e+00 -2.447506919577326023e+00
-2.174389089998511881e+00 9.478142320672514387e+00 -2.158748392597149568e+00
-2.462259002971173949e+00 9.561518494631123133e+00 -2.033495411325178193e+00
-2.421179079335828543e+00 9.531166429928143558e+00 -2.068360604573972417e+00
-2.049519738280792591e+00 9.389613928764147133e+00 -2.259290305124591836e+00
-1.344257720360177988e+00 9.141299311576137399e+00 -2.600487957830113217e+00
-2.999393772143097436e-01 8.793399453886802775e+00 -3.083447201832099527e+00
1.092037673303387191e+00 8.355531466943030949e+00 -3.697591350916744624e+00
2.840480175455906142e+00 7.837990961520461930e+00 -4.432221046044379165e+00
4.952920854270320028e+00 7.250508057037979626e+00 -5.278015828271503729e+00
7.434803941939303940e+00 6.601097824514363666e+00 -6.228532760351205511e+00
9.956354931126512042e+00 5.985126385813835270e+00 -7.152481860353673504e+00
1.217868096423449131e+01 5.484619086551646205e+00 -7.933142024671185233e+00
1.409127670515079878e+01 5.084245315718026959e+00 -8.590354356347795317e+00
1.568380348867139240e+01 4.767725063979229461e+00 -9.144653789352682693e+00
1.694659833889207334e+01 4.518907737906033617e+00 -9.615838935150890165e+00
1.787217463942317508e+01 4.324224210612832131e+00 -1.001886276897758243e+01
1.845943362045536063e+01 4.178208142542546355e+00 -1.035372799796175158e+01
1.871105624266792233e+01 4.080439461847428007e+00 -1.061199956090989893e+01
1.863212000363667187e+01 4.033857269772829213e+00 -1.078070395918098789e+01
1.822972347128872528e+01 4.044261603651648329e+00 -1.084395390950965066e+01
1.764552882753219265e+01 4.084242103874676566e+00 -1.084423670665165140e+01
1.701897163373336141e+01 4.124369806822433482e+00 -1.082923595846176212e+01
1.635510602935280744e+01 4.169165723875440044e+00 -1.079056531088959936e+01
1.565891620871983392e+01 4.222972268286620867e+00 -1.072122324591583720e+01
1.493517069619917947e+01 4.289908500893315768e+00 -1.061578469244117606e+01
1.418706031255281275e+01 4.374611134541866342e+00 -1.047184804190573715e+01
1.341263204948318233e+01 4.484366587750240996e+00 -1.029326651275977511e+01
1.260854332700952796e+01 4.626381189798538962e+00 -1.008504581277534129e+01
1.177127082599380259e+01 4.806806135840485439e+00 -9.851792270589747602e+00
1.089707470438609072e+01 5.030584639165931016e+00 -9.597586000617200241e+00
9.916241203613680000e+00 5.320187596587921064e+00 -9.275998837611876269e+00
8.758953805303196560e+00 5.698720034484472841e+00 -8.840249819510104246e+00
7.420374478393444662e+00 6.168496417312118396e+00 -8.292674659637537360e+00
5.894661436521188236e+00 6.727793297298416242e+00 -7.634167781874620751e+00
4.174996617042813440e+00 7.370090774746524076e+00 -6.863604142759324844e+00
2.254772864114385378e+00 8.082694727662083523e+00 -5.977664381183700471e+00
1.311753899648415711e-01 8.846210397477580756e+00 -4.972822544051112459e+00
-2.197620086685656560e+00 9.639720995565921768e+00 -3.846555062146534532e+00
-4.733324892725775612e+00 1.044248593745071574e+01 -2.597742288897323171e+00
-7.477443398254032481e+00 1.123464066029861996e+01 -1.227131745265549689e+00
-1.008179285764490274e+01 1.189063060433880459e+01 9.497114058315503371e-02
-1.219170947767332969e+01 1.230814207922673198e+01 1.195724415402081853e+00
-1.379808903022147426e+01 1.250784410651200851e+01 2.068630866331523599e+00
-1.489116333599971931e+01 1.251511195149097766e+01 2.707746526344475768e+00
-1.546081131437161105e+01 1.235823271088006337e+01 3.108852086344873200e+00
-1.549652240343166021e+01 1.206648393884610293e+01 3.271803185414540405e+00
-1.498686651885531340e+01 1.166803465404866813e+01 3.204854803293302190e+00
-1.392077690843305149e+01 1.118808829898917878e+01 2.919884745649134139e+00
-1.228884984656082224e+01 1.064684536375270518e+01 2.428889568056420423e+00
-1.008431964772961464e+01 1.005744235237280648e+01 1.741456261947032846e+00
-7.622564889063569993e+00 9.503725172606165117e+00 9.125558707634220390e-01
-5.224686906343453785e+00 9.054464732270194105e+00 -1.268194006984391109e-02
-2.896571311522287751e+00 8.691145550453033053e+00 -1.045931376343665509e+00
-6.467100783656167806e-01 8.391741041462028150e+00 -2.202743427053801550e+00
1.512959190644544982e+00 8.130512108672725446e+00 -3.502047628126945700e+00
3.565788344248193020e+00 7.879057887720225750e+00 -4.963492161936455815e+00
5.491577893355625406e+00 7.614150518427667436e+00 -6.597806948132054927e+00
7.271867811811420168e+00 7.321362243916949453e+00 -8.407019327961251065e+00
8.891852215927611880e+00 6.995064430667237154e+00 -1.038620898633424616e+01
1.034175530630167827e+01 6.638539219074001352e+00 -1.252452189664909810e+01
1.155433456500995426e+01 6.244627594516071412e+00 -1.453826626812247724e+01
1.248577447077689584e+01 5.829082951952884173e+00 -1.613592340222054844e+01
1.316974849476704357e+01 5.438322673843741129e+00 -1.729167897379232954e+01
1.364178590230292087e+01 5.118351915687942011e+00 -1.798144116685735128e+01
1.393493985438953331e+01 4.910908657495484775e+00 -1.818352493517149426e+01
1.407179822411815806e+01 4.843140785976155271e+00 -1.788299804447990837e+01
1.405160837499246895e+01 4.905290824802635896e+00 -1.708441363109698941e+01
1.386190168817388724e+01 5.072412741345592835e+00 -1.579878781997348192e+01
1.348590408768661320e+01 5.314831087318190761e+00 -1.403890762630957667e+01
1.290663869462961699e+01 5.602077721088589257e+00 -1.181877701052163587e+01
1.223627535034386327e+01 5.856637176053364868e+00 -9.543578433389070526e+00
1.159907910008550580e+01 6.015262512358052760e+00 -7.616865900776325304e+00
1.100171757647057902e+01 6.074571744843551002e+00 -6.049490466487922546e+00
1.045282205505312945e+01 6.034505029301664436e+00 -4.850585316522574075e+00
9.959869729208131517e+00 5.895897066539779630e+00 -4.027485928484956013e+00
9.525451328979121612e+00 5.661132704813232941e+00 -3.582329878125494638e+00
9.142850404578268808e+00 5.340255110327581711e+00 -3.503033062878749604e+00
8.798612799027864639e+00 4.939895754763595548e+00 -3.775361834781544523e+00
8.476371016730345431e+00 4.462206684766639064e+00 -4.386414808528568798e+00
8.160129329222765904e+00 3.907138614501813656e+00 -5.324540214762262025e+00
7.690650737579808549e+00 3.418591276339052687e+00 -6.239115742126482012e+00
6.934965259118846426e+00 3.161260595328401202e+00 -6.781440766999682346e+00
5.917386090131617316e+00 3.162150395283288340e+00 -6.947953988827611838e+00
4.656168770847824767e+00 3.440275627523216695e+00 -6.741054344180609448e+00
3.158041062247627373e+00 4.003058925515569300e+00 -6.169333903887329384e+00
1.412657396649246611e+00 4.841716484293146827e+00 -5.249027979721805792e+00
-6.072469721402695697e-01 5.930153759199217944e+00 -4.004383476004560016e+00
-2.934429132576315435e+00 7.237837068850087263e+00 -2.457839477784878213e+00
-5.599734204829784900e+00 8.735091095110181669e+00 -6.266364819033731770e-01
-8.626520412444072861e+00 1.039636816174079925e+01 1.479290918322507808e+00
-1.158560224308610920e+01 1.184057202891889915e+01 3.337898774176232486e+00
-1.399585916450563161e+01 1.272393359842311078e+01 4.452682137682392849e+00
-1.579615761883566627e+01 1.308962110825712699e+01 4.861630797940551751e+00
-1.693729884682640829e+01 1.298459165476124788e+01 4.601484199996441760e+00
-1.739273852468480186e+01 1.245157403292835241e+01 3.701356043856739220e+00
-1.717209811006401665e+01 1.151705456747443534e+01 2.170884667720489158e+00
-1.633317022976881105e+01 1.017442821951671839e+01 -1.955135311238323514e-02
-1.495938517583689631e+01 8.399473523634693350e+00 -2.918662778230606047e+00
-1.314773063030372846e+01 6.159252203570165562e+00 -6.581008733154524393e+00
-1.100069165740229593e+01 3.416322137289481198e+00 -1.105958970207832692e+01
-9.020617824353774239e+00 6.246668406153355058e-01 -1.562010808555290353e+01
-7.596641144489050923e+00 -1.737430153437756530e+00 -1.948083970661661368e+01
-6.641765040995643687e+00 -3.667427338969805106e+00 -2.261760736481984679e+01
-6.052133578016393400e+00 -5.158706908181464712e+00 -2.500857926604148318e+01
-5.717102949173815674e+00 -6.202636374829814336e+00 -2.663753967763878094e+01
-5.536405010399227500e+00 -6.788020327304614021e+00 -2.749446154716671487e+01
-5.451095215039036823e+00 -6.896336401501571345e+00 -2.757288671422131188e+01
-5.428603100510095203e+00 -6.506945026038587265e+00 -2.687139098453685193e+01
-5.454291376979760742e+00 -5.599999566167185527e+00 -2.539194544356137584e+01
-5.528894756897809515e+00 -4.158081309409270787e+00 -2.313762261000739429e+01
-5.569077897548519118e+00 -2.505309277750103369e+00 -2.055400877123141257e+01
-5.503296064847702951e+00 -9.762727496531056204e-01 -1.808118956802320909e+01
-5.355583372327968661e+00 4.269077540302737006e-01 -1.571238385016861727e+01
-5.144499693285458974e+00 1.700922541390027298e+00 -1.343978928950611973e+01
-4.883488064321432454e+00 2.841335914837219256e+00 -1.125527573595456232e+01
-4.580537245638103272e+00 3.842175166152468790e+00 -9.151560735084833809e+00
-4.236349470174436860e+00 4.695968530632391946e+00 -7.125066798233049781e+00
-3.846660274530725232e+00 5.397659137875811197e+00 -5.175504550189280906e+00
-3.403850938869105835e+00 5.945002659025959701e+00 -3.305079741398794013e+00
-2.897998885643611189e+00 6.338021199730849986e+00 -1.518029519876605615e+00
-2.275011905566784343e+00 6.716683908179094331e+00 1.868824308093257613e-01
-1.482964276635386325e+00 7.222397183745096427e+00 1.813049954132083919e+00
-5.116676452507255002e-01 7.857624565268311656e+00 3.356372774386152891e+00
6.528055165732993270e-01 8.622359205155003536e+00 4.809589129109689054e+00
2.028701005510249455e+00 9.512658500114639537e+00 6.161345544280550257e+00
3.635884672722726307e+00 1.051893010189356659e+01 7.396740419828660151e+00
5.483754203552658524e+00 1.162621217482362468e+01 8.503414827318792391e+00
7.575115609937706829e+00 1.281780954936177963e+01 9.471407906801282195e+00
9.907927005901836282e+00 1.407755635898906021e+01 1.029349989817811739e+01
1.247489752654393058e+01 1.539186405489242482e+01 1.096656631693262796e+01
1.478149879512270459e+01 1.648723178100075160e+01 1.134479138482460669e+01
1.630494930085918526e+01 1.712859840978840964e+01 1.130914095500373051e+01
1.699407484504624932e+01 1.736575023637434256e+01 1.090034220424914579e+01
1.680448429722977011e+01 1.724727049802959655e+01 1.015483084822318105e+01
1.570214694751079065e+01 1.681434199167406973e+01 9.099653713136973465e+00
1.367098706419530885e+01 1.609190971560853001e+01 7.743952743129567828e+00
1.072584637042048428e+01 1.507916972837351111e+01 6.067990807119121754e+00
6.892608863566690225e+00 1.376114710527481044e+01 4.040777467215736607e+00
2.200104806391894652e+00 1.211528909687440603e+01 1.629227710980772237e+00
-3.322848106079769437e+00 1.011528834259253351e+01 -1.196825111373242656e+00
-8.629352174551435439e+00 8.091185929237843411e+00 -4.039595434086452386e+00
-1.269293164121431339e+01 6.391212377068587358e+00 -6.468416430536353623e+00
-1.552411590586087264e+01 5.024462637453694924e+00 -8.454048768155889348e+00
-1.713932942717844554e+01 4.007654951546705924e+00 -9.965975006536240244e+00
-1.755678229077896901e+01 3.360190931575246065e+00 -1.097903597609072079e+01
-1.679074186394009871e+01 3.098283600924401693e+00 -1.148223255020093170e+01
-1.484320670911829154e+01 3.228914768840288829e+00 -1.148951008153631292e+01
-1.170724123775675807e+01 3.754548253164379901e+00 -1.102949493287451688e+01
-7.371234834895423305e+00 4.675832131154374238e+00 -1.013711549347896757e+01
-1.822053823788915672e+00 5.993153058098688923e+00 -8.847437916299504934e+00
3.928327488247761679e+00 7.411145553317842527e+00 -7.501267104247649087e+00
8.856735733473840355e+00 8.635678513622497832e+00 -6.401360010994329386e+00
1.295730261193357435e+01 9.672378929982780704e+00 -5.516499062344769833e+00
1.622310160040694882e+01 1.052894372519909361e+01 -4.811287918566086397e+00
1.864727253263601625e+01 1.121333502902821344e+01 -4.250230041123638003e+00
2.022465367467054520e+01 1.172927735550591422e+01 -3.805938609611340340e+00
2.095531229597020584e+01 1.206643575900220533e+01 -3.476720214761169103e+00
2.084342540195881455e+01 1.220789211701685240e+01 -3.276906972258815998e+00
1.989589136413369630e+01 1.213483347890298525e+01 -3.229897118019588120e+00
1.812136411652745238e+01 1.182879795643462550e+01 -3.364533003918137588e+00
1.552912832683383471e+01 1.127368563413389779e+01 -3.711357473147199215e+00
1.212776915847235237e+01 1.045748075515630227e+01 -4.298776278012635288e+00
7.923639288078564213e+00 9.373701131394783559e+00 -5.149173788337525259e+00
2.919172412093958613e+00 8.022664187974179129e+00 -6.275041199415085202e+00
-2.888862864022260890e+00 6.412734323621283039e+00 -7.675182547462101823e+00
-9.510829766224009774e+00 4.562341248009445849e+00 -9.331003876975245248e+00
-1.696205807673108978e+01 2.499502134013958266e+00 -1.121027762398002281e+01
-2.525823021823496362e+01 2.538465806809113157e-01 -1.327968831584887610e+01
-3.441357692715253336e+01 -2.145936154183461841e+00 -1.550909269905146104e+01
-4.443966547817621660e+01 -4.673580161310024295e+00 -1.787399966514085392e+01
-5.534438997911956903e+01 -7.307081708322503033e+00 -2.035786043403111023e+01
-6.713116116757819896e+01 -1.003086261631715281e+01 -2.295416148041843485e+01
-7.979826698821703701e+01 -1.283818393274299474e+01 -2.566833130525249373e+01
-9.333834595739375573e+01 -1.573369859736519771e+01 -2.851949780164282089e+01
