5.515543716928606699e+01 2.913240795246102621e+01 7.450190811185314343e-01
4.953634770690625544e+01 2.666787186398046217e+01 1.842207601127551886e+00
4.418612476854811177e+01 2.432674582084666071e+01 2.886579357956446046e+00
3.910476835421164310e+01 2.210902982305962539e+01 3.878134351605212693e+00
3.429227846389684231e+01 2.001472387061934910e+01 4.816872582073853160e+00
2.974865509760373428e+01 1.804382796352584251e+01 5.702794049362369222e+00
2.547389825533228347e+01 1.619634210177909850e+01 6.535898753470754663e+00
2.146800793708249344e+01 1.447226628537910642e+01 7.316186694399015700e+00
1.773098414285438906e+01 1.287160051432588403e+01 8.043657872147150556e+00
1.426282687264796145e+01 1.139434478861942956e+01 8.718312286715157455e+00
1.106353612646320173e+01 1.004049910825973413e+01 9.340149938103039062e+00
8.133111904300125872e+00 8.810063473246806609e+00 9.909170826310793601e+00
5.471554206158712574e+00 7.703037883580639011e+00 1.042537495133842285e+01
3.078863032038972047e+00 6.719422339261232224e+00 1.088876231318592325e+01
9.550383819409038466e-01 5.859216840288590689e+00 1.129933291185329836e+01
-8.999197441354838123e-01 5.122421386662715292e+00 1.165708674734054462e+01
-2.486011346190204474e+00 4.509035978383598930e+00 1.196202381964766559e+01
-3.803236424223250811e+00 4.019060615451248708e+00 1.221414412877465949e+01
-4.851594978234622602e+00 3.652495297865661517e+00 1.241344767472152988e+01
-5.631087008224321622e+00 3.409340025626836912e+00 1.255993445748826964e+01
-6.141712514192351868e+00 3.289594798734775338e+00 1.265360447707488589e+01
-6.383471496138703571e+00 3.293259617189478128e+00 1.269445773348137507e+01
-6.356363954063385613e+00 3.420334480990942616e+00 1.268249422670773718e+01
-6.060389887966391775e+00 3.670819390139171912e+00 1.261771395675397045e+01
-5.495549297847727388e+00 4.044714344634162906e+00 1.250011692362008020e+01
-4.661842183707388898e+00 4.542019344475919596e+00 1.232970312730606288e+01
-3.779616364236527470e+00 4.959391581004172878e+00 1.206528069136619941e+01
-3.069220314814580686e+00 5.093487639549306500e+00 1.166565761659330569e+01
-2.530654035441669336e+00 4.944307520111205001e+00 1.113083390298735686e+01
-2.163917526117795198e+00 4.511851222689870156e+00 1.046080955054835648e+01
-1.969010786842954719e+00 3.796118747285301076e+00 9.655584559276299217e+00
-1.945933817617150119e+00 2.797110093897494654e+00 8.715158929171185065e+00
-2.094686618440381398e+00 1.514825262526453553e+00 7.639532660233017580e+00
-2.415269189312648557e+00 -5.073574682782133749e-02 6.428705752461790546e+00
-2.907681530233952039e+00 -1.899572934165333571e+00 5.082678205857511955e+00
-3.571923641204287403e+00 -4.031686299486067604e+00 3.601450020420186693e+00
-4.249352615678089862e+00 -6.026748606703385747e+00 2.167880190781482419e+00
-4.781324979757901161e+00 -7.464431116521595300e+00 9.648283655285506688e-01
-5.167840733443597401e+00 -8.344733828940361420e+00 -7.705455338462202652e-03
-5.408899876735177692e+00 -8.667656743959684107e+00 -7.497212718195567227e-01
-5.504502409632642035e+00 -8.433199861579565138e+00 -1.261219083914733030e+00
-5.454648332135990429e+00 -7.641363181800005400e+00 -1.542198891623988821e+00
-5.259337644245222876e+00 -6.292146704621000453e+00 -1.592660694947328537e+00
-4.918570345960338486e+00 -4.385550430042550296e+00 -1.412604493884749512e+00
-4.432346437281339924e+00 -1.921574358064659371e+00 -1.002030288436252858e+00
-3.800665918208223193e+00 1.099781511312675875e+00 -3.609380786018365761e-01
-3.157177778280181091e+00 4.165083855289564596e+00 3.443723684640648264e-01
-2.635531166358473953e+00 6.760898739005643421e+00 9.476010873621688591e-01
-2.235726082443109330e+00 8.887226162460903467e+00 1.448748078092467972e+00
-1.957762526534089664e+00 1.054406612565533052e+01 1.847813340654959946e+00
-1.801640498631415621e+00 1.173141862858892281e+01 2.144796875049642892e+00
-1.767359998735086535e+00 1.244928367126167501e+01 2.339698681276517256e+00
-1.854921026845102627e+00 1.269766125367359422e+01 2.432518759335584146e+00
-2.064323582961464343e+00 1.247655137582468221e+01 2.423257109226842676e+00
-2.395567667084170349e+00 1.178595403771493011e+01 2.311913730950291956e+00
-2.848653279213221978e+00 1.062586923934433969e+01 2.098488624505933764e+00
-3.257713915858321485e+00 9.111505286314994123e+00 1.815250967063940957e+00
-3.456882282614873070e+00 7.358071033585812160e+00 1.494470089666146917e+00
-3.446158379482645362e+00 5.365566481156918144e+00 1.136145992312590725e+00
-3.225542206461634365e+00 3.133991629028329395e+00 7.402786750032752661e-01
-2.795033763551841854e+00 6.633464772000499110e-01 3.068681377382015407e-01
-2.154633050753266499e+00 -2.046368974327922530e+00 -1.640856194826313397e-01
-1.304340068065908742e+00 -4.995154725555591924e+00 -6.725825966592235972e-01
-2.441548154897681400e-01 -8.183010776482950277e+00 -1.218622793791574344e+00
1.025922706975155752e+00 -1.160993712711000647e+01 -1.802206210879684356e+00
2.505892499328861156e+00 -1.527593377743674985e+01 -2.423332847923552968e+00
3.942010004601502526e+00 -1.864339817568381363e+01 -2.993684823455684541e+00
5.080530060848613694e+00 -2.117472648832649540e+01 -3.424944045442185558e+00
5.921452668070106284e+00 -2.286991871536460863e+01 -3.717110513883026268e+00
6.464777826265976302e+00 -2.372897485679814622e+01 -3.870184228778205338e+00
6.710505535436236180e+00 -2.375189491262712949e+01 -3.884165190127727652e+00
6.658635795580873484e+00 -2.293867888285154066e+01 -3.759053397931586993e+00
6.309168606699896209e+00 -2.128932676747138686e+01 -3.494848852189788246e+00
5.662103968793298137e+00 -1.880383856648666097e+01 -3.091551552902327415e+00
4.717441881861082820e+00 -1.548221427989737009e+01 -2.549161500069207165e+00
3.475182345903245817e+00 -1.132445390770350357e+01 -1.867678693690425273e+00
2.152020144063191864e+00 -6.969314285900758854e+00 -1.152501174791149774e+00
9.646500594843210319e-01 -3.055552250484823595e+00 -5.090269843965470331e-01
-8.692790783336831750e-02 4.168321985443040889e-01 6.274387749338318498e-02
-1.002713757889874602e+00 3.447839061186619425e+00 5.628114108786401726e-01
-1.782707490685199403e+00 6.037468337442128963e+00 9.911756157592247485e-01
-2.426909106219341528e+00 8.185720027310827263e+00 1.347836492135136233e+00
-2.935318604492296313e+00 9.892594130792701890e+00 1.632794040006372738e+00
-3.307935985504075305e+00 1.115809064788778926e+01 1.846048259372939926e+00
-3.544761249254672286e+00 1.198220957859606806e+01 1.987599150234834466e+00
-3.645794395744106797e+00 1.236495092291759690e+01 2.057446712592065907e+00
-3.670401676828239701e+00 1.248228477798957847e+01 2.084053508568824764e+00
-3.677949202822987651e+00 1.251018082140449650e+01 2.095882032429374764e+00
-3.668436973728351536e+00 1.244863905316234920e+01 2.092932284173717683e+00
-3.641864989544329578e+00 1.229765947326313480e+01 2.075204263801851301e+00
-3.598233250270923111e+00 1.205724208170685330e+01 2.042697971313777838e+00
-3.537541755908133023e+00 1.172738687849351180e+01 1.995413406709495963e+00
-3.459790506455957537e+00 1.130809386362310498e+01 1.933350569989005896e+00
-3.364979501914396653e+00 1.079936303709562750e+01 1.856509461152307860e+00
-3.253108742283453481e+00 1.020119439891109714e+01 1.764890080199402966e+00
-3.124178227563113808e+00 9.513587949069510330e+00 1.658492427130290991e+00
-2.972090551074253462e+00 8.750681569109273639e+00 1.539338126471469392e+00
-2.790748335212346110e+00 7.926613073154315181e+00 1.409448793109605580e+00
-2.580151579977393528e+00 7.041382461204642951e+00 1.268824427044700887e+00
-2.340300285369394384e+00 6.094989733260253395e+00 1.117465028276754202e+00
-2.071194451388349567e+00 5.087434889321149178e+00 9.553705968057663034e-01
-1.772834078034258409e+00 4.018717929387326748e+00 7.825411326317369687e-01
-1.445219165307121134e+00 2.888838853458786993e+00 5.989766357546659759e-01
-1.088349713206938407e+00 1.697797661535530800e+00 4.046771061745536024e-01
-7.022257217337095625e-01 4.455943536175595021e-01 1.996425438913999595e-01
-2.868471908874347109e-01 -8.677710702951291211e-01 -1.612705109479528609e-02
1.244708870634481795e-01 -2.131595068037372087e+00 -2.263735148213141257e-01
4.984133609920024521e-01 -3.235173569567598051e+00 -4.148386058003562527e-01
8.349802308981807419e-01 -4.178506574885647140e+00 -5.815223240318984077e-01
1.134171496781983368e+00 -4.961594083991524684e+00 -7.264246695159409795e-01
1.395987158643409609e+00 -5.584436096885223577e+00 -8.495456422524833018e-01
1.620427216482460242e+00 -6.047032613566749149e+00 -9.508852422415259298e-01
1.807491670299134601e+00 -6.349383634036099622e+00 -1.030443469483068419e+00
1.957180520093430465e+00 -6.491489158293273221e+00 -1.088220323977110437e+00
2.069493765865353829e+00 -6.473349186338277050e+00 -1.124215805723653983e+00
2.144431407614901364e+00 -6.294963718171106670e+00 -1.138429914722697500e+00
2.125503847675151992e+00 -5.893685856597683959e+00 -1.107124481208195288e+00
1.956220680285391200e+00 -5.206867808248871299e+00 -1.006560995835339423e+00
1.636581905444898233e+00 -4.234509573123865778e+00 -8.367394586038260362e-01
1.166587523153672423e+00 -2.976611151222670504e+00 -5.976598695136561279e-01
5.462375334117144376e-01 -1.433172542545284145e+00 -2.893222285648286984e-01
-2.244680637809759460e-01 3.958062529082937431e-01 8.827346424265547498e-02
-1.145529268424400282e+00 2.510325235138064937e+00 5.351272089087971695e-01
-2.216946080518556350e+00 4.910384404144025439e+00 1.051239005433595830e+00
-3.438718500063445926e+00 7.595983759926178358e+00 1.636608853817051568e+00
-4.810846527059067235e+00 1.056712330248452147e+01 2.291236754059164493e+00
-6.051351964575764519e+00 1.321292387655404177e+01 2.881104253706173068e+00
-6.878256615683875808e+00 1.492250632686972445e+01 3.272192900304312868e+00
-7.291560480383402876e+00 1.569587065343156240e+01 3.464502693853585669e+00
-7.291263558674345724e+00 1.553301685623956274e+01 3.458033634353991914e+00
-6.877365850556707016e+00 1.443394493529372369e+01 3.252785721805531161e+00
-6.049867356030480536e+00 1.239865489059403991e+01 2.848758956208201631e+00
-4.808768075095672501e+00 9.427146722140522073e+00 2.245953337562005991e+00
-3.154068007752281133e+00 5.519420429933166616e+00 1.444368865866943796e+00
-1.085767154000305545e+00 6.754760139719664380e-01 4.440055411230137139e-01
1.396134486154408494e+00 -5.104686525729911217e+00 -7.551366366669480801e-01
3.834417627911781867e+00 -1.079210292053238440e+01 -1.931376853221864032e+00
5.771869526981766363e+00 -1.535782362110258248e+01 -2.863037465398960979e+00
7.208490183364338222e+00 -1.880184862744043883e+01 -3.550118473198228930e+00
8.144279597059556508e+00 -2.112417793954610445e+01 -3.992619876619695418e+00
8.579237768067384806e+00 -2.232481155741949053e+01 -4.190541675663343568e+00
8.513364696387826669e+00 -2.240374948106060060e+01 -4.143883870329172936e+00
7.946660382020876767e+00 -2.136099171046942757e+01 -3.852646460617183521e+00
6.879124824966538654e+00 -1.919653824564598210e+01 -3.316829446527376213e+00
5.310758025224814105e+00 -1.591038908659025530e+01 -2.536432828059750566e+00
3.241559982796303085e+00 -1.150254423330356879e+01 -1.511456605214590576e+00
1.098160742793859557e+00 -6.900364313912525027e+00 -4.422667249706807024e-01
-6.928116839935812843e-01 -3.031205534558163439e+00 4.707718211093503413e-01
-2.131357297566018438e+00 1.049321047595148659e-01 1.227659033025501278e+00
-3.217476097923450240e+00 2.508048604040508778e+00 1.828394910777772830e+00
-3.951168085065878799e+00 4.178143963284818518e+00 2.272979454366164553e+00
-4.332433258993302339e+00 5.115218182492442089e+00 2.561412663790677335e+00
-4.361271619705721747e+00 5.319271261663383044e+00 2.693694539051310510e+00
-4.037683167203137025e+00 4.790303200797639605e+00 2.669825080148064078e+00
-3.361667901485547283e+00 3.528313999895209996e+00 2.489804287080937151e+00
-2.333225822552954298e+00 1.533303658956098658e+00 2.153632159849931060e+00
-1.375799482075879210e+00 -6.701799368258595235e-01 1.926404748214264329e+00
-9.128334508592759189e-01 -2.557586401013874688e+00 2.073219366011504583e+00
-9.443277289037450561e-01 -4.128915733607203542e+00 2.594076013242029077e+00
-1.470282316209287066e+00 -5.384167934605847528e+00 3.488974689905837145e+00
-2.490697212775902614e+00 -6.323343004009801760e+00 4.757915396002929675e+00
-4.005572418603591700e+00 -6.946440941819069792e+00 6.400898131533304891e+00
-6.014907933692354547e+00 -7.253461748033651624e+00 8.417922896496964569e+00
-8.518703758042128982e+00 -7.244405422653549920e+00 1.080898969089385275e+01
-1.151695989165302692e+01 -6.919271965678764680e+00 1.357409851472407247e+01
-1.500967633452499506e+01 -6.278061377109292351e+00 1.671324936798757221e+01
-1.817691875098107701e+01 -5.504578030514102771e+00 1.948874672357426263e+01
-2.019874107603708424e+01 -4.782628928816578195e+00 2.116288450150766920e+01
-2.107514330968252736e+01 -4.112214072019072297e+00 2.173566270177835591e+01
-2.080612545191741702e+01 -3.493333460121584189e+00 2.120708132438633342e+01
-1.939168750274174258e+01 -2.925987093124112981e+00 1.957714036933159818e+01
-1.683182946215550757e+01 -2.410174971026659563e+00 1.684583983661414663e+01
-1.312655133015871733e+01 -1.945897093829224156e+00 1.301317972623397701e+01
-8.275853106751364763e+00 -1.533153461531806538e+00 8.079160038191096405e+00
-2.279734791933449856e+00 -1.171944074134405378e+00 2.043780772485501274e+00
4.861803614295023834e+00 -8.622689316370224510e-01 -5.092958070882811938e+00
1.177683597608759136e+01 -5.976862418753892126e-01 -1.204023199166263147e+01
1.709343615759777890e+01 -3.717542126852381723e-01 -1.750721648960274734e+01
2.081160415882557757e+01 -1.844728440665692470e-01 -2.149391156470315067e+01
2.293133997977101046e+01 -3.584213601938233268e-02 -2.400031721696385745e+01
2.345264362043405626e+01 7.413791145632230017e-02 -2.502643344638485345e+01
2.237551508081472562e+01 1.454672983605448389e-01 -2.457226025296615290e+01
1.969995436091301144e+01 1.781460246932853320e-01 -2.263779763670774514e+01
1.542596146072893148e+01 1.721740904545435991e-01 -1.922304559760963727e+01
9.553536380262464434e+00 1.275514956443198344e-01 -1.432800413567182751e+01
2.082679119532173662e+00 4.427824026297597776e-02 -7.952673250910916813e+00
-5.535579602987230174e+00 -4.933155842082696113e-02 -1.396027296501195059e+00
-1.185022982577789463e+01 -1.249641881711423541e-01 4.042977956177551846e+00
-1.686127154883971713e+01 -1.826196489879690077e-01 8.364342507125233084e+00
-2.056870477217292503e+01 -2.222979408713096627e-01 1.156806635634205094e+01
-2.297252949577739400e+01 -2.439990638211626539e-01 1.365414950382788817e+01
-2.407274571965311694e+01 -2.477230178375280922e-01 1.462259194958274655e+01
-2.386935344380009383e+01 -2.334698029204058667e-01 1.447339369360662786e+01
-2.236235266821833179e+01 -2.012394190697960328e-01 1.320655473589953033e+01
-1.955174339290782370e+01 -1.510318662856987293e-01 1.082207507646145572e+01
-1.543752561786990718e+01 -8.284714456813441208e-02 7.319954715293587988e+00
-1.095731828014175768e+01 -1.125993715510198966e-02 3.537632306217897149e+00
-7.048735845859732230e+00 4.915514221267719419e-02 3.125425098507688682e-01
-3.711778315023826380e+00 9.839809353520313773e-02 -2.355314673807798354e+00
-9.464456876340430203e-01 1.364689168124758600e-01 -4.465939244757802129e+00
1.247262036309617184e+00 1.633676120444953472e-01 -6.019331202999244290e+00
2.869344856807126476e+00 1.790941792312613356e-01 -7.015490548532108406e+00
3.919802773858573008e+00 1.836486183727745469e-01 -7.454417281356443326e+00
4.398635787463862634e+00 1.770309294690345925e-01 -7.336111401472207305e+00
4.305843897623039318e+00 1.592411125200407784e-01 -6.660572908879390575e+00
3.641427104339232557e+00 1.302791675259664661e-01 -5.427801803585506235e+00
2.542699297728433283e+00 9.769415168878987921e-02 -3.965481289973781465e+00
1.146971748886522313e+00 6.903497822554352514e-02 -2.601288322448521040e+00
-5.457555421866242540e-01 4.430164713622484346e-02 -1.335222901009601948e+00
-2.535482575490855428e+00 2.349415842083599909e-02 -1.672850256571367655e-01
-4.822209351026348401e+00 6.612512079375151494e-03 9.025253036089783132e-01
-7.405935868792900223e+00 -6.343291888156181446e-03 1.874208086788648142e+00
-1.028666212879074138e+01 -1.537325348175915853e-02 2.747763323881958542e+00
-1.346438813101961074e+01 -2.047737270143298524e-02 3.523191014888832129e+00
-1.693911387547979785e+01 -2.165564954717811089e-02 4.200491159809338626e+00
-2.071083936216679433e+01 -1.890808401900349531e-02 4.779663758642993088e+00
-2.404092479545432326e+01 -1.383014599941487927e-02 5.186118589190142458e+00
-2.619073742388738779e+01 -8.017290155431879006e-03 5.345266140594176818e+00
-2.716027724746615846e+01 -1.469516487053976715e-03 5.257106412855108601e+00
-2.694954426619055710e+01 5.813175005718245608e-03 4.921639405972949355e+00
-2.555853848006057305e+01 1.383078432288543588e-02 4.338865119947667992e+00
-2.298725988907632001e+01 2.258331146444688201e-02 3.508783554779314695e+00
-1.923570849323755994e+01 3.207075643040335766e-02 2.431394710467816633e+00
-1.430388429254464988e+01 4.229311922075402325e-02 1.106698587013270618e+00
-8.191787286997133322e+00 5.325039983549979122e-02 -4.653048155844423661e-01
-8.994174765955591511e-01 6.494259827463967627e-02 -2.284615497325182432e+00
6.428926103861396513e+00 7.574019936374577766e-02 -4.076403767412276835e+00
1.264894441957506288e+01 8.401368792838993793e-02 -5.565839935049051057e+00
1.776063747054487862e+01 8.976306396857144931e-02 -6.752924000235366542e+00
2.176400525677131981e+01 9.298832748429086692e-02 -7.637655962971337864e+00
2.465904777825401339e+01 9.368947847554787156e-02 -8.220035823256878871e+00
2.644576503499321873e+01 9.186651694234249099e-02 -8.500063581092042853e+00
2.712415702698878306e+01 8.751944288467496114e-02 -8.477739236476809381e+00
2.669422375424076677e+01 8.064825630254482403e-02 -8.153062789411173128e+00
2.515596521674919117e+01 7.125295719595271804e-02 -7.526034239895158962e+00
2.250938141451394614e+01 5.933354556489783133e-02 -6.596653587928719809e+00
1.946183319122219402e+01 4.667681880596379757e-02 -5.571242748014952895e+00
1.672068813649945085e+01 3.506959135601084299e-02 -4.656125602301771416e+00
1.428594625034998167e+01 2.451186321505017390e-02 -3.851302150790430812e+00
1.215760753277356976e+01 1.500363438308082581e-02 -3.156772393480858696e+00
1.033567198377040519e+01 6.544904860103659128e-03 -2.572536330373118130e+00
8.820139603340324541e+00 -8.643253538820790116e-04 -2.098593961467155822e+00
7.611010391483462811e+00 -7.224056258875730281e-03 -1.734945286763014405e+00
6.708284348199712532e+00 -1.253428785487785933e-02 -1.481590306260661460e+00
6.111961473489153640e+00 -1.679502014188799866e-02 -1.338529019960119637e+00
5.822041767351734620e+00 -2.000625311990652383e-02 -1.305761427861376056e+00
5.538299936329741158e+00 -2.258289007485065822e-02 -1.294049570207235877e+00
4.960504960588245638e+00 -2.493984220633745433e-02 -1.214153785151348197e+00
4.088656840120472147e+00 -2.707710951437615129e-02 -1.066074072691691299e+00
2.922755574926344302e+00 -2.899469199896693300e-02 -8.498104328282514164e-01
1.462801165005963355e+00 -3.069258966010962597e-02 -5.653628655610482001e-01
-2.912063896407142138e-01 -3.217080249780432388e-02 -2.127313708900735456e-01
-2.339267089013787437e+00 -3.342933051205106837e-02 2.080840511846930863e-01
-4.681380933113071130e+00 -3.446817370284976229e-02 6.970834006632136148e-01
-7.317547921938778011e+00 -3.528733207020049584e-02 1.254266677545532449e+00
-1.024776805548381375e+01 -3.588680561421742771e-02 1.879633881829971820e+00
-1.317046894188493233e+01 -4.129111257199837015e-02 2.501613492704004127e+00
-1.578408394123984770e+01 -5.652467534681725192e-02 3.048635354455515589e+00
-1.808861305354879434e+01 -8.158749393867545385e-02 3.520699467084553724e+00
-2.008405627881155908e+01 -1.164795683475707277e-01 3.917805830591077676e+00
-2.177041361702832489e+01 -1.612008985735061684e-01 4.239954444975121639e+00
-2.314768506819893901e+01 -2.157514846164778344e-01 4.487145310236657636e+00
-2.421587063232352577e+01 -2.801313264764905830e-01 4.659378426375707427e+00
-2.497497030940199636e+01 -3.543404241535386134e-01 4.756653793392256802e+00
-2.542498409943440763e+01 -4.383787776476285591e-01 4.778971411286312865e+00
-2.556591200241971507e+01 -5.322463869588048846e-01 4.726331280057650908e+00
-2.522026221897516507e+01 -6.450598859798487572e-01 4.559496140551119403e+00
-2.421054464240065229e+01 -7.859358216610971004e-01 4.239229107804797003e+00
-2.253675927269607371e+01 -9.548741940025622377e-01 3.765530181818656619e+00
-2.019890610986158919e+01 -1.151875003004229292e+00 3.138399362592736885e+00
-1.719698515389698557e+01 -1.376938248666115694e+00 2.357836650126986733e+00
-1.353099640480253285e+01 -1.630063930988201681e+00 1.423842044421471886e+00
-9.200939862577897088e+00 -1.911252049970509237e+00 3.364155454761110775e-01
-4.206815527223470852e+00 -2.220502605613013714e+00 -9.044428467089993262e-01
1.451376601261189947e+00 -2.557815597915742867e+00 -2.298733132133970347e+00
7.773636522875584376e+00 -2.923191026878666055e+00 -3.846455310798677196e+00
1.382696584408332008e+01 -3.270085917643855478e+00 -5.325025489910154342e+00
1.867836617134795318e+01 -3.551957295353377120e+00 -6.511859776675423817e+00
2.232783750466905204e+01 -3.768805160007207000e+00 -7.406958171094378152e+00
2.477537984404694527e+01 -3.920629511605365103e+00 -8.010320673167099059e+00
2.602099318948141615e+01 -4.007430350147837217e+00 -8.321947282893532361e+00
2.606467754097256062e+01 -4.029207675634629560e+00 -8.341838000273707365e+00
2.490643289852039999e+01 -3.985961488065743907e+00 -8.069992825307618745e+00
2.254625926212480991e+01 -3.877691787441173599e+00 -7.506411757995247847e+00
1.898415663178600354e+01 -3.704398573760927960e+00 -6.651094798336636416e+00
1.422012500750367714e+01 -3.466081847024993223e+00 -5.504041946331716950e+00
9.053041003838798062e+00 -3.261852197060498781e+00 -4.299866104260686939e+00
4.281788854055309734e+00 -3.190821158889598941e+00 -3.273182411853219342e+00
-9.363144184182048413e-02 -3.252988732512862580e+00 -2.423990869110735691e+00
-4.073219883852989831e+00 -3.448354917930295915e+00 -1.752291476033161821e+00
-7.656976471977836596e+00 -3.776919715141881184e+00 -1.258084232620556575e+00
-1.084490120621668297e+01 -4.238683124147648584e+00 -9.413691388728767651e-01
-1.363699408656924561e+01 -4.833645144947555039e+00 -8.021461947901504796e-01
-1.603325511303577144e+01 -5.561805777541654727e+00 -8.404154003723652844e-01
-1.803368428561604730e+01 -6.423165021929882812e+00 -1.056176755619517404e+00
-1.963828160431025083e+01 -7.417722878112316565e+00 -1.449430260531626491e+00
-2.078544505678756593e+01 -8.355868191991474347e+00 -1.894935659382111171e+00
-2.141357145574526299e+01 -9.047986192902730096e+00 -2.267450307661918352e+00
-2.152266080118190317e+01 -9.494076880841715749e+00 -2.566974205368167894e+00
-2.111271309309748290e+01 -9.694140255808470386e+00 -2.793507352500886221e+00
-2.018372833149203771e+01 -9.648176317802970914e+00 -2.947049749060052903e+00
-1.873570651636557116e+01 -9.356185066825236873e+00 -3.027601395045680377e+00
-1.676864764771796956e+01 -8.818166502875234514e+00 -3.035162290457765089e+00
-1.428255172554942121e+01 -8.034120625953015349e+00 -2.969732435296309703e+00
-1.127741874985970227e+01 -7.004047436058509213e+00 -2.831311829561306226e+00
-7.753248720657889059e+00 -5.727946933195473989e+00 -2.619900473253586881e+00
-4.097618048668351776e+00 -4.367145067457126828e+00 -2.371529360696366773e+00
-6.980957522796522596e-01 -3.082964711928959378e+00 -2.122228798985234643e+00
2.445318168508506140e+00 -1.875405866610857508e+00 -1.871998788120169399e+00
5.332623713695847201e+00 -7.444685315029283545e-01 -1.620839328101193022e+00
7.963820883282629381e+00 3.098472933949278918e-01 -1.368750418928282198e+00
1.033890967726861376e+01 1.287541608082618083e+00 -1.115732060601460462e+00
1.245789009565401884e+01 2.188614412560228928e+00 -8.617842531207047241e-01
1.432076213843864920e+01 3.013065706827680490e+00 -6.069069964860379640e-01
1.592752580562267362e+01 3.760895490885045600e+00 -3.511002906974372562e-01
1.727818109720576345e+01 4.432103764732078233e+00 -9.436413575508437179e-02
1.834039420036703305e+01 4.994861931618249429e+00 1.353127904416795424e-01
1.908183161064262023e+01 5.417341698332093003e+00 3.099420769125551534e-01
1.950249332803258895e+01 5.699543064873640930e+00 4.295237236575574769e-01
1.960237935253690722e+01 5.841466031242870116e+00 4.940577306766760213e-01
1.938148968415558215e+01 5.843110597439795662e+00 5.035440979699166153e-01
1.883982432288863507e+01 5.704476763464413125e+00 4.579828255372783707e-01
1.797738326873600911e+01 5.425564529316713624e+00 3.573739133787572353e-01
1.679416652169779667e+01 5.006373894996722029e+00 2.017173614943622573e-01
1.529017408177387694e+01 4.446904860504397483e+00 -8.986830115920718676e-03
1.346540594896439202e+01 3.747157425839793277e+00 -2.747386614520727077e-01
1.159398209773253718e+01 3.018901944067889698e+00 -5.465939766583356452e-01
9.950022502541497005e+00 2.373908768253663482e+00 -7.756086198789527986e-01
8.533527163391427806e+00 1.812177898397173026e+00 -9.617825911139031847e-01
7.344496080282192807e+00 1.333709334498367483e+00 -1.105115890363204345e+00
6.382929253213903920e+00 9.385030765572892619e-01 -1.205608517626842957e+00
5.648826682186472325e+00 6.265591245739039472e-01 -1.263260472904827569e+00
5.142188367199967303e+00 3.978774785482389609e-01 -1.278071756197153741e+00
4.863014308254340001e+00 2.524581384802739303e-01 -1.250042367503822804e+00
4.811304505349616178e+00 1.903011043700218174e-01 -1.179172306824836536e+00
4.987058958485793170e+00 2.114063762174770711e-01 -1.065461574160189384e+00
5.327699951444338389e+00 3.301032295400524452e-01 -9.352997687229878121e-01
5.770649171217381301e+00 5.607210765102015326e-01 -8.150767413978983189e-01
6.315906617804522227e+00 9.032599171279852568e-01 -7.047924921850813318e-01
6.963472291205815345e+00 1.357719751393434260e+00 -6.044470210845271918e-01
7.713346191421200260e+00 1.924100579306507797e+00 -5.140403280962451138e-01
8.565528318450743583e+00 2.602402400867256826e+00 -4.335724132202266046e-01
9.520018672294369821e+00 3.392625216075619843e+00 -3.630432764564791581e-01
1.057681725295216246e+01 4.294769024931667900e+00 -3.024529178049963907e-01
1.173592406042403091e+01 5.308833827435321950e+00 -2.518013372657836313e-01
1.299733909471007465e+01 6.434819623586669479e+00 -2.110885348388364668e-01
1.426622845928850936e+01 7.556131027464922489e+00 -1.450825548862393344e-01
1.544775644881395316e+01 8.556170429255733012e+00 -1.855076976983699444e-02
1.654192306328415185e+01 9.434937828956355688e+00 1.685068205111602824e-01
1.754872830269920669e+01 1.019243322656688022e+01 4.160902159567693159e-01
1.846817216705901288e+01 1.082865662208722668e+01 7.241994165669679573e-01
1.930025465636363080e+01 1.134360801551743947e+01 1.092834422341766087e+00
2.004497577061308178e+01 1.173728740685752925e+01 1.521995233281183690e+00
2.070233550980731252e+01 1.200969479610746404e+01 2.011681849385182907e+00
2.127233387394636921e+01 1.216083018326726695e+01 2.561894270653807482e+00
2.175497086302388539e+01 1.219069356833453455e+01 3.172632497084470593e+00
2.187245006683120607e+01 1.199425466685155861e+01 3.732309171535680647e+00
2.134698037363617473e+01 1.146648519762805840e+01 4.129339065197865644e+00
2.017856178343873452e+01 1.060738516066399661e+01 4.363722178071061109e+00
1.836719429623899913e+01 9.416954555959447859e+00 4.435458510155246614e+00
1.591287791203680513e+01 7.895193383514301111e+00 4.344548061450426601e+00
1.281561263083236568e+01 6.042101643328696703e+00 4.090990831956609952e+00
9.075398452625403678e+00 3.857679335402467657e+00 3.674786821673775350e+00
4.692235377416269060e+00 1.341926459735808486e+00 3.095936030601959210e+00
-3.338765947954449587e-01 -1.505156983671503745e+00 2.354438458741109130e+00
-6.002937464003561985e+00 -4.683570994816004252e+00 1.450294106092220536e+00
-1.130756278978500617e+01 -7.628186488226528006e+00 5.468705628029200128e-01
-1.524037773881947722e+01 -9.773879767887006409e+00 -1.924661389635488329e-01
-1.780138231110732150e+01 -1.112065083379762065e+01 -7.677159992072499772e-01
-1.899057650664830987e+01 -1.166849968595825793e+01 -1.178879017928133432e+00
-1.880796032544255425e+01 -1.141742632436896798e+01 -1.425955195126235697e+00
-1.725353376749006529e+01 -1.036743074902977213e+01 -1.508944530801534789e+00
-1.432729683279069910e+01 -8.518512959940570894e+00 -1.427847024954036481e+00
-1.002924952134473813e+01 -5.870672957101541911e+00 -1.182662677583750543e+00
-4.359391833151772033e+00 -2.423910740512434714e+00 -7.733914886906538833e-01
2.682276231787678711e+00 1.821773689826434506e+00 -2.000334582747831380e-01
9.792167453661049237e+00 6.088653381527990405e+00 4.078033149052027739e-01
1.566669461265578889e+01 9.599001382205155863e+00 9.205107320906507073e-01
2.030585770877136653e+01 1.235281769185762180e+01 1.338088793281514643e+00
2.370965674200820672e+01 1.435010231048563512e+01 1.660537498477832496e+00
2.587809171236600037e+01 1.559085523808901286e+01 1.887856847679575401e+00
2.681116261984493576e+01 1.607507647466786693e+01 2.020046840886762674e+00
2.650886946444493830e+01 1.580276602022215471e+01 2.057107478099383879e+00
2.497121224616598312e+01 1.477392387475185487e+01 1.999038759317441682e+00
2.219819096500818745e+01 1.298855003825704912e+01 1.845840684540940524e+00
1.818980562097132747e+01 1.044664451073759004e+01 1.597513253769868191e+00
1.381444125885074037e+01 7.688379255130963763e+00 1.315270053924020521e+00
9.940491205030900446e+00 5.253931385870848736e+00 1.060325255703146841e+00
6.567955459517080818e+00 3.143300902960529442e+00 8.326788591076179635e-01
3.696834022308983059e+00 1.356487806399819585e+00 6.323308641374135730e-01
1.327126893406866737e+00 -1.065079038111222814e-01 4.592812707925514326e-01
-5.411659271894808665e-01 -1.245686227672425650e+00 3.135300790730163323e-01
-1.908044439479893883e+00 -2.061047165183989893e+00 1.950772889788210118e-01
-2.773508643464493328e+00 -2.552590716345886523e+00 1.039229005099550629e-01
-3.137558539143203262e+00 -2.720316881158073574e+00 4.006691366642656932e-02
-3.000194126516054993e+00 -2.564225659620564368e+00 3.509328448229868946e-03
-2.620861125671495095e+00 -2.260825734613621574e+00 -1.705613890423301679e-02
-2.259010205261817728e+00 -1.986629155673486302e+00 -3.293598780209941457e-02
-1.914641365292955477e+00 -1.741635922804195991e+00 -4.413021824562498446e-02
-1.587754605764876814e+00 -1.525846036005729101e+00 -5.063883023481073609e-02
-1.278349926677611048e+00 -1.339259495278104950e+00 -5.246182376965607963e-02
-9.864273280311433023e-01 -1.181876300621313103e+00 -4.959919885016140367e-02
-7.119868098254732436e-01 -1.053696452035353115e+00 -4.205095547632668740e-02
-4.550283720605795001e-01 -9.547199495202183250e-01 -2.981709364815069568e-02
-2.155520147365074246e-01 -8.849467930759258305e-01 -1.289761336563555877e-02
6.442262143150459183e-03 -8.443769827037378439e-01 8.707485370814888395e-03
5.189981149419584106e-02 -8.889678028951006894e-01 1.719906601609259150e-02
-2.382309800807658196e-01 -1.074675470854982162e+00 -5.221668487779329570e-03
-8.639501125816823057e-01 -1.401499986583348623e+00 -5.855471814079683812e-02
-1.825257586008565802e+00 -1.869441350080211173e+00 -1.428000829429606766e-01
-3.122153400361414199e+00 -2.478499561345569369e+00 -2.579577628942706924e-01
-4.754637555640389479e+00 -3.228674620379496041e+00 -4.040277579947412767e-01
-6.722710051845200319e+00 -4.119966527181857963e+00 -5.810100682443465336e-01
-9.026370888975977280e+00 -5.152375281752715530e+00 -7.889046936430980095e-01
-1.166562006703271948e+01 -6.325900884092068743e+00 -1.027711634190995760e+00
-1.464045758588972390e+01 -7.640543334143090171e+00 -1.297430889876632243e+00
-1.733520698971096863e+01 -8.817993942745280478e+00 -1.542191369093692144e+00
-1.913422705056486350e+01 -9.579959945063009741e+00 -1.706125177079683031e+00
-2.003751776845140142e+01 -9.926441341096275295e+00 -1.789232313834605570e+00
-2.004507914337056107e+01 -9.857438130845054047e+00 -1.791512779358456209e+00
-1.915691117532232113e+01 -9.372950314309361985e+00 -1.712966573651234059e+00
-1.737301386430672778e+01 -8.472977891489204438e+00 -1.553593696712943562e+00
-1.469338721032378459e+01 -7.157520862384585847e+00 -1.313394148543584272e+00
-1.111803121337313449e+01 -5.426579226995333904e+00 -9.923679291431244387e-01
-6.646945873455415210e+00 -3.280152985321755921e+00 -5.905150385116209044e-01
-1.280131190570337196e+00 -7.182421373637142281e-01 -1.078354766490488004e-01
4.075148311791610745e+00 1.828234660449075788e+00 3.730079536928648243e-01
8.511628110139948689e+00 3.928358751686901407e+00 7.693524497623921432e-01
1.202930820447495819e+01 5.582130136349891636e+00 1.081198011559557637e+00
1.462818859479600242e+01 6.789548814437751822e+00 1.308544639084305850e+00
1.630826928110344554e+01 7.550614785950647168e+00 1.451392332336668201e+00
1.706955026339727510e+01 7.865328050888580336e+00 1.509741091316644246e+00
1.691203154167744671e+01 7.733688609251516688e+00 1.483590916024227990e+00
1.583571311594398701e+01 7.155696461039482870e+00 1.372941806459425207e+00
1.384059498619691908e+01 6.131351606252484210e+00 1.177793762622235896e+00
1.092667715243624116e+01 4.660654044890522485e+00 8.981467845126602789e-01
7.871512453654555763e+00 3.117461175382195915e+00 6.074020446307712984e-01
5.452698221571267823e+00 1.875651788831018241e+00 3.789649156006096864e-01
3.670234456345202290e+00 9.352258853133460503e-01 2.128353974371686441e-01
2.524121157976358276e+00 2.961834648291788996e-01 1.090134901404474776e-01
2.014358326464719351e+00 -4.147547262149942071e-02 6.749919371044577066e-02
2.140945961810374776e+00 -7.775092703862851451e-02 8.829250814717071183e-02
2.903884064013251276e+00 1.873571015777462101e-01 1.713934334506156953e-01
4.303172633073349296e+00 7.538486132276274176e-01 3.168019696207809988e-01
6.338811668990877557e+00 1.621723607911104370e+00 5.245181166576875498e-01
9.010801171765475459e+00 2.790982085628022524e+00 7.945418745612986555e-01
1.183555607024837819e+01 3.975376234345402437e+00 1.064956282942621346e+00
1.432948206958248960e+01 4.888652782253947393e+00 1.273843200433315559e+00
1.649257916975698635e+01 5.530811729347191452e+00 1.421202627031982635e+00
1.832484737077148651e+01 5.901853075625025369e+00 1.507034562738597483e+00
1.982628667262619970e+01 6.001776821087515756e+00 1.531339007553175424e+00
2.099689707532112237e+01 5.830582965734660839e+00 1.494115961475716237e+00
2.183667857885625807e+01 5.388271509566463280e+00 1.395365424506220364e+00
2.234563118323163167e+01 4.674842452582847585e+00 1.235087396644670710e+00
2.252375488844715790e+01 3.690295794783939876e+00 1.013281877891095473e+00
2.237104969450056657e+01 2.434631536173989197e+00 7.299488682464435607e-01
2.178525458192678599e+01 1.097085228838718063e+00 4.273102879947067168e-01
2.066411048170918363e+01 -1.331111844706355796e-01 1.475872521111966373e-01
1.900761739384796201e+01 -1.255957703753851629e+00 -1.092202394040372032e-01
1.681577531834303940e+01 -2.271454329011044493e+00 -3.431121865510204927e-01
1.408858425519442648e+01 -3.179601060242214672e+00 -5.540885893297532450e-01
1.082604420440179993e+01 -3.980397897447427447e+00 -7.421494477402510448e-01
7.028155165965744189e+00 -4.673844840626541597e+00 -9.072947617824806965e-01
2.694917139885994573e+00 -5.259941889779632618e+00 -1.049524531456459631e+00
-2.173669873837454247e+00 -5.738689044906701398e+00 -1.168838756762188291e+00
-7.577605874996097057e+00 -6.110086306007613821e+00 -1.265237437701890677e+00
-1.249550461955554681e+01 -6.373353963719587512e+00 -1.349554241142889133e+00
-1.590603830537361496e+01 -6.527712353293514624e+00 -1.432622214069525945e+00
-1.780920693245028730e+01 -6.573161474729394271e+00 -1.514441356481800893e+00
-1.820501050078555494e+01 -6.509701328027215794e+00 -1.595011668379721304e+00
-1.709344901037933440e+01 -6.337331913186992516e+00 -1.674333149763272965e+00
-1.447452246123172692e+01 -6.056053230208719995e+00 -1.752405800632462984e+00
-1.034823085334273252e+01 -5.665865279092400897e+00 -1.829229620987291138e+00
-4.714574186711786297e+00 -5.166768059837985483e+00 -1.904804610827764089e+00
2.426447538660102765e+00 -4.558761572445561683e+00 -1.979130770153868735e+00
1.107483432277338409e+01 -3.841845816915091305e+00 -2.052208098965611960e+00
1.947294538041510847e+01 -3.123958993204329460e+00 -2.140018979831562085e+00
2.586313992637235515e+01 -2.513039301271033477e+00 -2.258545795320288541e+00
3.024541796064541543e+01 -2.009086741115162500e+00 -2.407788545431805982e+00
3.261977948323352194e+01 -1.612101312736807124e+00 -2.587747230166087320e+00
3.298622449413713298e+01 -1.322083016135916944e+00 -2.798421849523145433e+00
3.134475299335625920e+01 -1.139031851312492183e+00 -3.039812403502978988e+00
2.769536498089049559e+01 -1.062947818266531508e+00 -3.311918892105614631e+00
2.203806045674048164e+01 -1.093830916998047353e+00 -3.614741315331003513e+00
1.437283942090597932e+01 -1.231681147507029062e+00 -3.948279673179168725e+00
4.699701873386992190e+00 -1.476498509793476188e+00 -4.312533965650110268e+00
-5.224224355982030055e+00 -1.741407198546762958e+00 -4.644429249856662167e+00
-1.364171089190501185e+01 -1.939526437293836780e+00 -4.880886973669843698e+00
-2.055275773402331296e+01 -2.070856226016945634e+00 -5.021907137076781602e+00
-2.595736488233695027e+01 -2.135396564716090406e+00 -5.067489740077476768e+00
-2.985553233684617780e+01 -2.133147453391267323e+00 -5.017634782671918536e+00
-3.224726009755032408e+01 -2.064108892042476828e+00 -4.872342264860115790e+00
-3.313254816444979411e+01 -1.928280880669722031e+00 -4.631612186642071194e+00
-3.251139653754458436e+01 -1.725663419273002264e+00 -4.295444548017781194e+00
-3.038380521683444258e+01 -1.456256507852291326e+00 -3.863839348987206268e+00
-2.674977420231974889e+01 -1.120060146407636514e+00 -3.336796589550421466e+00
-2.255552653574015665e+01 -7.738771574239341478e-01 -2.799671521203586089e+00
-1.874730330671519596e+01 -4.745114468204136848e-01 -2.337821023474814019e+00
-1.532510451526610673e+01 -2.219630145983458869e-01 -1.951245096366015952e+00
-1.228893016139348227e+01 -1.623186075777547852e-02 -1.639943739877259388e+00
-9.638780245097013477e+00 1.426820147013217743e-01 -1.403916954008507911e+00
-7.374654766376689707e+00 2.547786117789458959e-01 -1.243164738759760191e+00
-5.496553725232520726e+00 3.200579304750969523e-01 -1.157687094131017336e+00
-4.004477121664384853e+00 3.385199707897745824e-01 -1.147484020122281123e+00
-2.898424955672549874e+00 3.101647327229754003e-01 -1.212555516733553551e+00
-2.178397227257645952e+00 2.349922162753600163e-01 -1.352901583961794163e+00
-1.878721920548823032e+00 1.418933108036215529e-01 -1.434975803323553345e+00
-2.033726364929516972e+00 5.975835462169110102e-02 -1.325234303497741184e+00
-2.643410560399700238e+00 -1.141265227041678501e-02 -1.023677084484376998e+00
-3.707774506959367500e+00 -7.161970987270988021e-02 -5.303041462834590103e-01
-5.226818204608517426e+00 -1.208628181851881811e-01 1.548845111050121126e-01
-7.200541653347344528e+00 -1.591419772078545847e-01 1.031888887681122524e+00
-9.628944853175502416e+00 -1.864571869407022908e-01 2.100708983444717681e+00
-1.251202780409314030e+01 -2.028084473837352686e-01 3.361344798395865752e+00
-1.584979050610026263e+01 -2.081957585369533514e-01 4.813796332534567846e+00
-1.964223295903917688e+01 -2.026191204012757208e-01 6.458063585796862682e+00
-2.311698587818116479e+01 -1.905745536395612727e-01 7.980825877968141135e+00
-2.550172417238506029e+01 -1.765578216604214712e-01 9.068780456482143038e+00
-2.679644784165085625e+01 -1.605689244638563717e-01 9.721927321338867500e+00
-2.700115688597853136e+01 -1.426078620498642535e-01 9.940266472538318965e+00
-2.611585130536805366e+01 -1.226746344184483639e-01 9.723797910080454798e+00
-2.414053109981947642e+01 -1.007692415696071209e-01 9.072521633965312304e+00
-2.107519626933279966e+01 -7.689168350334052437e-02 7.986437644192891483e+00
-1.691984681390761835e+01 -5.104196021964626379e-02 6.465545940763043120e+00
-1.167448273354466259e+01 -2.322007171852889795e-02 4.509846523676034558e+00
-5.339104028243612632e+00 6.573982000013814386e-03 2.119339392931747668e+00
1.042037024417270086e+00 3.495564392288209171e-02 -3.003707526038286724e-01
6.424688146859722337e+00 5.854035703697619414e-02 -2.343679214064710248e+00
1.080884933908409451e+01 7.732812134229762047e-02 -4.010585991451027787e+00
1.419452060108960190e+01 9.131893683884295676e-02 -5.301091084762485472e+00
1.658170193287667971e+01 1.005128035266141390e-01 -6.215194493999248060e+00
1.797039333444533327e+01 1.049097214056111255e-01 -6.752896219161315550e+00
1.836059480579554304e+01 1.045096904758337081e-01 -6.914196260248684389e+00
1.775230634692724507e+01 9.931271073728197007e-02 -6.699094617261327933e+00
1.614552795784052464e+01 8.931878218995602248e-02 -6.107591290199276379e+00
1.354025963853536751e+01 7.452790483385593467e-02 -5.139686279062528840e+00
1.054916393310561773e+01 5.789989247375624398e-02 -4.024996952392659644e+00
7.784938443104836736e+00 4.239472827936929117e-02 -2.993153817777731707e+00
5.247583168658123576e+00 2.801241225129922144e-02 -2.044156875264632411e+00
2.937098109765476472e+00 1.475294438954604520e-02 -1.178006124853359093e+00
8.534832664267213431e-01 2.616324694108733764e-03 -3.947015665438488030e-01
-1.003261361357770998e+00 -8.397446835010553140e-03 3.057567996637606811e-01
-2.633135773588197281e+00 -1.828837019781295870e-02 9.233689737695429667e-01
-4.036139970264554400e+00 -2.705644539429846382e-02 1.458134955773496833e+00
-5.212273951386939608e+00 -3.470167242446770689e-02 1.910054745675659804e+00
-6.161537716955142407e+00 -4.122405128831933135e-02 2.279128343475951279e+00
-6.817155936200435029e+00 -4.630472541076002813e-02 2.537246720278840240e+00
-7.112352004708028197e+00 -4.962483213495301471e-02 2.656300311048381602e+00
-7.047125922476380921e+00 -5.118437146089108852e-02 2.636289115783926107e+00
-6.621477689505505637e+00 -5.098334338857399284e-02 2.477213134485479529e+00
-5.835407305795412114e+00 -4.902174791800193582e-02 2.179072367153044532e+00
-4.688914771346100352e+00 -4.529958504917490358e-02 1.741866813786622448e+00
-3.182000086157572127e+00 -3.981685478209291695e-02 1.165596474386212389e+00
-1.314663250229643587e+00 -3.257355711675524734e-02 4.502613489517455214e-01
9.130957364373539775e-01 -2.356969205316318192e-02 -4.041385625166524775e-01
3.501276873835749814e+00 -1.280525959137342011e-02 -1.397603260016065940e+00
6.105948618505403935e+00 -2.799265190783773328e-03 -2.399431206564790919e+00
8.383185986873918694e+00 3.929333734794405140e-03 -3.278923358082476369e+00
1.033298897894088242e+01 7.380537185359928309e-03 -4.036079714568966637e+00
1.195535759470651804e+01 7.554345160913520860e-03 -4.670900276024343434e+00
1.325029183417082557e+01 4.450757661455202741e-03 -5.183385042448609425e+00
1.421779169733387072e+01 -1.930225313015749428e-03 -5.573534013841791257e+00
1.485785718419548651e+01 -1.158860376249820287e-02 -5.841347190203820539e+00
1.517048829475577421e+01 -2.452437768699256698e-02 -5.986824571534738126e+00
1.515568502901473380e+01 -4.073754708649886258e-02 -6.009966157834543132e+00
1.481344738700087227e+01 -6.022811196151476448e-02 -5.910771949114464796e+00
1.428335048787097250e+01 -8.541905968814615668e-02 -5.744188410499319275e+00
1.370496146454349073e+01 -1.187332390035077678e-01 -5.565158863175616588e+00
1.307828031701842697e+01 -1.601706499075996049e-01 -5.373683307143357624e+00
1.240330704529572259e+01 -2.097312924004264278e-01 -5.169761742402522842e+00
1.168004164937549838e+01 -2.674151664819794383e-01 -4.953394168953149546e+00
1.090848412925769040e+01 -3.332222721522626885e-01 -4.724580586795219972e+00
1.008863448494230219e+01 -4.071526094112761229e-01 -4.483320995928732344e+00
9.220492716429255609e+00 -4.892061782590275132e-01 -4.229615396353666235e+00
8.304058823718701632e+00 -5.793829786955020378e-01 -3.963463788070065608e+00
7.339332806810569210e+00 -6.776830107207069132e-01 -3.684866171077907815e+00
6.253904182506865084e+00 -7.714667331834000885e-01 -3.351954670775179057e+00
4.975362467609603101e+00 -8.480946049323400127e-01 -2.922861412559865091e+00
3.503707662118639377e+00 -9.075666259675309044e-01 -2.397586396431913958e+00
1.838939766034238588e+00 -9.498827962889624388e-01 -1.776129622391419804e+00
-1.894122064372183445e-02 -9.750431158966404999e-01 -1.058491090438339999e+00
-2.069935297915242778e+00 -9.830475847905651987e-01 -2.446708005726747626e-01
-4.314042465780532964e+00 -9.738962029707347590e-01 6.653312472056616134e-01
-6.751262724239190938e+00 -9.475889704371511790e-01 1.671515052896506592e+00
-9.381596073291408544e+00 -9.041258871898141258e-01 2.773880616499937002e+00
-1.220504251293718667e+01 -8.435069532287235994e-01 3.972427938015953952e+00
-1.484938477403263413e+01 -7.665937836554624907e-01 5.115262150938359120e+00
-1.694238428860928991e+01 -6.742480428745277754e-01 6.050479697111244448e+00
-1.848404105659123076e+01 -5.664697308860897618e-01 6.778080576503632493e+00
-1.947435507797847620e+01 -4.432588476901485608e-01 7.298064789115530360e+00
-1.991332635277102980e+01 -3.046153932866910719e-01 7.610432334946948707e+00
-1.980095488096880985e+01 -1.505393676757418309e-01 7.715183213997836909e+00
-1.913724066257189449e+01 1.896922914271070848e-02 7.612317426268229603e+00
-1.792218369758026597e+01 2.039103971686665462e-01 7.301834971758128567e+00
-1.615578398599375376e+01 4.042841364021440009e-01 6.783735850467477846e+00
-1.383804152781267227e+01 6.200904468431078786e-01 6.058020062396369809e+00
-1.128793311518149522e+01 7.886863744532592868e-01 5.193744942839314760e+00
-8.824441624280566998e+00 8.474277703676380558e-01 4.259969144262848673e+00
-6.447567055116934398e+00 7.963146345848104435e-01 3.256692666668449032e+00
-4.157309407691015757e+00 6.353469671047849987e-01 2.183915510056293918e+00
-1.953668682002598356e+00 3.645247679275632757e-01 1.041637674426298510e+00
1.633551219483186934e-01 -1.615196294685605771e-02 -1.701408402215376370e-01
2.193762004161735391e+00 -5.066832255184721134e-01 -1.451420033887215855e+00
4.137551964637818713e+00 -1.107069019787343622e+00 -2.802199906570856935e+00
5.994725003376225381e+00 -1.817309345753363337e+00 -4.222480458272222847e+00
7.765281120374640800e+00 -2.637404203412672565e+00 -5.712261688987187114e+00
9.339682695044816185e+00 -3.395457215033889753e+00 -7.084916481106968256e+00
1.060839419603551015e+01 -3.919575281505879971e+00 -8.153821276605953017e+00
1.157141562334649620e+01 -4.209758402828549961e+00 -8.918976075483950439e+00
1.222874697697789870e+01 -4.266006579001953014e+00 -9.380380877741069767e+00
1.258038825692972118e+01 -4.088319810026095347e+00 -9.538035683377312779e+00
1.262633946320195122e+01 -3.676698095900923668e+00 -9.391940492392651052e+00
1.236660059579458171e+01 -3.031141436626516139e+00 -8.942095304787109455e+00
1.180117165470763219e+01 -2.151649832202844781e+00 -8.188500120560695095e+00
1.093005263994109910e+01 -1.038223282629907818e+00 -7.131154939713398200e+00
9.753243551543205214e+00 3.091382120428337044e-01 -5.770059762293727523e+00
8.506981976278787272e+00 1.648100800498434326e+00 -4.342897305088390780e+00
7.427491983820945443e+00 2.736344497329059600e+00 -3.087336685104574485e+00
6.514773574169682391e+00 3.573869302534706804e+00 -2.003377902342276418e+00
5.768826747324935944e+00 4.160675216115420127e+00 -1.091020956801422859e+00
5.189651503286841994e+00 4.496762238071095652e+00 -3.502658484821770113e-01
4.777247842055325933e+00 4.582130368401791998e+00 2.188874226155504421e-01
4.531615763630385985e+00 4.416779607107514494e+00 6.164388564917595570e-01
4.452755268012024814e+00 4.000709954188212514e+00 8.423884531464623793e-01
4.540666355200253967e+00 3.333921409643959777e+00 8.967362125796192185e-01
4.795349025195061898e+00 2.416413973474731858e+00 7.794821347912573861e-01
4.918057265164474501e+00 1.446114038259818324e+00 6.632113272408663995e-01
4.610045062276521222e+00 6.209479965785122957e-01 7.205088973879356651e-01
3.871312416531115019e+00 -5.908415156924168993e-02 9.513748452324931604e-01
2.701859327928391341e+00 -5.939824061833216540e-01 1.355809170774498140e+00
1.101685796468299117e+00 -9.837467672637953964e-01 1.933811874013963594e+00
-9.292081778491585453e-01 -1.228377234810662078e+00 2.685382954950888301e+00
-3.390822595024222785e+00 -1.327873808823924140e+00 3.610522413585364188e+00
-6.283157455056451290e+00 -1.282236489303564708e+00 4.709230249917225386e+00
-9.606212757946048342e+00 -1.091465276249597993e+00 5.981506463946547392e+00
-1.335998850369301039e+01 -7.555601696620248831e-01 7.427351055673328872e+00
-1.686005887513439561e+01 -5.197842024202259381e-01 8.782585313855811648e+00
-1.942195889124655395e+01 -6.294144417179307061e-01 9.783015410554439129e+00
-2.104568855188977494e+01 -1.084450887605294067e+00 1.042864134571527934e+01
-2.173124785706407636e+01 -1.884893540082316132e+00 1.071946311933833940e+01
-2.147863680676937648e+01 -3.030742399149114252e+00 1.065548073142359442e+01
-2.028785540100572149e+01 -4.521997464805483702e+00 1.023669418197105330e+01
-1.815890363977313982e+01 -6.358658737051514187e+00 9.463103470980730236e+00
-1.509178152307162435e+01 -8.540726215887200823e+00 8.334708598452625239e+00
-1.108648905090077719e+01 -1.106819990131278608e+01 6.851509564386587314e+00
-6.143026223261315977e+00 -1.394107979332782143e+01 5.013506368782881140e+00
-1.118773023769667363e+00 -1.673475896045717448e+01 3.133237618164860017e+00
3.128874210634621011e+00 -1.902462237244275656e+01 1.523247880292339484e+00
6.599915479932321638e+00 -2.081067002927504817e+01 1.835371551723187222e-01
9.294350784122823228e+00 -2.209290193095373311e+01 -8.858945571949652376e-01
1.121218012320646729e+01 -2.287131807747899614e+01 -1.685047256809642402e+00
1.235340349718325470e+01 -2.314591846885083370e+01 -2.213920943671712660e+00
1.271802090605318369e+01 -2.291670310506924224e+01 -2.472515617781176012e+00
1.230603234981618499e+01 -2.218367198613414359e+01 -2.460831279138020911e+00
1.111743782847232787e+01 -2.094682511204565856e+01 -2.178867927742247357e+00
9.152237342032456979e+00 -1.920616248280996885e+01 -1.626625563596875157e+00
6.887268718370134657e+00 -1.723525868315680754e+01 -9.363805586254174695e-01
4.799360690518258643e+00 -1.530768307986306453e+01 -2.404067618128475081e-01
2.888513258477198420e+00 -1.342343567292909334e+01 4.612958268407107987e-01
1.154726422246760364e+00 -1.158251646235471455e+01 1.168727207335319651e+00
-4.019998181730550790e-01 -9.784925448139933479e+00 1.881887379670978966e+00
-1.781665462782362486e+00 -8.030662630284590264e+00 2.600776343847751804e+00
-2.984270511580916718e+00 -6.319728008788998430e+00 3.325394099865511599e+00
-4.009814964568848339e+00 -4.652121583653003434e+00 4.055740647724322301e+00
-4.858298821746158680e+00 -3.027843354876601278e+00 4.791815987424183021e+00
-5.529722083128165266e+00 -1.446893322444838814e+00 5.533620118944480026e+00
-6.098698547404191928e+00 1.631293144386719851e-01 6.180095057813178805e+00
-6.639837743995874675e+00 1.874621213926649155e+00 6.630188601915236291e+00
-7.153139672903215285e+00 3.687582376019093111e+00 6.883900751250655148e+00
-7.638604334126255502e+00 5.602012800716179797e+00 6.941231505819429159e+00
-8.096231727664909172e+00 7.617912488017564598e+00 6.802180865621551220e+00
-8.526021853519219817e+00 9.735281437923417158e+00 6.466748830657032876e+00
-8.927974711689186549e+00 1.195411965043373570e+01 5.934935400925875015e+00
-9.302090302174846670e+00 1.427442712554873339e+01 5.206740576428003919e+00
-9.648368624976125574e+00 1.669620386326799277e+01 4.282164357163548374e+00
-9.966809680093064117e+00 1.921944986359172347e+01 3.161206743132452424e+00
-1.022844977027756386e+01 2.132317745879977977e+01 2.071693047420549050e+00
-1.040432519828152635e+01 2.248639898117203373e+01 1.241448583113669901e+00
-1.049443596410495694e+01 2.270911443070846403e+01 6.704733502117751209e-01
-1.049878206774784317e+01 2.199132380740902448e+01 3.587673487149672935e-01
-1.041736350921019216e+01 2.033302711127378259e+01 3.063305786231835803e-01
-1.025018028849200391e+01 1.773422434230273481e+01 5.131630399364237594e-01
-9.997232405593255322e+00 1.419491550049552409e+01 9.792647326547418984e-01
-9.658519860513990807e+00 9.715100585852789905e+00 1.704635656778052732e+00
-9.234042653254187272e+00 4.294779598374242724e+00 2.689275812306388680e+00
-8.723800783813850046e+00 -2.066047461940108576e+00 3.933185199239748631e+00
-8.153246896820691703e+00 -8.247021343026206708e+00 5.134965812324830736e+00
-7.547835093340634849e+00 -1.312771868420126964e+01 5.993202399867392671e+00
-6.907565373378839801e+00 -1.670813948523662873e+01 6.507894961805880563e+00
-6.232437736935307449e+00 -1.898828374613228576e+01 6.679043498140294410e+00
-5.522452184009972065e+00 -1.996815146688826914e+01 6.506648008870605793e+00
-4.777608714602958884e+00 -1.964774264750440835e+01 5.990708493996837802e+00
-3.997907328714208397e+00 -1.802705728798084550e+01 5.131224953518998433e+00
-3.183348026343718828e+00 -1.510609538831758059e+01 3.928197387437083243e+00
-2.333930807491416015e+00 -1.088485694851418017e+01 2.381625795750940355e+00
-1.449655672157447839e+00 -5.363341968571397445e+00 4.915101784608468805e-01
-6.121878148017558807e-01 3.959406429947225914e-01 -1.429171853849547480e+00
9.680601246639171376e-02 5.330461711797926050e+00 -3.067436720986730148e+00
6.773258096451864052e-01 9.440221237814402144e+00 -4.423284422943691396e+00
1.129371576734524929e+00 1.272521922104341385e+01 -5.496714959720190308e+00
1.452943313734464947e+00 1.518545566148535997e+01 -6.287728331316364994e+00
1.648041020645004240e+00 1.682093055914024404e+01 -6.796324537732209237e+00
1.714664697466145249e+00 1.763164391400806252e+01 -7.022503578967723925e+00
1.652814344197876872e+00 1.761759572608879409e+01 -6.966265455022898401e+00
1.462489960840206216e+00 1.677878599538240323e+01 -6.627610165897728223e+00
1.143691547393139274e+00 1.511521472188897164e+01 -6.006537711592236484e+00
6.964191038566718284e-01 1.262688190560846380e+01 -5.103048092106416078e+00
1.206726302307483678e-01 9.313787546540567064e+00 -3.917141307440147102e+00
-5.835478734845267468e-01 5.175931644685867639e+00 -2.448817357593645383e+00
-1.416242407289203697e+00 2.133142000440955144e-01 -6.980762425668132209e-01
-2.377410971183278932e+00 -5.574064787384735098e+00 1.335082037640345831e+00
-3.467053565166855478e+00 -1.218620531760124948e+01 3.650657483028050265e+00
-4.685170189239742378e+00 -1.962310739060428588e+01 6.248650093595891519e+00
-6.031760843402024008e+00 -2.788477100639436657e+01 9.129059869344059663e+00
-7.506825527653708363e+00 -3.697119616497153061e+01 1.229188681027255647e+01
-9.110364241994940215e+00 -4.688238286633666974e+01 1.573713091638170170e+01
-1.084237698642543180e+01 -5.761833111048801470e+01 1.946479218767088071e+01
-1.270286376094532699e+01 -6.917904089742643237e+01 2.347487062414038661e+01
-1.469182456555461513e+01 -8.156451222715190852e+01 2.776736622579021940e+01
-1.680925940025350229e+01 -9.477474509966566529e+01 3.234227899262080541e+01
