4.189392101575131022e+01 -4.621383801817015069e+01 7.450190811185314343e-01
3.749522197128160883e+01 -4.194501754800047877e+01 1.772764778841755096e+00
3.338536543192816453e+01 -3.781928760721040561e+01 2.766836558830001902e+00
2.959148652716445582e+01 -3.381634534212765431e+01 3.718971177247670123e+00
2.612905063250375548e+01 -2.992762898709358765e+01 4.621853696240106224e+00
2.300266090879695824e+01 -2.615424071496333980e+01 5.469675621241414376e+00
2.020693974253198988e+01 -2.250483031732115791e+01 6.258686838847885348e+00
1.772755179725787755e+01 -1.899356036920756807e+01 6.987633057456999808e+00
1.554239990850528130e+01 -1.563826049064233281e+01 7.657998717002588052e+00
1.362299497987315888e+01 -1.245885903428695585e+01 8.274003386020176265e+00
1.193598000520431768e+01 -9.476154477730190706e+00 8.842326190563419175e+00
1.044436352573179860e+01 -6.711995458156486016e+00 9.371274279817278341e+00
9.112890604078474510e+00 -4.189042883181408605e+00 9.867638294129530863e+00
7.918025571982077793e+00 -1.923331211371933414e+00 1.033444952328268052e+01
6.847929104228597019e+00 7.598908647968805052e-02 1.077114372699518441e+01
5.900466663960447278e+00 1.805398455889486220e+00 1.117415578047891600e+01
5.081125594842380799e+00 3.265911886759685689e+00 1.153766241345800836e+01
4.400898647576890532e+00 4.461974672886396043e+00 1.185435132936284042e+01
3.874175236056930594e+00 5.400238906446396037e+00 1.211612829663161506e+01
3.516664351142629652e+00 6.088162500097208607e+00 1.231470840477953743e+01
3.343351066878672118e+00 6.532423417688267619e+00 1.244207461578408136e+01
3.363472328823771562e+00 6.736429523257653429e+00 1.249204128902842115e+01
3.569517202374602238e+00 6.696738269262831444e+00 1.246434731479307345e+01
3.945941962297482952e+00 6.405999053853547842e+00 1.236133747762993274e+01
4.473857404227807422e+00 5.855371518577334733e+00 1.218658785817451395e+01
5.132988324805759284e+00 5.036113096770866271e+00 1.194463424357685533e+01
5.685584369379713898e+00 4.149193370325985342e+00 1.161509309606692675e+01
5.907117556246348045e+00 3.408946858495849330e+00 1.117749259875983725e+01
5.799125451619137728e+00 2.827426520520176290e+00 1.063586636545704600e+01
5.364788145815134079e+00 2.414854282995341883e+00 9.992767580144754191e+00
4.607890226165464398e+00 2.177677911557782231e+00 9.248940522062611080e+00
3.533189834814451480e+00 2.116711677005481018e+00 8.402415112825242005e+00
2.149160998517781529e+00 2.227329154206462380e+00 7.447481367113348405e+00
4.625181888495932814e-01 2.502811793845026056e+00 6.378586604739173715e+00
-1.522494667701295157e+00 2.936725619725628622e+00 5.191749182986820976e+00
-3.803194363315344884e+00 3.524930273046849472e+00 3.885119608280620973e+00
-5.940139247890965812e+00 4.121178473343434234e+00 2.609412701906357324e+00
-7.493002593098865738e+00 4.588694073412175278e+00 1.519372591146377349e+00
-8.458491546898461166e+00 4.940660200393900858e+00 6.204977287898928440e-01
-8.833491318550299454e+00 5.187381242257942837e+00 -8.402538688569816117e-02
-8.615191745103647492e+00 5.332291902716113974e+00 -5.951592391570935670e-01
-7.802734638470854023e+00 5.365852331223067040e+00 -9.203032358325949902e-01
-6.401644805708258446e+00 5.258517247602526368e+00 -1.074825956186912235e+00
-4.420012071860871750e+00 4.972317252544127264e+00 -1.077215253979609821e+00
-1.867444646055650193e+00 4.467748365109563302e+00 -9.455594600947925255e-01
1.245198341276233966e+00 3.708278521869951216e+00 -6.949881913820308288e-01
4.385590697761887924e+00 2.830366279675057939e+00 -4.357847266762439054e-01
7.030620826710226368e+00 2.014442263474675254e+00 -2.571327806025024421e-01
9.185436399461675450e+00 1.299581641797425302e+00 -1.377558709102275625e-01
1.085779270634950500e+01 7.278291954664862784e-01 -5.639966813678753965e-02
1.205638976059482737e+01 3.401013823847253148e-01 6.492384686417551620e-03
1.278864427090780964e+01 1.693770269781252058e-01 6.560752050968554627e-02
1.305837583285762271e+01 2.279713925074690339e-01 1.238163778886001154e-01
1.286478804495865091e+01 5.136705816296627258e-01 1.769525304690389156e-01
1.220317199216099979e+01 1.013950915284877130e+00 2.165617630025975515e-01
1.106605824591795795e+01 1.707812423031051186e+00 2.308868330791975509e-01
9.547037003882900663e+00 2.393002128860904687e+00 2.344991925517707632e-01
7.748687990304939710e+00 2.867899704594832677e+00 2.401478989014751431e-01
5.678852689217480432e+00 3.107017858721656367e+00 2.306753471723790305e-01
3.349111982379307850e+00 3.085743373019101288e+00 1.888791637573208337e-01
7.740193954859299064e-01 2.781647021263162767e+00 9.871254569083365293e-02
-2.029959770528181107e+00 2.175634562548266704e+00 -5.358389024536980294e-02
-5.045614058639820598e+00 1.252511935859600412e+00 -2.797029075945387522e-01
-8.255782871515553012e+00 1.252421136960571446e-03 -5.902254360352565676e-01
-1.164439290703433372e+01 -1.584456647335001023e+00 -9.943418335724537593e-01
-1.519762415487004503e+01 -3.505742094732342551e+00 -1.499394709602216214e+00
-1.838630733718423471e+01 -5.461109336061362285e+00 -2.048871532782479576e+00
-2.070684053464718488e+01 -7.112675280963967062e+00 -2.558842451048607636e+00
-2.218706704683751241e+01 -8.406883142219211180e+00 -2.995340717214976411e+00
-2.285448861433621914e+01 -9.297247817302901396e+00 -3.327079689916499383e+00
-2.273419142888995381e+01 -9.746347311163736649e+00 -3.526384816006468803e+00
-2.184565181326928851e+01 -9.729863510027735529e+00 -3.570455843013025543e+00
-2.019791196561051194e+01 -9.243613442357945686e+00 -3.443105281181580324e+00
-1.779272123091430657e+01 -8.294405617492845550e+00 -3.134224600063491906e+00
-1.462671280211179337e+01 -6.895155768424235276e+00 -2.639609972047969766e+00
-1.069273127593447015e+01 -5.062428415746748733e+00 -1.961042769532697960e+00
-6.581504726631833613e+00 -3.119162969862213863e+00 -1.218773635574844638e+00
-2.885221584104180614e+00 -1.382316129133175142e+00 -5.392182241981904323e-01
4.005403238482457273e-01 1.438146324747890115e-01 6.424280134110957330e-02
3.277263176076247841e+00 1.459994281146361983e+00 5.811613631992504914e-01
5.744097872979907926e+00 2.570743278374230112e+00 1.004050619519978094e+00
7.798592049555636230e+00 3.482540816934224015e+00 1.329072943029774301e+00
9.437838068431883443e+00 4.200191796714852543e+00 1.559208705857035193e+00
1.065893580109874250e+01 4.726447325314941494e+00 1.703262996629245851e+00
1.145919955799620205e+01 5.062694554463042174e+00 1.773442533566021773e+00
1.183637028389294876e+01 5.209358034905990031e+00 1.783211272982564655e+00
1.195630143676323165e+01 5.247760709143806324e+00 1.769300502314938406e+00
1.198567679716925483e+01 5.258803314519773231e+00 1.764424957213463596e+00
1.192395474694226110e+01 5.241644746454789505e+00 1.775069913301656310e+00
1.177062625757518077e+01 5.195256878605392536e+00 1.806583883658226863e+00
1.152516722649465386e+01 5.118362022359982610e+00 1.862759982296122496e+00
1.118736141782987659e+01 5.009561193997162043e+00 1.942863990808582075e+00
1.075846586996932253e+01 4.868074863859296997e+00 2.034266661014866973e+00
1.024034149277382255e+01 4.693727530694579819e+00 2.121387379432125186e+00
9.635160673056628156e+00 4.487042149836820037e+00 2.189075649367373089e+00
8.945357449857398890e+00 4.249333974400772540e+00 2.223327070269375039e+00
8.188257807672167488e+00 3.978388664163702959e+00 2.214084403831941383e+00
7.380974275366141590e+00 3.672441960531057425e+00 2.154160109022455583e+00
6.525353913292123664e+00 3.334165072057769130e+00 2.037465127514753505e+00
5.622467571899202987e+00 2.966087074616738484e+00 1.861402490705040602e+00
4.672280191092657908e+00 2.570247678083912302e+00 1.627328447183410631e+00
3.672929422115118747e+00 2.147896014605556569e+00 1.342213566867052510e+00
2.620015071610712454e+00 1.699216219636971559e+00 1.020297324636024516e+00
1.509408044908566282e+00 1.223315094095168698e+00 6.752577970961758380e-01
3.382427505467816009e-01 7.183547345666436712e-01 3.179477230614247141e-01
-8.947957081850013150e-01 1.815518492431067166e-01 -4.413150562003161775e-02
-2.084584620743294092e+00 -3.469857785576393461e-01 -3.801885485643299312e-01
-3.123712859787168394e+00 -8.277175409089472247e-01 -6.664507593051391954e-01
-4.008168202682541370e+00 -1.264797223765331768e+00 -9.111273442614550300e-01
-4.733430893154538133e+00 -1.661779019563621951e+00 -1.124533729490633016e+00
-5.294768128063384260e+00 -2.021190843691056838e+00 -1.317821121770984094e+00
-5.688103347601063398e+00 -2.343390497256221394e+00 -1.500190595140674654e+00
-5.912766470677267350e+00 -2.624111428801635615e+00 -1.672346939673070132e+00
-5.970690275922921231e+00 -2.856265304605141608e+00 -1.829430701802471582e+00
-5.865775177905076632e+00 -3.031385765600219440e+00 -1.963236413540127234e+00
-5.603661467776492877e+00 -3.140560078608320982e+00 -2.063258949574697354e+00
-5.145298810407644474e+00 -3.111069339808547163e+00 -2.079945170948708455e+00
-4.458343760931679611e+00 -2.870086275586861024e+00 -1.958880404961255373e+00
-3.559060164939123805e+00 -2.410781746050580931e+00 -1.682506075752698838e+00
-2.461329142314453211e+00 -1.729413929000593209e+00 -1.236658412723735001e+00
-1.174446376558222704e+00 -8.255639856400818211e-01 -6.125244042146171797e-01
2.990950886138165621e-01 2.978142929117147952e-01 1.915449839929837528e-01
1.963422547990504086e+00 1.635459112468344411e+00 1.170716280825192523e+00
3.826394883675669156e+00 3.181668821933641755e+00 2.316789603880451409e+00
5.898470138018439002e+00 4.930809092545495709e+00 3.619035018883986154e+00
8.191909822549796161e+00 6.877549853635715138e+00 5.064585524003593520e+00
1.024700029186040240e+01 8.616775862407518360e+00 6.344378491480052951e+00
1.159761450675837757e+01 9.747686700690739059e+00 7.153796003610420229e+00
1.224021434475344705e+01 1.027430670874696972e+01 7.493047655870785917e+00
1.216352209429658160e+01 1.020307549170931694e+01 7.371642579957192964e+00
1.135064081676601333e+01 9.541720019023470556e+00 6.807060637074492604e+00
9.780833071761911413e+00 8.297981695329200491e+00 5.824239857569501133e+00
7.431200710391177466e+00 6.478277568852335300e+00 4.455202336383429440e+00
4.281435468101005171e+00 4.087644693549815855e+00 2.731083940921000597e+00
3.174486789921622809e-01 1.128892167840996663e+00 6.761123340826626915e-01
-4.465624505576474945e+00 -2.398740580939131117e+00 -1.697494851239759850e+00
-9.209457007892282832e+00 -5.859806717188457803e+00 -3.968756404560771500e+00
-1.303470610144339936e+01 -8.625015205154527465e+00 -5.751500439148271582e+00
-1.590965041335582875e+01 -1.070635245112158351e+01 -7.094520746587239302e+00
-1.781007397841471018e+01 -1.211216221517163660e+01 -8.037287391441802598e+00
-1.872263098277272775e+01 -1.284521621266742208e+01 -8.603759691178085589e+00
-1.865191665947335053e+01 -1.289960420107398065e+01 -8.791095448139262913e+00
-1.763390757557808897e+01 -1.225645590100761595e+01 -8.550371640756607050e+00
-1.572342868739925059e+01 -1.089271892619502502e+01 -7.807256961222286407e+00
-1.298466592903901429e+01 -8.787570241667257420e+00 -6.477282079657845415e+00
-9.484041069654788103e+00 -5.926076884436582759e+00 -4.476082414284409339e+00
-5.967995698944453586e+00 -2.918217908726842058e+00 -2.209890520436196049e+00
-3.116139508396614133e+00 -3.890225235083471511e-01 -1.678009838397339082e-01
-8.852357241191317616e-01 1.650073602107571036e+00 1.598266623012979837e+00
7.720104302949348796e-01 3.191462772556432181e+00 3.033818296734092534e+00
1.901064545610771983e+00 4.231837558450738612e+00 4.088099348921774734e+00
2.537159667085926440e+00 4.771399011529909195e+00 4.721529638670469708e+00
2.692110634169190941e+00 4.811915976926499638e+00 4.916231496798745937e+00
2.359588894927109326e+00 4.356423410243833061e+00 4.672448115334341345e+00
1.523401849504997241e+00 3.407998548769461511e+00 4.001715737806898154e+00
1.644565997194867846e-01 1.968305359124682186e+00 2.920928340371551357e+00
-1.451149288742817012e+00 5.047381434210301832e-01 1.921563364790175088e+00
-3.036240708451202863e+00 -5.170457206387971683e-01 1.478735179258524823e+00
-4.577269021976724694e+00 -1.103656515008499150e+00 1.580974685001255597e+00
-6.067477020293518208e+00 -1.268771183053901908e+00 2.213567509126656230e+00
-7.513548566601435219e+00 -1.035842042265472163e+00 3.361490364170015788e+00
-8.940936818995993463e+00 -4.379125051983485672e-01 5.013684322495512546e+00
-1.039174841066194688e+01 4.939477424573794906e-01 7.170831978897333592e+00
-1.191826721411742795e+01 1.729049457798315093e+00 9.841202993957789857e+00
-1.357721291454256551e+01 3.235614752330064015e+00 1.303698304118286444e+01
-1.542416981463914993e+01 4.981843059021586306e+00 1.677239899426855985e+01
-1.713204375047547146e+01 6.425879351133037432e+00 2.014232248093275146e+01
-1.826621246755734518e+01 7.115238899460221589e+00 2.223621412123374697e+01
-1.871465943196139037e+01 7.165741528054120124e+00 2.306349223084104949e+01
-1.837166940800961967e+01 6.702101634237289218e+00 2.263630115833467116e+01
-1.714796226745779961e+01 5.846957372501275785e+00 2.096720890513634572e+01
-1.498142038860637371e+01 4.706149812497515406e+00 1.806407881174915886e+01
-1.184646472676883455e+01 3.352566391910781540e+00 1.392326412791137713e+01
-7.740896842993695515e+00 1.833474290096176684e+00 8.534050573878959156e+00
-2.680056714490142600e+00 1.714565170171283848e-01 1.880314375395956139e+00
3.305515289347536356e+00 -1.637503908272444964e+00 -6.058961431507145612e+00
9.085051780904786156e+00 -3.229376925799134490e+00 -1.382212862311190094e+01
1.352615841657235407e+01 -4.305857959051333950e+00 -1.993311355028616205e+01
1.660462711608174047e+01 -4.965523021325363828e+00 -2.438801081895969247e+01
1.831908736951460881e+01 -5.271713175349887592e+00 -2.717504264185032525e+01
1.868844793861661913e+01 -5.250391498424601622e+00 -2.827595556337961469e+01
1.775161452011824892e+01 -4.883640420400375604e+00 -2.766787031882864412e+01
1.556975894287753981e+01 -4.097728047291584019e+00 -2.532550198870349689e+01
1.221547490546223003e+01 -2.789884914570606611e+00 -2.122531808832487954e+01
7.763539811888974462e+00 -8.494333697698275287e-01 -1.534874398132970619e+01
2.282418566244301505e+00 1.825995159381722077e+00 -7.683803217133292840e+00
-3.137358244422704168e+00 4.764669338813208199e+00 2.210807412849775666e-01
-7.490204848175391561e+00 7.377812860148801555e+00 6.801025103556940898e+00
-1.084951129433935257e+01 9.569213095472321129e+00 1.204227217612415757e+01
-1.328802404278194871e+01 1.124283269169364985e+01 1.593638358314366954e+01
-1.486960996403126423e+01 1.231471309933675329e+01 1.847904181631171738e+01
-1.563662944868132954e+01 1.273018127091459206e+01 1.966766261646089831e+01
-1.558976376289460752e+01 1.249202116106311777e+01 1.949841891315161035e+01
-1.469901037349580264e+01 1.164512510757612418e+01 1.796826528696168879e+01
-1.291401194235502992e+01 1.026258742366551502e+01 1.507708142220008263e+01
-1.017127188735985932e+01 8.436530862096491390e+00 1.082940317339778424e+01
-7.088214712504101733e+00 6.588842741186119234e+00 6.238762420053308055e+00
-4.332915938469569461e+00 5.065258553682597586e+00 2.313821801193712169e+00
-1.919861011043455967e+00 3.841181583266932265e+00 -9.454868587098159693e-01
1.290864809115775946e-01 2.880616530767762917e+00 -3.541804854290859339e+00
1.787886861296009933e+00 2.140659037968024592e+00 -5.480487127040404083e+00
3.029496508501269503e+00 1.576754035171666457e+00 -6.768923096505959691e+00
3.829346288365354400e+00 1.149888218931742756e+00 -7.414902675916227537e+00
4.166514900517674036e+00 8.285873362330602454e-01 -7.426403156680590811e+00
4.024319177011496329e+00 5.896863802977265756e-01 -6.810727274787996777e+00
3.390969100452794649e+00 4.195050734436884809e-01 -5.573449604135945812e+00
2.408785421844907848e+00 3.960599920527281270e-01 -4.029986972842173110e+00
1.227712745520619819e+00 6.084944412497894639e-01 -2.491880191125523947e+00
-1.453220256849002689e-01 1.070462821209897442e+00 -9.568818110953307698e-01
-1.698310028189890630e+00 1.799796312867318893e+00 5.776542445491157363e-01
-3.413053561650458700e+00 2.818937248892468439e+00 2.114936605718506168e+00
-5.264900895567143913e+00 4.154103828555447464e+00 3.658527329957566465e+00
-7.227664597854777995e+00 5.828728291285127483e+00 5.210820313557187333e+00
-9.276414385577247401e+00 7.860186056296992518e+00 6.772640053950727435e+00
-1.138927313354353998e+01 1.025886338758844651e+01 8.343761341361965123e+00
-1.354983259883647762e+01 1.302721095338373658e+01 9.923619378349375353e+00
-1.529460858375138343e+01 1.563930897185676017e+01 1.124050912847863870e+01
-1.621553569778636117e+01 1.752369535654187871e+01 1.202094689625854507e+01
-1.638779836444305360e+01 1.861171138404425207e+01 1.226222224061300992e+01
-1.588368182802599016e+01 1.884493763883690676e+01 1.196149996301379126e+01
-1.476369184419902680e+01 1.818133503345293889e+01 1.111473304165684439e+01
-1.306306114582092803e+01 1.660440573807850839e+01 9.714748212588556697e+00
-1.077526685349916669e+01 1.413412271474368076e+01 7.748896007094767668e+00
-7.871620532642690904e+00 1.080775195991176396e+01 5.201707804946140712e+00
-4.311502677739710521e+00 6.671038693203355407e+00 2.057403836276082032e+00
-4.778693996914490372e-02 1.773892524888604605e+00 -1.698133983938632685e+00
4.291524331545742754e+00 -3.072599428848899805e+00 -5.485968170092807128e+00
8.047604594895446439e+00 -7.096691237080543502e+00 -8.709446663342472306e+00
1.121035061553773815e+01 -1.031878358577537291e+01 -1.135345884333828081e+01
1.375678317198500089e+01 -1.277132618094890759e+01 -1.340367504057484282e+01
1.565594419024606587e+01 -1.449411768215611573e+01 -1.484784052015401556e+01
1.687537586312475923e+01 -1.552710693397773412e+01 -1.567701018576881644e+01
1.739122325235739908e+01 -1.589802220463481319e+01 -1.588703434901958111e+01
1.718596569148516551e+01 -1.562559173479598407e+01 -1.547720856677223367e+01
1.624696539573693244e+01 -1.472166172368308601e+01 -1.444913997002761619e+01
1.456649655902526597e+01 -1.319150077525205589e+01 -1.280597891554008783e+01
1.260063964999834596e+01 -1.144819572202123581e+01 -1.095292521506766725e+01
1.081376701068051993e+01 -9.897395600428787077e+00 -9.293339046115336899e+00
9.213308021562840011e+00 -8.530110922614873914e+00 -7.827742478116032743e+00
7.805351271136967917e+00 -7.339452454635810419e+00 -6.556049662299785474e+00
6.594612904017292720e+00 -6.320533004049638137e+00 -5.477777337009374747e+00
5.584870871041041518e+00 -5.469931604185291008e+00 -4.592170029943284604e+00
4.779804261401874754e+00 -4.784803484721151356e+00 -3.898293645892278114e+00
4.181073476713626391e+00 -4.264468566981608255e+00 -3.395479091943649941e+00
3.788676783655140934e+00 -3.909876392770994524e+00 -3.083311512909014951e+00
3.601972832117948720e+00 -3.722474032025164803e+00 -2.961513514239824119e+00
3.429450263909440189e+00 -3.522609653278081510e+00 -2.859708478119969755e+00
3.080760114504725422e+00 -3.128835937598217320e+00 -2.607815880429050104e+00
2.555067638722526180e+00 -2.541702764192781849e+00 -2.205841851683091992e+00
1.848015177440350376e+00 -1.765308397403792862e+00 -1.653494717462575148e+00
9.508235224829379995e-01 -8.082894235177539022e-01 -9.502459103204394797e-01
-1.505254115484667143e-01 3.151125543004417717e-01 -9.558732479841727803e-02
-1.474292952495587894e+00 1.585642538187233441e+00 9.103763164493837712e-01
-3.039919273071113537e+00 2.981824816139114098e+00 2.066410497084483655e+00
-4.866592862617692639e+00 4.481184803349175461e+00 3.369895302799066794e+00
-6.972191331521276680e+00 6.061206330984173718e+00 4.816781846983704263e+00
-9.163475284272076138e+00 7.533769289782228817e+00 6.244523054235674664e+00
-1.122624747491605035e+01 8.733558893456656591e+00 7.492062140287540473e+00
-1.314262384930954752e+01 9.676527696352042796e+00 8.557812428126961635e+00
-1.489212451850101360e+01 1.038279460805327581e+01 9.442154948896298805e+00
-1.645293890211370069e+01 1.087564869342089402e+01 1.014766847419955376e+01
-1.780453266969514203e+01 1.117827538773225271e+01 1.067900377023020297e+01
-1.893325463921061313e+01 1.130517379181364923e+01 1.104181079648520303e+01
-1.982877244923741245e+01 1.126704388103430077e+01 1.124161730984933882e+01
-2.048229200908480152e+01 1.107346192569144350e+01 1.128338225861018529e+01
-2.088612312310517538e+01 1.073365090857824633e+01 1.117121072937124815e+01
-2.089296089729855055e+01 1.018415119869196062e+01 1.081822457763759715e+01
-2.034892985068451665e+01 9.375065190706528995e+00 1.013747685707976309e+01
-1.923737712708055980e+01 8.339445247073800971e+00 9.130908773695406211e+00
-1.754163896675337853e+01 7.116115698252941435e+00 7.798972646818928212e+00
-1.524460546453163090e+01 5.751436764003990731e+00 6.141223849780336863e+00
-1.232760598875142044e+01 4.303224383592754165e+00 4.157485872964922002e+00
-8.770641213215228049e+00 2.842048091045205727e+00 1.849856624110702619e+00
-4.560114399788268713e+00 1.430872091783012223e+00 -7.771147163616952680e-01
3.088997779119848075e-01 1.150689613533946165e-01 -3.718121669033839005e+00
5.832306568274615799e+00 -1.084075110519723051e+00 -6.969840046643316356e+00
1.117803395404276223e+01 -2.002320822294441527e+00 -1.006362812693739883e+01
1.549219573223364144e+01 -2.567550190773207675e+00 -1.254199500167637282e+01
1.873696912780719970e+01 -2.911688558030736118e+00 -1.442384508243128494e+01
2.088298519717508128e+01 -3.148344799814983830e+00 -1.572720171381709520e+01
2.190995313558675051e+01 -3.361546080200171538e+00 -1.646391061396612798e+01
2.181188188791590221e+01 -3.583612169150899973e+00 -1.663092671380048415e+01
2.061212534943500074e+01 -3.754866955386374272e+00 -1.619828187308411671e+01
1.835186818514339180e+01 -3.765991398047010996e+00 -1.512424413644743382e+01
1.508296080990885102e+01 -3.486864474163825278e+00 -1.336801792247059595e+01
1.086236743628933965e+01 -2.784658085370401714e+00 -1.089838563150105877e+01
6.383226672152439107e+00 -1.742759862193181242e+00 -8.203857934037806388e+00
2.292897803882415708e+00 -5.480910749450518260e-01 -5.802671315395339313e+00
-1.430788676521844938e+00 7.501817230320302343e-01 -3.722432728721205564e+00
-4.820794828936024068e+00 2.084324406157664455e+00 -1.992065828833750274e+00
-7.917095746731682482e+00 3.374534313224616167e+00 -6.397657925919691957e-01
-1.075942992864367298e+01 4.539085524636538693e+00 3.096172892430815171e-01
-1.337080279032843322e+01 5.521259358676106288e+00 8.440968301047166999e-01
-1.575327836030876050e+01 6.293686414146921315e+00 9.638377949513659004e-01
-1.789324448941466628e+01 6.852587276047049869e+00 6.783630425659725738e-01
-1.976741550868799280e+01 7.213516554901303834e+00 5.307151043844826610e-03
-2.122762131508960337e+01 7.357759623502378332e+00 -8.351689827687616141e-01
-2.213441731736214280e+01 7.281182108529018038e+00 -1.612570822717170671e+00
-2.247719054667001615e+01 7.034864227531008041e+00 -2.288748737188764260e+00
-2.225000955386035528e+01 6.667640185970343580e+00 -2.829548017399423188e+00
-2.145134882928014974e+01 6.220451117711095712e+00 -3.209504500547043282e+00
-2.008366100763372941e+01 5.715630355264623041e+00 -3.421899772316462585e+00
-1.815274075327909031e+01 5.140246194017588088e+00 -3.495094668859951348e+00
-1.566365644461969175e+01 4.467882776790257360e+00 -3.470674147826951383e+00
-1.262097058036933106e+01 3.667454489494048175e+00 -3.393237392137554487e+00
-9.029625561003161494e+00 2.706096506433991244e+00 -3.305907471419161414e+00
-5.300409401237968332e+00 1.666963580066538553e+00 -3.257832688096885310e+00
-1.841371693804908949e+00 6.488641139852404649e-01 -3.268667896319325639e+00
1.348278210461878235e+00 -3.500616553004938236e-01 -3.325764615417270420e+00
4.272381399629040288e+00 -1.323315382578460042e+00 -3.407905921254863468e+00
6.937817434091213542e+00 -2.257406490495686313e+00 -3.487510760332784177e+00
9.352781128544588540e+00 -3.134744082487214367e+00 -3.534761581375487793e+00
1.152099139209586198e+01 -3.942407548301000819e+00 -3.529293250431311257e+00
1.344311046080617800e+01 -4.672914058351981481e+00 -3.460893616337053835e+00
1.511794691303096272e+01 -5.322792052371097427e+00 -3.327048316189020305e+00
1.654290860921736339e+01 -5.891873538974214952e+00 -3.131451955104091134e+00
1.767466265160943806e+01 -6.361557891173168500e+00 -2.910995712998881046e+00
1.846971943697460361e+01 -6.715898797314083346e+00 -2.706680632828056154e+00
1.892467934323977730e+01 -6.961103185524732950e+00 -2.532998614985912500e+00
1.903653566810601916e+01 -7.102870899602408805e+00 -2.404085991947796597e+00
1.880285429770847827e+01 -7.145114337615929401e+00 -2.331877323335037389e+00
1.822354552974094588e+01 -7.085605573758291698e+00 -2.320854564440208545e+00
1.730583793990234298e+01 -6.906583897151790552e+00 -2.357508819965028923e+00
1.605943177081895001e+01 -6.585614473404933555e+00 -2.423392629154044187e+00
1.449461298846850710e+01 -6.100574645326713785e+00 -2.500729966181785002e+00
1.262162211533009781e+01 -5.431586525457498205e+00 -2.574169860519537778e+00
1.071899696468505780e+01 -4.695034154436476648e+00 -2.625397715681601962e+00
9.058662495044812246e+00 -4.022325973943482680e+00 -2.646032299975277446e+00
7.639415549050914578e+00 -3.420527949923264366e+00 -2.639965709826779694e+00
6.459204301691482186e+00 -2.897734980256648551e+00 -2.612182261357173907e+00
5.515744024466372686e+00 -2.461752857735560074e+00 -2.567568207080387133e+00
4.806030520026153496e+00 -2.120371537185107957e+00 -2.510725279524776088e+00
4.324052187614005227e+00 -1.883806569223527738e+00 -2.446981935820589094e+00
4.065419325078108770e+00 -1.758308344083644670e+00 -2.378227632699026817e+00
4.027806496242916978e+00 -1.746082705428669390e+00 -2.302885776006015295e+00
4.209878448940195916e+00 -1.847193794349192064e+00 -2.217082905215193023e+00
4.574623465991209947e+00 -2.002954701115547742e+00 -2.104550589039793085e+00
5.081718461608529580e+00 -2.157672822958572656e+00 -1.949291036068100169e+00
5.725022646980995056e+00 -2.317223956076118974e+00 -1.748678406311224398e+00
6.498860870861395966e+00 -2.490513891047941186e+00 -1.503613452552506002e+00
7.398445283954823815e+00 -2.690238149433616055e+00 -1.219727857584443242e+00
8.421168014619103914e+00 -2.930983179391288385e+00 -9.066562410353589119e-01
9.569654640032879911e+00 -3.219881122344558033e+00 -5.714345339863530215e-01
1.084781425303758162e+01 -3.561198821235846523e+00 -2.199337049452476378e-01
1.225949561156612155e+01 -3.957705702672914772e+00 1.427129770951263421e-01
1.380848046099997362e+01 -4.409655459866632654e+00 5.129245402257055497e-01
1.534784573737499969e+01 -4.933557135999182996e+00 8.631828961091837504e-01
1.672884544399444451e+01 -5.532164752654107787e+00 1.175780212386670742e+00
1.795402021337291387e+01 -6.179558044177555054e+00 1.465566638839755464e+00
1.902834211213583515e+01 -6.846908453930740990e+00 1.748923175787130857e+00
1.995939558585437368e+01 -7.503910907033631617e+00 2.042425316343583042e+00
2.075521893026908771e+01 -8.125656903223566374e+00 2.359268262098932034e+00
2.141730521241104768e+01 -8.711277337933001519e+00 2.700763482020901218e+00
2.194424601615423853e+01 -9.269869806392696532e+00 3.063643104941142781e+00
2.233348208572145666e+01 -9.814395007296802476e+00 3.443037904587336051e+00
2.258149716235827142e+01 -1.036057545257648016e+01 3.832991793297078509e+00
2.244616898796159532e+01 -1.072760441699699285e+01 4.157445120208039135e+00
2.168022376857834388e+01 -1.074148026975041859e+01 4.337487052906787710e+00
2.027216673909876477e+01 -1.042796503597738678e+01 4.362321372013834520e+00
1.821249270044073043e+01 -9.807489213692356600e+00 4.221897272531627721e+00
1.549531126193791408e+01 -8.891069204077112431e+00 3.908078449660534748e+00
1.212107930859768601e+01 -7.674214758087837041e+00 3.415990281082550428e+00
8.099962683675400399e+00 -6.132623349074723507e+00 2.744110146277583873e+00
3.445358995447560968e+00 -4.237126142777258409e+00 1.891804114774401580e+00
-1.828663402655527070e+00 -1.959321748254949869e+00 8.587199943229395505e-01
-7.708517599550749999e+00 7.259527340246592075e-01 -3.552428743318383209e-01
-1.314335989414044548e+01 3.356789951955319928e+00 -1.527522395287487456e+00
-1.709823831265904204e+01 5.438448760406894067e+00 -2.430720929602962155e+00
-1.958721710140534356e+01 6.937552100101925134e+00 -3.059211024050571659e+00
-2.062614856279254028e+01 7.818157293210594716e+00 -3.409405918809143898e+00
-2.023020500059152482e+01 8.047471076850948535e+00 -3.479562989171331999e+00
-1.841041292804755614e+01 7.603116731852018972e+00 -3.270209959543153744e+00
-1.516943302710726549e+01 6.481280506309022194e+00 -2.785058230070968754e+00
-1.050436773687227898e+01 4.689710702459432667e+00 -2.028351526580336905e+00
-4.408831776247764012e+00 2.243897560612892139e+00 -1.002447471902915055e+00
3.125683587474303859e+00 -8.348361900911549505e-01 2.943283739195955429e-01
1.072385433538394039e+01 -3.938274544258024701e+00 1.616628835600467884e+00
1.700384522311810187e+01 -6.472099254589748440e+00 2.722988523051653953e+00
2.196260657046908804e+01 -8.439074465747339104e+00 3.624414246220369229e+00
2.559458410696867148e+01 -9.849175505476681636e+00 4.329162757709219100e+00
2.789285723447450493e+01 -1.071778314533353083e+01 4.840665341957905099e+00
2.885092236165893809e+01 -1.106350305705292669e+01 5.152697635382438968e+00
2.846584887462978841e+01 -1.090516887656591649e+01 5.239466095857226335e+00
2.673725763584207726e+01 -1.026071168801489009e+01 5.065893152379495668e+00
2.366632101476262662e+01 -9.146173472245290981e+00 4.595867980021402843e+00
1.925486108258306217e+01 -7.574815004372086769e+00 3.798152313741768094e+00
1.445251465507976718e+01 -5.886890618357800697e+00 2.854686878084981672e+00
1.020752914739044392e+01 -4.409430149720192205e+00 1.976037578724256782e+00
6.518497680900270375e+00 -3.133827726290559390e+00 1.183235113233122027e+00
3.383289744620184170e+00 -2.052251666731816027e+00 4.980932437784708067e-01
7.997575538469448020e-01 -1.157763789327143966e+00 -5.932852321122555894e-02
-1.233329534728786481e+00 -4.443355267245823192e-01 -4.736665995224967896e-01
-2.714808985760070570e+00 9.296094138296324971e-02 -7.401179521076353129e-01
-3.641229776550150010e+00 4.572425800407015628e-01 -8.667435994341882166e-01
-4.008158683729392990e+00 6.492828015514560125e-01 -8.712626972899311095e-01
-3.811458019363914040e+00 6.671062537294256689e-01 -7.772948980185815371e-01
-3.346481093091386860e+00 5.934167198724948911e-01 -6.553303322594214997e-01
-2.911306337176140957e+00 5.130008653114215278e-01 -5.585989726532425426e-01
-2.506837248303691368e+00 4.249791002191544709e-01 -4.860601777037475424e-01
-2.133949176873195519e+00 3.287776520974815542e-01 -4.357766295397295653e-01
-1.793330744578247149e+00 2.241957302824462428e-01 -4.052750778866207049e-01
-1.485470390519905370e+00 1.113540435495636444e-01 -3.915463444566451567e-01
-1.210875094087453752e+00 -9.518097759899230015e-03 -3.907180896599887210e-01
-9.697667578822172230e-01 -1.378750669135598295e-01 -3.999662006917661383e-01
-7.620626043101963454e-01 -2.729109224076780582e-01 -4.177799200600885721e-01
-5.874307725379102063e-01 -4.136770343934847438e-01 -4.437186165283108497e-01
-5.868541483185705232e-01 -4.658747234956177041e-01 -4.814728481423107831e-01
-9.007725287965053784e-01 -3.347562977520660565e-01 -5.368945015832206069e-01
-1.529244515160650408e+00 -2.092454826720478722e-02 -6.123838996662607226e-01
-2.474608373752110513e+00 4.713256601823553882e-01 -7.077666274766393206e-01
-3.742041195215843441e+00 1.133084488432931636e+00 -8.188964365511712806e-01
-5.339630685437438018e+00 1.950510277317978103e+00 -9.370220489566012390e-01
-7.276199387174143496e+00 2.908172920338434775e+00 -1.051655870129381665e+00
-9.559830705442484700e+00 3.990974310163153405e+00 -1.151726540424542922e+00
-1.219686949619265626e+01 5.185829691094046012e+00 -1.226152378204795390e+00
-1.519093383989485702e+01 6.483869135384399129e+00 -1.264593921504930440e+00
-1.792770483301787010e+01 7.597042848125013847e+00 -1.235763793474936145e+00
-1.977711362295809749e+01 8.270226157634255060e+00 -1.128838579085797100e+00
-2.071784059576204839e+01 8.548287265964265913e+00 -9.672508254056861876e-01
-2.073217216867198331e+01 8.471072093200618269e+00 -7.757429770050259243e-01
-1.980806645564536339e+01 8.067180575369793161e+00 -5.786179302967311422e-01
-1.794265720893366378e+01 7.343667131200652065e+00 -3.977735566236193510e-01
-1.514729447260760153e+01 6.272770149920593674e+00 -2.501231772189059788e-01
-1.143990815204686662e+01 4.811482965122869437e+00 -1.459706280475343565e-01
-6.840980347119131721e+00 2.912633501969136507e+00 -8.691971011452748197e-02
-1.370977770109597982e+00 5.315647568122612299e-01 -6.399207888785270193e-02
4.037717670523719882e+00 -1.944711185669132592e+00 -5.783673363315550153e-02
8.473768722397002406e+00 -4.082287679466547914e+00 -4.347068709984613921e-02
1.195409787275472624e+01 -5.842342471359433631e+00 -6.111834540455385323e-04
1.449860611666462162e+01 -7.181773143741066789e+00 8.196905930890041603e-02
1.612684841038030115e+01 -8.059809067991526632e+00 2.054469014138635696e-01
1.685290187811232698e+01 -8.447686447552358757e+00 3.585270925732138014e-01
1.667751811012999852e+01 -8.344258605330100664e+00 5.114004217141541186e-01
1.559361814770792876e+01 -7.765991180281757167e+00 6.222740458973252675e-01
1.359105056066583828e+01 -6.738918218452793596e+00 6.427022180884474079e-01
1.065948138946048829e+01 -5.293773493649506001e+00 5.215899461610969956e-01
7.573233232873997522e+00 -3.822047934667633484e+00 2.937647314970314172e-01
5.115038166187731328e+00 -2.688469820564904023e+00 4.600563098379370497e-02
3.288707354312666808e+00 -1.881006124274303470e+00 -1.917999625606816860e-01
2.097499678672682055e+00 -1.385614679628460744e+00 -3.890543195761306805e-01
1.543294211981535380e+00 -1.189118274756791882e+00 -5.178383215659139172e-01
1.626547436974102201e+00 -1.281524913139054700e+00 -5.563521522555244792e-01
2.347426360160618675e+00 -1.656846773021290575e+00 -4.913952626183183403e-01
3.705637428970114389e+00 -2.313610361783211999e+00 -3.184403688563581247e-01
5.700574097962827658e+00 -3.253847258886020999e+00 -3.966181499203541572e-02
8.331525362684359948e+00 -4.481812852379407630e+00 3.383108585487013542e-01
1.108629573248649969e+01 -5.801497378036093444e+00 6.743965344382756300e-01
1.345284781099107718e+01 -7.013035472297363349e+00 8.329934848646805001e-01
1.543128196556004106e+01 -8.113132164585861617e+00 8.169983736905491734e-01
1.702300388561903688e+01 -9.095080782295651645e+00 6.323751539548294609e-01
1.823137173277895684e+01 -9.949017145238606474e+00 2.865483839236725450e-01
1.906153370713153450e+01 -1.066348405153595280e+01 -2.140271777302764633e-01
1.951771492406129838e+01 -1.123061884059199222e+01 -8.677848151517894015e-01
1.960365247519201759e+01 -1.164460574499393708e+01 -1.675348467151601017e+00
1.932277656688055956e+01 -1.190104379307358329e+01 -2.638184958198714902e+00
1.867791097625398677e+01 -1.199731465940269004e+01 -3.758218065441814026e+00
1.767382099252615646e+01 -1.184093429583801438e+01 -4.838577663602523948e+00
1.630842912652448717e+01 -1.135066909115150935e+01 -5.678240325400639499e+00
1.457232453138242256e+01 -1.054370691046674757e+01 -6.273474327951880092e+00
1.245510143899838162e+01 -9.437867110042947871e+00 -6.621528740084706044e+00
9.946338905373602657e+00 -8.050081021700277617e+00 -6.720983656158034059e+00
7.036975666267974994e+00 -6.394045484896206055e+00 -6.572270699680415440e+00
3.721291276832603412e+00 -4.476623544693390855e+00 -6.178576477471697359e+00
-4.215871507753155001e-03 -2.300129110523619680e+00 -5.544407733760928991e+00
-4.141297783003148325e+00 1.366087176864531072e-01 -4.674886891103930076e+00
-8.690000813670870627e+00 2.837979469168428359e+00 -3.575450968532187357e+00
-1.280945225130750131e+01 5.300262162753694994e+00 -2.530558657991472060e+00
-1.565252653419864792e+01 7.025904162780518547e+00 -1.816748012034036908e+00
-1.721044760068058110e+01 8.027044665018731706e+00 -1.426493353628732530e+00
-1.747717207130420292e+01 8.310575962860902166e+00 -1.351097513742868461e+00
-1.644967839021738598e+01 7.877764983995810155e+00 -1.581159719976907851e+00
-1.412867320349631228e+01 6.723195922793055779e+00 -2.106593788668721601e+00
-1.052005427497421586e+01 4.832820120912960427e+00 -2.916556169816063360e+00
-5.633962471924588655e+00 2.186866124389157839e+00 -4.003381816732737519e+00
5.154573212332277388e-01 -1.238647507944543591e+00 -5.365348957774851435e+00
7.909927867729804163e+00 -5.471106262207561244e+00 -7.008803752013034405e+00
1.505570405689894642e+01 -9.637952269891169266e+00 -8.600584527127676182e+00
2.047630992855798127e+01 -1.283622395975397978e+01 -9.811752578162742822e+00
2.418013765692304062e+01 -1.504540090283022025e+01 -1.065720589049201728e+01
2.618093880676152452e+01 -1.623995642623072655e+01 -1.114305067633090118e+01
2.649803007282186584e+01 -1.639031321646156769e+01 -1.126419591684951449e+01
2.515735225452570134e+01 -1.546392100516574786e+01 -1.100028035592799647e+01
2.219437942306384315e+01 -1.342592235686210067e+01 -1.030951197339476444e+01
1.765366985021274004e+01 -1.023589339811377386e+01 -9.138564258614753300e+00
1.158949929334574236e+01 -5.845003749585237607e+00 -7.429932781848441081e+00
4.066820296456233663e+00 -1.939847031056460835e-01 -5.127234865336095737e+00
-3.495504188919306365e+00 5.733418289378197308e+00 -2.608660076357517621e+00
-9.736396627483113519e+00 1.089891930369860162e+01 -3.118256449091343363e-01
-1.467492262835244965e+01 1.528401943359516579e+01 1.723149175511395015e+00
-1.833824146834388813e+01 1.886263179532024736e+01 3.454588831113976966e+00
-2.076214135827311225e+01 2.159998171328038907e+01 4.842939622966017765e+00
-2.199342695590186736e+01 2.344978939895721126e+01 5.855134186607114266e+00
-2.209648070874569470e+01 2.434774438730956447e+01 6.470605072947800629e+00
-2.114616138898357534e+01 2.422096626260340457e+01 6.678646175690611919e+00
-1.922244598141960381e+01 2.299548833618462496e+01 6.475387529544629928e+00
-1.640645968381029363e+01 2.060120065584246873e+01 5.861550841536769418e+00
-1.336458304193337732e+01 1.769060459282224684e+01 5.061546506907001586e+00
-1.070021079456173752e+01 1.497174773511317980e+01 4.301651802856321538e+00
-8.395271268252274766e+00 1.246503576730103724e+01 3.585771473774560292e+00
-6.428728114723352149e+00 1.019196961501093845e+01 2.915937867742060874e+00
-4.777895349573312522e+00 8.173854509561151005e+00 2.292868088093323209e+00
-3.419220732442947330e+00 6.431090617001703258e+00 1.716364381680951512e+00
-2.328994213402109992e+00 4.982426484269843137e+00 1.185745176642507115e+00
-1.488105345437114480e+00 3.842070544278669786e+00 7.008486132259097445e-01
-8.826583515429196058e-01 3.019865167274162765e+00 2.620856199550872789e-01
-5.034209052611355872e-01 2.522046129842466122e+00 -1.297275160204495181e-01
-3.877941046568024186e-01 2.310616350970635224e+00 -3.457645637512971604e-01
-5.755885441637969002e-01 2.344894600416501440e+00 -2.569573666750954999e-01
-1.066220480038962970e+00 2.622950706861296943e+00 1.377239633623728032e-01
-1.861319943287408574e+00 3.141033457190227196e+00 8.386540135226323578e-01
-2.964316537317137623e+00 3.894340278576101433e+00 1.845309415213300275e+00
-4.380149618602270145e+00 4.877588296428713832e+00 3.156159482063528809e+00
-6.115416649008345473e+00 6.084510843610630104e+00 4.769143581839230706e+00
-8.178085193753439341e+00 7.507596966716955755e+00 6.681730332742120915e+00
-1.057728700266752497e+01 9.138001002219155566e+00 8.890994153574979464e+00
-1.332319395727276223e+01 1.096538739748618774e+01 1.139375870392444767e+01
-1.588875369247434755e+01 1.258152440768585123e+01 1.368859693780396825e+01
-1.773061015608136159e+01 1.359390922807570234e+01 1.527884101588118426e+01
-1.883300696943669550e+01 1.401669126783633601e+01 1.616915225181958959e+01
-1.917758869707921932e+01 1.386712084121628052e+01 1.636504687036912387e+01
-1.874370190768636490e+01 1.316585393760542644e+01 1.587258369502404953e+01
-1.750894546051770462e+01 1.193758643132955655e+01 1.469751353376887515e+01
-1.544993276387804215e+01 1.021202257316707751e+01 1.284395456715906647e+01
-1.254097385832917766e+01 8.022018567191743443e+00 1.031786308264726770e+01
-8.753410572734859230e+00 5.402446078091688975e+00 7.129108054526958504e+00
-4.055307738905015391e+00 2.389430277773666678e+00 3.292837164895093593e+00
7.862518068649995140e-01 -5.188465267920877588e-01 -5.384162183251572920e-01
4.969175623698792954e+00 -2.865397045487632077e+00 -3.724200640243389593e+00
8.473682979526577341e+00 -4.677246734611506085e+00 -6.264348602547579858e+00
1.127733623717638700e+01 -5.983314313611803215e+00 -8.161859968789423547e+00
1.335479365781966443e+01 -6.813715767724413119e+00 -9.424136470064556903e+00
1.467688236350181796e+01 -7.199199193414393072e+00 -1.006520268313345134e+01
1.520824087469951991e+01 -7.170908058262964957e+00 -1.011019094479942737e+01
1.491074874292957375e+01 -6.759360920574736475e+00 -9.592326319059321094e+00
1.374662725086118087e+01 -5.993426651574619513e+00 -8.549725051044369195e+00
1.168065216160377240e+01 -4.899368356543940095e+00 -7.022756960143880178e+00
9.215406770907357270e+00 -3.718944261309580668e+00 -5.360461190965047251e+00
6.882508203622291987e+00 -2.671662297877787751e+00 -3.880635907420985298e+00
4.693968981546874808e+00 -1.747687847921491233e+00 -2.574632696991780989e+00
2.662190978812240427e+00 -9.371394021488858028e-01 -1.431422481037265770e+00
7.994709419578138743e-01 -2.303055734169552338e-01 -4.382184542847005759e-01
-8.824693739764862821e-01 3.820754548893239289e-01 4.187567881385142465e-01
-2.373864875456295209e+00 9.076874879025452758e-01 1.152049350390279780e+00
-3.668025128012323499e+00 1.351614464187946396e+00 1.770888325254086570e+00
-4.760824405128158077e+00 1.716688587096657725e+00 2.281412799193118346e+00
-5.650074893117703390e+00 2.004010986040411169e+00 2.687241361673930129e+00
-6.272223636399358426e+00 2.194360505171141895e+00 2.959285848641894034e+00
-6.563950261666915864e+00 2.268359425105767713e+00 3.068069015881341954e+00
-6.524474212419829833e+00 2.226180195197719591e+00 3.014959684489879166e+00
-6.152316182717110671e+00 2.069060255226375489e+00 2.801989695860666707e+00
-5.444539606817861532e+00 1.800157217004039190e+00 2.432932469562044009e+00
-4.395679755879368322e+00 1.425842186729006977e+00 1.914953608999596657e+00
-2.997039063245824586e+00 9.567798264225223503e-01 1.260021542856542887e+00
-1.239764849115853718e+00 4.047738215725681377e-01 4.809127288331388472e-01
8.836229259395907976e-01 -2.189452392459065866e-01 -4.109754724580170215e-01
3.378400498321842527e+00 -9.048760169538088149e-01 -1.407127592373313529e+00
5.914507059601761263e+00 -1.556185980347948306e+00 -2.374189950117733705e+00
8.152655729307689114e+00 -2.089407322459866378e+00 -3.193390473869313517e+00
1.008186340009885029e+01 -2.518454061413369693e+00 -3.882534571114049982e+00
1.169126702131185880e+01 -2.858214779683304396e+00 -4.460137372726042493e+00
1.297068269114488714e+01 -3.123470288899849123e+00 -4.943992099327429557e+00
1.391208303623553277e+01 -3.326718990986321955e+00 -5.347594994564900617e+00
1.451360598169986460e+01 -3.473490548638255682e+00 -5.671639640763092238e+00
1.477719349472402754e+01 -3.564529606099315018e+00 -5.908897198588105582e+00
1.470724985939587981e+01 -3.597190244912850332e+00 -6.047575165300898448e+00
1.431022592542710470e+01 -3.565929547611575323e+00 -6.072944621191322057e+00
1.372712758978723002e+01 -3.498376381934495072e+00 -6.028634081984227677e+00
1.309669745039465738e+01 -3.424138907518504027e+00 -5.963459409930823796e+00
1.242323757305475596e+01 -3.338837055182922064e+00 -5.870168506563727462e+00
1.171090399072667942e+01 -3.238233991286639135e+00 -5.742910210490927092e+00
1.096354931676334843e+01 -3.118285816431072721e+00 -5.577443638565316775e+00
1.018399637834803428e+01 -2.974750738028324903e+00 -5.372597194508589524e+00
9.372409120937687632e+00 -2.802132608407190251e+00 -5.133467277125467909e+00
8.528144974682449586e+00 -2.595457738609359133e+00 -4.866291959750776108e+00
7.650330529633892596e+00 -2.350920236540229524e+00 -4.576870067185918600e+00
6.737835175897192386e+00 -2.066028778174672453e+00 -4.270409961712841707e+00
5.723527187494057422e+00 -1.720855200184274736e+00 -3.901534630543750382e+00
4.540162771054434110e+00 -1.294903098497554250e+00 -3.424436151817969343e+00
3.185489924598408518e+00 -7.884987332671622440e-01 -2.842356201891736767e+00
1.656293654405533999e+00 -2.059959528021411135e-01 -2.157051279670743060e+00
-5.154440970124296584e-02 4.435164563000131288e-01 -1.368249817487244613e+00
-1.942774969487002013e+00 1.145627219621922599e+00 -4.733309452877807466e-01
-4.022048382588562454e+00 1.882292446676063546e+00 5.312286066561251463e-01
-6.293908819156342815e+00 2.634764428683531889e+00 1.648078876190487874e+00
-8.762759683144201617e+00 3.384502205280964127e+00 2.878435292791641231e+00
-1.143279996066243243e+01 4.113825805232663058e+00 4.221643370674255991e+00
-1.395856747029479195e+01 4.699312729087180784e+00 5.507508975998234746e+00
-1.598816138674596665e+01 5.040699245141355256e+00 6.563333525182698303e+00
-1.751529265206626462e+01 5.160600730933414759e+00 7.382801734280770134e+00
-1.853306411175638146e+01 5.086222119560911636e+00 7.960189253741806858e+00
-1.903427969917682105e+01 4.847559285062033041e+00 8.291525951591314225e+00
-1.901077425444689339e+01 4.475625801244830448e+00 8.377575082243517102e+00
-1.845104712913542500e+01 4.000794944838534484e+00 8.230079966494516341e+00
-1.734351840816313128e+01 3.450518874988182993e+00 7.865070286636486330e+00
-1.567846218191132124e+01 2.847152504768740933e+00 7.298727298572119437e+00
-1.344895148564365428e+01 2.205909168969677481e+00 6.544859145863265226e+00
-1.097030966105291760e+01 1.612665280686952585e+00 5.662690471357590738e+00
-8.563609003603614767e+00 1.138222249557913734e+00 4.701626512219752030e+00
-6.234626977182391450e+00 7.661561706333026578e-01 3.654273693937732936e+00
-3.991536797530002900e+00 4.766676269359328977e-01 2.509341786673374042e+00
-1.845588015409018290e+00 2.464656525652295649e-01 1.252105518612083745e+00
1.879865420102568019e-01 4.869073866744699775e-02 -1.348479116490938212e-01
2.091576472702622702e+00 -1.429630858508958990e-01 -1.667575830844141738e+00
3.849459830947591144e+00 -3.472557680126375779e-01 -3.355344219679970763e+00
5.449223740688852402e+00 -5.743661319544859367e-01 -5.200456375659163299e+00
6.882937728876747485e+00 -8.258799651867887448e-01 -7.199202450105462781e+00
8.084537438780332153e+00 -1.114181390678470329e+00 -9.074893846053045721e+00
9.010684785671656982e+00 -1.429085524481132907e+00 -1.054282568734243952e+01
9.694884280655941211e+00 -1.730029054898889918e+00 -1.158378512522413928e+01
1.017199263229406014e+01 -1.977053908256352521e+00 -1.218008349326587947e+01
1.047411736624822076e+01 -2.134542338068754042e+00 -1.231630003964564679e+01
1.062273124665759383e+01 -2.179488836738654456e+00 -1.198159057107498526e+01
1.061555266404768716e+01 -2.117942051500121714e+00 -1.117613798447183981e+01
1.043888405209745152e+01 -1.969015675257439035e+00 -9.904618148428133040e+00
1.007496250734235410e+01 -1.756470705479921790e+00 -8.173571447483269026e+00
9.505834641290530129e+00 -1.504883017236267939e+00 -5.990772132803923178e+00
8.842566074245851837e+00 -1.285960547240636132e+00 -3.755138651157449381e+00
8.208137024289433370e+00 -1.157248400344196959e+00 -1.863901530491821390e+00
7.607783237528133569e+00 -1.116509623407533569e+00 -3.215276123713346479e-01
7.048676677462495377e+00 -1.158199193034533447e+00 8.692748407028998425e-01
6.537014004018086410e+00 -1.275776518298213258e+00 1.707595298234567238e+00
6.075007295587597334e+00 -1.462822755130086971e+00 2.195532579321603617e+00
5.657809630281970037e+00 -1.712694323798290119e+00 2.340800873943527094e+00
5.274313971757095487e+00 -2.024056875457652005e+00 2.151077360901858082e+00
4.910205845722963147e+00 -2.400201443898875020e+00 1.632706443674230679e+00
4.551037176810678098e+00 -2.846867978258487586e+00 7.908378422631491267e-01
4.038498666896062517e+00 -3.226142020495764484e+00 -3.030710708745854021e-02
3.239912958551913302e+00 -3.379608297054891963e+00 -4.882998478141297172e-01
2.179337712989944720e+00 -3.286803984045916227e+00 -5.857231109452954998e-01
8.744156806738161425e-01 -2.935454577290081524e+00 -3.310303254743821588e-01
-6.687990208079032106e-01 -2.324997008005981858e+00 2.611406572117362934e-01
-2.460746443364682179e+00 -1.469134913536922493e+00 1.170465561568785118e+00
-4.527167424739581669e+00 -3.909139617228500896e-01 2.376707850156717150e+00
-6.898600383322245122e+00 8.843639042044868503e-01 3.863451928319393325e+00
-9.603619791597305166e+00 2.332427996758863475e+00 5.619546789269964648e+00
-1.266357202062264875e+01 3.933240677047828093e+00 7.641287139475930523e+00
-1.564771861338954650e+01 5.311251384398233633e+00 9.413026963371018851e+00
-1.807393029983499488e+01 6.128203594173192492e+00 1.044481710997989765e+01
-1.988057626557521118e+01 6.432684470492379347e+00 1.078131988766069149e+01
-2.101831995564794298e+01 6.276932009306756655e+00 1.046600197983941882e+01
-2.146056844967267452e+01 5.708795316804448738e+00 9.534682272241335355e+00
-2.121705042433197264e+01 4.758467695181805013e+00 8.001824923371550824e+00
-2.034685155409674451e+01 3.417954770340283943e+00 5.835397729272114198e+00
-1.893466406545098479e+01 1.660434621019643231e+00 2.982397500975967120e+00
-1.707855176548255116e+01 -5.495527390456329542e-01 -6.160626776427644558e-01
-1.488213497339683755e+01 -3.251876355237116378e+00 -5.017278335640202869e+00
-1.284914425551141015e+01 -5.994872171341212308e+00 -9.491153147301789161e+00
-1.137046732234215085e+01 -8.302458656818947347e+00 -1.326001687284750119e+01
-1.036131151198601863e+01 -1.017417339966831236e+01 -1.630355717878810751e+01
-9.720494717318114652e+00 -1.160535736881164048e+01 -1.860359492647298296e+01
-9.340491327014202483e+00 -1.258923148780913692e+01 -2.014735789850502101e+01
-9.123672134344793960e+00 -1.311631052716771251e+01 -2.092755529476931997e+01
-9.010473807869068708e+00 -1.316952241896576403e+01 -2.093828339350988443e+01
-8.966763784602580500e+00 -1.272972153639198822e+01 -2.017822495673385674e+01
-8.976224411783293888e+00 -1.177865831076032066e+01 -1.864953016294995791e+01
-9.037792536565957491e+00 -1.030058791582798072e+01 -1.635549543913080939e+01
-9.066217373037815719e+00 -8.621352138515224084e+00 -1.374195803637494784e+01
-8.987921225362574873e+00 -7.077282325598559964e+00 -1.124927405003496972e+01
-8.824788617606854402e+00 -5.672229206767519294e+00 -8.870955395557714951e+00
-8.593115444873246744e+00 -4.411188091643622577e+00 -6.599529571669552119e+00
-8.303970401840736315e+00 -3.300201320819667217e+00 -4.427258383768176486e+00
-7.963667926669415031e+00 -2.345708651180817395e+00 -2.346818222818150446e+00
-7.574412692379503653e+00 -1.551468142045156817e+00 -3.525584781609634177e-01
-7.134340559200397003e+00 -9.178484961401760511e-01 1.558403800128544070e+00
-6.638388199242744037e+00 -4.425277219985455091e-01 3.386498872257595494e+00
-6.079362807743629915e+00 -1.210769711879335908e-01 5.130201403729616416e+00
-5.406064837881031870e+00 1.907072572301080626e-01 6.793556048168897910e+00
-4.569583203489690604e+00 6.383075006195300105e-01 8.382870853132626365e+00
-3.562797040196238996e+00 1.228148091492228033e+00 9.897064717823703006e+00
-2.374802472984666402e+00 1.964139969373908556e+00 1.133198949016078316e+01
-9.902088661859465013e-01 2.846316408791162544e+00 1.267947919648684518e+01
6.091867892993094724e-01 3.867830033444490390e+00 1.392682218056924626e+01
2.434945564896460191e+00 5.011053060849479657e+00 1.505966648368923444e+01
4.492997632647587558e+00 6.255339957191411671e+00 1.606493060911332904e+01
6.784321587165518253e+00 7.580568395872594678e+00 1.693219228411986421e+01
9.304408972787346244e+00 8.969089170604402028e+00 1.765506129833595139e+01
1.156118448155937983e+01 1.014317429023054373e+01 1.808441379825858064e+01
1.303394413315448830e+01 1.086333955307195787e+01 1.809788580594526763e+01
1.367321723533706113e+01 1.117475097298401288e+01 1.773286976414504323e+01
1.343599402056059411e+01 1.112119597977040542e+01 1.702247121830085774e+01
1.228940744760390835e+01 1.073892592269916868e+01 1.599041047089710155e+01
1.021826854860199951e+01 1.004918596929003094e+01 1.464353422157865303e+01
7.237607470606453930e+00 9.052740640935548200e+00 1.296395642709620333e+01
3.373552554708249218e+00 7.737594673961495140e+00 1.092358639978847634e+01
-1.344656264020666514e+00 6.084256332567729686e+00 8.492267325433466851e+00
-6.887732841170777220e+00 4.069536891119044597e+00 5.642801063537293160e+00
-1.220833021848844879e+01 2.026635043876941378e+00 2.775985151592592182e+00
-1.627959113478767961e+01 3.069632300060440855e-01 3.255357325001764224e-01
-1.911174976154616090e+01 -1.077188086772785880e+00 -1.676236307111603097e+00
-2.072100967942357741e+01 -2.105897782718458178e+00 -3.195743139307751335e+00
-2.112539198724214629e+01 -2.756555034159120510e+00 -4.204787410752908627e+00
-2.033918888913468592e+01 -3.010772760634381928e+00 -4.690476217654405922e+00
-1.836534105458285993e+01 -2.863571304947897023e+00 -4.669232734302118715e+00
-1.519805241190831069e+01 -2.315550264895789745e+00 -4.173246590853761262e+00
-1.082686406863435202e+01 -1.369154637023197507e+00 -3.240974429703737947e+00
-5.239853403981352464e+00 -2.712522730042837837e-02 -1.910947781080664543e+00
5.497107540399297498e-01 1.412014141363274966e+00 -5.273606476459543613e-01
5.517275592157479203e+00 2.650954380715116798e+00 6.037155073391669013e-01
9.655529179676745954e+00 3.692143199421849875e+00 1.510240779784389531e+00
1.295607962367093968e+01 4.540121954737069920e+00 2.224377025500254401e+00
1.541064342737500681e+01 5.199752664967941307e+00 2.778358663989259902e+00
1.701299247409846060e+01 5.673092992710318860e+00 3.197479362819689364e+00
1.776320001811151528e+01 5.953576663192085228e+00 3.486280063877009283e+00
1.766570847867490812e+01 6.029367417155983233e+00 3.634529035452189305e+00
1.672761300444421551e+01 5.886646195980762997e+00 3.622997738393458178e+00
1.495763489769924703e+01 5.511823467156678369e+00 3.427127377148065257e+00
1.236496525643374866e+01 4.893538223763075123e+00 3.020788624929905186e+00
8.957932196631478661e+00 4.024391951963595560e+00 2.380108515542652903e+00
4.742494258765032278e+00 2.902435652347310047e+00 1.487319216417491985e+00
-2.793906190097142916e-01 1.532500895382583384e+00 3.345711168674324054e-01
-6.111426247587697702e+00 -7.246003636829601025e-02 -1.072354414603976291e+00
-1.276411384317167119e+01 -1.890741283720239529e+00 -2.711799351251326318e+00
-2.025185114632877870e+01 -3.896821597385104141e+00 -4.554129767872240997e+00
-2.858902653891792411e+01 -6.064953498837273749e+00 -6.570101039033272805e+00
-3.778853055988741971e+01 -8.370333949081121716e+00 -8.733654700828564543e+00
-4.786062624088765460e+01 -1.079067776355725350e+01 -1.102431760065275057e+01
-5.881200350922660647e+01 -1.330812082032332988e+01 -1.342942727912119949e+01
-7.064501467818793401e+01 -1.591142212303726744e+01 -1.594617650655473184e+01
-8.335706162523125329e+01 -1.859839203223867088e+01 -1.858348950165071756e+01
-9.694007588374111606e+01 -2.137843777655125876e+01 -2.136376854903581446e+01
