5.598387130638855513e-01 -8.130891796835203467e-01 1.435932841076124511e+00
6.599764370697410731e-01 -9.000883210541331669e-01 1.597276713180259655e+00
7.247881827354970552e-01 -9.565529452257539589e-01 1.701572401695973014e+00
7.542520830868509885e-01 -9.822942594865818888e-01 1.748935363573660418e+00
7.483522590144872089e-01 -9.771218799771862473e-01 1.739479354511431541e+00
7.070788307873553391e-01 -9.408439808459169162e-01 1.673316340259735302e+00
6.304269684427352693e-01 -8.732677471320382523e-01 1.550556840112774282e+00
5.183949788180871598e-01 -7.742000665920466540e-01 1.371310739609258755e+00
3.709814306288053976e-01 -6.434484130042021910e-01 1.135688598221537227e+00
1.881813210864934638e-01 -4.808219061140502348e-01 8.438034590263473467e-01
-3.001871264675718895e-02 -2.861325813589129519e-01 4.957731413308580359e-01
-2.441951185012136705e-01 -9.262147013224625303e-02 1.569783214614811073e-01
-4.148958178498400873e-01 6.618220802837085359e-02 -1.073668424750181816e-01
-5.421212665129551134e-01 1.900222730454046716e-01 -2.973825267601876710e-01
-6.258960779430640109e-01 2.786314440489994215e-01 -4.131814823939814474e-01
-6.662667593428750479e-01 3.317316633735911124e-01 -4.548703891277189881e-01
-6.633010026014537486e-01 3.490340769447363156e-01 -4.225505120822756755e-01
-6.170885973262002500e-01 3.302388905284272536e-01 -3.163175166642712699e-01
-5.277440402887737525e-01 2.750353065086014737e-01 -1.362603030287637684e-01
-3.954109177430392141e-01 1.831017643640820980e-01 1.175412860936924653e-01
-2.202681280086301319e-01 5.410676328061270191e-02 4.450200490805188980e-01
-4.050464444170968903e-02 -7.996374694217954493e-02 7.730675101890741585e-01
1.059331396488475546e-01 -1.867032601893491572e-01 1.028638215116141508e+00
2.191957540974922847e-01 -2.658360127508345161e-01 1.211768638343751148e+00
2.994315527045398606e-01 -3.171100066214717628e-01 1.322488938344352549e+00
3.467882436029109949e-01 -3.402978771195447338e-01 1.360821476756862936e+00
3.614130076899514932e-01 -3.351971304855037581e-01 1.326780263467011611e+00
3.434514462967031001e-01 -3.016297143782103451e-01 1.220371232339783285e+00
2.930456043043043746e-01 -2.394408840702377528e-01 1.041593249859288806e+00
2.103313045566801154e-01 -1.484973495402254762e-01 7.904397544939647524e-01
9.543500378256203343e-02 -2.868472720267954343e-02 4.669009205426645770e-01
-1.901108738353506772e-02 8.716822299384605066e-02 1.464245573373376408e-01
-1.005391603415055901e-01 1.661200883613384582e-01 -9.551875198615032703e-02
-1.492582580330761577e-01 2.081159086540003977e-01 -2.589094277324229809e-01
-1.652498606975726925e-01 2.131155579127434752e-01 -3.437326003695890253e-01
-1.485677229315405246e-01 1.810933951978752343e-01 -3.499781576196649979e-01
-9.923793833978032664e-02 1.120384755441197200e-01 -2.776404967123017875e-01
-1.725911867192689297e-02 5.955049318097092523e-03 -1.267181569458150081e-01
9.739743147466560502e-02 -1.371369188500904668e-01 1.027864912552116511e-01
2.447876715483424115e-01 -3.172014764722451696e-01 4.108673229802903282e-01
4.249950431156309660e-01 -5.341869196668236341e-01 7.975141223977402216e-01
6.015922223498177956e-01 -7.432967883121405217e-01 1.179307121663696778e+00
7.380556765263075469e-01 -8.998148483662121722e-01 1.472824781642227743e+00
8.343567937345578445e-01 -1.003800442329005449e+00 1.678044856687607167e+00
8.904812612944846828e-01 -1.055315212016598281e+00 1.794937329131225168e+00
9.064285790452837333e-01 -1.054423096942370019e+00 1.823464641381425722e+00
8.822120044005149486e-01 -1.001190425253032812e+00 1.763581692875484386e+00
8.178589990066177373e-01 -8.956859285195842846e-01 1.615235670440975602e+00
7.134122551333280660e-01 -7.379805131038915667e-01 1.378365776432941781e+00
5.689313872109430514e-01 -5.281466114770213549e-01 1.052902921711019069e+00
3.844953748857108389e-01 -2.662569151203589835e-01 6.387694634863950727e-01
1.882422377269160618e-01 5.507978613595149696e-03 2.005848560724450558e-01
8.197390979976286463e-03 2.450468466047278637e-01 -1.969309787966799230e-01
-1.556891066689976011e-01 4.524012062278388036e-01 -5.537259104018534828e-01
-3.034367393783700129e-01 6.276038094902607334e-01 -8.697671677740470564e-01
-4.350353027327003574e-01 7.706781014633010685e-01 -1.145041272796200937e+00
-5.504452060027158478e-01 8.816383635934635921e-01 -1.379553783074867201e+00
-6.495974365017912477e-01 9.604903620185847313e-01 -1.573328934037184101e+00
-7.323933188831184271e-01 1.007232326898223951e+00 -1.726409263576667019e+00
-7.987041972654251865e-01 1.021856090346931145e+00 -1.838855303406318864e+00
-8.483711565923268694e-01 1.004348209289797733e+00 -1.910745426873424746e+00
-8.829212479315095008e-01 9.688841716203856480e-01 -1.946868795353336568e+00
-9.041566252039654472e-01 9.296415474925512346e-01 -1.951888793266228106e+00
-9.122994793442426031e-01 8.865965919229831238e-01 -1.925715447741363384e+00
-9.075600675520568705e-01 8.397125511989156355e-01 -1.868267800238120557e+00
-8.901364207302777665e-01 7.889402650045117538e-01 -1.779473497113410296e+00
-8.602141963153915327e-01 7.342192371978745191e-01 -1.659268307540430420e+00
-8.179667280087596914e-01 6.754791113880664888e-01 -1.507595554918602421e+00
-7.635553136390342832e-01 6.126414877524871683e-01 -1.324405451650387366e+00
-6.971297700148987309e-01 5.456220201358877864e-01 -1.109654331296656915e+00
-6.188292697916482066e-01 4.743327376523064909e-01 -8.633037763874926718e-01
-5.331425903685269585e-01 4.008440145425367085e-01 -6.161893050560701690e-01
-4.443871392985109803e-01 3.274110200223475098e-01 -3.991606408079754753e-01
-3.524553408925317766e-01 2.541973804078533905e-01 -2.122045101217805707e-01
-2.572618440339495272e-01 1.813334461338419745e-01 -5.530885845256658384e-02
-1.587424578390028707e-01 1.089156661685393712e-01 7.153621812757311738e-02
-5.685361011607356629e-02 3.700629260333052062e-02 1.683377548237062760e-01
4.842778385254212919e-02 -3.436666976387046935e-02 2.350994248019858124e-01
1.571041591917656244e-01 -1.052093470396354979e-01 2.718212824582506570e-01
2.691569653329928258e-01 -1.755617875265955419e-01 2.784997553912557100e-01
3.845462762455944539e-01 -2.454977337145692606e-01 2.551278973374155323e-01
4.787309010016725930e-01 -3.001137355767255488e-01 2.172249025709877546e-01
5.272547794721588188e-01 -3.243683500435436406e-01 1.803112760603942100e-01
5.301815811356724861e-01 -3.181660638974745936e-01 1.443761555784077721e-01
4.875641222970225619e-01 -2.814279166045240421e-01 1.094039159185572763e-01
3.994442451993146515e-01 -2.140913919064395265e-01 7.537442149773236622e-02
2.658527739259645695e-01 -1.161102703610437659e-01 4.226356150075889079e-02
8.680955940367786339e-02 1.254558019470008827e-02 1.004394086528966057e-02
-1.376763779502957752e-01 1.718904939246640173e-01 -2.131439803902482333e-02
-4.076066030434727927e-01 3.619233884506966037e-01 -5.184334512683010793e-02
-7.229929158863335203e-01 5.826282474766008024e-01 -8.157630103588038584e-02
-1.024349374009640323e+00 7.923820683912337071e-01 -1.050495891588155289e-01
-1.252201034849732331e+00 9.495543720993832038e-01 -1.167467859022308097e-01
-1.406592327824202293e+00 1.054092303879968995e+00 -1.166273701637390581e-01
-1.487580606256985183e+00 1.105923846888711815e+00 -1.046571188164607813e-01
-1.495236249666785699e+00 1.104957727352736008e+00 -8.080869564098716595e-02
-1.429642697681312580e+00 1.051083571264513461e+00 -4.506177700621902954e-02
-1.290896491962469694e+00 9.441722616204403229e-01 2.597533615551858577e-03
-1.079107406039278905e+00 7.840764391691523727e-01 6.217824587529686975e-02
-7.943987368353403467e-01 5.706310966335984558e-01 1.336872145582194693e-01
-4.369078123383162704e-01 3.036542419709786778e-01 2.171332944769708007e-01
-7.765743916536158031e-02 3.994409408169594805e-02 2.877747780265969557e-01
2.125635235540875856e-01 -1.634053707232539510e-01 3.208805149883389163e-01
4.339162322723444931e-01 -3.062099962072942771e-01 3.164539651881136395e-01
5.865065149094924601e-01 -3.883726248448195473e-01 2.744613099411919444e-01
6.703843752275696621e-01 -4.098832187310527675e-01 1.948304280439500102e-01
6.855434690963128075e-01 -3.708189560996186795e-01 7.745156257589808080e-02
6.319212064191248590e-01 -2.713442403025256855e-01 -7.782141643476012116e-02
5.094001215688516160e-01 -1.117105720293958965e-01 -2.711702569320818546e-01
3.178111403923511435e-01 1.077437536231058701e-01 -5.028131770537871414e-01
5.693937288193699764e-02 3.865941857825064276e-01 -7.730083961264637704e-01
-2.166391943337618309e-01 6.686375530320114446e-01 -1.035419170775389253e+00
-4.460615006298953023e-01 8.982277342713744783e-01 -1.243391101013328948e+00
-6.311582470212918627e-01 1.075689054497912522e+00 -1.396753352039417084e+00
-7.717853401427217097e-01 1.201314388352621609e+00 -1.495348558131005978e+00
-8.678265703402762155e-01 1.275364514153332962e+00 -1.539029894533065157e+00
-9.191944627246505517e-01 1.298067356602758293e+00 -1.527659895629686515e+00
-9.258295575371446873e-01 1.269617266573283221e+00 -1.461110673367784107e+00
-8.876983790233419214e-01 1.190174497388760022e+00 -1.339265177703672149e+00
-8.047903691269169268e-01 1.059865015735778515e+00 -1.162019146444203566e+00
-6.771140852910007002e-01 8.787807408961785249e-01 -9.292834134083018949e-01
-5.303482193518326282e-01 6.791518245049699143e-01 -6.800278786777683715e-01
-3.901170463476880679e-01 4.932173212805276430e-01 -4.532538856020410512e-01
-2.563673101372621055e-01 3.210442229319375174e-01 -2.489355131587740744e-01
-1.290566774292232488e-01 1.626829451736851173e-01 -6.705347242444009703e-02
-8.153134522640896956e-03 1.816705821519842487e-02 9.240423595460539596e-02
1.063653182965464405e-01 -1.124868784696370777e-01 2.294419133430643798e-01
2.145107249068466948e-01 -2.292794056226604704e-01 3.440559722948217658e-01
3.162850386396218183e-01 -3.322282005508545577e-01 4.362349342086017101e-01
4.116798520711205667e-01 -4.213680794700047083e-01 5.059595876709566120e-01
5.006760501786717832e-01 -4.967509834783431222e-01 5.532032801377513298e-01
5.660825475750944635e-01 -5.482388770544974754e-01 5.726454348358867019e-01
5.907378815049646459e-01 -5.656177282758952929e-01 5.590073705913376489e-01
5.746512953836148130e-01 -5.488482474230788055e-01 5.123183944175665472e-01
5.178221878239982479e-01 -4.979047711306693880e-01 4.326059805517467605e-01
4.202399388426249494e-01 -4.127753317865067162e-01 3.198958545942594545e-01
2.818836799376858715e-01 -2.934618382004887116e-01 1.742120762322225125e-01
1.027220663715798510e-01 -1.399804011351018229e-01 -4.422985421920021427e-03
-1.172868885962718294e-01 4.763816080088360827e-02 -2.159888933408228295e-01
-3.781958528942178654e-01 2.693476006084079000e-01 -4.604677149458418772e-01
-6.800680137302573813e-01 5.250852797977754172e-01 -7.378450446961321019e-01
-9.695951743488269159e-01 7.689610181667587696e-01 -9.984767532089602327e-01
-1.193376510349645869e+00 9.551474801385210212e-01 -1.192761545884799546e+00
-1.351351275556109233e+00 1.083648329413346767e+00 -1.320756655822334036e+00
-1.443469247351371276e+00 1.154448891937889243e+00 -1.382525027891877700e+00
-1.469690427861148452e+00 1.167516644246119784e+00 -1.378135198372736125e+00
-1.429984982404568727e+00 1.122801210748467282e+00 -1.307661404844780328e+00
-1.324333585335582875e+00 1.020233901018627209e+00 -1.171183730410168655e+00
-1.152728350311730043e+00 8.597268079210145242e-01 -9.687880891892879376e-01
-9.151745344995764198e-01 6.411714843616215243e-01 -7.005658512261234705e-01
-6.116932208322033437e-01 3.644372279442770757e-01 -3.666128813854143131e-01
-3.052757130530835972e-01 8.880020726138852794e-02 -4.246535293669653072e-02
-5.885091066201374871e-02 -1.261970866924862211e-01 1.964978637325034416e-01
1.276111274236924331e-01 -2.803540432790902481e-01 3.503996138574982377e-01
2.541044475643036704e-01 -3.735362930523818403e-01 4.193412488401210836e-01
3.205880892207890187e-01 -4.056749516543685652e-01 4.034019028448123101e-01
3.269855302387328910e-01 -3.767663290912245388e-01 3.026388141471351712e-01
2.731834963139692651e-01 -2.868722974778172286e-01 1.170879837636276122e-01
1.590309340356453605e-01 -1.361215258395241379e-01 -1.532355395782867002e-01
-1.566104836986822665e-02 7.528818681291905845e-02 -5.083384762009275359e-01
-2.511174328256250976e-01 3.470862525279398425e-01 -9.482519821503418989e-01
-4.996927812482346298e-01 6.234361669730612565e-01 -1.393732164024462206e+00
-7.134100462486889782e-01 8.488019204446681787e-01 -1.765520506991563821e+00
-8.920051342580148646e-01 1.023290104328928196e+00 -2.063669480465247563e+00
-1.035192251707802713e+00 1.146988602182908767e+00 -2.288256644295834530e+00
-1.142664666519856986e+00 1.219970449424571557e+00 -2.439382039115780998e+00
-1.214095073397914559e+00 1.242296480988531737e+00 -2.517166700224655163e+00
-1.249135813421514252e+00 1.214016502174260381e+00 -2.521752350290224154e+00
-1.247419132532260555e+00 1.135168728106172420e+00 -2.453302355746491692e+00
-1.208557630529526916e+00 1.005777237047805972e+00 -2.312004053594859609e+00
-1.132145059041161694e+00 8.258471747206720392e-01 -2.098072564166319154e+00
-1.029949730807433683e+00 6.251260415992792030e-01 -1.849126490274026757e+00
-9.141270118874660344e-01 4.335589949757864825e-01 -1.602500908481644837e+00
-7.848299416752579916e-01 2.513947119977563704e-01 -1.358035478689177955e+00
-6.421978781316184381e-01 7.883896298847410666e-02 -1.115606032245183954e+00
-4.863528069385583130e-01 -8.394289977360672173e-02 -8.751249071036755200e-01
-3.173965725673540961e-01 -2.368237772795043772e-01 -6.365413844957447109e-01
-1.354089512434893117e-01 -3.797130881665704005e-01 -3.998421993401754526e-01
5.955350779514819587e-02 -5.125555535300846399e-01 -1.650520837383885886e-01
2.674579388875157893e-01 -6.353305811178397988e-01 6.776570994696837213e-02
4.882949723713539414e-01 -7.480523164904918643e-01 2.985089731451274764e-01
6.874808014456363914e-01 -8.376450310130267862e-01 5.028355958238864831e-01
8.302615017206451675e-01 -8.910517999800461331e-01 6.566441232871630396e-01
9.164119601465130494e-01 -9.083271361685449907e-01 7.601495936073295878e-01
9.457380739363859812e-01 -8.895051074797636348e-01 8.135492345396326819e-01
9.180766132435619342e-01 -8.345984102017326434e-01 8.170222624233686171e-01
8.332947770175070934e-01 -7.435989321399789631e-01 7.707291158078278803e-01
6.912893853456538729e-01 -6.164795032766496874e-01 6.748104054534548313e-01
4.919856709080985269e-01 -4.531965237043371064e-01 5.293858446426147335e-01
2.353356621078197819e-01 -2.536931539803968239e-01 3.345533910730253968e-01
-7.868381633961042676e-02 -1.790275617186988869e-02 9.038878935387675839e-02
-3.951958764338374119e-01 2.194580088771861948e-01 -1.633463542844974803e-01
-6.593306024771997675e-01 4.235961842991620707e-01 -3.869439076182595860e-01
-8.710943019822712241e-01 5.944968855626825421e-01 -5.804098938114534700e-01
-1.030480778428314981e+00 7.321827378609074843e-01 -7.437310355739256140e-01
-1.137471661622147856e+00 8.367138118376267197e-01 -8.768744479781532819e-01
-1.192037093011467874e+00 9.081875305044170288e-01 -9.797870673318217483e-01
-1.194136562247599898e+00 9.467386112316305002e-01 -1.052395099360459607e+00
-1.143719686578403616e+00 9.525391203450555011e-01 -1.094603762871489305e+00
-1.040726719207997863e+00 9.257987351819504385e-01 -1.106297595479876827e+00
-8.850885688080054603e-01 8.667653232547289921e-01 -1.087341579156085203e+00
-7.066139718383200874e-01 7.865334605581771887e-01 -1.036557493194339985e+00
-5.352651506311102425e-01 6.957990862893477235e-01 -9.529576466677798230e-01
-3.711755769215009382e-01 5.942875983406051832e-01 -8.366643578433174966e-01
-2.144531941083134829e-01 4.817859485479049630e-01 -6.877776656282640344e-01
-6.518253859537538608e-02 3.581427134787012467e-01 -5.063730220112090397e-01
7.657320255968298739e-02 2.232684329104606402e-01 -2.924996331425816498e-01
2.107704799720863387e-01 7.713614853441505548e-02 -4.617941155350014509e-02
3.373843005193982170e-01 -8.021792469987563956e-02 2.325934984107138059e-01
4.564080615398082852e-01 -2.486936688087420522e-01 5.438526572486992450e-01
5.678545854099363854e-01 -4.281263647836802688e-01 8.876587576502421584e-01
6.578690815963430527e-01 -5.932934463742354225e-01 1.212120857579344069e+00
7.126128414125209032e-01 -7.191517058662306727e-01 1.465259545641394601e+00
7.321450405612537349e-01 -8.057186313938152766e-01 1.647036626624054145e+00
7.165341238299027804e-01 -8.529634214703490924e-01 1.757436403005246284e+00
6.658580356977128467e-01 -8.608073693612383614e-01 1.796465474357836767e+00
5.802046231253321640e-01 -8.291239777170891223e-01 1.764152809529103028e+00
4.596717170952533404e-01 -7.577388074353711422e-01 1.660550332737474211e+00
3.043664038806410677e-01 -6.464290446753433450e-01 1.485734274834038526e+00
1.144029929519836397e-01 -4.949227625238585282e-01 1.239807548741766796e+00
-1.101008281530788113e-01 -3.028978721316356038e-01 9.229034082925954285e-01
-3.345425859892623421e-01 -1.019202222501700977e-01 5.927827808435300883e-01
-5.244578847834100443e-01 7.596580617473187858e-02 3.070252277848748435e-01
-6.799508225699644193e-01 2.304157056389856406e-01 6.552872417320852738e-02
-8.011383968263382505e-01 3.611004687274960712e-01 -1.317947166217159072e-01
-8.881465414196846320e-01 4.677059993859394860e-01 -2.850218825823551128e-01
-9.411074825755111339e-01 5.499325165684711969e-01 -3.942202363305292168e-01
-9.601582928977019371e-01 6.074940653431277759e-01 -4.594488476594015824e-01
-9.454405392184318524e-01 6.401182100546082276e-01 -4.807584224931110706e-01
-8.971009316343904194e-01 6.475459626984997330e-01 -4.581904708993188025e-01
-8.152928865965755056e-01 6.295319953588779383e-01 -3.917756575059653801e-01
-7.170669881724525130e-01 5.951080713272502987e-01 -3.059909143460047276e-01
-6.193306332279897575e-01 5.534867449510327830e-01 -2.253360499417635943e-01
-5.220350945207066218e-01 5.047018497179552865e-01 -1.498611253557418366e-01
-4.251393274579014503e-01 4.487831085842265977e-01 -7.960827731461646295e-02
-3.286099872763950103e-01 3.857557807959179352e-01 -1.461197103140103246e-02
-2.324214685466050867e-01 3.156403890149167002e-01 4.510077001886849540e-02
-1.365559600983863586e-01 2.384525203837851715e-01 9.951016557287324649e-02
-4.100350808027210942e-02 1.542026953803820877e-01 1.486035191221914131e-01
5.423792050736323672e-02 6.289629853756360800e-02 1.923751049994878726e-01
1.491623818440485916e-01 -3.546643465721365657e-02 2.308261091495655004e-01
2.266908242267390294e-01 -1.206613018590198955e-01 2.550618743720597936e-01
2.697916740640979860e-01 -1.724357443510304844e-01 2.561598079733918287e-01
2.785165054233786908e-01 -1.907594398375256906e-01 2.340872558150958738e-01
2.529052802738115946e-01 -1.756119869399663247e-01 1.888146597687366812e-01
1.929863158453987426e-01 -1.269827833296838238e-01 1.203156180878121873e-01
9.877630789894625840e-02 -4.487080757184178786e-02 2.856705369524277158e-02
-2.971957712211277872e-02 7.071565053267381273e-02 -8.645059384801692670e-02
-1.925075302377682318e-01 2.197592655409537910e-01 -2.247532350506953325e-01
-3.896048390805446626e-01 4.022339125614802224e-01 -3.863531358237681235e-01
-6.210395285308232260e-01 6.181048208385394593e-01 -5.712591388129352188e-01
-8.490519806292192717e-01 8.315118909277761095e-01 -7.582543451915284560e-01
-1.035776764337917655e+00 1.006717297369401631e+00 -9.261050337217989759e-01
-1.181069670728175147e+00 1.143889488357426210e+00 -1.074788762615093596e+00
-1.284759365961931410e+00 1.243232627134843504e+00 -1.204276109604647926e+00
-1.346649024609248624e+00 1.304987453396264874e+00 -1.314528587058791720e+00
-1.366517929383142649e+00 1.329432085537202379e+00 -1.405497267830188912e+00
-1.344122914931359380e+00 1.316882746380898972e+00 -1.477122414412393558e+00
-1.279199513481248385e+00 1.267694421034196273e+00 -1.529334397580326632e+00
-1.171462648644729931e+00 1.182261473809378405e+00 -1.562056184142726512e+00
-1.020606723686464212e+00 1.061018257230773587e+00 -1.575207668723081600e+00
-8.711178106530307330e-01 9.340841853271307782e-01 -1.579013525349728830e+00
-7.679360810127145998e-01 8.307872468907777641e-01 -1.583906487101606864e+00
-7.114122080882431254e-01 7.504004855988627432e-01 -1.590112002357265908e+00
-7.018816566340531082e-01 6.921882958929014285e-01 -1.597840902922109230e+00
-7.396648666553579110e-01 6.554065885677049508e-01 -1.607287604057090036e+00
-8.250670170955803906e-01 6.393036070507128743e-01 -1.618631154910997072e+00
-9.583773990801448539e-01 6.431213456976753173e-01 -1.632039137039412724e+00
-1.139868428554377644e+00 6.660975401452838840e-01 -1.647674402803769755e+00
-1.369794316136973222e+00 7.074682469285071829e-01 -1.665704631509193456e+00
-1.648389388899243801e+00 7.664711052788097945e-01 -1.686314658890832430e+00
-1.908582874243292649e+00 8.153128349563977251e-01 -1.680760415512434491e+00
-2.083035888237702249e+00 8.269908725609455002e-01 -1.620159200344461370e+00
-2.171596481224949304e+00 8.018254056133526930e-01 -1.504543022115752748e+00
-2.174151750023747276e+00 7.399919665124726764e-01 -1.333986282440224658e+00
-2.090626510537760829e+00 6.415201839744895107e-01 -1.108606342884639107e+00
-1.920982915815787617e+00 5.062921060068834578e-01 -8.285651678768193307e-01
-1.665222171308300192e+00 3.340398024212785644e-01 -4.940704695573643335e-01
-1.323389540381551210e+00 1.243418855032336345e-01 -1.053747708591998983e-01
-8.955838700717049239e-01 -1.233813922319917100e-01 3.372292554784728225e-01
-3.819728905333451552e-01 -4.098746333632525274e-01 8.334189485683833887e-01
1.288438225548756144e-01 -6.793454205234884524e-01 1.297551460473703955e+00
5.485232059147369110e-01 -8.747062612154171690e-01 1.644586081922672971e+00
8.772538393891169406e-01 -9.950200624234855074e-01 1.874986444681813857e+00
1.115287210979234223e+00 -1.039525428679420438e+00 1.989066340786149745e+00
1.262942613940075676e+00 -1.007635939566608574e+00 1.986979277221177842e+00
1.320603435382255331e+00 -8.989413099915573024e-01 1.868715890484904829e+00
1.288708704084258860e+00 -7.132077089056743091e-01 1.634107993090443633e+00
1.167743830564883512e+00 -4.503746661067605794e-01 1.282837835459987197e+00
9.582343854258417171e-01 -1.105463529164752989e-01 8.144509582064766162e-01
6.607464793053801078e-01 3.060245987365689535e-01 2.283709388497374149e-01
3.452121574059122122e-01 7.127178594102321352e-01 -3.639089892809799220e-01
8.087631023000833863e-02 1.023522042861442438e+00 -8.499724634230627629e-01
-1.325990963494464714e-01 1.238983730860498511e+00 -1.229175572125456695e+00
-2.954396936816185426e-01 1.359609124208088993e+00 -1.500973659288742157e+00
-4.077690806462904716e-01 1.385856166311811410e+00 -1.664918717927378999e+00
-4.696110665064897605e-01 1.318132189945246280e+00 -1.720656847545905643e+00
-4.808854830311334316e-01 1.156795273082952491e+00 -1.667926569096365830e+00
-4.413992281177657184e-01 9.021575595055868479e-01 -1.506558773263348527e+00
-3.508340978357679663e-01 5.544887175854719130e-01 -1.236479221668946638e+00
-2.087328676633292412e-01 1.140175167828025860e-01 -8.577147547732411059e-01
-4.590641942991769558e-02 -3.332158795122026063e-01 -4.539032996903202277e-01
1.060751177135897810e-01 -7.013119304718399283e-01 -1.085514768526985585e-01
2.466869115066698537e-01 -9.903264989154016984e-01 1.783696148966266160e-01
3.754622501754230623e-01 -1.200365175934478001e+00 4.068166258622564202e-01
4.919907660689163409e-01 -1.331578066129559534e+00 5.766797067989776204e-01
5.959161493034917934e-01 -1.384157381181228219e+00 6.877854632164650539e-01
6.869342822783200964e-01 -1.358337332108210171e+00 7.398975810399895936e-01
7.647926471399205672e-01 -1.254395857369071443e+00 7.327155647297141083e-01
8.292918514674073593e-01 -1.072657764373303957e+00 6.658719954429768162e-01
8.802901640635300007e-01 -8.134988827628639729e-01 5.389286986266477175e-01
9.228026036777159380e-01 -5.438682951099887974e-01 3.984871788070640242e-01
9.618839941340285860e-01 -3.302193910611872507e-01 2.918310941996686836e-01
9.974951307230689457e-01 -1.722171776915841501e-01 2.195005416986635371e-01
1.029584804506896933e+00 -6.950981260348469692e-02 1.820455424682655421e-01
1.058085944728450301e+00 -2.172789439529931171e-02 1.800250566403537034e-01
1.082914540185615060e+00 -2.848377701233384060e-02 2.140061703108131763e-01
1.103971472356781724e+00 -8.937085815324789795e-02 2.845635483075689698e-01
1.121147390726507043e+00 -2.039627877001612688e-01 3.922792573371821634e-01
1.134330762030097306e+00 -3.718125600429666999e-01 5.377430413733372827e-01
1.143419231797646374e+00 -5.924514964855369659e-01 7.215530729192075610e-01
1.133546309444370070e+00 -8.028277144740817439e-01 8.968292719592028117e-01
1.090037054104891823e+00 -9.404463115970139730e-01 1.015904798900585826e+00
1.013091192842921151e+00 -1.005619058866726867e+00 1.078266945431358481e+00
9.029043040612576565e-01 -9.986036036726388954e-01 1.083482949354465541e+00
7.596676722079048760e-01 -9.196010952353744772e-01 1.031198796359382941e+00
5.835711471684806861e-01 -7.687526073457040532e-01 9.211386360166036180e-01
3.748079834508033503e-01 -5.461346860044116180e-01 7.531050171480048183e-01
1.335805997950947621e-01 -2.517542979491638744e-01 5.269802404965978626e-01
-1.398938575839957787e-01 1.144565988112534460e-01 2.427292354105241579e-01
-4.453793503023911748e-01 5.526466757560721810e-01 -9.959553311861187030e-02
-7.297292957072182285e-01 9.799527591201284693e-01 -4.283354853082866343e-01
-9.402452924135512591e-01 1.313168433664224644e+00 -6.718969017151120715e-01
-1.077386706766652935e+00 1.551986349758030181e+00 -8.302244010984171085e-01
-1.141664509424429319e+00 1.696091968951483731e+00 -9.032317871760373595e-01
-1.133640312225455693e+00 1.745161043972815573e+00 -8.908075003014264137e-01
-1.053926769874414582e+00 1.698860201788223057e+00 -7.928156783316689937e-01
-9.031892570966943978e-01 1.556851296215179037e+00 -6.090921664237399780e-01
-6.821487547313790367e-01 1.318800202154862600e+00 -3.394348084331806348e-01
-3.915857230696822011e-01 9.843908344167401347e-01 1.641261831626634679e-02
-3.234436898643030384e-02 5.533454015393073355e-01 4.587833822924053950e-01
3.269421916649117854e-01 1.111588908159488326e-01 8.984671503558058214e-01
6.187639349438686098e-01 -2.563017910066818783e-01 1.245764753323905349e+00
8.438582591776997432e-01 -5.487509994818728920e-01 1.500379609097163058e+00
1.002885821905156849e+00 -7.659596380911836144e-01 1.662034312952692217e+00
1.096428720669303303e+00 -9.077633328230118037e-01 1.730461610843150311e+00
1.124988309749854531e+00 -9.740646079140842239e-01 1.705400979184032328e+00
1.088983323027292949e+00 -9.648299715711621261e-01 1.586599609178696246e+00
9.887490365128666081e-01 -8.800828346942732860e-01 1.373816535738914268e+00
8.245380948143189448e-01 -7.198932513284379553e-01 1.066828669008288211e+00
5.965233989354364885e-01 -4.843655411741478178e-01 6.654375780374837124e-01
3.587240809708962530e-01 -2.315228225011642660e-01 2.534082166948036785e-01
1.651304870486763332e-01 -1.920771728708224255e-02 -8.535156447455112538e-02
1.580231278826740859e-02 1.527345142228824504e-01 -3.507925347694907936e-01
-8.922031400852463434e-02 2.844668996516352966e-01 -5.428496320453732871e-01
-1.499189894259910505e-01 3.761607191652877047e-01 -6.614407906026754658e-01
-1.662983952753475658e-01 4.279951920641261731e-01 -7.064664524096327947e-01
-1.383867161727380113e-01 4.401571488217979611e-01 -6.778097096795927534e-01
-6.623496071390527762e-02 4.128409772969152680e-01 -5.753370121149333771e-01
5.008495839085583268e-02 3.462491369658566853e-01 -3.988993644957909979e-01
2.104835249464987457e-01 2.405935176498930350e-01 -1.483339453080599890e-01
3.772688098166850912e-01 1.233413904644626857e-01 1.167027113371680858e-01
5.128689380782651686e-01 2.172153639361965038e-02 3.363748205720791806e-01
6.173531289852979276e-01 -6.439701056362084897e-02 5.105905839743735131e-01
6.907776705353098068e-01 -1.351395698703237169e-01 6.392698487032127952e-01
7.331847732716803012e-01 -1.906264643696028438e-01 7.223444108275368647e-01
7.446019588930393729e-01 -2.309732064820694264e-01 7.597581473501187066e-01
7.250419370314739043e-01 -2.562903391725721014e-01 7.514669694079327833e-01
6.745029240618782840e-01 -2.666830566313163620e-01 6.974385862466205843e-01
5.929693552403461076e-01 -2.622507300642748507e-01 5.976520707399900489e-01
4.804129376116283989e-01 -2.430864589534933451e-01 4.520972210501227884e-01
3.530698935417348472e-01 -2.097970164096967793e-01 2.907552481116821852e-01
2.272521404228027286e-01 -1.628975362694950468e-01 1.435724781905975966e-01
1.030157194234485596e-01 -1.023507339690911677e-01 1.050614881755717288e-02
-1.961006176908785051e-02 -2.813485004252603769e-02 -1.084687889635157221e-01
-1.406226593779732470e-01 5.975666899194211762e-02 -2.133594213870851353e-01
-2.600462603338924428e-01 1.613151937636443933e-01 -3.041547942866467680e-01
-3.779317397537392820e-01 2.765166861692163747e-01 -3.808260463275562335e-01
-4.943566604735036285e-01 4.053212731822424808e-01 -4.433267945021931444e-01
-6.094253632010618871e-01 5.476726707236450054e-01 -4.915938150542667473e-01
-7.232691928018020189e-01 7.034975098080561429e-01 -5.255480648549362144e-01
-8.129852099191923198e-01 8.354335810886587277e-01 -5.439151539732609564e-01
-8.554395349977182983e-01 9.062588468684883436e-01 -5.455501187960986043e-01
-8.504448340096444348e-01 9.160930722273126214e-01 -5.305484939879335782e-01
-7.978242240013381226e-01 8.650521939490165568e-01 -4.989942689539304532e-01
-6.974113455302264342e-01 7.532478259599078019e-01 -4.509605071862458070e-01
-5.490506028658189708e-01 5.807863661920791287e-01 -3.865110161778355646e-01
-3.525975043903489259e-01 3.477677851894917516e-01 -3.057029664675262048e-01
-1.079190648532449698e-01 5.428415738654452510e-02 -2.085903450028740724e-01
1.851057286966583670e-01 -2.995820315080407470e-01 -9.522811212801944591e-02
5.265853369101985981e-01 -7.137598012980224116e-01 3.432308639974702980e-02
8.568863066137220041e-01 -1.113236787169401554e+00 1.643491343559397577e-01
1.116283421338132076e+00 -1.423054879635374581e+00 2.791958524640928974e-01
1.304783315155606749e+00 -1.643207265898130043e+00 3.788758902477384893e-01
1.422449154202626076e+00 -1.773645223367539270e+00 4.633879673891678763e-01
1.469400829009614107e+00 -1.814278453275554037e+00 5.327158589625967666e-01
1.445815152201058940e+00 -1.764975684081474316e+00 5.868274505409103448e-01
1.351926153374287010e+00 -1.625565313051138272e+00 6.256748025463855223e-01
1.188025606404979007e+00 -1.395835822253723268e+00 6.491961505221141016e-01
9.544639448069609511e-01 -1.075535692081080574e+00 6.573207567563114084e-01
6.516516921332948797e-01 -6.643725599317175101e-01 6.499775299034551423e-01
3.268782956053277178e-01 -2.393791593764575121e-01 6.231840412727857048e-01
2.680831561782118927e-02 1.220294436041498565e-01 5.731198927261156317e-01
-2.489533895953265075e-01 4.196689949000761422e-01 4.998913297732365812e-01
-5.006885712082229656e-01 6.534403372784038933e-01 4.035007510053685298e-01
-7.285648180162133114e-01 8.233281646762559136e-01 2.838422437512152507e-01
-9.326338481167890659e-01 9.294012577379838769e-01 1.407008021139051490e-01
-1.112829904411672510e+00 9.718142139732275364e-01 -2.624583584965245811e-02
-1.268969330312486932e+00 9.508106647650592658e-01 -2.174237997076471918e-01
-1.400752400913716222e+00 8.667279685247591958e-01 -4.333592344696617360e-01
-1.507768467233167486e+00 7.200033697308110270e-01 -6.746750857762032760e-01
-1.579403072500139116e+00 5.478949760240051647e-01 -8.980350587273939755e-01
-1.605676943857843764e+00 3.869250742898366346e-01 -1.059347881363879473e+00
-1.586989592598528898e+00 2.365405067690688756e-01 -1.158238083092406168e+00
-1.523650198372515252e+00 9.622928134236941045e-02 -1.194414725093873031e+00
-1.415874213426455253e+00 -3.447870043571742149e-02 -1.167668009755624681e+00
-1.263782990892426739e+00 -1.560089986524506589e-01 -1.077865316038771892e+00
-1.067406001597988485e+00 -2.687391949064290575e-01 -9.249467845663151833e-01
-8.266851571960409650e-01 -3.729957269192699099e-01 -7.089206051851346668e-01
-5.414807134664566535e-01 -4.690519840675425045e-01 -4.298581902997814508e-01
-2.115782055656600658e-01 -5.571285459378682026e-01 -8.788943530059779852e-02
1.057539071472887171e-01 -6.172480199328629347e-01 2.503318030497201363e-01
3.528460117241256633e-01 -6.292496950446990756e-01 5.185444876318057172e-01
5.294493530182091678e-01 -5.930261883314172922e-01 7.170783357685527326e-01
6.354405509514750028e-01 -5.084489294566164608e-01 8.461540998234039490e-01
6.708216215491181744e-01 -3.753664798460616958e-01 9.058820614565220586e-01
6.357193124610771573e-01 -1.936057171821232714e-01 8.962612326283360131e-01
5.303841973066693027e-01 3.702605245669524786e-02 8.171801564750506008e-01
3.551900028644989216e-01 3.167399952827868459e-01 6.684201615258353879e-01
1.106336517457439939e-01 6.457675758905044860e-01 4.496618835314520335e-01
-2.026635611946511206e-01 1.024367156023266334e+00 1.604958788242411005e-01
-5.168100328717021297e-01 1.387508405436169268e+00 -1.385222632945633803e-01
-7.647950255489647242e-01 1.669846979107086016e+00 -3.861814890133764555e-01
-9.471971734696590373e-01 1.871229237779441057e+00 -5.819929806230157432e-01
-1.064551910274311286e+00 1.991525358017220082e+00 -7.255001170620990480e-01
-1.117352944022301120e+00 2.030622597939651719e+00 -8.162831548130138337e-01
-1.106051652298869481e+00 1.988422876241972226e+00 -8.539601185612424317e-01
-1.031054709870080632e+00 1.864844116307378341e+00 -8.381843682508495208e-01
-8.927202800172207020e-01 1.659824805314261686e+00 -7.686393054867552976e-01
-6.913530211174340190e-01 1.373331242036292199e+00 -6.450307548883799091e-01
-4.271980019980914367e-01 1.005366992273963200e+00 -4.670776861439298600e-01
-1.602421693332239938e-01 6.267555270827089853e-01 -2.763717876592698408e-01
4.966754895715578405e-02 3.082190885220181253e-01 -1.148746781748860163e-01
2.025531487545653153e-01 4.966331826607425087e-02 1.718014401533442259e-02
2.984399175746280664e-01 -1.489765263263140294e-01 1.196152610258605642e-01
3.373543509799780682e-01 -2.877365515665002982e-01 1.923093735356004585e-01
3.193235757771488714e-01 -3.666242496747411650e-01 2.351970502747209590e-01
2.443757867121877925e-01 -3.856179299708737407e-01 2.482683955584849556e-01
1.125412069843046009e-01 -3.446659286648884879e-01 2.315688293803985776e-01
-7.614691611108204139e-02 -2.436859619605490912e-01 1.851991843193906973e-01
-3.216517709760677857e-01 -8.256498151822486142e-02 1.093163401248424260e-01
-5.716137334933627523e-01 9.498244318366765027e-02 2.342568482056816767e-02
-7.737111249914947475e-01 2.451050280454000474e-01 -5.317714631178081797e-02
-9.279562724201049217e-01 3.677474718103192486e-01 -1.205950302188322776e-01
-1.034353872107550032e+00 4.628737448232003726e-01 -1.789151115916593759e-01
-1.092900462547342855e+00 5.304675682731831987e-01 -2.282089762310331726e-01
-1.103584206927682443e+00 5.705325624142271179e-01 -2.685325675642601384e-01
-1.066384915486635832e+00 5.830921402469182446e-01 -2.999259852784266767e-01
-9.812742360784436624e-01 5.681892250815261391e-01 -3.224133063973495528e-01
-8.482159393255958024e-01 5.258858742153691423e-01 -3.360025662205379793e-01
-6.671662233797552854e-01 4.562628944400538011e-01 -3.406860310986767892e-01
-4.748210568970676615e-01 3.787397644353897030e-01 -3.361782566215257284e-01
-3.079584135630882291e-01 3.125820465710733020e-01 -3.222348744321423819e-01
-1.666475550396272209e-01 2.576691560887696686e-01 -2.989007439515544151e-01
-5.094924096776112799e-02 2.138996487959909654e-01 -2.662231463250023245e-01
3.908400197273947940e-02 1.811910372590029294e-01 -2.242510505319888492e-01
1.034076104556670428e-01 1.594796993700960952e-01 -1.730347217080176470e-01
1.419847383976423072e-01 1.487208788547044469e-01 -1.126256033135609319e-01
1.547860571199662083e-01 1.488887746243707511e-01 -4.307640596938513977e-02
1.417896242223488090e-01 1.599767149018614942e-01 3.555866355952726904e-02
1.029808439673072784e-01 1.819974121608562145e-01 1.232235996626823843e-01
6.408475494833709707e-02 1.934955479950096202e-01 2.095385626391056688e-01
5.080513990522179252e-02 1.729613507191743171e-01 2.842111915586181814e-01
6.308399004443766833e-02 1.203251533094556597e-01 3.473068344896377280e-01
1.008365281889928300e-01 3.550017415325094211e-02 3.988814359947093768e-01
1.639512031585863838e-01 -8.161714528593579099e-02 4.389819828292874648e-01
2.522897894885145487e-01 -2.311467251158424996e-01 4.676474354728661353e-01
3.656875878661565715e-01 -4.132244139528201132e-01 4.849102943540778421e-01
5.039537308585542164e-01 -6.280015909339090596e-01 4.907989468799057731e-01
6.668716139257584441e-01 -8.756448435970759503e-01 4.853409382402996131e-01
8.541994949877987908e-01 -1.156335744612163596e+00 4.685673054151511252e-01
1.034109108185124359e+00 -1.427955822132509045e+00 4.578958408449299022e-01
1.175314836209785607e+00 -1.647980926582423677e+00 4.707325962849889245e-01
1.278420136192234491e+00 -1.815973885053485670e+00 5.070900547525575286e-01
1.344090008034470429e+00 -1.931463505577629469e+00 5.669678422698694042e-01
1.373051711160129029e+00 -1.993946796905165852e+00 6.503467902923346644e-01
1.366096134855986577e+00 -2.002892532530284431e+00 7.571860901354365847e-01
1.324080054287293917e+00 -1.957746217690284896e+00 8.874240633454494320e-01
1.247929531587149032e+00 -1.857936501710441890e+00 1.040983057289072145e+00
1.138644701362786282e+00 -1.702883098129680972e+00 1.217778959589134180e+00
9.973061033041018542e-01 -1.492006337784866687e+00 1.417735813779707144e+00
8.485812682153830444e-01 -1.263776698971118551e+00 1.605143644120580193e+00
7.157237268146747766e-01 -1.057499162584150110e+00 1.744323846034644410e+00
5.977981180717032439e-01 -8.738034864450837658e-01 1.835289173018727515e+00
4.939224605680083702e-01 -7.132522935739451508e-01 1.878071604079841084e+00
4.032672876211556567e-01 -5.763386240178565156e-01 1.872712141391633889e+00
3.250565767072080003e-01 -4.634865156793793739e-01 1.819253258086781511e+00
2.585701374096731620e-01 -3.750542761001828262e-01 1.717733749330245585e+00
2.031470943413879460e-01 -3.113401183167799902e-01 1.568185736485897541e+00
1.581901132947842181e-01 -2.725898235727158281e-01 1.370633569934654572e+00
1.231700641552885278e-01 -2.590060688379690612e-01 1.125094371572495477e+00
9.429942145122259534e-02 -2.553514430316394246e-01 8.670209490679947617e-01
6.818017390685618406e-02 -2.462727134608492796e-01 6.318492369237177497e-01
4.491033971288334314e-02 -2.317734397377949340e-01 4.195676242304858805e-01
2.457304943522419655e-02 -2.118572450672251417e-01 2.301658349002457804e-01
7.236583165115958657e-03 -1.865270118631912055e-01 6.363500609152841769e-02
-7.045599092532085772e-03 -1.557843455441716152e-01 -8.003221778944213938e-02
-1.823483885301799626e-02 -1.196292661259728551e-01 -2.008415844624778512e-01
-2.630727316474041830e-02 -7.806008742198790318e-02 -2.987971359674471139e-01
-3.125383923654765500e-02 -3.107344379310626042e-02 -3.739011234515814408e-01
-3.308028628217246636e-02 2.133557556266018479e-02 -4.261539445059781550e-01
-3.871023144563808666e-02 7.725830245961308462e-02 -4.640357467950512738e-01
-5.506301475776242266e-02 1.347481948578967137e-01 -4.960312002693633149e-01
-8.215212097562389626e-02 1.937509125310322156e-01 -5.221510992156284114e-01
-1.199944629398316670e-01 2.542076153632770730e-01 -5.424123768379078836e-01
-1.686102671381234375e-01 3.160549762818395947e-01 -5.568382595704094440e-01
-2.280229569805967138e-01 3.792252227437911682e-01 -5.654584835360495498e-01
-2.982590350873169927e-01 4.436462175646118666e-01 -5.683095787488435802e-01
-3.793479656241640630e-01 5.092415903596757554e-01 -5.654352263994778527e-01
-4.713220573713965966e-01 5.759309315367393545e-01 -5.568866941616340549e-01
-5.742163477496833313e-01 6.436300616438339617e-01 -5.427233538716873529e-01
-6.741710114153092182e-01 7.129335424687931466e-01 -5.286819472949793042e-01
-7.572843431970216477e-01 7.845783258102392299e-01 -5.203668726437700176e-01
-8.235274561371372926e-01 8.586928982088857243e-01 -5.176346055170036875e-01
-8.728698871753900468e-01 9.354074722700219668e-01 -5.203259134680955356e-01
-9.052802264357264761e-01 1.014853529711773783e+00 -5.282654457667482761e-01
-9.207268860851303138e-01 1.097163512612936653e+00 -5.412614693172982383e-01
-9.191790150565224415e-01 1.182470695226213842e+00 -5.591057571623049283e-01
-9.006075653387272117e-01 1.270909268936450731e+00 -5.815736356688173680e-01
-8.649865150765611022e-01 1.362614672464248056e+00 -6.084241969071866318e-01
-8.122942534126509351e-01 1.457724198217252853e+00 -6.394006840705860339e-01
-7.512510747122219668e-01 1.539825422257690146e+00 -6.657486225904007959e-01
-6.905919061407371773e-01 1.592343714477176819e+00 -6.790468891047665156e-01
-6.303182638805161497e-01 1.615184619661780729e+00 -6.795156224333642747e-01
-5.704286578738296809e-01 1.608263558538029159e+00 -6.673579012351533724e-01
-5.109186770084032103e-01 1.571505270101756890e+00 -6.427593622157973252e-01
-4.517815327887544363e-01 1.504843299893160236e+00 -6.058878693672329341e-01
-3.930089866328012049e-01 1.408219528979538726e+00 -5.568932469786392891e-01
-3.345925855134401772e-01 1.281583740894182588e+00 -4.959070834538393813e-01
-2.765251307510310230e-01 1.124893226916823252e+00 -4.230426053086286386e-01
-2.188023053587708489e-01 9.381124336184853973e-01 -3.383946117958284705e-01
-1.655265411970017753e-01 7.536061142248228206e-01 -2.584927096971540994e-01
-1.207523402008920665e-01 6.037700536210648394e-01 -1.998171203659210582e-01
-8.441498775722942882e-02 4.886153468510963660e-01 -1.623754276930699514e-01
-5.646119211678785749e-02 4.081486679530180739e-01 -1.461777321538541563e-01
-3.684912919224014177e-02 3.623722083779454817e-01 -1.512368780042893657e-01
-2.554848573435645684e-02 3.512837003246980783e-01 -1.775685049885229738e-01
-2.254048003570853498e-02 3.748764990424898746e-01 -2.251909750888940742e-01
-2.781783833274711557e-02 4.331396984105179149e-01 -2.941252249598286239e-01
-4.138470522999756346e-02 5.260582542590046540e-01 -3.843945945147450582e-01
-6.325646706792358021e-02 6.536130902137624599e-01 -4.960246815219052086e-01
-8.730227463067954941e-02 7.768495651876852204e-01 -6.028870368313390404e-01
-1.073630498629387919e-01 8.568263199332393221e-01 -6.788386606804541756e-01
-1.234139098413452040e-01 8.935390119556559929e-01 -7.238888983202333982e-01
-1.354216781008741599e-01 8.869804182421880956e-01 -7.380522892901479892e-01
-1.433448733662000818e-01 8.371404849538099935e-01 -7.213485594896426045e-01
-1.471337573808761123e-01 7.440063116513108143e-01 -6.738027141853316637e-01
-1.467304761562833737e-01 6.075620371244433437e-01 -5.954452736395707824e-01
-1.420693294591931777e-01 4.277885939617092070e-01 -4.863126929517963548e-01
-1.330772063267690875e-01 2.046632997203937654e-01 -3.464480063860616577e-01
-1.196742306907832010e-01 -6.184074580319250114e-02 -1.759017334225365659e-01
-9.976418924034118063e-02 -3.271849221922390472e-01 1.422106067947892342e-03
-7.135024008267433493e-02 -5.467978369197610267e-01 1.616751494280501966e-01
-3.447019835979589497e-02 -7.206724094806395975e-01 3.048589634833148709e-01
1.087370522561326505e-02 -8.488201698529708183e-01 4.309436949128171435e-01
6.471450808662232435e-02 -9.312713207009060135e-01 5.398680576463140701e-01
1.271199953674308492e-01 -9.680751074152083024e-01 6.315391549401512261e-01
1.981921753488170290e-01 -9.593004534186484467e-01 7.058323474239457385e-01
2.780669541698292391e-01 -9.050368208392135516e-01 7.625913736267122545e-01
3.669142183522453027e-01 -8.053952597873199615e-01 8.016289243234357986e-01
4.649385368199867030e-01 -6.605096115753734676e-01 8.227278692221176026e-01
5.552407820698844754e-01 -5.028537653703493149e-01 8.218001946468291852e-01
6.205689043335674837e-01 -3.647528459158552172e-01 7.950772903836741401e-01
6.606555592417253653e-01 -2.461529669538976284e-01 7.427842757225296966e-01
6.752757034530361135e-01 -1.470187647108774642e-01 6.651245969919825640e-01
6.642454638572260484e-01 -6.733409006165833044e-02 5.622788343830894542e-01
6.274213836757569496e-01 -7.103267161109906580e-03 4.344040792093004644e-01
5.647000601497208505e-01 3.364726609809340352e-02 2.816337288863845489e-01
4.760181938962647630e-01 5.486712032479901940e-02 1.040775435050338565e-01
3.613530777303453623e-01 5.648010454951578330e-02 -9.817819842480907111e-02
2.207235605153526903e-01 3.838255130427073447e-02 -3.250706153484812511e-01
7.305310844326956543e-02 1.773858626496701771e-02 -5.491137607608626015e-01
-6.281998874976937874e-02 1.185810537937066582e-02 -7.428591092979294208e-01
-1.869950610937717861e-01 2.081832049869383749e-02 -9.063064799285117656e-01
-2.995989400433206051e-01 4.467654847731723083e-02 -1.039436427156408937e+00
-4.007863338896212047e-01 8.346917304557761874e-02 -1.142210049686533502e+00
-4.907399899021819278e-01 1.372105919369425719e-01 -1.214569127249036207e+00
-5.696707449071694018e-01 2.058922775926084192e-01 -1.256436612496132144e+00
-6.378175721570172874e-01 2.894820813585667896e-01 -1.267717501907452915e+00
-6.954477372917640121e-01 3.879239105697431245e-01 -1.248300106152349320e+00
-7.428571786555099310e-01 5.011379061680758529e-01 -1.198057737347788754e+00
-7.697186474078608898e-01 5.971632778345805637e-01 -1.120183787664530639e+00
-7.652133551498638830e-01 6.442183282777167452e-01 -1.018092268953242563e+00
-7.289693285680214352e-01 6.424590879162098700e-01 -8.919604342296663102e-01
-6.606764265797587798e-01 5.920167305073691377e-01 -7.419431251634895919e-01
-5.600858178109452412e-01 4.929947132619760808e-01 -5.681739026419296845e-01
-4.270098570363990986e-01 3.454656597130413842e-01 -3.707672054871551937e-01
-2.613223576116978086e-01 1.494682216420678555e-01 -1.498210729657816764e-01
-6.295929472662584181e-02 -9.499585857863608596e-02 9.458005250809450870e-02
1.680799928123182241e-01 -3.879642745559072070e-01 3.623629469743193110e-01
4.317310152884333840e-01 -7.295160612843154535e-01 6.534641769828933855e-01
6.831426132006003238e-01 -1.058409051974733783e+00 9.234073351652687389e-01
8.775356413135921851e-01 -1.313272944736057601e+00 1.127818760058363790e+00
1.014893433430138936e+00 -1.494033522960662719e+00 1.266797102918749696e+00
1.095187330807354087e+00 -1.600625502434578795e+00 1.340441696054113896e+00
1.118377540110602197e+00 -1.632992007050297456e+00 1.348852385506046581e+00
1.084413198543663137e+00 -1.591084504309935754e+00 1.292129553086789784e+00
9.932317000775310323e-01 -1.474863280132793442e+00 1.170374190676500392e+00
8.447573301074565721e-01 -1.284298537578206112e+00 9.836878907604353905e-01
6.388992566362484693e-01 -1.019372219144011771e+00 7.321726005133964987e-01
3.755489389996160554e-01 -6.800806742164654528e-01 4.159299516082622938e-01
1.108191851984587500e-01 -3.384641321869447106e-01 1.046844235648732580e-01
-9.897122907438569983e-02 -6.653331556593947149e-02 -1.319827082362135251e-01
-2.536625072624579258e-01 1.357227631043177452e-01 -2.941796074710044673e-01
-3.531322698544599459e-01 2.682903847824076871e-01 -3.820104033351147121e-01
-3.972946998141649866e-01 3.311322192360174888e-01 -3.955744850333507978e-01
-3.861001740742817101e-01 3.241872721311921945e-01 -3.349666460486447339e-01
-3.195355483018008647e-01 2.473700322051476941e-01 -2.002776274875897600e-01
-1.976252666669720826e-01 1.005691608751082544e-01 8.405385908529202851e-03
-2.043348822877474186e-02 -1.163539318468213707e-01 2.909987776771743584e-01
2.119325603242940004e-01 -4.035662606726037605e-01 6.474235108163416408e-01
4.461725990919045981e-01 -6.863170558940765442e-01 9.987281087039845406e-01
6.292221502988899484e-01 -8.896416463374747785e-01 1.266021914171773011e+00
7.613188462223423603e-01 -1.013415003210280219e+00 1.449279363086793282e+00
8.427440313786325188e-01 -1.057535276125054713e+00 1.548428084258549831e+00
8.738228272541808117e-01 -1.021925961963586760e+00 1.563347593276447789e+00
8.549238177925241322e-01 -9.065365971851341298e-01 1.493869871145128370e+00
7.864590993652631479e-01 -7.113412474549813957e-01 1.339782064517477833e+00
6.688854476448209407e-01 -4.363340901634481517e-01 1.100831515641499836e+00
5.027072796766034468e-01 -8.152141783403094033e-02 7.767333420854012349e-01
2.884819106636568598e-01 3.530905833239799119e-01 3.671808666863338733e-01
6.736540688391007281e-02 7.731330780474757747e-01 -4.349218865068191220e-02
-1.202980146066492673e-01 1.084285739742489652e+00 -3.704957046752994643e-01
-2.750601266214097729e-01 1.286600054825188133e+00 -6.135502653674240747e-01
-3.973829870643431628e-01 1.380072521308567612e+00 -7.724883823481885070e-01
-4.876391448034375631e-01 1.364639893415384053e+00 -8.472569998380657941e-01
-5.461098357483917809e-01 1.240178716500984546e+00 -8.379166054342334080e-01
-5.729832408743045224e-01 1.006507832655542112e+00 -7.446378565056527288e-01
-5.683548282529082840e-01 6.633924920826731464e-01 -5.676966926032087635e-01
-5.322316563004397816e-01 2.105486887534825380e-01 -3.074689628248212792e-01
-4.645423445097249804e-01 -3.523536092284523802e-01 3.557442266574681322e-02
-3.814348680762186250e-01 -9.221311665091336263e-01 3.914225509083288368e-01
-2.992416958336151511e-01 -1.395202047312747551e+00 6.906850523643950357e-01
-2.180992590532170594e-01 -1.771372260643385488e+00 9.337023146563546705e-01
-1.381118232623678166e-01 -2.050491477551277697e+00 1.120743343722631069e+00
-5.934618266307697260e-02 -2.232451189126375191e+00 1.252006250015140099e+00
1.817002135934079471e-02 -2.317183879915604372e+00 1.327617764453941529e+00
9.444741511215000440e-02 -2.304662943759655747e+00 1.347632241668223152e+00
1.695325089841876465e-01 -2.194903061789077459e+00 1.312030620877430609e+00
2.435049149472000296e-01 -1.987960788992226613e+00 1.220719765591402828e+00
3.164752980219310841e-01 -1.683935139130163350e+00 1.073532523701167474e+00
3.764345922873725270e-01 -1.349189879713128093e+00 8.982764701716196010e-01
4.110661845460623076e-01 -1.049841732995643095e+00 7.232348952870432113e-01
4.200969140699477022e-01 -7.856801934358252915e-01 5.488539785678924199e-01
4.033202588605822592e-01 -5.565349381466863088e-01 3.755164632350620479e-01
3.605904603846483703e-01 -3.622779477261867664e-01 2.035393313340472798e-01
2.918186188852617269e-01 -2.028256495131716686e-01 3.317294324992767912e-02
1.969705310703920298e-01 -7.814093676630320950e-02 -1.353987986450583270e-01
7.606601935111714785e-02 1.176510249621894738e-02 -3.020576668430024481e-01
-7.082051008707869466e-02 6.683192607931404128e-02 -4.667500895397686533e-01
-2.435585489340349186e-01 8.694893524414676333e-02 -6.294862684087917382e-01
-4.109005854130834967e-01 8.156079851226068211e-02 -7.619521546568130965e-01
-5.416710811561789018e-01 6.024414575437359726e-02 -8.358155094852475209e-01
-6.357844761451452165e-01 2.301304617375864170e-02 -8.511266410151860917e-01
-6.931314437242771520e-01 -3.016652460451049733e-02 -8.079645992704337365e-01
-7.135790674814423973e-01 -9.937655337185546944e-02 -7.064375893009536833e-01
-6.969714403230236055e-01 -1.847474631316095572e-01 -5.466836064214944946e-01
-6.431310636308634754e-01 -2.864594820932785391e-01 -3.288711379280370162e-01
-5.518614342382792692e-01 -4.047451959672866417e-01 -5.319977078204526921e-02
-4.229512313001699830e-01 -5.398935541967885277e-01 2.800994733631781974e-01
-2.561805579374095698e-01 -6.922555591852359580e-01 6.707642911795245189e-01
-8.477831631915322408e-02 -8.329257435223872408e-01 1.050372324929070844e+00
5.772110491524259923e-02 -9.324831887527798013e-01 1.350885602535806918e+00
1.711168086517382003e-01 -9.905710159987617391e-01 1.572567437385069766e+00
2.552652350043963514e-01 -1.006853106447428647e+00 1.715652975843336536e+00
3.100831070015757640e-01 -9.810123266516567186e-01 1.780347656534795764e+00
3.355477937670822142e-01 -9.127504669371105939e-01 1.766825987706262646e+00
3.316954010719961876e-01 -8.017892071605602355e-01 1.675230894891085009e+00
2.986169249768477196e-01 -6.478714190545511453e-01 1.505673880402381926e+00
2.364528377062375397e-01 -4.507621501655964535e-01 1.258236199920523157e+00
1.453864967810529762e-01 -2.102487045315953040e-01 9.329712102964995424e-01
5.106530552432458209e-02 2.789323077767309061e-02 5.932071922208815851e-01
-2.121063088808987362e-02 2.176789845036590787e-01 3.022743531211645740e-01
-7.171856602842523187e-02 3.590204437385998149e-01 6.020786976457480344e-02
-1.006878179844623439e-01 4.518579887795775574e-01 -1.329521837023217301e-01
-1.082993941642071967e-01 4.961581857906340876e-01 -2.771620105005742074e-01
-9.468594737286681329e-02 4.919127244252955999e-01 -3.723742001786269351e-01
-5.993188371031548528e-02 4.391383352375775040e-01 -4.185371116622974008e-01
-4.073457897388401382e-03 3.378774202367568757e-01 -4.155938669205371805e-01
7.290131245831230067e-02 1.881991341450958144e-01 -3.634812910138727204e-01
1.710530965919487556e-01 -9.799340790483850386e-03 -2.621291368476800221e-01
2.639756722076640472e-01 -2.108780683178223536e-01 -1.490799773020324015e-01
3.251194315531489298e-01 -3.699539369157129332e-01 -6.196192395072781800e-02
3.543651200766624876e-01 -4.871372025360206082e-01 -8.061091726094585762e-04
3.515885113468241729e-01 -5.625263454982973865e-01 3.438285053527579543e-02
3.166602419937580848e-01 -5.962077927892877049e-01 4.362737637060096901e-02
2.494459403726405622e-01 -5.882558499982707412e-01 2.697691331651183577e-02
1.498064784487792567e-01 -5.387329604506337910e-01 -1.549259924233538019e-02
1.759817615919964315e-02 -4.476904067117553065e-01 -8.367975023586213257e-02
-1.473272062351762002e-01 -3.151695635602452805e-01 -1.774591510637673897e-01
-3.451228389739792179e-01 -1.412038032897647566e-01 -2.966833848944702701e-01
-5.323704530770814181e-01 3.841313008078729718e-02 -4.111947741385325594e-01
-6.654688982139863596e-01 1.879322717435499279e-01 -4.910440448044081641e-01
-7.443222391235578828e-01 3.073909494872581472e-01 -5.363503671942317919e-01
-7.688621436188090019e-01 3.968258148361714643e-01 -5.471911016949290163e-01
-7.390475991798023392e-01 4.562729339392344596e-01 -5.236014189484675674e-01
-6.548648737111606444e-01 4.857674025856271727e-01 -4.655743116885429078e-01
-5.163275746646457387e-01 4.853428638751866586e-01 -3.730608979871584130e-01
-3.234766661378026820e-01 4.550313057890024160e-01 -2.459709072531251484e-01
-7.638030964416409052e-02 3.948635120204388449e-01 -8.417323312480833042e-02
2.248666038766080622e-01 3.048705335174031750e-01 1.125035612408869928e-01
5.283546806214933778e-01 2.078691580319421972e-01 3.109007563823629194e-01
7.823295746945366780e-01 1.266449858085997304e-01 4.776024625301850679e-01
9.869072739647805070e-01 6.118575252256694408e-02 6.124229013276304423e-01
1.142204253811629489e+00 1.147745966770073907e-02 7.151766935141181669e-01
1.248336877563816616e+00 -2.249776431425061854e-02 7.856787304576924313e-01
1.305420998658008092e+00 -4.076294052879451957e-02 8.237441580442076416e-01
1.313571778863517281e+00 -4.334665476531142370e-02 8.291884501684695374e-01
1.272903746115896295e+00 -3.028261498897413112e-02 8.018275341424211389e-01
1.183531118544650429e+00 -1.608357322320280638e-03 7.414779250513714448e-01
