0.000000000000000000e+00 0.000000000000000000e+00 1.320331292555215974e+00
9.812419657986737320e-03 3.882611851448114493e-03 1.335526293626087657e+00
2.044715158074605910e-02 8.562207676463984285e-03 1.352002218608081563e+00
3.150276273555352446e-02 1.379527539559211036e-02 1.369178861793662882e+00
4.259118044836629480e-02 1.931403327290492911e-02 1.386484886217314028e+00
5.333977030908609862e-02 2.482544942091369222e-02 1.403358969875396767e+00
6.339181171011798455e-02 3.001245193989365845e-02 1.419249837989977614e+00
7.240522816105343651e-02 3.453709369276980468e-02 1.433615173250355035e+00
8.004946681130498121e-02 3.804545262058400823e-02 1.445919431124877974e+00
8.600046174816222688e-02 4.017410548787037072e-02 1.455630600958865095e+00
8.993365301126710065e-02 4.055810956177507975e-02 1.462215935613508044e+00
9.163993494784605787e-02 3.895958078059980068e-02 1.465349218621322613e+00
9.139277201706175191e-02 3.563543396352031323e-02 1.465544046781674936e+00
8.957805698379761594e-02 3.098024617697436867e-02 1.463518476755789166e+00
8.657904016921502688e-02 2.539708903256077122e-02 1.459988101680251837e+00
8.278392386979804840e-02 1.928898806813439393e-02 1.455670711859303523e+00
7.859072128281896497e-02 1.305309893159467549e-02 1.451289654097831061e+00
7.440934041736113613e-02 7.077640845837507300e-03 1.447575796614841259e+00
7.066087832291412241e-02 1.741726842963586819e-03 1.445267980695110310e+00
6.777411245406650409e-02 -2.581743493785371157e-03 1.445111849502211498e+00
6.617915161155352166e-02 -5.520012486308623068e-03 1.447856980680198191e+00
6.617623344301160060e-02 -6.804258682163499827e-03 1.454007980315557447e+00
6.756273526438016930e-02 -6.602927608496678147e-03 1.463086320086337544e+00
7.000436636114049094e-02 -5.190747249288918397e-03 1.474363219593062269e+00
7.316561866498538791e-02 -2.844702955344224904e-03 1.487107640627916005e+00
7.671639782212302805e-02 1.497728615369453564e-04 1.500589385230584938e+00
8.033668316891429129e-02 3.495152046296468029e-03 1.514081187891504143e+00
8.371909236314856173e-02 6.880613034753846335e-03 1.526859779681216445e+00
8.656920978102666808e-02 9.983125705032236397e-03 1.538205948581603977e+00
8.860355384411855439e-02 1.247062483450145365e-02 1.547403656843459707e+00
8.954510038200558242e-02 1.400710851521269618e-02 1.553738291107537250e+00
8.922766835839190946e-02 1.436634771873812610e-02 1.556744051922548167e+00
8.792186365507426160e-02 1.375909257679630571e-02 1.556951537518786566e+00
8.600118036377901731e-02 1.251080026881234986e-02 1.555139188318005239e+00
8.383692854292545960e-02 1.094782970243857179e-02 1.552085904996316046e+00
8.180272690829237803e-02 9.392727369281317351e-03 1.548572567814234802e+00
8.027646877151850546e-02 8.162401957482856574e-03 1.545382394362240674e+00
7.963978308311814303e-02 7.569228124679749925e-03 1.543300133705410637e+00
8.027503339437958019e-02 7.925137979785112918e-03 1.543110085998051773e+00
8.255987433136091624e-02 9.548709810369260254e-03 1.545592940583168762e+00
8.685931728205975588e-02 1.277514797373413558e-02 1.551521440974907406e+00
9.336494027275588081e-02 1.784840618901828435e-02 1.561379596248711366e+00
1.016452807331971186e-01 2.455635027684799354e-02 1.574538462403387129e+00
1.111193341733143214e-01 3.256123790505460747e-02 1.590096154444973209e+00
1.212204746322442794e-01 4.150299141611535347e-02 1.607161074523487443e+00
1.314050956725174579e-01 5.099022929519803071e-02 1.624856334511400213e+00
1.411580514322081648e-01 6.059655869009716866e-02 1.642321854251925117e+00
1.499946306619133196e-01 6.986164257075166972e-02 1.658714151801984116e+00
1.574588108979404488e-01 7.829645953141373127e-02 1.673203969761001275e+00
1.631176025166349852e-01 8.539220072374664738e-02 1.684971987872559751e+00
1.665513793043262858e-01 9.063239611203055546e-02 1.693202909136033441e+00
1.674681883834754359e-01 9.361847842086845617e-02 1.697281915047809342e+00
1.660701095322223431e-01 9.441749608844807184e-02 1.697397905746591107e+00
1.626617125365115157e-01 9.323435470137209080e-02 1.693930344301202595e+00
1.575279384137582284e-01 9.029286608709341522e-02 1.687249653842130215e+00
1.509408298522458836e-01 8.582747249330324735e-02 1.677721229476309084e+00
1.431655667765134865e-01 8.007620150051897312e-02 1.665708774613879228e+00
1.344657280955567913e-01 7.327464147157147778e-02 1.651577065117172616e+00
1.251077289276536497e-01 6.565081431972830117e-02 1.635694214380317035e+00
1.153644078277946683e-01 5.742089614684475762e-02 1.618433482033709403e+00
1.055177631053090259e-01 4.878579711866315449e-02 1.600174645386845285e+00
9.581357310573634933e-02 3.992231316985073164e-02 1.581291244039361388e+00
8.631978544257590258e-02 3.096674451334813227e-02 1.562108119754423541e+00
7.706737157735332744e-02 2.204073078869761559e-02 1.542939388601783257e+00
6.809749815370746973e-02 1.325866120094154610e-02 1.524101761360240559e+00
5.946125613202735138e-02 4.727849978661602393e-03 1.505914610976784473e+00
5.121904084873918350e-02 -3.451111507907000941e-03 1.488699979257797068e+00
4.343960534770241466e-02 -1.118377433232087270e-02 1.472782493417064131e+00
3.619880658967833398e-02 -1.838097852354314554e-02 1.458489170601162677e+00
2.957805962123183363e-02 -2.495769171521367014e-02 1.446149096028308101e+00
2.366250797358171454e-02 -3.083151814724516271e-02 1.436092967267643239e+00
1.852964988126970525e-02 -3.593416610487931706e-02 1.428549268808474437e+00
1.421715001515799770e-02 -4.024718924035397549e-02 1.423333372316799128e+00
1.074613148063230383e-02 -4.375775158173311752e-02 1.420155867218141132e+00
8.130711153233161070e-03 -4.644566272760775050e-02 1.418725437196920680e+00
6.378950507171854412e-03 -4.828448664674489521e-02 1.418748678083273873e+00
5.493837345678542761e-03 -4.924273899386699682e-02 1.419929940996123463e+00
5.474334323954277437e-03 -4.928514415592299969e-02 1.421971200708803451e+00
6.316524383920274488e-03 -4.837392776497484448e-02 1.424571948878718075e+00
8.014876595594966346e-03 -4.647012532178251831e-02 1.427429109675387053e+00
1.056364868827541770e-02 -4.353489322737402745e-02 1.430236971749709873e+00
1.389753215929356855e-02 -3.960469638139763049e-02 1.432736480481151986e+00
1.771034381440017569e-02 -3.501393502432925686e-02 1.434865592404443113e+00
2.163788386153386867e-02 -3.017314830192852071e-02 1.436616250956087804e+00
2.531810532012856996e-02 -2.549444684344859269e-02 1.437986831719390679e+00
2.839022819290981658e-02 -2.139079303426871803e-02 1.438982028744149488e+00
3.049383845378406122e-02 -1.827530072485306079e-02 1.439611271229466638e+00
3.126804534653437884e-02 -1.656058097383050765e-02 1.439885674759136869e+00
3.035071879462947209e-02 -1.665813659404857816e-02 1.439813521294211363e+00
2.737774300019424345e-02 -1.897776972670817131e-02 1.439394253997723361e+00
2.198210254247623396e-02 -2.392691279334258070e-02 1.438610964704715833e+00
1.395632895258236417e-02 -3.173155940492389249e-02 1.437444904931410861e+00
3.744399980723844834e-03 -4.190250035245135507e-02 1.435950339660521990e+00
-8.045706973826227681e-03 -5.377346598073984296e-02 1.434209893911980060e+00
-2.080286323601043819e-02 -6.668158116486289089e-02 1.432325763043824196e+00
-3.391008624722502418e-02 -7.996903742129823911e-02 1.430428316652342602e+00
-4.674216478071535619e-02 -9.298425632003670671e-02 1.428680760911624326e+00
-5.866424082357912795e-02 -1.050822237169031226e-01 1.427279773491180848e+00
-6.903206987353627255e-02 -1.156236222327224894e-01 1.426451951171482158e+00
-7.719463171464191475e-02 -1.239724134677260281e-01 1.426445870096840096e+00
-8.249956680569070500e-02 -1.294916324741102187e-01 1.427519584531739660e+00
-8.452489102281113276e-02 -1.317444597183965449e-01 1.429811678486222704e+00
-8.375598180801979709e-02 -1.311117554192877677e-01 1.432987031424729274e+00
-8.091013869935537173e-02 -1.281771725793632299e-01 1.436572960549950650e+00
-7.670334049043781022e-02 -1.235279586237538751e-01 1.440087013195134880e+00
-7.184321680565730617e-02 -1.177595950054857177e-01 1.443049983597386010e+00
-6.702562325831884493e-02 -1.114770170696512963e-01 1.444994165856943624e+00
-6.293487986001977674e-02 -1.052925190256877030e-01 1.445466880577559010e+00
-6.024747341222358443e-02 -9.982054546856033994e-02 1.444029428192442843e+00
-5.963888681768025890e-02 -9.566953877188399957e-02 1.440251666588038049e+00
-6.179320280314914982e-02 -9.343086253954036025e-02 1.433702388391003169e+00
-6.720319311874156654e-02 -9.350413460443096625e-02 1.424111032167152402e+00
-7.553789810335764798e-02 -9.561536721994023935e-02 1.411885378816083225e+00
-8.626288118925273807e-02 -9.932443483478037294e-02 1.397595947447741516e+00
-9.884011089144273399e-02 -1.042019526824922160e-01 1.381812407867498038e+00
-1.127198595977594309e-01 -1.098405209661272863e-01 1.365112276897935573e+00
-1.273353317559342557e-01 -1.158631751721719283e-01 1.348087042734519514e+00
-1.420998653854148586e-01 -1.219288438448016265e-01 1.331345782734020489e+00
-1.564065247451225105e-01 -1.277344775982980352e-01 1.315516386425243489e+00
-1.696298579927368877e-01 -1.330134530528148673e-01 1.301244562782985170e+00
-1.811295608940008961e-01 -1.375298693131670191e-01 1.289190867596939682e+00
-1.903843467803012501e-01 -1.411195806870937375e-01 1.279877781482739785e+00
-1.973875525597055258e-01 -1.438219618651848108e-01 1.273235713089224674e+00
-2.022702231600579381e-01 -1.457065346613530821e-01 1.269039101185212459e+00
-2.051718803190247797e-01 -1.468230446422267299e-01 1.267054945150844603e+00
-2.062388889089774580e-01 -1.472054367355513094e-01 1.267044074038812695e+00
-2.056230827008764805e-01 -1.468756279000320575e-01 1.268762203187228543e+00
-2.034805609101697499e-01 -1.458470184065405739e-01 1.271960846459387895e+00
-1.999705842275236733e-01 -1.441276957675183823e-01 1.276388141542699195e+00
-1.952545183678049412e-01 -1.417232949202502645e-01 1.281789631943079044e+00
-1.894947927608487959e-01 -1.386394860865358680e-01 1.287909034245444673e+00
-1.829026751318565402e-01 -1.349297936672639864e-01 1.294464835978914152e+00
-1.758817388929880821e-01 -1.308364303391433836e-01 1.301080942287336839e+00
-1.688769938743028831e-01 -1.266577601230594041e-01 1.307364494902961916e+00
-1.623252944481627935e-01 -1.227030161484519155e-01 1.312931390550757804e+00
-1.566563965917247003e-01 -1.192906003932661108e-01 1.317405612717815089e+00
-1.522953931373205450e-01 -1.167448036542477752e-01 1.320417051046678836e+00
-1.496664961910587621e-01 -1.153910129471702462e-01 1.321597816406633541e+00
-1.491981384974234714e-01 -1.155494060649422394e-01 1.320577056851987230e+00
-1.513293809368718712e-01 -1.175270360120905799e-01 1.316974269739484171e+00
-1.565176356778712474e-01 -1.216080806973338646e-01 1.310391094389923516e+00
-1.650514717403801512e-01 -1.279111215550905456e-01 1.300592048566051595e+00
-1.764570866061472287e-01 -1.360016037763900343e-01 1.288079636029734409e+00
-1.900597629583185011e-01 -1.453177796352917994e-01 1.273549432261651404e+00
-2.051644990246845879e-01 -1.553217908937600811e-01 1.257715462464749301e+00
-2.210468871580850703e-01 -1.655128980469546818e-01 1.241319769275612828e+00
-2.369482517736640759e-01 -1.754360751650771988e-01 1.225137769458164883e+00
-2.520750385260308590e-01 -1.846852773103453416e-01 1.209979366968790160e+00
-2.656023158229725567e-01 -1.929005601649240731e-01 1.196685938765156720e+00
-2.766811280316936461e-01 -1.997582725711337659e-01 1.186123450905940402e+00
-2.844494153119487834e-01 -2.049537491222515051e-01 1.179172007313778359e+00
-2.883157914771876662e-01 -2.082938758984687055e-01 1.176404916367801867e+00
-2.887868606122570014e-01 -2.100197753561268144e-01 1.177148567420306158e+00
-2.866645490269643659e-01 -2.104516747031390800e-01 1.180397074522959500e+00
-2.827644515775258327e-01 -2.098947961916404203e-01 1.185130421325512273e+00
-2.779050374901217424e-01 -2.086581736671644371e-01 1.190324549354373929e+00
-2.729004924606925897e-01 -2.070653437528435781e-01 1.194958310936899970e+00
-2.685573881834493193e-01 -2.054568495010316020e-01 1.198017150201894587e+00
-2.656754517109503055e-01 -2.041846974009482452e-01 1.198493290200743466e+00
-2.650525768060632004e-01 -2.035989418721921851e-01 1.195382283405535873e+00
-2.674939004625978001e-01 -2.040264258296593525e-01 1.187676002462968228e+00
-2.735870830648128305e-01 -2.056652832657950292e-01 1.174665306886713445e+00
-2.829946017912163825e-01 -2.083484890643378940e-01 1.156874146655875180e+00
-2.951497128872428988e-01 -2.118129377464006424e-01 1.135131996032944457e+00
-3.094822312229030814e-01 -2.158040771715050710e-01 1.110269845077437090e+00
-3.254114507648679933e-01 -2.200963237691726526e-01 1.083125933963390963e+00
-3.423422743298427662e-01 -2.245090762912740345e-01 1.054549101735599237e+00
-3.596642607196702812e-01 -2.289181154331423329e-01 1.025399906525217730e+00
-3.767529241751503832e-01 -2.332620707657526715e-01 9.965499698065851675e-01
-3.929723282270867202e-01 -2.375436385780593795e-01 9.688802485041332346e-01
-4.076778445049225041e-01 -2.418253139147870101e-01 9.432791001714724288e-01
-4.203249203663741440e-01 -2.461918796711226598e-01 9.204905211542806498e-01
-4.307906223608473084e-01 -2.506379499814839207e-01 9.006619053028845912e-01
-4.390533313389184400e-01 -2.551160251446757954e-01 8.837945189677016700e-01
-4.450865115066466871e-01 -2.595597077671931707e-01 8.698932488342325797e-01
-4.488597779576473101e-01 -2.638836448804875445e-01 8.589656230304516527e-01
-4.503403495677638091e-01 -2.679833206009902824e-01 8.510204807730952226e-01
-4.494949059169783823e-01 -2.717347424970335545e-01 8.460662634680957694e-01
-4.462918648661418075e-01 -2.749940776221344585e-01 8.441089032935789049e-01
-4.407040879065178274e-01 -2.775973079948821365e-01 8.451492958730391081e-01
-4.327120013395777676e-01 -2.793599895700045188e-01 8.491803637589105946e-01
-4.224201739206581152e-01 -2.801356996607538008e-01 8.560719255536834993e-01
-4.103970226767774676e-01 -2.800012205803654730e-01 8.652355815892054380e-01
-3.973289323863671285e-01 -2.791038662582328023e-01 8.759678690011014623e-01
-3.839008045370082556e-01 -2.776154683178742033e-01 8.875683369183882121e-01
-3.707911575296396478e-01 -2.757385409225343587e-01 8.993441579870484759e-01
-3.586688207787416260e-01 -2.737077925733206740e-01 9.106131191140907077e-01
-3.481916602959049811e-01 -2.717871744877675688e-01 9.207045323219542610e-01
-3.400077097521423397e-01 -2.702627074361849679e-01 9.289576872317431011e-01
-3.347589420958714257e-01 -2.694313046006850954e-01 9.347176221149720021e-01
-3.330877326641070724e-01 -2.695856973545827096e-01 9.373281906544868036e-01
-3.354363493710534883e-01 -2.709168478974719463e-01 9.363110567268595474e-01
-3.414246871781783099e-01 -2.732638358872190310e-01 9.319249521589743068e-01
-3.504729612351038526e-01 -2.763583669077407379e-01 9.246074386725835481e-01
-3.620029336880339343e-01 -2.799192684694453703e-01 9.147955347745320154e-01
-3.754312106668677984e-01 -2.836661553868049523e-01 9.029328035485590931e-01
-3.901642947006438433e-01 -2.873308183059162246e-01 8.894743721177409412e-01
-4.055955868622227456e-01 -2.906663055419898001e-01 8.748897191623896674e-01
-4.211044012452234142e-01 -2.934535389448051923e-01 8.596632153109631247e-01
-4.360569084014658259e-01 -2.955052294698758963e-01 8.442925526831155381e-01
-4.498087779055959246e-01 -2.966668409689905417e-01 8.292853418092125395e-01
-4.618079466614481987e-01 -2.968623621868595741e-01 8.151286987476940027e-01
-4.718987961051031021e-01 -2.962269387702072265e-01 8.022044170317892409e-01
-4.800338508341850385e-01 -2.949470256417545677e-01 7.908587950111432008e-01
-4.861755454915703822e-01 -2.932070117962686240e-01 7.814287881963171145e-01
-4.902950287732732448e-01 -2.911855458805829855e-01 7.742439263263243276e-01
-4.923703369776752936e-01 -2.890519339378965213e-01 7.696284886431374872e-01
-4.923840838121478214e-01 -2.869626040174053649e-01 7.679038058085172480e-01
-4.903208164576096095e-01 -2.850576074650135183e-01 7.693905663977727016e-01
-4.861641904740645614e-01 -2.834571030276622494e-01 7.744110193566466904e-01
-4.798941225672272992e-01 -2.822577486120714241e-01 7.832909761770263657e-01
-4.715797191718786863e-01 -2.815038027641270091e-01 7.961616520872407676e-01
-4.616654809757676503e-01 -2.811218600219618224e-01 8.123600732982172445e-01
-4.506876689136909420e-01 -2.810253628660994707e-01 8.310259117723051148e-01
-4.391811751945038367e-01 -2.811550766217409958e-01 8.512995088633186214e-01
-4.276805407610879683e-01 -2.814876342955687782e-01 8.723211573675992980e-01
-4.167200818895953063e-01 -2.820396579109116786e-01 8.932309928203103766e-01
-4.068337845161060784e-01 -2.828674482338717766e-01 9.131689878391338056e-01
-3.985556947714448128e-01 -2.840622534061223448e-01 9.312745065039660375e-01
-3.924214784810597934e-01 -2.857411416326862685e-01 9.466849329178286254e-01
-3.889716448116695702e-01 -2.880334844221010826e-01 9.585330350500438357e-01
-3.885968366671903595e-01 -2.910291331440912899e-01 9.661807118536636096e-01
-3.910608656023999430e-01 -2.946550426107013010e-01 9.699308718573167454e-01
-3.959744894061190124e-01 -2.987709275848811075e-01 9.703195805325615098e-01
-4.029498931507031756e-01 -3.032149980061609185e-01 9.678829605046246343e-01
-4.115962339929843949e-01 -3.078157063620929890e-01 9.631609842989421466e-01
-4.215160393386190307e-01 -3.124015117609295622e-01 9.567004950475581637e-01
-4.323027367865606152e-01 -3.168086843779276407e-01 9.490572368905052514e-01
-4.435394536958794376e-01 -3.208870980030686937e-01 9.407967866945234903e-01
-4.547991013798373672e-01 -3.245039055127261207e-01 9.324943792102198259e-01
-4.656456556740895536e-01 -3.275449670909300615e-01 9.247337071057097901e-01
-4.756985537925118024e-01 -3.299397779870778535e-01 9.180031809962976297e-01
-4.848238486190812324e-01 -3.317310235406729646e-01 9.123863707279884494e-01
-4.929528019343472067e-01 -3.329859929535192720e-01 9.078622385797645578e-01
-5.000199995536878106e-01 -3.337690039593850244e-01 9.044064363422048558e-01
-5.059628934791220445e-01 -3.341411720646298988e-01 9.019916086028541002e-01
-5.107213480680306006e-01 -3.341602287423692808e-01 9.005877288310220052e-01
-5.142371996600099138e-01 -3.338803851201999073e-01 9.001624555977505437e-01
-5.164538373435565433e-01 -3.333522373425328311e-01 9.006814982986242057e-01
-5.173158107595412503e-01 -3.326227095861105099e-01 9.021089837339317796e-01
-5.167684691283040976e-01 -3.317350306294644113e-01 9.044078167590878792e-01
-5.148508376359339778e-01 -3.307320193149179133e-01 9.074800740588635506e-01
-5.119744686914362575e-01 -3.296679913068496504e-01 9.109880373900445250e-01
-5.086426463042945656e-01 -3.286037829258949827e-01 9.145354983061473320e-01
-5.053568165817861058e-01 -3.276056615828801810e-01 9.177282065619198903e-01
-5.026166955946180792e-01 -3.267453269616655831e-01 9.201738312193565861e-01
-5.009207930666592645e-01 -3.260980503480332970e-01 9.214814611586570336e-01
-5.007673834392782908e-01 -3.257389672724340102e-01 9.212606069230044881e-01
-5.026559124468237272e-01 -3.257375237988364702e-01 9.191197108226791812e-01
-5.070887566623971665e-01 -3.261500523290332687e-01 9.146642487408378486e-01
-5.145731530724475533e-01 -3.270104211517690374e-01 9.074946175666180892e-01
-5.254413888789857268e-01 -3.282945794464238176e-01 8.973334532610222070e-01
-5.393040999558920134e-01 -3.298511279476663560e-01 8.844156062926948891e-01
-5.555882070280446783e-01 -3.314998042861088123e-01 8.691077259710304759e-01
-5.737147320256692495e-01 -3.330701020656565703e-01 8.517830305046505401e-01
-5.930969332451105913e-01 -3.344113439619604833e-01 8.328231915960477849e-01
-6.131398872797841904e-01 -3.354008270027684091e-01 8.126185780499959321e-01
-6.332414211480354993e-01 -3.359499028236632157e-01 7.915670103492402632e-01
-6.527941489431867694e-01 -3.360078436359805742e-01 7.700713389213493798e-01
-6.711882435641722822e-01 -3.355633702370264260e-01 7.485362854040893410e-01
-6.878144940424739673e-01 -3.346437725013311493e-01 7.273650607605999241e-01
-7.022552250503943938e-01 -3.333338977223680999e-01 7.068603237760102687e-01
-7.148516364614945218e-01 -3.318190831356586656e-01 6.869339614478633393e-01
-7.261411373675876746e-01 -3.302837568397336554e-01 6.673954726120054914e-01
-7.366676411474122332e-01 -3.288863745444956521e-01 6.480502732228092810e-01
-7.469802568415095934e-01 -3.277608580578292852e-01 6.287010423886059129e-01
-7.576326496462240101e-01 -3.270170746894605074e-01 6.091479882471420026e-01
-7.691829022482323808e-01 -3.267402960601146766e-01 5.891882537844210788e-01
-7.821937099633178292e-01 -3.269895813120422545e-01 5.686146850965840827e-01
-7.972327341659894984e-01 -3.277950243227474303e-01 5.472142044256163018e-01
-8.148729138192152277e-01 -3.291537922364788926e-01 5.247660731674930190e-01
-8.354387610495939143e-01 -3.309958157259611511e-01 5.012193946550800305e-01
-8.582386723563963926e-01 -3.331299310567796823e-01 4.772363643942494349e-01
-8.823152575743780091e-01 -3.354020077401278499e-01 4.536681098732451289e-01
-9.066990029470414214e-01 -3.377404355811624015e-01 4.313770700599661723e-01
-9.304111215561938764e-01 -3.401559109782419377e-01 4.112347358493364524e-01
-9.524661631276991614e-01 -3.427330934395467210e-01 3.941191335641747173e-01
-9.718727783762517447e-01 -3.456140232719908667e-01 3.809138223085977160e-01
-9.876314633980101121e-01 -3.489732781954675289e-01 3.725098065897975985e-01
-9.987288418908200072e-01 -3.529847912750203598e-01 3.698110763053001904e-01
-1.004129072980722626e+00 -3.577800212498969401e-01 3.737434801167349718e-01
-1.003132459052154424e+00 -3.633316715033787503e-01 3.848503848806021921e-01
-9.964926623419589902e-01 -3.692342052137265185e-01 4.020387501620632520e-01
-9.853564222013098117e-01 -3.749605277184939744e-01 4.237845738937906503e-01
-9.709188765028535784e-01 -3.799952140857900673e-01 4.485251199038442493e-01
-9.544314917082505900e-01 -3.838855883057350482e-01 4.746494731775214859e-01
-9.371967306468640402e-01 -3.862759107055317997e-01 5.005009739395465118e-01
-9.205510760789143987e-01 -3.869226111980226257e-01 5.243905400874702138e-01
-9.058401866226768462e-01 -3.856887646463027508e-01 5.446176945582017481e-01
-8.943909253713400176e-01 -3.825169694101782092e-01 5.594949979642596105e-01
-8.874842627769954362e-01 -3.773811047286272924e-01 5.673720612414561160e-01
-8.859563119503288675e-01 -3.703369650249368483e-01 5.671672279806720951e-01
-8.890809079715769059e-01 -3.618146128761745572e-01 5.598929809416430814e-01
-8.957478306688972935e-01 -3.522812409368549780e-01 5.470796195203977419e-01
-9.048733356485243462e-01 -3.421795717147420035e-01 5.302351019071425142e-01
-9.154216772013281656e-01 -3.319717813788440886e-01 5.108278329481548141e-01
-9.264176560918491177e-01 -3.221676450068717834e-01 4.902775751458143816e-01
-9.369507046082556911e-01 -3.133380710081619114e-01 4.699537651377339031e-01
-9.461701025642614837e-01 -3.061157206313493973e-01 4.511811419559128566e-01
-9.532705695134939816e-01 -3.011844887250632041e-01 4.352527875946146096e-01
-9.574674110297412000e-01 -2.992592527034019234e-01 4.234507659160753335e-01
-9.581822997299669353e-01 -3.008374094815131627e-01 4.167307566176372546e-01
-9.556704199397003663e-01 -3.055058963485146606e-01 4.147176599633706218e-01
-9.503553490957310501e-01 -3.125888225645949703e-01 4.167326253092893396e-01
-9.426343454129249011e-01 -3.213829780010537540e-01 4.221146931449801798e-01
-9.329029517495133206e-01 -3.311736741091193537e-01 4.302010589656362072e-01
-9.215747237166720396e-01 -3.412480844129524016e-01 4.403109037540859916e-01
-9.090957310563343441e-01 -3.509064404228263712e-01 4.517330188388131162e-01
-8.959531652805985402e-01 -3.594709649180556355e-01 4.637179150057937349e-01
-8.826772313615700583e-01 -3.662920550139938669e-01 4.754753390925108292e-01
-8.698355705887550471e-01 -3.707509913314046557e-01 4.861780668053459209e-01
-8.578907806118936108e-01 -3.724452340811259532e-01 4.951767864044427370e-01
-8.467853401022500393e-01 -3.717311853407379019e-01 5.026393965474564851e-01
-8.363075990666821724e-01 -3.691397679887438166e-01 5.089618069556438584e-01
-8.262271663165385860e-01 -3.651883326657627826e-01 5.145597646862833940e-01
-8.163026208918280346e-01 -3.603823236057781543e-01 5.198628498109316709e-01
-8.062865629834234937e-01 -3.552161529599033862e-01 5.253105265989344019e-01
-7.959278942075620478e-01 -3.501731284690592361e-01 5.313503444994207570e-01
-7.849713330828649305e-01 -3.457243202458175624e-01 5.384382440345980569e-01
-7.731542211165987055e-01 -3.423262553575261435e-01 5.470408692746380197e-01
-7.602006704891159927e-01 -3.404172908664016006e-01 5.576398096006158767e-01
-7.459763369360308261e-01 -3.402636918446790837e-01 5.705246508305128472e-01
-7.309822321045773563e-01 -3.415287068853212205e-01 5.851470359743924377e-01
-7.158895406050120869e-01 -3.437573675792320316e-01 6.007352239300765007e-01
-7.013876581519973286e-01 -3.465363398198739731e-01 6.164976329308169412e-01
-6.881884761488876734e-01 -3.494956081706117601e-01 6.316200497998325503e-01
-6.770265338479628525e-01 -3.523047880545373545e-01 6.452665548019291819e-01
-6.686555342059321561e-01 -3.546635325605800304e-01 6.565837259451363650e-01
-6.638415915535844647e-01 -3.562856091696517957e-01 6.647078416989069538e-01
-6.633532911427781897e-01 -3.568764451302119944e-01 6.687750990029126541e-01
-6.679481640494682182e-01 -3.561042785891590512e-01 6.679353353543477922e-01
-6.780249347976292640e-01 -3.536760209731628635e-01 6.617228298582400470e-01
-6.926272241414199726e-01 -3.496652097026471395e-01 6.511201710728222736e-01
-7.104559314763703171e-01 -3.442448443662913249e-01 6.374753696793771240e-01
-7.302206751565911702e-01 -3.376268584015376106e-01 6.221272454472588365e-01
-7.506571269839987792e-01 -3.300918889658612798e-01 6.063877832812485380e-01
-7.705400697181978842e-01 -3.220025865425255596e-01 5.915285069918514438e-01
-7.886902266116155857e-01 -3.138014016701298203e-01 5.787728790421837743e-01
-8.039731465450241643e-01 -3.059942849574119883e-01 5.692965279055499650e-01
-8.152892740974504449e-01 -2.991218171359939504e-01 5.642363059854424989e-01
-8.215554448709792013e-01 -2.937188673348010148e-01 5.647081335609538399e-01
-8.220383325803908292e-01 -2.901444018331660324e-01 5.714307329997767582e-01
-8.174052783752996376e-01 -2.881900662832022064e-01 5.835488923936917871e-01
-8.086477118234736139e-01 -2.874708625825759256e-01 5.998420673287139238e-01
-7.967429665785736859e-01 -2.875933892697499772e-01 6.191071483037466905e-01
-7.826705602255668026e-01 -2.881938278918054763e-01 6.401427794140657213e-01
-7.674213979435471344e-01 -2.889649176408299880e-01 6.617398685137487746e-01
-7.520007013824452358e-01 -2.896718154730741901e-01 6.826777750632109232e-01
-7.374262081633435884e-01 -2.901563842318295450e-01 7.017249505551452771e-01
-7.247235879178033358e-01 -2.903294100673097233e-01 7.176423769504252093e-01
-7.149209635795577000e-01 -2.901504159429482144e-01 7.291881219020570626e-01
-7.087696783742032380e-01 -2.896174509103737194e-01 7.354799133429441582e-01
-7.059188090169090657e-01 -2.887866386804511798e-01 7.370724137543067656e-01
-7.057391629899214536e-01 -2.876839229300482970e-01 7.348818471795688367e-01
-7.075997796193593814e-01 -2.863033350093062701e-01 7.298259141522311921e-01
-7.108694721336448197e-01 -2.846273482013703671e-01 7.228225100338683262e-01
-7.149183017184590483e-01 -2.826417158734884083e-01 7.147885434103029567e-01
-7.191193001475939539e-01 -2.803447646276673311e-01 7.066385775999615149e-01
-7.228503716720906525e-01 -2.777511467317745897e-01 6.992833356443952653e-01
-7.254961009538725136e-01 -2.748900971422707507e-01 6.936282767341994671e-01
-7.264491710257043877e-01 -2.717982846515241135e-01 6.905724708292799718e-01
-7.252713048068910595e-01 -2.685172755517930554e-01 6.907658897193016401e-01
-7.221697036039333994e-01 -2.651115856572214824e-01 6.938864351603655223e-01
-7.175090021715231359e-01 -2.616427058416137541e-01 6.993721848965481769e-01
-7.116489610036893509e-01 -2.581682716816002809e-01 7.066651339651173203e-01
-7.049435919980471255e-01 -2.547493089968360103e-01 7.152118631636854573e-01
-6.977406242916730505e-01 -2.514555134194189634e-01 7.244639502422955957e-01
-6.903813089283108440e-01 -2.483686157019757701e-01 7.338781276764994033e-01
-6.832006381677917517e-01 -2.455838959759581996e-01 7.429161322850177385e-01
-6.765280960595614346e-01 -2.432099152919278140e-01 7.510441616116487751e-01
-6.706890658930237947e-01 -2.413665293471836115e-01 7.577318449847236792e-01
-6.659653762412549582e-01 -2.401449671097521943e-01 7.625604692530938422e-01
-6.624742047032050607e-01 -2.394918744915486286e-01 7.655494934455031597e-01
-6.602956377347890538e-01 -2.393114597527592480e-01 7.668246659037905033e-01
-6.595134175394292697e-01 -2.395010557636725324e-01 7.665085578394945642e-01
-6.602136695362901264e-01 -2.399512584576752872e-01 7.647213682636415655e-01
-6.624836851592901255e-01 -2.405461307260603476e-01 7.615818424103455442e-01
-6.664107604119084982e-01 -2.411634917298188796e-01 7.572083168607264270e-01
-6.720810955806948428e-01 -2.416753110220626333e-01 7.517198972280336733e-01
-6.795787678882465599e-01 -2.419482268833967886e-01 7.452377660760465261e-01
-6.889847966630515685e-01 -2.418442086462810892e-01 7.378866098262726325e-01
-7.002319867375144113e-01 -2.412626044971979411e-01 7.298345033645565749e-01
-7.126735957347314354e-01 -2.402715157313641825e-01 7.214063147751375027e-01
-7.255209907920718848e-01 -2.389980309936392544e-01 7.129624736688748854e-01
-7.379899469626636233e-01 -2.375905072292283648e-01 7.048576164958033630e-01
-7.493013744770911089e-01 -2.362178424947449784e-01 6.974393516254657754e-01
-7.586810899251812401e-01 -2.350661018108932687e-01 6.910485077151591327e-01
-7.653585040925294791e-01 -2.343326150854658785e-01 6.860210886637378991e-01
-7.685641662044293554e-01 -2.342176285540533698e-01 6.826920516379963999e-01
-7.675261824433983193e-01 -2.349135075109565207e-01 6.814008759276983795e-01
-7.614656160097403870e-01 -2.365913600389450977e-01 6.824986995297273040e-01
-7.499126060733054544e-01 -2.393177016180683125e-01 6.862281952862465673e-01
-7.336712870596242553e-01 -2.428504233109682886e-01 6.923365965081842432e-01
-7.138664293952547979e-01 -2.468674527085852333e-01 7.004411276888742321e-01
-6.916298061361416671e-01 -2.510558352608809329e-01 7.101447330965466875e-01
-6.681050719051411235e-01 -2.551280178953918565e-01 7.210291795586840635e-01
-6.444501890945506517e-01 -2.588340086847233934e-01 7.326525349049655134e-01
-6.218374210280392944e-01 -2.619689441449830625e-01 7.445506510617931895e-01
-6.014511686421002423e-01 -2.643755323254692868e-01 7.562419379870481961e-01
-5.844841520287165082e-01 -2.659409184222054634e-01 7.672344960802748304e-01
-5.721325607052847317e-01 -2.665877051593597002e-01 7.770346420811709010e-01
-5.652874521726651835e-01 -2.663314868839847804e-01 7.852228974601924705e-01
-5.636182550165660388e-01 -2.654701736862494776e-01 7.916627746700886092e-01
-5.664804496596396177e-01 -2.643426511347435337e-01 7.962980989052077518e-01
-5.732237408227760511e-01 -2.632572057207465122e-01 7.990764829711967110e-01
-5.831969185736820549e-01 -2.624960866221464073e-01 7.999415836255598933e-01
-5.957519261382433484e-01 -2.623203491893315586e-01 7.988278792640794990e-01
-6.102473311066631823e-01 -2.629748882128510878e-01 7.956576144202447409e-01
-6.260514216887358430e-01 -2.646936725833395343e-01 7.903395713057683736e-01
-6.425451451181665163e-01 -2.677052505096395585e-01 7.827693584706540975e-01
-6.591250857177559652e-01 -2.722386124331626078e-01 7.728309414515344145e-01
-6.752690168113968383e-01 -2.784180710332697650e-01 7.605292320972658615e-01
-6.907137736547070972e-01 -2.859399599841783157e-01 7.463917707304137394e-01
-7.052441820122004046e-01 -2.944181582594396218e-01 7.310957989552644420e-01
-7.186212184824345428e-01 -3.034964846571730490e-01 7.153417167735502957e-01
-7.305776886979096219e-01 -3.128468847203960124e-01 6.998534852547155793e-01
-7.408165091451408557e-01 -3.221658305314463178e-01 6.853779443384837577e-01
-7.490115462152910908e-01 -3.311685555948198356e-01 6.726828792462473672e-01
-7.548110237613503415e-01 -3.395807567890916090e-01 6.625536130419256153e-01
-7.578436165475723740e-01 -3.471274657962197807e-01 6.557878347603249836e-01
-7.577275148391091619e-01 -3.535189306097863415e-01 6.531882732284000070e-01
-7.542892938749634624e-01 -3.584973392907704337e-01 6.552589291701655938e-01
-7.482021839942856190e-01 -3.620212350866234274e-01 6.613085995588079413e-01
-7.403778691560845004e-01 -3.640982550361409054e-01 6.703244536635963868e-01
-7.317519336950919495e-01 -3.647471752955526725e-01 6.812737699784978673e-01
-7.232727669242180468e-01 -3.640147851296644532e-01 6.931143793368654826e-01
-7.158902580440607011e-01 -3.619836810963747986e-01 7.048052608169808053e-01
-7.105452598444674805e-01 -3.587707860876609978e-01 7.153163110384941348e-01
-7.081609038403344769e-01 -3.545167311623447226e-01 7.236362654399606242e-01
-7.096365187079687331e-01 -3.493665093877478256e-01 7.287781293698483154e-01
-7.158442096316894876e-01 -3.434419715845562493e-01 7.297822069731703110e-01
-7.272969563856364061e-01 -3.368214487440752691e-01 7.260307327280841605e-01
-7.431697491379782861e-01 -3.295732610736199497e-01 7.181742116218874372e-01
-7.623159489616364581e-01 -3.217601335953990116e-01 7.071651742749578418e-01
-7.836067307043883545e-01 -3.134635465911106422e-01 6.939351923004792866e-01
-8.059366662123679248e-01 -3.048092129200208333e-01 6.793884726935424112e-01
-8.282284575738962928e-01 -2.959824239731436712e-01 6.643962657936839378e-01
-8.494360157458107352e-01 -2.872338245743812912e-01 6.497931254795634715e-01
-8.685448781853049027e-01 -2.788763806019618485e-01 6.363762937589978463e-01
-8.845691012165977085e-01 -2.712744078152251603e-01 6.249093351588665968e-01
-8.965441031812249051e-01 -2.648254712587938542e-01 6.161307575308221374e-01
-9.038242467346329079e-01 -2.598567641940023876e-01 6.105487600410857141e-01
-9.069896064511260292e-01 -2.563531471671467443e-01 6.078083391510578082e-01
-9.069053117457706037e-01 -2.541780456380982045e-01 6.073652643321052480e-01
-9.044184094223570725e-01 -2.531685750226921883e-01 6.086977211928212839e-01
-9.003650729102723460e-01 -2.531510045879521442e-01 6.112970822185515019e-01
-8.955764529071048585e-01 -2.539518137698610900e-01 6.146603958982534976e-01
-8.908831477247192154e-01 -2.554046048181790596e-01 6.182846855788177720e-01
-8.871183798047264091e-01 -2.573529658881277271e-01 6.216629747770907599e-01
-8.851200053916867816e-01 -2.596492631568954046e-01 6.242818812728998523e-01
-8.857314632755990402e-01 -2.621492747875073803e-01 6.256206427558765881e-01
-8.895664889613499327e-01 -2.647190898887901156e-01 6.252772835196953594e-01
-8.963006096094954245e-01 -2.672765401427308340e-01 6.233500542040628645e-01
-9.053722894249460751e-01 -2.697460716286750326e-01 6.200663937497532530e-01
-9.162168860002939397e-01 -2.720493260512721889e-01 6.156588639819879916e-01
-9.282661945173273921e-01 -2.741109023498080610e-01 6.103656446730267859e-01
-9.409483583348805524e-01 -2.758628836446535004e-01 6.044304434568870121e-01
-9.536881637097502917e-01 -2.772480752871726573e-01 5.981018243292997028e-01
-9.659076852553685200e-01 -2.782218970935588231e-01 5.916320287202641026e-01
-9.770272091129461600e-01 -2.787528812368007536e-01 5.852754121142549337e-01
-9.864663366667443256e-01 -2.788217448068071036e-01 5.792866433262178205e-01
-9.937885110778506004e-01 -2.784315251965638893e-01 5.738802605409141222e-01
-9.991322409039202768e-01 -2.776380346082172323e-01 5.691134002117337332e-01
-1.002781503326223955e+00 -2.765044518244343941e-01 5.650014657675113128e-01
-1.005021970026384714e+00 -2.750884553624217688e-01 5.615577817596495436e-01
-1.006140548319974570e+00 -2.734430134835399429e-01 5.587945827785834041e-01
-1.006424993036409532e+00 -2.716172275291999227e-01 5.567238032646866230e-01
-1.006163582850359006e+00 -2.696572179403999847e-01 5.553576887270779139e-01
-1.005644853203141231e+00 -2.676070476782088647e-01 5.547092460489961852e-01
-1.005157377293929954e+00 -2.655096817196822556e-01 5.547925468655625636e-01
-1.004989586576449767e+00 -2.634079839933325395e-01 5.556228936569427290e-01
-1.005315047258507732e+00 -2.613612224008163842e-01 5.572120869733350190e-01
-1.005848692696870827e+00 -2.594914923039883803e-01 5.595531112292615461e-01
-1.006190309987879061e+00 -2.579354129913817850e-01 5.626328872080863519e-01
-1.005938498754611388e+00 -2.568270797346818846e-01 5.664374255495117083e-01
-1.004689934613000268e+00 -2.562966586482033904e-01 5.709530025309490497e-01
-1.002038541934443749e+00 -2.564690207464108695e-01 5.761678727343522155e-01
-9.975745740156654051e-01 -2.574623979961714326e-01 5.820745016359474278e-01
-9.908835855211624022e-01 -2.593870250331971050e-01 5.886722974413789444e-01
-9.815452672922582167e-01 -2.623437051135559805e-01 5.959708177443232557e-01
-9.691320990405696278e-01 -2.664222078724485243e-01 6.039934216993128047e-01
-9.533812131622312336e-01 -2.716442053193781625e-01 6.127927249656046627e-01
-9.347172563855998817e-01 -2.778010911700827812e-01 6.224795103662899010e-01
-9.137395866696458313e-01 -2.846285333220381908e-01 6.331709894016945839e-01
-8.910521353304883263e-01 -2.918646641607196557e-01 6.449713745324636704e-01
-8.672659206539101717e-01 -2.992527751727838137e-01 6.579670928874055136e-01
-8.430014477474809809e-01 -3.065448400387773553e-01 6.722235353139112135e-01
-8.188907742973530191e-01 -3.135057052009120326e-01 6.877834396839883624e-01
-7.955789971551254780e-01 -3.199177388982317183e-01 7.046669959214799661e-01
-7.737249290248584543e-01 -3.255857061252047657e-01 7.228737207902611317e-01
-7.540007884141175509e-01 -3.303416411530539776e-01 7.423860817326968231e-01
-7.369358515151231970e-01 -3.340901129870390562e-01 7.631067241404210222e-01
-7.224454242879190247e-01 -3.369250139917534526e-01 7.846656124106736740e-01
-7.102867039681690642e-01 -3.389908131513479361e-01 8.066355111191709781e-01
-7.002111961193229206e-01 -3.404342763493586332e-01 8.285999851213787792e-01
-6.919639483447248551e-01 -3.413996539926165141e-01 8.501516185133848325e-01
-6.852834881487188667e-01 -3.420249640139783054e-01 8.708902127508348912e-01
-6.799023146248766025e-01 -3.424393681448321125e-01 8.904210806783980914e-01
-6.755477944541290469e-01 -3.427616427391546594e-01 9.083535275659908592e-01
-6.719433251366728754e-01 -3.430997448866150989e-01 9.242995822091621960e-01
-6.688096499738005463e-01 -3.435514711014597822e-01 9.378730139110977859e-01
-6.659174044423217254e-01 -3.441851772813127042e-01 9.487895159783956700e-01
-6.632425161680668424e-01 -3.449799700248004086e-01 9.571683309594947175e-01
-6.608140009025333939e-01 -3.458914180212562250e-01 9.632286195549966124e-01
-6.586622737961587148e-01 -3.468728154342759495e-01 9.671886989386102584e-01
-6.568184677995549947e-01 -3.478751548385417003e-01 9.692663090169055806e-01
-6.553138355998857634e-01 -3.488471474950922691e-01 9.696788702604184351e-01
-6.541792398831187683e-01 -3.497353009198365115e-01 9.686437329098058768e-01
-6.534447382535049087e-01 -3.504840600446055277e-01 9.663784156566865846e-01
-6.531392704425060813e-01 -3.510360151268390183e-01 9.631008303820856042e-01
-6.532904563642167872e-01 -3.513321769440054254e-01 9.590294883237682200e-01
-6.539331161351382704e-01 -3.513347853842834212e-01 9.543524461690271465e-01
-6.551355991400553691e-01 -3.510948122447818953e-01 9.491335009190402516e-01
-6.569750102531717317e-01 -3.506842219679433548e-01 9.434054347918383598e-01
-6.595289989873478476e-01 -3.501733533226563111e-01 9.372009752432433061e-01
-6.628760247470175671e-01 -3.496308326968691205e-01 9.305525266466343481e-01
-6.670956089978785641e-01 -3.491235048441079236e-01 9.234918607082018838e-01
-6.722685751331560766e-01 -3.487163789529681424e-01 9.160497658280082334e-01
-6.784772778445962160e-01 -3.484725872791396561e-01 9.082556548164735233e-01
-6.858058249022480624e-01 -3.484533527871480629e-01 9.001371296438058778e-01
-6.943402953989856741e-01 -3.487179612771216242e-01 8.917195012400984666e-01
-7.041395682659956634e-01 -3.492864391032686200e-01 8.830164814532643902e-01
-7.151453469998685364e-01 -3.500282952260054259e-01 8.740056463883547622e-01
-7.272666132878811140e-01 -3.507755420165912241e-01 8.646591585123184487e-01
-7.404079157007990020e-01 -3.513602537645565960e-01 8.549542030112959878e-01
-7.544687472504341130e-01 -3.516147563671934151e-01 8.448739990446405557e-01
-7.693429642181150996e-01 -3.513718955997395810e-01 8.344086362802549672e-01
-7.849182829142105078e-01 -3.504653791777805338e-01 8.235557040239118720e-01
-8.010758949301592935e-01 -3.487301834523615085e-01 8.123206768843207470e-01
-8.176902420851206443e-01 -3.460030111790457497e-01 8.007170199414161971e-01
-8.346289889847380294e-01 -3.421227826194561672e-01 7.887659784982350430e-01
-8.517342250059458664e-01 -3.369909623984370661e-01 7.765304350037709469e-01
-8.687715150413186649e-01 -3.307545492518353392e-01 7.642110588291410878e-01
-8.854978743793164853e-01 -3.236319601402404267e-01 7.520307666591623530e-01
-9.016834755988307748e-01 -3.158533307507447319e-01 7.401973857224515285e-01
-9.171121237219317379e-01 -3.076594047526470810e-01 7.289031592289241246e-01
-9.315808810990269251e-01 -2.993000613687275546e-01 7.183251435247939298e-01
-9.448989434398491483e-01 -2.910325760848544441e-01 7.086264099443146947e-01
-9.568858808622007217e-01 -2.831196924609633570e-01 6.999579513726104096e-01
-9.673693546380635055e-01 -2.758275611224192403e-01 6.924611953400301445e-01
-9.761824035548052336e-01 -2.694235770976129984e-01 6.862710396892390818e-01
-9.832418184337434752e-01 -2.640988526448606599e-01 6.814432545643551720e-01
-9.887859554506128745e-01 -2.597374108380949842e-01 6.777337425321059428e-01
-9.931245836006450389e-01 -2.561378725462706285e-01 6.748336763411160177e-01
-9.965595331834347093e-01 -2.530912190928997774e-01 6.724433884541767270e-01
-9.993870872164478669e-01 -2.503833130979700172e-01 6.702696812057347131e-01
-1.001899503305670791e+00 -2.477965146359668580e-01 6.680239896028243862e-01
-1.004385692527430152e+00 -2.451104471046954281e-01 6.654213803299260377e-01
-1.007131075197195358e+00 -2.421019493535014888e-01 6.621803726579225113e-01
-1.010416629110696185e+00 -2.385442447164911606e-01 6.580235666252596261e-01
-1.014517144963864581e+00 -2.342053631266471925e-01 6.526790600990945990e-01
-1.019601662037358025e+00 -2.289371249426315202e-01 6.459918432419291534e-01
-1.025446012753703506e+00 -2.229517128606763876e-01 6.382481934073647167e-01
-1.031735691113958353e+00 -2.165574265881233806e-01 6.298377469201241752e-01
-1.038167023082637641e+00 -2.100708079022339803e-01 6.211408311226751522e-01
-1.044448479137782826e+00 -2.038177311243991596e-01 6.125275190026471250e-01
-1.050300540069796895e+00 -1.981333747475613194e-01 6.043579452603413671e-01
-1.055454171196346991e+00 -1.933611904579737306e-01 5.969837986801582730e-01
-1.059647949746622686e+00 -1.898509723865369203e-01 5.907509151861507490e-01
-1.062623865760826014e+00 -1.879560962977930849e-01 5.860029255808480997e-01
-1.064121777291438420e+00 -1.880299470853734611e-01 5.830859636840575178e-01
-1.063949998635692396e+00 -1.902937267258799636e-01 5.822603779785051614e-01
-1.062212432926456174e+00 -1.944489225132026711e-01 5.834225493802964735e-01
-1.059079114837151003e+00 -2.000607063262016538e-01 5.863837987454090239e-01
-1.054715120857371957e+00 -2.066885139917697956e-01 5.909588391209990021e-01
-1.049286302351989164e+00 -2.138887301905136873e-01 5.969608739053047231e-01
-1.042964202330709966e+00 -2.212171153134083745e-01 6.041974278664232756e-01
-1.035930112394969349e+00 -2.282310211970828284e-01 6.124669401827365078e-01
-1.028378156257705456e+00 -2.344913968048265573e-01 6.215562318587330992e-01
-1.020517236110046966e+00 -2.395645436559972197e-01 6.312390205080031791e-01
-1.012571655131255355e+00 -2.430235453417135538e-01 6.412756865053390598e-01
-1.004759923795601750e+00 -2.445696165706641168e-01 6.514067457867325217e-01
-9.972255341939071371e-01 -2.443929804555962093e-01 6.613372132368020573e-01
-9.900846890840302450e-01 -2.428105257877373191e-01 6.707708871616917534e-01
-9.834431244471435463e-01 -2.401444748672325602e-01 6.794203520969599452e-01
-9.773953099054430993e-01 -2.367212452028963909e-01 6.870071288269166132e-01
-9.720248184852611217e-01 -2.328701161572803713e-01 6.932610931419622702e-01
-9.674057801406856782e-01 -2.289217622338242109e-01 6.979192709395256600e-01
-9.636053251065108682e-01 -2.252066943779440500e-01 7.007241273791757763e-01
-9.606869302067231331e-01 -2.220536240771622261e-01 7.014214542895000903e-01
-9.587145998069370734e-01 -2.197877335515463493e-01 6.997579261784867555e-01
-9.577463266346182280e-01 -2.186442335309601859e-01 6.955723231393333705e-01
-9.578029272166084240e-01 -2.185128735200096983e-01 6.890749549938739449e-01
-9.588999596349694343e-01 -2.191915878625136926e-01 6.805657024300026947e-01
-9.610553049451677765e-01 -2.204723248960585025e-01 6.703416789815719312e-01
-9.642858637126892063e-01 -2.221424548458537096e-01 6.586989303113579552e-01
-9.686048465844203648e-01 -2.239862702527855021e-01 6.459340770688086764e-01
-9.740196802187766068e-01 -2.257865944542354342e-01 6.323458898265279515e-01
-9.805305589458974680e-01 -2.273264929063660844e-01 6.182367588834765115e-01
-9.881296789316724727e-01 -2.283910655123326805e-01 6.039140040273860421e-01
-9.968011941163918976e-01 -2.287692856983145617e-01 5.896909611168634768e-01
-1.006431851319105952e+00 -2.283253904246773658e-01 5.758969581391397696e-01
-1.016546794478360383e+00 -2.272142172664803894e-01 5.629010319865406231e-01
-1.026589474405543712e+00 -2.256813863112481222e-01 5.510757643925199289e-01
-1.036013498221139528e+00 -2.239925241928664157e-01 5.407852033096212097e-01
-1.044281735089755969e+00 -2.224288150950628484e-01 5.323846038318187368e-01
-1.050863848020908264e+00 -2.212807848482203354e-01 5.262220382885773873e-01
-1.055232286228395822e+00 -2.208404143576960799e-01 5.226418877609297908e-01
-1.056856838053327863e+00 -2.213915964081549781e-01 5.219901582346349045e-01
-1.055197894409390713e+00 -2.231988324072808894e-01 5.246214983860557624e-01
-1.049698619568415481e+00 -2.264939170907545041e-01 5.309077194655449361e-01
-1.040015796222604649e+00 -2.313615764951046927e-01 5.410445256658675817e-01
-1.026743050824070913e+00 -2.374490805948754613e-01 5.544385097115043237e-01
-1.010718300079380683e+00 -2.443055469770358812e-01 5.702894256514348115e-01
-9.927990957169328112e-01 -2.515087946554057652e-01 5.877775823056721194e-01
-9.738705563789595843e-01 -2.586841036116025450e-01 6.060553897605451823e-01
-9.548485427838677708e-01 -2.655164037399804222e-01 6.242438428970675801e-01
-9.366785232809160533e-01 -2.717551522369321404e-01 6.414334785766913072e-01
-9.203309299529678356e-01 -2.772110856271434720e-01 6.566889722490731884e-01
-9.067940119016153488e-01 -2.817441458952707478e-01 6.690563242603673189e-01
-8.970651231839816830e-01 -2.852421281228778582e-01 6.775716535748443903e-01
-8.918313175197205567e-01 -2.876582380234853353e-01 6.815909160793989230e-01
-8.905274022658193900e-01 -2.891768527223956831e-01 6.817628606082237752e-01
-8.922597467431305773e-01 -2.900007470657781639e-01 6.790750958292370854e-01
-8.961238083763509721e-01 -2.903095024953739056e-01 6.745265315048492027e-01
-9.012110584426595850e-01 -2.902821004023232732e-01 6.691205086823028836e-01
-9.066135981747347472e-01 -2.901108720775269489e-01 6.638601260470693433e-01
-9.114264361416557492e-01 -2.900067077285353179e-01 6.597457540286963962e-01
-9.147471064858017087e-01 -2.901955729815561824e-01 6.577750292081780970e-01
-9.156723095619243580e-01 -2.909064185910774647e-01 6.589456478880233448e-01
-9.132915391976599295e-01 -2.923504809991248621e-01 6.642610422516579405e-01
-9.069858354133391032e-01 -2.946071386321920116e-01 6.743862770598436640e-01
-8.973525817772607382e-01 -2.973637746502730828e-01 6.885902969257244877e-01
-8.853043930667956474e-01 -3.002179831922244801e-01 7.057839565597525677e-01
-8.717735980200149726e-01 -3.027968574779480448e-01 7.248614198944913767e-01
-8.577162252320356117e-01 -3.047787882164056938e-01 7.446964605914399016e-01
-8.441099365019901768e-01 -3.059055248006150585e-01 7.641442349728801986e-01
-8.319470412419214256e-01 -3.059837840880135218e-01 7.820475723839095394e-01
-8.222241894500754711e-01 -3.048758246462424104e-01 7.972463846321673486e-01
-8.159303633047318982e-01 -3.024787456045627820e-01 8.085887576696251244e-01
-8.140342743594572994e-01 -2.986927152822089759e-01 8.149427526235388797e-01
-8.171354914341240061e-01 -2.934963144550990499e-01 8.155883907262957422e-01
-8.244590736545474030e-01 -2.872676015550226225e-01 8.113530757970330853e-01
-8.348936566528077918e-01 -2.804577616553216579e-01 8.034415325820578602e-01
-8.473482189918168928e-01 -2.735158041327738765e-01 7.930363289746553690e-01
-8.607636039775155012e-01 -2.669185577276351751e-01 7.812872408845574768e-01
-8.741172770332958919e-01 -2.611880169698475029e-01 7.693070640687027506e-01
-8.864213598148413809e-01 -2.568969596537113986e-01 7.581738878474730825e-01
-8.967135348698684894e-01 -2.546639254210898429e-01 7.489402398330931021e-01
-9.040402036090995352e-01 -2.551384705624197835e-01 7.426496973408376334e-01
-9.074311296757953116e-01 -2.589770740635568558e-01 7.403617175474455081e-01
-9.061483446662625951e-01 -2.665915973931110017e-01 7.428797170752288181e-01
-9.005189487838833884e-01 -2.774671939983184288e-01 7.498520361084519692e-01
-8.911175412679241958e-01 -2.908261198535164738e-01 7.606584383379768610e-01
-8.785160273116332519e-01 -3.058701168239865709e-01 7.746834938780571278e-01
-8.633105758615915448e-01 -3.218021752932767043e-01 7.912899817412206716e-01
-8.461438362655169243e-01 -3.378456493024843965e-01 8.097967002339139242e-01
-8.277215047355648281e-01 -3.532606894628766980e-01 8.294616628269402270e-01
-8.088218880153492663e-01 -3.673572549426320499e-01 8.494721068252752971e-01
-7.902969974477977999e-01 -3.795033966860463792e-01 8.689428493877606741e-01
-7.730640049032686534e-01 -3.891271568548324566e-01 8.869242116591458114e-01
-7.579261864511819269e-01 -3.958789954876751338e-01 9.025755859029285233e-01
-7.450474620488449773e-01 -4.001076447258720137e-01 9.156756775394736536e-01
-7.343905678097870648e-01 -4.023169720373300784e-01 9.261983674439040470e-01
-7.258795307580419021e-01 -4.029922733272450763e-01 9.341550990706748436e-01
-7.194086133546324646e-01 -4.026008735266488614e-01 9.395861581515809746e-01
-7.148512938088718016e-01 -4.015934880820877240e-01 9.425520751636344841e-01
-7.120687731643542406e-01 -4.004060737145342941e-01 9.431256663071092561e-01
-7.109177260017638389e-01 -3.994619238325709532e-01 9.413850007600288450e-01
-7.112571992837839474e-01 -3.991738060269200972e-01 9.374073887732787824e-01
-7.129547061050036660e-01 -3.999459848779145510e-01 9.312643339128303666e-01
-7.158516162205765809e-01 -4.020741400762641860e-01 9.231276150383367352e-01
-7.196409673727508505e-01 -4.054442728603522283e-01 9.136013499456367981e-01
-7.239744931037730424e-01 -4.098466979900701190e-01 9.034000393062964207e-01
-7.284949322042342246e-01 -4.150825176978769626e-01 8.932440499718730109e-01
-7.328311790082810973e-01 -4.209654729235881021e-01 8.838634868428858482e-01
-7.365950710601598672e-01 -4.273213941439482078e-01 8.760009177657774870e-01
-7.393796768364913063e-01 -4.339850606671786792e-01 8.704130165754708770e-01
-7.407590298872914758e-01 -4.407942496630044005e-01 8.678711193682406844e-01
-7.402894076737478457e-01 -4.475807615146121243e-01 8.691605713273293787e-01
-7.375124931322396549e-01 -4.541582503331662579e-01 8.750785549688160359e-01
-7.321246186525378619e-01 -4.603313308441880913e-01 8.861302451314170270e-01
-7.244836442590383285e-01 -4.659687610385900847e-01 9.016172476743857800e-01
-7.151371380554891743e-01 -4.709600543099483616e-01 9.205212155931334905e-01
-7.046597976588131473e-01 -4.752124495074809829e-01 9.418024388129824231e-01
-6.936495684403238826e-01 -4.786652985216077738e-01 9.644027885678951861e-01
-6.827215547160641052e-01 -4.812991076480144237e-01 9.872505099813313478e-01
-6.725005459894886073e-01 -4.831388320664280478e-01 1.009266199636702943e+00
-6.636133390659058051e-01 -4.842511847071193642e-01 1.029368992703345143e+00
-6.566821057008418450e-01 -4.847359200292338244e-01 1.046481921701283291e+00
-6.523198094467073105e-01 -4.847112321873123797e-01 1.059535621794065463e+00
-6.509303071096423920e-01 -4.842933180095201351e-01 1.067773143466937746e+00
-6.521160964352201717e-01 -4.835701906902287739e-01 1.071658238247306549e+00
-6.552763224081505911e-01 -4.825956142681033789e-01 1.071962016240405546e+00
-6.598081105293607251e-01 -4.814048951629610329e-01 1.069456826895947898e+00
-6.651088667023818957e-01 -4.800290753272631328e-01 1.064914277341338256e+00
-6.705780572757991109e-01 -4.785050247679927260e-01 1.059103676419425710e+00
-6.756186622782749396e-01 -4.768814196151951457e-01 1.052790782515942603e+00
-6.796382190781002919e-01 -4.752206294070902004e-01 1.046736964404312076e+00
-6.820492371678099630e-01 -4.735965650633824353e-01 1.041698987733170156e+00
-6.822687628352728240e-01 -4.720885529996179386e-01 1.038429620051908309e+00
-6.799126880308339338e-01 -4.707710805565192835e-01 1.037464918854110962e+00
-6.753792091314174684e-01 -4.697044662802376536e-01 1.038485204048591015e+00
-6.692579075823585910e-01 -4.689403961709128765e-01 1.040961337079732374e+00
-6.621340242365256756e-01 -4.685309012189513567e-01 1.044368906250450202e+00
-6.545893455223534829e-01 -4.685344822561208211e-01 1.048187319013855756e+00
-6.472034899682119757e-01 -4.690194904180073898e-01 1.051898487093279932e+00
-6.405556912943888292e-01 -4.700648100809496910e-01 1.054984990828144120e+00
-6.352272343213369865e-01 -4.717578711698604543e-01 1.056927547767388731e+00
-6.318047014338930012e-01 -4.741899844304340306e-01 1.057201610803306657e+00
-6.308841324428193786e-01 -4.774489414763127826e-01 1.055272980969997221e+00
-6.328778679431632526e-01 -4.815418776466362516e-01 1.050784123117605162e+00
-6.374165114912830887e-01 -4.861899719479270132e-01 1.044132054366197160e+00
-6.439267080614596850e-01 -4.910413825030697232e-01 1.035909838712136377e+00
-6.518202614527641714e-01 -4.957497062527909115e-01 1.026724340250041223e+00
-6.604898412186086532e-01 -4.999820108330372825e-01 1.017200971520908936e+00
-6.693082912056578238e-01 -5.034237729582349274e-01 1.007984856208448576e+00
-6.776316033325375798e-01 -5.057804381364010560e-01 9.997383254743734682e-01
-6.848054532862271060e-01 -5.067753043914824396e-01 9.931348467532057356e-01
-6.901750442421032972e-01 -5.061435172126813598e-01 9.888496478561448200e-01
-6.930979113079995813e-01 -5.036221402586553708e-01 9.875474072587921981e-01
-6.931394825493857326e-01 -4.990390799816384337e-01 9.896698362284030992e-01
-6.906190274011088093e-01 -4.926098959974418712e-01 9.948371913225351193e-01
-6.860507995804070447e-01 -4.846362983612078068e-01 1.002457751234015149e+00
-6.799478187917600280e-01 -4.754151890097055855e-01 1.011940529711917947e+00
-6.728103003271375115e-01 -4.652478305177436546e-01 1.022706163452200556e+00
-6.651173756119241887e-01 -4.544462894907335127e-01 1.034194584911746873e+00
-6.573219781877943646e-01 -4.433372427795188031e-01 1.045869617183711853e+00
-6.498487263601315789e-01 -4.322633739510761686e-01 1.057220687298574546e+00
-6.430945933489340405e-01 -4.215826575355645645e-01 1.067761906869858279e+00
