6.119676589965819424e+00 -1.284569501876831055e+00 -1.807067513465881126e+00
6.101013124431079682e+00 -1.296334066633550108e+00 -1.837830942765204645e+00
6.087305534221399306e+00 -1.305430815786826848e+00 -1.868410591444109370e+00
6.078018797042937571e+00 -1.312093861940974104e+00 -1.898702022326910210e+00
6.072644777254266657e+00 -1.316544976695770863e+00 -1.928606079914244598e+00
6.070702225866352997e+00 -1.318993590646461822e+00 -1.958028890383064935e+00
6.071736780542562606e+00 -1.319636793383754281e+00 -1.986881861586641485e+00
6.075320965598675294e+00 -1.318659333493825025e+00 -2.015081683054564365e+00
6.081054192002859793e+00 -1.316233618558312779e+00 -2.042550325992740223e+00
6.088562757375701295e+00 -1.312519715154324418e+00 -2.069215043283395339e+00
6.097499845990172140e+00 -1.307665348854428977e+00 -2.095008369485071853e+00
6.107545528771657573e+00 -1.301805904226662980e+00 -2.119868120832630876e+00
6.118406763297937090e+00 -1.295064424834527772e+00 -2.143737395237252041e+00
6.129817393799200431e+00 -1.287551613236989745e+00 -2.166564572286432622e+00
6.141538151158035141e+00 -1.279365830988481445e+00 -2.188303313243987525e+00
6.153356652909429236e+00 -1.270593098638899576e+00 -2.208912561050051071e+00
6.165087403240776531e+00 -1.261307095733606332e+00 -2.228356540321072554e+00
6.176571792991873089e+00 -1.251569160813430726e+00 -2.246604757349822457e+00
6.187678099654915442e+00 -1.241428291414665708e+00 -2.263632000105389785e+00
6.198301487374498819e+00 -1.230921144069069051e+00 -2.279418338233177188e+00
6.208364006947629576e+00 -1.220072034303865793e+00 -2.293949123054908501e+00
6.217814595823704771e+00 -1.208892936641743798e+00 -2.307214987568625642e+00
6.226629078104534365e+00 -1.197383484600858861e+00 -2.319211846448688163e+00
6.234810164544322575e+00 -1.185530970694829600e+00 -2.329940896045772813e+00
6.242387452549682081e+00 -1.173310346432742124e+00 -2.339408614386874863e+00
6.249417426179626922e+00 -1.160684222319146919e+00 -2.347626761175308996e+00
6.255981619916477499e+00 -1.147604562374939796e+00 -2.354612721055830082e+00
6.262166420102155406e+00 -1.134031323907448874e+00 -2.360393279539205746e+00
6.268042866341601460e+00 -1.119951097310819543e+00 -2.365008398932911593e+00
6.273664815262752548e+00 -1.105378800596995781e+00 -2.368511561608309890e+00
6.279068940516541630e+00 -1.090357679395719481e+00 -2.370969770000642907e+00
6.284274732776896855e+00 -1.074959306954531346e+00 -2.372463546609039575e+00
6.289284499740738887e+00 -1.059283584138769552e+00 -2.373086933996508829e+00
6.294083366127987134e+00 -1.043458739431571747e+00 -2.372947494789944489e+00
6.298639273681554407e+00 -1.027641328933873499e+00 -2.372166311680125261e+00
6.302902981167347818e+00 -1.012016236364408295e+00 -2.370877987421709854e+00
6.306809386396125205e+00 -9.967931703390039422e-01 -2.369229121011012129e+00
6.310292068501756724e+00 -9.821681343426249544e-01 -2.367361545597866712e+00
6.313297830247832643e+00 -9.682848966262532775e-01 -2.365395566364798530e+00
6.315788020058981544e+00 -9.552314874611305129e-01 -2.363428436693893797e+00
6.317738532020879205e+00 -9.430401991387588057e-01 -2.361534358166801795e+00
6.319139805880231719e+00 -9.316875859709000673e-01 -2.359764480564730871e+00
6.319996827044794152e+00 -9.210944642895764201e-01 -2.358146901868453327e+00
6.320329126583349222e+00 -9.111259124470696413e-01 -2.356686668258299644e+00
6.320170781225731282e+00 -9.015912708159227185e-01 -2.355365774114166033e+00
6.319570413362799677e+00 -8.922441417889364068e-01 -2.354143162015503776e+00
6.318590077305556996e+00 -8.827866683876474108e-01 -2.352956108571901073e+00
6.317293008124415188e+00 -8.729165989963312278e-01 -2.351735468572518251e+00
6.315731370480572870e+00 -8.623743521266171719e-01 -2.350420919145468357e+00
6.313945144882419314e+00 -8.509472950361590682e-01 -2.348962345591676826e+00
6.311962127685547763e+00 -8.384697437286375843e-01 -2.347319841384888583e+00
6.309797931092742118e+00 -8.248229629537592311e-01 -2.345463708171662276e+00
6.307455983153999135e+00 -8.099351662072569180e-01 -2.343374455771376930e+00
6.304927527766504447e+00 -7.937815157308896197e-01 -2.341042802176226623e+00
6.302191624674645887e+00 -7.763841225124417100e-01 -2.338469673551220485e+00
6.299215149470014374e+00 -7.578120462857247386e-01 -2.335666204234189358e+00
6.295954175808960329e+00 -7.381803354636510273e-01 -2.332653467826604654e+00
6.292369179858569694e+00 -7.176394663654435124e-01 -2.329459519182481397e+00
6.288440244782167454e+00 -6.963647824163747835e-01 -2.326116436389558118e+00
6.284168442970064383e+00 -6.745555340716878900e-01 -2.322660051857568853e+00
6.279575836039563264e+00 -6.524348788165954538e-01 -2.319129952318245813e+00
6.274705474834958885e+00 -6.302498811662805567e-01 -2.315569478825315386e+00
6.269621399427527386e+00 -6.082715126658960747e-01 -2.312025726754499466e+00
6.264408639115539579e+00 -5.867946518905646780e-01 -2.308549545803515901e+00
6.259173212424249400e+00 -5.661380844453790528e-01 -2.305195539992078047e+00
6.254042127105906346e+00 -5.466445029654017906e-01 -2.302022067661893434e+00
6.249161265604293192e+00 -5.286760270997417077e-01 -2.299090505495200443e+00
6.244672125124396622e+00 -5.125649232509364994e-01 -2.296457152704573623e+00
6.240688557671844272e+00 -4.985643242502504902e-01 -2.294165135212210327e+00
6.237294655507352736e+00 -4.868437493203876532e-01 -2.292243669664955963e+00
6.234544751146749775e+00 -4.774891040754912219e-01 -2.290708063434300001e+00
6.232463417360947666e+00 -4.705026805211441343e-01 -2.289559714616377306e+00
6.231045467175963637e+00 -4.658031570543689770e-01 -2.288786112031969022e+00
6.230255953872904762e+00 -4.632255984636273194e-01 -2.288360835226499468e+00
6.230030170987985727e+00 -4.625214559288212679e-01 -2.288243554470040575e+00
6.230273652312509292e+00 -4.633585670212913010e-01 -2.288380030757309225e+00
6.230863977682741250e+00 -4.653264786774518047e-01 -2.288702994124676149e+00
6.231670636668357410e+00 -4.679949999087554824e-01 -2.289141805137258956e+00
6.232574892260898558e+00 -4.709727545116609848e-01 -2.289632116376019599e+00
6.233471586663633879e+00 -4.739125040412651146e-01 -2.290116750754768393e+00
6.234269141291558292e+00 -4.765111478113039922e-01 -2.290545701520166677e+00
6.234889556771388008e+00 -4.785097228941516123e-01 -2.290876132251726371e+00
6.235268412941577409e+00 -4.796934041208217314e-01 -2.291072376861810866e+00
6.235354868852292398e+00 -4.798915040809655919e-01 -2.291105939595631913e+00
6.235111662765435270e+00 -4.789774731228739757e-01 -2.290955495031253175e+00
6.234515112154626060e+00 -4.768688993534758169e-01 -2.290606888079588010e+00
6.233554618985868601e+00 -4.735260422191149843e-01 -2.290052896796101134e+00
6.232227227814051140e+00 -4.689357019220523060e-01 -2.289290623314024220e+00
6.230532183886579922e+00 -4.630950888579464242e-01 -2.288318884780972784e+00
6.228470438426358946e+00 -4.560103572036212638e-01 -2.287137976171770948e+00
6.226044648631810396e+00 -4.476966049170669759e-01 -2.285749670288457214e+00
6.223259177676862208e+00 -4.381778737374393828e-01 -2.284157217760280467e+00
6.220120094710948067e+00 -4.274871491850594230e-01 -2.282365347043699977e+00
6.216635174859014512e+00 -4.156663605614143164e-01 -2.280380264422388059e+00
6.212813899221512948e+00 -4.027663809491567881e-01 -2.278209654007227858e+00
6.208667454874409408e+00 -3.888470272121052340e-01 -2.275862677736315565e+00
6.204208785681020188e+00 -3.739769421792834558e-01 -2.273349958528047665e+00
6.199453151220351899e+00 -3.582322986738508130e-01 -2.270683394965737456e+00
6.194418685713987571e+00 -3.416955035454026235e-01 -2.267875975982721837e+00
6.189126448837456884e+00 -3.244550798551339432e-01 -2.264941764015608872e+00
6.183600425720215732e+00 -3.066056668758392334e-01 -2.261895895004273349e+00
6.177867526945663990e+00 -2.882480200919123048e-01 -2.258754578391862999e+00
6.171957588551137519e+00 -2.694890111993465953e-01 -2.255535097124794941e+00
6.165903372027907281e+00 -2.504416281057350036e-01 -2.252255807652758790e+00
6.159740564321185552e+00 -2.312249749302697777e-01 -2.248936139928709554e+00
6.153507777830117043e+00 -2.119642720037427375e-01 -2.245596597408877848e+00
6.147246272783517540e+00 -1.927899333412266547e-01 -2.242258621568384847e+00
6.140996903362255566e+00 -1.738274188063791970e-01 -2.238943101567934413e+00
6.134797063813725693e+00 -1.551870862493534009e-01 -2.235668883916623439e+00
6.128680410824919988e+00 -1.369632689706810902e-01 -2.232452636986277827e+00
6.122676863522421797e+00 -1.192342757212727228e-01 -2.229308851011441828e+00
6.116812603472423504e+00 -1.020623907024178628e-01 -2.226249838089393140e+00
6.111110074680706994e+00 -8.549387356578456998e-02 -2.223285732180128704e+00
6.105587983592654311e+00 -6.955895941342013500e-02 -2.220424489106373578e+00
6.100261299093244105e+00 -5.427185879774956007e-02 -2.217671886553576055e+00
6.095141252507052521e+00 -3.963075772157769600e-02 -2.215031524069911661e+00
6.090234866854976836e+00 -2.561729558434529264e-02 -2.212504625249613444e+00
6.085539778624271534e+00 -1.219082253121617915e-02 -2.210087861727003666e+00
6.081039059498200672e+00 7.173432426445277947e-04 -2.207771177153545317e+00
6.076700745599273645e+00 1.320443756074929191e-02 -2.205537589375514251e+00
6.072477837489274499e+00 2.539625026528827614e-02 -2.203363190434004082e+00
6.068308300169216629e+00 3.744712521712920128e-02 -2.201217146564917737e+00
6.064115063079387191e+00 4.953996029581741317e-02 -2.199061698198974568e+00
6.059806020099318680e+00 6.188620739957591960e-02 -2.196852159961709017e+00
6.055274029547802250e+00 7.472587244530526362e-02 -2.194536920673467062e+00
6.050396914182885055e+00 8.832751536858370056e-02 -2.192057443349411106e+00
6.045039811020173737e+00 1.029831594640398806e-01 -2.189349382019954771e+00
6.039081019334227030e+00 1.189522941294535174e-01 -2.186354866755570558e+00
6.032437848659928825e+00 1.364058776098561465e-01 -2.183034788691597061e+00
6.025068968610813869e+00 1.554212463379039955e-01 -2.179369916848680866e+00
6.016974408879051772e+00 1.759821149338778867e-01 -2.175360898132770782e+00
6.008195559235451455e+00 1.979785762056831266e-01 -2.171028257335121392e+00
5.998815169529471802e+00 2.212071011488499495e-01 -2.166412397132295276e+00
5.988957349689203014e+00 2.453705389465328235e-01 -2.161573598086154124e+00
5.978787569721378148e+00 2.700781169695110617e-01 -2.156592018643868514e+00
5.968512659711370461e+00 2.948454407761884610e-01 -2.151567695137912128e+00
5.958376999635242477e+00 3.191030688761639089e-01 -2.146618694432732344e+00
5.948620607728216214e+00 3.422908341482046590e-01 -2.141860793249505512e+00
5.939437229180198230e+00 3.639521645222532076e-01 -2.137387157649448977e+00
5.930970526056827730e+00 3.837426574976768312e-01 -2.133266495733341817e+00
5.923314077299475677e+00 4.014300801432645893e-01 -2.129543057641527515e+00
5.916511378725240355e+00 4.168943690972288785e-01 -2.126236635553909515e+00
5.910555843026952694e+00 4.301276305672057099e-01 -2.123342563689953888e+00
5.905390799773180710e+00 4.412341403302542653e-01 -2.120831718308690661e+00
5.900909495408216188e+00 4.504303437328567861e-01 -2.118650517708710268e+00
5.896955093252083557e+00 4.580448556909187952e-01 -2.116720922228166213e+00
5.893324228759393435e+00 4.645107326661097047e-01 -2.114942103964978948e+00
5.889806117231094262e+00 4.702804647004093508e-01 -2.113208813635407690e+00
5.886221661424505314e+00 4.757409676717526126e-01 -2.111429747384842681e+00
5.882427006778270240e+00 4.812058553440716202e-01 -2.109529216492094239e+00
5.878313541412355292e+00 4.869154393672943670e-01 -2.107447147369385210e+00
5.873807896128039552e+00 4.930367292773452093e-01 -2.105139081562357184e+00
5.868871944407936248e+00 4.996634324961451434e-01 -2.102576175750069165e+00
5.863502802415973214e+00 5.068159543316109739e-01 -2.099745201744993572e+00
5.857732828997399110e+00 5.144413979776562007e-01 -2.096648546493021126e+00
5.851629625678786972e+00 5.224135645141908535e-01 -2.093304212073459070e+00
5.845292507988512298e+00 5.305373241290756159e-01 -2.089743606570548806e+00
5.838813689847452970e+00 5.385966997263741396e-01 -2.085987243575904593e+00
5.832239467858730819e+00 5.464029506596680408e-01 -2.082020441627748131e+00
5.825566692594541074e+00 5.537989439956980675e-01 -2.077791115061355498e+00
5.818742768596152359e+00 5.606591545143638777e-01 -2.073209774009059814e+00
5.811665654373908474e+00 5.668896647087252605e-01 -2.068149524400252126e+00
5.804183862407228389e+00 5.724281647850014698e-01 -2.062446067961378748e+00
5.796096459144600921e+00 5.772439526625707806e-01 -2.055897702215944367e+00
5.787153065003593611e+00 5.813379339739717100e-01 -2.048265320484508489e+00
5.777053854370842068e+00 5.847426220649011297e-01 -2.039272411884688552e+00
5.765456388339321947e+00 5.875206063020589342e-01 -2.028611208749913519e+00
5.752050775600129562e+00 5.897477032841244027e-01 -2.016010308939261364e+00
5.736634833920762233e+00 5.914961079212672779e-01 -2.001302298674938918e+00
5.719120923077853469e+00 5.928328616991671574e-01 -1.984429900136918778e+00
5.699535944857185399e+00 5.938198526790146037e-01 -1.965445971462941754e+00
5.678021343053670122e+00 5.945138154975087019e-01 -1.944513506748511311e+00
5.654833103471367473e+00 5.949663313668591691e-01 -1.921905636046900012e+00
5.630341753923477022e+00 5.952238280747859100e-01 -1.898005625369146188e+00
5.605032364232338971e+00 5.953275799845185734e-01 -1.873306876684053046e+00
5.579504546229436812e+00 5.953137080347968846e-01 -1.848412927918192450e+00
5.554461021037594648e+00 5.952132334214722542e-01 -1.824026696085065069e+00
5.530581859175193848e+00 5.950526680951220282e-01 -1.800832151705914042e+00
5.508398720660379944e+00 5.948546052586648480e-01 -1.779375993230532194e+00
5.488283422293281255e+00 5.946377730489630364e-01 -1.760056890166430632e+00
5.470447937655991133e+00 5.944170345368212649e-01 -1.743125483078835414e+00
5.454944397112574173e+00 5.942033877269869979e-01 -1.728684383590687768e+00
5.441665087809070656e+00 5.940039655581508260e-01 -1.716688174382646759e+00
5.430342453673489445e+00 5.938220359029457995e-01 -1.706943409193086847e+00
5.420549095415812424e+00 5.936570015679480949e-01 -1.699108612818096775e+00
5.411697770527991835e+00 5.935044002936767926e-01 -1.692694281111484012e+00
5.403053485293097147e+00 5.933561407072583949e-01 -1.687073705848471716e+00
5.393866505502066033e+00 5.932030977747391187e-01 -1.681602046987624055e+00
5.383505366132623315e+00 5.930377082331437233e-01 -1.675735404003673157e+00
5.371468963012461906e+00 5.928542065363908709e-01 -1.669041640441524477e+00
5.357386552819247250e+00 5.926486248552920166e-01 -1.661200383916256129e+00
5.341017753080617325e+00 5.924187930775521860e-01 -1.652003026113119111e+00
5.322252542174188861e+00 5.921643388077695302e-01 -1.641352722787538188e+00
5.301111259327542236e+00 5.918866873674357709e-01 -1.629264393765110563e+00
5.277744604618240132e+00 5.915890617949365327e-01 -1.615864722941608100e+00
5.252433638973811547e+00 5.912764828455496779e-01 -1.601392158282973543e+00
5.225581970661989040e+00 5.909556475354639238e-01 -1.586189933153237641e+00
5.197629806981290734e+00 5.906335931305956022e-01 -1.570629301187773663e+00
5.168968006175143515e+00 5.903163611388813070e-01 -1.555032771366218647e+00
5.139930263996633109e+00 5.900088758554538071e-01 -1.539667129406939061e+00
5.110793113708496982e+00 5.897149443626402698e-01 -1.524743437767028587e+00
5.081775926083128780e+00 5.894372565299642597e-01 -1.510417035642312999e+00
5.053040909402579217e+00 5.891773850141444058e-01 -1.496787538967344178e+00
5.024693109458556073e+00 5.889357852590947351e-01 -1.483898840415405429e+00
4.996780409552413538e+00 5.887117954959247834e-01 -1.471739109398507273e+00
4.969293530495174416e+00 5.885036367429399284e-01 -1.460240792067391657e+00
4.942167174900834681e+00 5.883084757150505162e-01 -1.449283342030939892e+00
4.915292614238418345e+00 5.881231168176831448e-01 -1.438723257853036452e+00
4.888530275753036669e+00 5.879446941334914856e-01 -1.428424120236928108e+00
4.861710886715586710e+00 5.877707343293665510e-01 -1.418259322640472275e+00
4.834635474422732671e+00 5.875991566564366941e-01 -1.408112071276131916e+00
4.807075366196926325e+00 5.874282729500679423e-01 -1.397875385110981750e+00
4.778772189386388369e+00 5.872567876298635525e-01 -1.387452095866703372e+00
4.749437871365119967e+00 5.870837976996641228e-01 -1.376754848019587918e+00
4.718754639532894757e+00 5.869087927475473698e-01 -1.365706098800533619e+00
4.686375021315273948e+00 5.867316549458294617e-01 -1.354238118195050022e+00
4.651927999524561486e+00 5.865526457554167683e-01 -1.342293610531400727e+00
4.615086720861015124e+00 5.863722596747195093e-01 -1.329832551902826454e+00
4.575636204061781953e+00 5.861910779893215739e-01 -1.316839027554184360e+00
4.533479495144511873e+00 5.860097554765901773e-01 -1.303321853458250024e+00
4.488637667407329168e+00 5.858290204056748607e-01 -1.289314576315711225e+00
4.441249821428849387e+00 5.856496745375070478e-01 -1.274875473555171279e+00
4.391573085068166016e+00 5.854725931248007109e-01 -1.260087553333145260e+00
4.339982613464870020e+00 5.852987249120524815e-01 -1.245058554534066220e+00
4.286971589039024089e+00 5.851290921355417618e-01 -1.229920946770277856e+00
4.233151221491185723e+00 5.849647905233298362e-01 -1.214831930382041847e+00
4.179241211977106296e+00 5.848069757159672921e-01 -1.199971146190107474e+00
4.125964859029537912e+00 5.846567138942699859e-01 -1.185515482774059715e+00
4.073944164480055363e+00 5.845148324070946755e-01 -1.171613883750664220e+00
4.023690297633754298e+00 5.843819061920451086e-01 -1.158385057526437611e+00
3.975603595269258772e+00 5.842582577754730222e-01 -1.145917477297655029e+00
3.929973561638712809e+00 5.841439572724773654e-01 -1.134269381050343917e+00
3.886978868467796389e+00 5.840388223869049655e-01 -1.123468771560288681e+00
3.846687354955703686e+00 5.839424184113499727e-01 -1.113513416393026700e+00
3.809056027775163500e+00 5.838540582271540824e-01 -1.104370847903852759e+00
3.773931061072425042e+00 5.837728023044069792e-01 -1.095978363237814612e+00
3.741053691112854906e+00 5.836974735918525337e-01 -1.088244743670804482e+00
3.710125057832143636e+00 5.836268213070061606e-01 -1.081069167492713756e+00
3.680871046724822460e+00 5.835596847271230514e-01 -1.074360122988971877e+00
3.653048183602272569e+00 5.834950080793889216e-01 -1.068037127814427611e+00
3.626443634592739773e+00 5.834318405409207875e-01 -1.062030728993349715e+00
3.600875206141322060e+00 5.833693362387663006e-01 -1.056282502919427380e+00
3.576191345009975375e+00 5.833067542499039693e-01 -1.050745055355770230e+00
3.552271138277514062e+00 5.832434586012430477e-01 -1.045382021434907216e+00
3.529024313339613972e+00 5.831789182696245355e-01 -1.040168065658789276e+00
3.506391237908798697e+00 5.831127071818195118e-01 -1.035088881898785340e+00
3.484340418160872144e+00 5.830445007570353999e-01 -1.030140449753113474e+00
3.462840977963704603e+00 5.829740378739506346e-01 -1.025320854365066925e+00
3.441835137819723833e+00 5.829010828373522024e-01 -1.020622106156140685e+00
3.421235712916882665e+00 5.828254219205092346e-01 -1.016029397155088887e+00
3.400926113128661221e+00 5.827468633651731178e-01 -1.011521100997924361e+00
3.380760343014068248e+00 5.826652373815780495e-01 -1.007068772927921296e+00
3.360563001817636675e+00 5.825803961484397053e-01 -1.002637149795611915e+00
3.340129283469432941e+00 5.824922138129573490e-01 -9.981841500587891325e-01
3.319224976585043674e+00 5.824005864908115004e-01 -9.936608737825048943e-01
3.297586464465589451e+00 5.823054322661654902e-01 -9.890116026390713966e-01
3.274923238224944022e+00 5.822066493202803228e-01 -9.841743963430874542e-01
3.250945540805836309e+00 5.821036553526724999e-01 -9.790876533457426589e-01
3.225392010708330481e+00 5.819949270070652325e-01 -9.736966714608619178e-01
3.198032195021195623e+00 5.818779580015989161e-01 -9.679542442771820188e-01
3.168666549421903067e+00 5.817492591288325743e-01 -9.618206611583517418e-01
3.137126438176634835e+00 5.816043582557437475e-01 -9.552637072429338572e-01
3.103274134140270757e+00 5.814378003237281600e-01 -9.482586634444013507e-01
3.067002818756401350e+00 5.812431473485997202e-01 -9.407883064511411986e-01
3.028236582057315829e+00 5.810129784205909642e-01 -9.328429087264507036e-01
2.986930422664013651e+00 5.807388897043522791e-01 -9.244202385085411589e-01
2.943071726891573370e+00 5.804114184666410159e-01 -9.155258867892535068e-01
2.896696538795514808e+00 5.800192073866932141e-01 -9.061768640550216247e-01
2.847905830133488525e+00 5.795481688709401835e-01 -8.964051970091191368e-01
2.796866979442471202e+00 5.789814090821481241e-01 -8.862582555441455012e-01
2.743813772038743437e+00 5.782992279394169044e-01 -8.757987527420225682e-01
2.689046400017902627e+00 5.774791191181801731e-01 -8.651047448739977996e-01
2.632931462254856303e+00 5.764957700502058024e-01 -8.542696314006404945e-01
2.575901964403829680e+00 5.753210619235955559e-01 -8.434021549718466737e-01
2.518457318898355446e+00 5.739240696827851984e-01 -8.326264014268335290e-01
2.461163344951285747e+00 5.722710620285443861e-01 -8.220817997941446409e-01
2.404644493568166119e+00 5.703258892761007282e-01 -8.119212674258723395e-01
2.349498322694503205e+00 5.680542497945013647e-01 -8.022908064741546275e-01
2.296209972363027596e+00 5.654279564459755436e-01 -7.933091003676684405e-01
2.245144389707067312e+00 5.624253244440576838e-01 -7.850656589458553380e-01
2.196546328960564232e+00 5.590311713535884852e-01 -7.776208184589230576e-01
2.150540351458058108e+00 5.552368170907128198e-01 -7.710057415678434056e-01
2.107130825634701665e+00 5.510400839228829506e-01 -7.652224173443555877e-01
2.066201927026245055e+00 5.464452964688547576e-01 -7.602436612709617680e-01
2.027517638269053624e+00 5.414632816986915120e-01 -7.560131152409315103e-01
1.990721749100090365e+00 5.361113689337611010e-01 -7.524452475582986688e-01
1.955344513630305592e+00 5.304125639290933059e-01 -7.494273080360589478e-01
1.920875880859685747e+00 5.243864637162877207e-01 -7.468408342254925225e-01
1.886838725573255049e+00 5.180401713991618085e-01 -7.445831577573587268e-01
1.852795505741421600e+00 5.113674702203525602e-01 -7.425693594773831174e-01
1.818348262519986491e+00 5.043488235613191595e-01 -7.407322694462582513e-01
1.783138620250134698e+00 4.969513749423396520e-01 -7.390224669396425750e-01
1.746847786458444851e+00 4.891289480225138875e-01 -7.374082804481612019e-01
1.709196551856878354e+00 4.808220465997614657e-01 -7.358757876774060236e-01
1.669945290342793376e+00 4.719578546108237904e-01 -7.344288155479357094e-01
1.628893958998927083e+00 4.624502361312609611e-01 -7.330889401952742634e-01
1.585882611438621081e+00 4.522013154533376933e-01 -7.318944433110686765e-01
1.540797044681413208e+00 4.411188581838227929e-01 -7.308888317365465070e-01
1.493574446087412522e+00 4.291336525226264187e-01 -7.301093569365357805e-01
1.444203906722071107e+00 4.162010894009533502e-01 -7.295859713008071568e-01
1.392726421356201394e+00 4.023011624813080389e-01 -7.293413281440737084e-01
1.339234888465961948e+00 3.874384681574906120e-01 -7.293907817059915866e-01
1.283874110232862353e+00 3.716422055545980929e-01 -7.297423871511591331e-01
1.226840792543772984e+00 3.549661765290268445e-01 -7.303969005691176575e-01
1.168383544990905909e+00 3.374887856684677390e-01 -7.313477789743512147e-01
1.108802880871834873e+00 3.193130402919115429e-01 -7.325811803062859395e-01
1.048447987355250355e+00 3.005652060539049653e-01 -7.340762636904407668e-01
9.876811977973380952e-01 2.813800187965682653e-01 -7.358084922652554649e-01
9.268424644277324376e-01 2.618858965554529683e-01 -7.377529359745595983e-01
8.662461286385167991e-01 2.422035952150922156e-01 -7.398845718172657460e-01
8.061809209842046853e-01 2.224462085089952135e-01 -7.421782838473723887e-01
7.469099611817600071e-01 2.027191680196534507e-01 -7.446088631739621322e-01
6.886707581105764309e-01 1.831202431785340645e-01 -7.471510079612025956e-01
6.316752098124975845e-01 1.637395412660865301e-01 -7.497793234283455233e-01
5.761096034917966291e-01 1.446595074117357771e-01 -7.524683218497274506e-01
5.221346155151971313e-01 1.259549245938892670e-01 -7.551924225547693714e-01
4.698850419621273811e-01 1.076926484003590812e-01 -7.579261851680718642e-01
4.194668346983225771e-01 8.992868941332339550e-02 -7.606468752326613902e-01
3.709541374648058776e-01 7.270529560945207526e-02 -7.633370298198907111e-01
3.243890164333204096e-01 5.605068712540075410e-02 -7.659846907650850190e-01
2.797814602063126710e-01 3.997905625780489441e-02 -7.685834046675431575e-01
2.371093798169482958e-01 2.449056746328559173e-02 -7.711322228905348464e-01
1.963186087290969273e-01 9.571357358443974978e-03 -7.736357015613042343e-01
1.573229028373468730e-01 -4.806465280133419282e-03 -7.761039015710666789e-01
1.200039404669909077e-01 -1.868481951587987883e-02 -7.785523885750109674e-01
8.421132237403987364e-02 -3.211965225224339138e-02 -7.810022329922976514e-01
4.976485607833169844e-02 -4.518000681308216582e-02 -7.834796021380949771e-01
1.647968352786227664e-02 -5.793777732696506200e-02 -7.860112736759583552e-01
-1.580859123688450885e-02 -7.045746311147239871e-02 -7.886201490702097194e-01
-4.724161774982656853e-02 -8.279523725359091979e-02 -7.913248457179727913e-01
-7.793829911927203924e-02 -9.499894660970943649e-02 -7.941396969491721913e-01
-1.079947920279304419e-01 -1.071081118056230741e-01 -7.970747520265343278e-01
-1.374845067329018844e-01 -1.191539272365291641e-01 -8.001357761455871742e-01
-1.664581070656875883e-01 -1.311592610670312964e-01 -8.033242504346599366e-01
-1.949435104321795842e-01 -1.431386552311352256e-01 -8.066373719548829424e-01
-2.229458878126709120e-01 -1.550983254322531035e-01 -8.100680537001888615e-01
-2.504481852403272479e-01 -1.670360417331390457e-01 -8.136051445095886514e-01
-2.774168601042835136e-01 -1.789398150361244666e-01 -8.172358481190121759e-01
-3.038076174825601328e-01 -1.907865835565112633e-01 -8.209481422257259853e-01
-3.295659316305006858e-01 -2.025420934102387660e-01 -8.247309984048094567e-01
-3.546270459807627784e-01 -2.141608986138793247e-01 -8.285743821091523520e-01
-3.789159731433270339e-01 -2.255863610846427225e-01 -8.324692526694559280e-01
-4.023474949054883232e-01 -2.367506506403717625e-01 -8.364075632942320482e-01
-4.248261622318643682e-01 -2.475747449995465976e-01 -8.403822610698049589e-01
-4.462462952643875824e-01 -2.579684297812809279e-01 -8.443872869603094022e-01
-4.664919833223124535e-01 -2.678302985053250262e-01 -8.484175758076913931e-01
-4.854378751771430411e-01 -2.770487242110127868e-01 -8.524687627348777053e-01
-5.029578721975042077e-01 -2.855125474139718622e-01 -8.565339535358429401e-01
-5.189338215844421232e-01 -2.931217641740224700e-01 -8.606004950320754743e-01
-5.332563066765111381e-01 -2.997884977511951488e-01 -8.646496814645473483e-01
-5.458246469497683995e-01 -3.054369986057283159e-01 -8.686567544937136010e-01
-5.565468980177786795e-01 -3.100036443980702106e-01 -8.725909031995136012e-01
-5.653398516316116007e-01 -3.134369399888778385e-01 -8.764152640813697159e-01
-5.721290356798417465e-01 -3.156975174390171390e-01 -8.800869210581877544e-01
-5.768487141885504377e-01 -3.167581360095631515e-01 -8.835569054683580781e-01
-5.794418873213228460e-01 -3.166036821617998487e-01 -8.867701960697528252e-01
-5.798626063714138468e-01 -3.152320448179378176e-01 -8.896666489432405456e-01
-5.781014383222965458e-01 -3.126637430954550823e-01 -8.921912262894141632e-01
-5.742109301432907209e-01 -3.089515539412742151e-01 -8.943042251189085023e-01
-5.683079236934163170e-01 -3.041813873590915041e-01 -8.959822071204355254e-01
-5.605735557213924469e-01 -2.984722864093770633e-01 -8.972179986607867752e-01
-5.512532578656403892e-01 -2.919764272093759438e-01 -8.980206907848328202e-01
-5.406567566542798131e-01 -2.848791189331061902e-01 -8.984156392155231430e-01
-5.291580735051322204e-01 -2.773988038113610610e-01 -8.984444643538861408e-01
-5.171955247257172816e-01 -2.697870571317065314e-01 -8.981650512790287921e-01
-5.052717215132576101e-01 -2.623285872384839568e-01 -8.976515497481374339e-01
-4.939451750443063505e-01 -2.553365261013055831e-01 -8.969930127934002684e-01
-4.837379531011946066e-01 -2.491006259278355506e-01 -8.962784213920369503e-01
-4.750433371788248538e-01 -2.438354560460394282e-01 -8.955817092142238645e-01
-4.681174277344263834e-01 -2.396756935625085905e-01 -8.949604012459854152e-01
-4.630791441875532488e-01 -2.366761233624589400e-01 -8.944556137891941372e-01
-4.599102249200847647e-01 -2.348116381097317129e-01 -8.940920544615691412e-01
-4.584552272762257297e-01 -2.339772382467927847e-01 -8.938780221966782236e-01
-4.584215275625063146e-01 -2.339880319947333365e-01 -8.938054072439370890e-01
-4.593793210477817857e-01 -2.345792353532695773e-01 -8.938496911686080182e-01
-4.607616219632328924e-01 -2.354061721007423558e-01 -8.939699468518020886e-01
-4.618751267291972273e-01 -2.360507548520545118e-01 -8.941099185579670650e-01
-4.620197094503196156e-01 -2.360927766959723673e-01 -8.942099026772748482e-01
-4.606079174107005070e-01 -2.351812028324282711e-01 -8.942186284680068153e-01
-4.571758343007280567e-01 -2.330406516304568965e-01 -8.940943381240441523e-01
-4.513830802170790135e-01 -2.294713946281956574e-01 -8.938047867748669661e-01
-4.430128116627169987e-01 -2.243493565328837924e-01 -8.933272424855547289e-01
-4.319717215468949489e-01 -2.176261152208640304e-01 -8.926484862567876100e-01
-4.182900391851518407e-01 -2.093289017375801198e-01 -8.917648120248435895e-01
-4.021215302993166874e-01 -1.995606002975800486e-01 -8.906820266616011228e-01
-3.837434970175040982e-01 -1.884997482845123529e-01 -8.894154499745379194e-01
-3.635495413665855713e-01 -1.763960348395699484e-01 -8.879894045959390025e-01
-3.419699631372119519e-01 -1.635207849908942856e-01 -8.864316047252676078e-01
-3.193921573347669463e-01 -1.501174435254125361e-01 -8.847675448423456546e-01
-2.961533775337999996e-01 -1.363970734914145833e-01 -8.830199895868325877e-01
-2.725407358780340683e-01 -1.225383561985576714e-01 -8.812089737582257110e-01
-2.487912030803572094e-01 -1.086875912178616871e-01 -8.793518023158591879e-01
-2.250916084228309355e-01 -9.495869638171394733e-02 -8.774630503789053737e-01
-2.015786397566824983e-01 -8.143320778386441139e-02 -8.755545632263731504e-01
-1.783388435023123275e-01 -6.816027977943051042e-02 -8.736354562971101467e-01
-1.554086246492862589e-01 -5.515668498489223470e-02 -8.717121151898001852e-01
-1.327764087833921414e-01 -4.240828516976007101e-02 -8.697882898810979091e-01
-1.104064247140678079e-01 -2.988621128930595700e-02 -8.678661311394653133e-01
-8.826248734927434614e-02 -1.756304368563700591e-02 -8.659472269497926478e-01
-6.631015980501289708e-02 -5.414283035465189582e-03 -8.640326967351242837e-01
-4.451675340533255837e-02 6.581649649888264911e-03 -8.621231913566589355e-01
-2.285132768232364317e-02 1.844341302449667083e-02 -8.602188931137501049e-01
-1.284690376121529545e-03 3.018674540782567001e-02 -8.583195157439056366e-01
2.021060256509625563e-02 4.182446478473492157e-02 -8.564243044227886070e-01
4.166024698510244206e-02 5.336646880547386840e-02 -8.545320357642156583e-01
6.308819051963129865e-02 6.481973478568794911e-02 -8.526410178201588863e-01
8.451530712833811576e-02 7.618785339126331324e-02 -8.507492384082970815e-01
1.059448171486885304e-01 8.746589924281876482e-02 -8.488559966924594802e-01
1.273477075015213011e-01 9.863530157355633599e-02 -8.469635347460975350e-01
1.486614062735881481e-01 1.096633779319041296e-01 -8.450771858741755738e-01
1.697897827175464391e-01 1.205033341815125447e-01 -8.432053746131744631e-01
1.906031472519627290e-01 1.310942645012559138e-01 -8.413596167310884999e-01
2.109382514613054038e-01 1.413611513852290058e-01 -8.395545192274286306e-01
2.305982880959558667e-01 1.512148656427525217e-01 -8.378077803332194540e-01
2.493528910722011549e-01 1.605521663983693892e-01 -8.361401895110008864e-01
2.669381354722368815e-01 1.692557010918464000e-01 -8.345756274548273845e-01
2.830616683280867130e-01 1.771963247836034483e-01 -8.331406004845181013e-01
2.974591448961568241e-01 1.842586114528050045e-01 -8.318591190955243464e-01
3.099506631703619619e-01 1.903663644992193704e-01 -8.307475766686449603e-01
3.204458940789143284e-01 1.954849357832436074e-01 -8.298142839175554064e-01
3.289440814843200278e-01 1.996212256259018991e-01 -8.290594688888084374e-01
3.355340421833849507e-01 2.028236828088483268e-01 -8.284752769618325408e-01
3.403941659072107218e-01 2.051823045743648988e-01 -8.280457708489344926e-01
3.437924153211958656e-01 2.068286366253622444e-01 -8.277469305952975809e-01
3.460863260250348072e-01 2.079357731253789199e-01 -8.275466535789810507e-01
3.477230065527194824e-01 2.087183566985824912e-01 -8.274047545109221025e-01
3.492315778348428212e-01 2.094289874409651087e-01 -8.272736542916241387e-01
3.511400072839452879e-01 2.103187220435044913e-01 -8.271059574347425780e-01
3.538919428798617539e-01 2.115975729153245499e-01 -8.268620294906700030e-01
3.578391526320254257e-01 2.134309171948914341e-01 -8.265106859032274045e-01
3.632415245794686220e-01 2.159394967500138929e-01 -8.260291920096620721e-01
3.702670667908217195e-01 2.191994181778432471e-01 -8.254032630406483717e-01
3.789919073643153724e-01 2.232421528048737225e-01 -8.246270641202887441e-01
3.894002944277759060e-01 2.280545366869408397e-01 -8.237032102661123734e-01
4.013845961386305894e-01 2.335787706092238014e-01 -8.226427663890756303e-01
4.147453006839049161e-01 2.397124200862438270e-01 -8.214652472935622951e-01
4.291974957018338532e-01 2.463115307510517216e-01 -8.201980060184457244e-01
4.444421448856840096e-01 2.532248990624224039e-01 -8.188695053087755582e-01
4.602373668122484163e-01 2.603283440817015237e-01 -8.175025888774547500e-01
4.764049151050045450e-01 2.675278232185373528e-01 -8.161138696762998412e-01
4.928301784341169167e-01 2.747594322308819503e-01 -8.147137298960402951e-01
5.094621805164314399e-01 2.819894052249889982e-01 -8.133063209663189408e-01
5.263135801154843474e-01 2.892141146554175757e-01 -8.118895635556926393e-01
5.434606710414954245e-01 2.964600713250291064e-01 -8.104551475716305076e-01
5.610433821513725050e-01 3.037839243849893567e-01 -8.089885321605156943e-01
5.792652773487043660e-01 3.112724613347653824e-01 -8.074689457076447141e-01
5.983895257466088635e-01 3.190402226464447155e-01 -8.058699018069762632e-01
6.186945728440451653e-01 3.272032622682184422e-01 -8.041648750071043183e-01
6.404298112409484434e-01 3.358529078548782021e-01 -8.023329766162795584e-01
6.638115506473325489e-01 3.450533753011317262e-01 -8.003594706918424340e-01
6.890230178833006702e-01 3.548417687416077215e-01 -7.982357740402223900e-01
7.162143568790385606e-01 3.652280805508521522e-01 -7.959594562169377552e-01
7.455026286748154263e-01 3.761951913433301264e-01 -7.935342395265965187e-01
7.769718114209875903e-01 3.876988699734255084e-01 -7.909699990228948874e-01
8.106728003779871683e-01 3.996677735354379757e-01 -7.882827625086198386e-01
8.466234079163382775e-01 4.120034473635887373e-01 -7.854947105356465675e-01
8.848075113333574437e-01 4.245819020099895758e-01 -7.826338245522481696e-01
9.251656789670090753e-01 4.372709597617256416e-01 -7.797300165771804403e-01
9.675857964072647199e-01 4.499476009774638907e-01 -7.768112589140322433e-01
1.011902214345340889e+00 4.624995410052767930e-01 -7.739032323119542367e-01
1.057895748573687733e+00 4.748252301826389465e-01 -7.710293259656620934e-01
1.105293679985994482e+00 4.868338538364280765e-01 -7.682106375154325040e-01
1.153769754577173456e+00 4.984453322829214272e-01 -7.654659730471077284e-01
1.202944183443385606e+00 5.095903208278026453e-01 -7.628118470920914884e-01
1.252383642782022966e+00 5.202102097661561730e-01 -7.602624826273512992e-01
1.301601273891716648e+00 5.302571243824699687e-01 -7.578298110754169148e-01
1.350065194967879689e+00 5.396939314483963912e-01 -7.555235625875235117e-01
1.397292126957576874e+00 5.484943106951852831e-01 -7.533522591168234639e-01
1.442941016492226503e+00 5.566428262838792884e-01 -7.513242074606093501e-01
1.486821546709124142e+00 5.641349333023354395e-01 -7.494475895331222937e-01
1.528894137251429530e+00 5.709769777652228262e-01 -7.477304623655525173e-01
1.569269944268185668e+00 5.771861966140259259e-01 -7.461807581060377892e-01
1.608210860414308607e+00 5.827907177170426056e-01 -7.448062840196656431e-01
1.646129514850590336e+00 5.878295598693852320e-01 -7.436147224884712692e-01
1.683589273243686790e+00 5.923526327929780066e-01 -7.426136310114386241e-01
1.721304237766139167e+00 5.964207371365606303e-01 -7.418104422045004309e-01
1.760124600089814306e+00 6.001046649906867092e-01 -7.412125969870592135e-01
1.800875524313933829e+00 6.034753055527273258e-01 -7.408290096337230013e-01
1.844196029893096611e+00 6.065937507918764959e-01 -7.406715328260404796e-01
1.890524344630723164e+00 6.095103959641489100e-01 -7.407550908390233557e-01
1.940097904679076057e+00 6.122649396123831522e-01 -7.410976795411445828e-01
1.992953354539244604e+00 6.148863835662387034e-01 -7.417203663943399139e-01
2.048926547061155734e+00 6.173930329421983831e-01 -7.426472904540074582e-01
2.107652543443554904e+00 6.197924961435665736e-01 -7.439056623690074588e-01
2.168565613234029854e+00 6.220816848604701077e-01 -7.455257643816624036e-01
2.230899234328997949e+00 6.242468140698580470e-01 -7.475409503277570256e-01
2.293700735286699821e+00 6.262641259798338300e-01 -7.499871200270528115e-01
2.355992367472912186e+00 6.281078537487047031e-01 -7.528969373383305186e-01
2.416932382234049381e+00 6.297581854525963196e-01 -7.562940480339719329e-01
2.475829674885899667e+00 6.312019881126366139e-01 -7.601925541303176104e-01
2.532143784713636769e+00 6.324328076949556898e-01 -7.645970138876680977e-01
2.585484894971798120e+00 6.334508691106857103e-01 -7.695024418102819341e-01
2.635613832884321273e+00 6.342630762159616742e-01 -7.748943086463786489e-01
2.682442069644512816e+00 6.348830118119207500e-01 -7.807485413881357639e-01
2.726031720415069692e+00 6.353309376447028312e-01 -7.870315232716921239e-01
2.766595544328054324e+00 6.356337944054499811e-01 -7.937000937771430120e-01
2.804489059368106219e+00 6.358247283779666637e-01 -8.007022599155246834e-01
2.840123804884271852e+00 6.359378844907545014e-01 -8.079850204941154690e-01
2.873880603199454598e+00 6.360031993148737017e-01 -8.155021904631426510e-01
2.906101674192794082e+00 6.360459276935465089e-01 -8.232151122298940749e-01
2.937090635299682617e+00 6.360866427421570934e-01 -8.310926556587219238e-01
2.967112501511747880e+00 6.361412358482512186e-01 -8.391112180710391666e-01
2.996393685376863125e+00 6.362209166715370179e-01 -8.472547242453210004e-01
3.025121996999144081e+00 6.363322131438836626e-01 -8.555146264171049619e-01
3.053446644038941837e+00 6.364769714693225833e-01 -8.638899042789888183e-01
3.081478231712860172e+00 6.366523561240474693e-01 -8.723870649806346744e-01
3.109288476724477057e+00 6.368510906161206631e-01 -8.810190302313314348e-01
3.136907060546115567e+00 6.370641058055181993e-01 -8.897928945980345672e-01
3.164318482733333049e+00 6.372831881966221079e-01 -8.986976839307605491e-01
3.191461774866584111e+00 6.375012206887429311e-01 -9.077032425076080324e-01
3.218230500551214845e+00 6.377121825761206120e-01 -9.167602330347573991e-01
3.244472755417460608e+00 6.379111495479239391e-01 -9.258001366464704285e-01
3.269991167120442910e+00 6.380942936882504357e-01 -9.347352529050878545e-01
3.294542895340183186e+00 6.382588834761270258e-01 -9.434586998010345837e-01
3.317839631781588583e+00 6.384032837855095899e-01 -9.518444137528153659e-01
3.339547600174459507e+00 6.385269558852821881e-01 -9.597471496070163477e-01
3.359293992868341405e+00 6.386304199713481733e-01 -9.670050917186763240e-01
3.376737770429612873e+00 6.387148430367601826e-01 -9.734685746401530171e-01
3.391640459028854249e+00 6.387816267547163918e-01 -9.790288029135955084e-01
3.403872586299139247e+00 6.388323700149364237e-01 -9.836204618525185017e-01
3.413413681336033623e+00 6.388688689236615703e-01 -9.872217175418009916e-01
3.420352274697598283e+00 6.388931168036547925e-01 -9.898542168376890382e-01
3.424885898404388840e+00 6.389073041942014974e-01 -9.915830873677943247e-01
3.427321085939455614e+00 6.389138188511079841e-01 -9.925169375310948228e-01
3.428073372248337858e+00 6.389152457467025537e-01 -9.928078564979322396e-01
3.427667293739073973e+00 6.389143670698355093e-01 -9.926514142100161253e-01
3.426727686179880550e+00 6.389141340212367570e-01 -9.922832813412632014e-01
3.425883961573709779e+00 6.389173565624568507e-01 -9.919420488670703806e-01
3.425674385032806413e+00 6.389263931648071493e-01 -9.918320476335829028e-01
3.426537372676393467e+00 6.389431226047185275e-01 -9.921199683185403240e-01
3.428811491630671782e+00 6.389689439637402657e-01 -9.929348614312732968e-01
3.432735460028818242e+00 6.390047766285412711e-01 -9.943681373127054579e-01
3.438448147010990663e+00 6.390510602909094118e-01 -9.964735661353532059e-01
3.445988572724324683e+00 6.391077549477517383e-01 -9.992672779033253683e-01
3.455295908322932874e+00 6.391743409010943733e-01 -1.002727762452322757e+00
3.466209475967906073e+00 6.392498187580826219e-01 -1.006795869449639502e+00
3.478473854202447146e+00 6.393327340953903759e-01 -1.011376721817488722e+00
3.491795039415427127e+00 6.394214487790130796e-01 -1.016360764265511030e+00
3.505896609057846725e+00 6.395144122925321417e-01 -1.021644812480245301e+00
3.520524827602262707e+00 6.396101864043441942e-01 -1.027133966767440176e+00
3.535448646542786122e+00 6.397074451676635354e-01 -1.032741612052055169e+00
3.550459704395080518e+00 6.398049749205202419e-01 -1.038389417878257781e+00
3.565372326696369054e+00 6.399016742857615014e-01 -1.044007338409429053e+00
3.580023526005427392e+00 6.399965541710509465e-01 -1.049533612428156681e+00
3.594273001902591247e+00 6.400887377688689872e-01 -1.054914763336242123e+00
3.608003140989743951e+00 6.401774605565128118e-01 -1.060105599154693934e+00
3.621119573346113896e+00 6.402620729532084720e-01 -1.065069446763405203e+00
3.633557293626786588e+00 6.403420695487581638e-01 -1.069780728573306305e+00
3.645286782224912425e+00 6.404171183324892658e-01 -1.074227539225319328e+00
3.656314561748712055e+00 6.404870633504691213e-01 -1.078411879838970577e+00
3.666683197021484819e+00 6.405519247055052601e-01 -1.082349658012390137e+00
3.676471295081599866e+00 6.406118985571445101e-01 -1.086070687822311642e+00
3.685793505182504148e+00 6.406673571216742191e-01 -1.089618689824071618e+00
3.694800518792716204e+00 6.407188486721203668e-01 -1.093051291051609919e+00
3.703679069595826601e+00 6.407670975382497858e-01 -1.096440025017469733e+00
3.712651933490504153e+00 6.408130041065688287e-01 -1.099870331712798244e+00
3.721975062466959194e+00 6.408576238284114934e-01 -1.103440468417483222e+00
3.731906057685463907e+00 6.409019363121061241e-01 -1.107249528777866310e+00
3.742672642882852507e+00 6.409466144175453017e-01 -1.111385462009099490e+00
3.754469798358331722e+00 6.409920032650737731e-01 -1.115923983746830217e+00
3.767459760973479899e+00 6.410381202354896724e-01 -1.120928576047204972e+00
3.781772024152243450e+00 6.410846549700427444e-01 -1.126450487386866373e+00
3.797503337880936414e+00 6.411309693704354551e-01 -1.132528732662952953e+00
3.814717708708247557e+00 6.411760975988229916e-01 -1.139190093193101161e+00
3.833446399745231936e+00 6.412187460778131509e-01 -1.146449116715444916e+00
3.853687930665315786e+00 6.412572934904652300e-01 -1.154308117388613830e+00
3.875409240863564531e+00 6.412897705881533961e-01 -1.162757633692043546e+00
3.898558483676231035e+00 6.413136380862759500e-01 -1.171781465119783983e+00
3.923077820200984167e+00 6.413255645669017069e-01 -1.181361708717102665e+00
3.948904582323073509e+00 6.413214062889401879e-01 -1.191479216928397644e+00
3.975971272715321359e+00 6.412962071881420645e-01 -1.202113597597192607e+00
4.004205564838137832e+00 6.412441988770989365e-01 -1.213243213966143541e+00
4.033530302939512424e+00 6.411588006452441091e-01 -1.224845184677034737e+00
4.063863502055015786e+00 6.410326194588518156e-01 -1.236895383770780787e+00
4.095118348007790843e+00 6.408574499610367736e-01 -1.249368440687421922e+00
4.127203197408569224e+00 6.406242744717557391e-01 -1.262237740266130448e+00
4.160020974234966751e+00 6.403233683173156221e-01 -1.275475073846253027e+00
4.193462532203860782e+00 6.399454584549798541e-01 -1.289046801378803453e+00
4.227400017143763122e+00 6.394828820975732020e-01 -1.302910013537961653e+00
4.261686263574119060e+00 6.389296920429926585e-01 -1.317012182822112853e+00
4.296154794705325131e+00 6.382816566742059994e-01 -1.331291163553854240e+00
4.330619822438711353e+00 6.375362599592520052e-01 -1.345675191879989407e+00
4.364876247366552775e+00 6.366927014512415717e-01 -1.360082885771534356e+00
4.398699658772059706e+00 6.357518962883565994e-01 -1.374423245023707940e+00
4.431846334629387485e+00 6.347164751938509930e-01 -1.388595651255942753e+00
4.464053241603630262e+00 6.335907844760484409e-01 -1.402489867911878463e+00
4.495041136772661261e+00 6.323808788484255317e-01 -1.415987306013704261e+00
4.524548687987174134e+00 6.310944424471970349e-01 -1.428974948039324788e+00
4.552366595295714191e+00 6.297407098464410380e-01 -1.441359272234123967e+00
4.578340693021484498e+00 6.283304588773568344e-01 -1.453067518510162914e+00
4.602371949762346759e+00 6.268760106282633693e-01 -1.464047688446181272e+00
4.624416468390817769e+00 6.253912294446014597e-01 -1.474268545287593213e+00
4.644485486054081846e+00 6.238915229289320186e-01 -1.483719613946496096e+00
4.662645374173974844e+00 6.223938419409369427e-01 -1.492411181001661369e+00
4.679017638447000138e+00 6.209166805974186687e-01 -1.500374294698541666e+00
4.693778918844314418e+00 6.194800762723007281e-01 -1.507660764949264154e+00
4.707158331497149462e+00 6.181050875769885655e-01 -1.514342587860330935e+00
4.719408229030787716e+00 6.168080520646911369e-01 -1.520505615449439185e+00
4.730774960594315459e+00 6.155948438749992979e-01 -1.526243225296446404e+00
4.741496213644648350e+00 6.144603516943352162e-01 -1.531655745049111506e+00
4.751801013946532315e+00 6.133884787559510388e-01 -1.536850452423096147e+00
4.761909725572535557e+00 6.123521428399285593e-01 -1.541941575201963177e+00
4.772034050903052105e+00 6.113132762731808834e-01 -1.547050291237178188e+00
4.782377030626305370e+00 6.102228259294502077e-01 -1.552304728448107074e+00
4.793133043738338372e+00 6.090207532293100412e-01 -1.557839964822017587e+00
4.804487807543029732e+00 6.076360341401638721e-01 -1.563798028414080665e+00
4.816617464829865192e+00 6.059880916597208955e-01 -1.570326342106556083e+00
4.829678542968927957e+00 6.040025529156504147e-01 -1.577560616197170917e+00
4.843797913110312159e+00 6.016270061013062609e-01 -1.585607741165473650e+00
4.859071877396747396e+00 5.988324329045547900e-01 -1.594544232491353020e+00
4.875566168963603175e+00 5.956132085077799898e-01 -1.604416230655034692e+00
4.893315951938870256e+00 5.919871015878781506e-01 -1.615239501137082812e+00
4.912325821443176643e+00 5.879952743162628614e-01 -1.626999434418397783e+00
4.932569803589782254e+00 5.837022823588613463e-01 -1.639651045980219823e+00
4.953991355484578918e+00 5.791960748761157962e-01 -1.653118976304126075e+00
4.976503365226088604e+00 5.745879945229829255e-01 -1.667297490872032828e+00
4.999990120608348576e+00 5.700107579423965287e-01 -1.682052460912167202e+00
5.024328963951424143e+00 5.655962421177629373e-01 -1.697243150698120262e+00
5.049411946256073591e+00 5.614532714187654427e-01 -1.712744004167894074e+00
5.075147795681331786e+00 5.576655983259243277e-01 -1.728446625443213813e+00
5.101461917544511060e+00 5.542919034305981985e-01 -1.744259778829522656e+00
5.128296394321206542e+00 5.513657954349820978e-01 -1.760109388815989551e+00
5.155609985645298821e+00 5.488958111521093919e-01 -1.775938540075505223e+00
5.183378128308949506e+00 5.468654155058504385e-01 -1.791707477464683285e+00
5.211592936262585241e+00 5.452330015309135858e-01 -1.807393606023855570e+00
5.240263200614933226e+00 5.439318903728442844e-01 -1.822991490977080353e+00
5.269411900082883626e+00 5.428719806746302723e-01 -1.838511419522906642e+00
5.299048815940325952e+00 5.419578918293551650e-01 -1.853963580532862032e+00
5.329143146966972999e+00 5.411071072328503817e-01 -1.869342244249931673e+00
5.359621019898248129e+00 5.402516236703017727e-01 -1.884624324079329893e+00
5.390365489425295031e+00 5.393379513162476213e-01 -1.899769376588503311e+00
5.421216538194961743e+00 5.383271137345796431e-01 -1.914719601507127500e+00
5.451971076809822847e+00 5.371946478785434298e-01 -1.929399841727110765e+00
5.482382943828154609e+00 5.359306040907376723e-01 -1.943717583302586371e+00
5.512162905763958953e+00 5.345395461031143824e-01 -1.957562955449922981e+00
5.540978657086943926e+00 5.330405510369788935e-01 -1.970808730547717769e+00
5.568460523607836166e+00 5.314651656028575033e-01 -1.983312525563074358e+00
5.594264202327507540e+00 5.298349233634389588e-01 -1.994941018748389361e+00
5.618133503244348681e+00 5.281388612947938155e-01 -2.005594167093995850e+00
5.639906053392297558e+00 5.263314757523334109e-01 -2.015207408006377321e+00
5.659513296840839480e+00 5.243327224708097534e-01 -2.023751659308171913e+00
5.676980494694995549e+00 5.220280165643161885e-01 -2.031233319238169521e+00
5.692426725095349305e+00 5.192682325262873988e-01 -2.037694266451316238e+00
5.706064883218018302e+00 5.158697042294984048e-01 -2.043211860018710357e+00
5.718201681274678094e+00 5.116142249260654529e-01 -2.047898939427606368e+00
5.729237648512542691e+00 5.062490472474466818e-01 -2.051903824581409630e+00
5.739659986449317408e+00 4.994904215617912979e-01 -2.055407711336131094e+00
5.749963975367341718e+00 4.910625184447166003e-01 -2.058596022003929438e+00
5.760574379990052840e+00 4.807363515550228672e-01 -2.061629755558593402e+00
5.771838304444378842e+00 4.683333161270287204e-01 -2.064642883072631996e+00
5.784025192260742188e+00 4.537251889705656849e-01 -2.067742347717285156e+00
5.797326826373049080e+00 4.368341284709811867e-01 -2.071008064762512646e+00
5.811857329118702786e+00 4.176326745891380532e-01 -2.074492921577001603e+00
5.827653162238583207e+00 3.961437488614123481e-01 -2.078222777628162543e+00
5.844673126877069080e+00 3.724406543997011987e-01 -2.082196464482129805e+00
5.862798363582026440e+00 3.466470758914119710e-01 -2.086385785803765991e+00
5.881836325991272041e+00 3.189347997895206066e-01 -2.090736619670266361e+00
5.901564490777321481e+00 2.894986367510080094e-01 -2.095181043852698100e+00
5.921774067137384634e+00 2.585313443362088903e-01 -2.099649460971379167e+00
5.942273970328260546e+00 2.262213472858136398e-01 -2.104071700767442987e+00
5.962890821666327668e+00 1.927527375208801241e-01 -2.108377020102842003e+00
5.983468948527543851e+00 1.583052741428265242e-01 -2.112494102960341902e+00
6.003870384347444578e+00 1.230543834334445336e-01 -2.116351060443524723e+00
6.023974868621152723e+00 8.717115885488067872e-02 -2.119875430776789749e+00
6.043679846903371455e+00 5.082236104964855949e-02 -2.122994179305350393e+00
6.062900470808378905e+00 1.417041784062251369e-02 -2.125633698495235535e+00
6.081568976210594002e+00 -2.262597241168044088e-02 -2.127720650107259193e+00
6.099627843735299315e+00 -5.940520415535111703e-02 -2.129191228725122453e+00
6.117022959462836695e+00 -9.599612820044077510e-02 -2.130000424994418218e+00
6.133702993200315312e+00 -1.322174484307433728e-01 -2.130122867700212641e+00
6.149619398481611654e+00 -1.678777218037827701e-01 -2.129552823767047354e+00
6.164726412567368641e+00 -2.027753583508320745e-01 -2.128304198258943014e+00
6.178981056445007169e+00 -2.366986211769006587e-01 -2.126410534379395756e+00
6.192343134828709239e+00 -2.694256264607404749e-01 -2.123925013471379852e+00
6.204775236159422391e+00 -3.007243434548341199e-01 -2.120920455017343720e+00
6.216242732604869481e+00 -3.303525944854125984e-01 -2.117489316639214358e+00
6.226714021423680911e+00 -3.580623965163414191e-01 -2.113741795554119118e+00
6.236163179970982462e+00 -3.836477183519972356e-01 -2.109784944587353550e+00
6.244572620703974231e+00 -4.069922378401447660e-01 -2.105701788185347478e+00
6.251933332546074418e+00 -4.280736834358265797e-01 -2.101549423871392985e+00
6.258244880886917549e+00 -4.469638342013744770e-01 -2.097359022245638638e+00
6.263515407582358030e+00 -4.638285198064018844e-01 -2.093135826985092596e+00
6.267761630954466590e+00 -4.789276205278073517e-01 -2.088859154843624388e+00
6.271008845791536501e+00 -4.926150672497691674e-01 -2.084482395651963582e+00
6.273290923348071146e+00 -5.053388414637526305e-01 -2.079933012317696228e+00
6.274650311344798226e+00 -5.176409752685054988e-01 -2.075112540825269747e+00
6.275137821869360089e+00 -5.301482153100726125e-01 -2.069899101814176134e+00
6.274810298186877411e+00 -5.434693218481064791e-01 -2.064175029088729740e+00
6.273728281477693791e+00 -5.580923646167259555e-01 -2.057854498990176140e+00
6.271955798713814367e+00 -5.743753856960348569e-01 -2.050886042262324072e+00
6.269560362658877395e+00 -5.925463995121238447e-01 -2.043252544051536557e+00
6.266612971868176452e+00 -6.127033928370656524e-01 -2.034971243906742444e+00
6.263188110688651555e+00 -6.348143247889231899e-01 -2.026093735779428417e+00
6.259363749258895382e+00 -6.587171268317443262e-01 -2.016705968023642548e+00
6.255221343509139942e+00 -6.841197027755649973e-01 -2.006928243395992517e+00
6.250845835161272568e+00 -7.105999287764002137e-01 -1.996915219055648061e+00
6.246324971192031228e+00 -7.376145074927221712e-01 -1.986853298442456506e+00
6.241741817824391525e+00 -7.645963651576009878e-01 -1.976931941538272230e+00
6.237167274441079989e+00 -7.910520496641588739e-01 -1.967314974829809771e+00
6.232659393021815930e+00 -8.165705850597898552e-01 -1.958137983087266054e+00
6.228263378143310547e+00 -8.408234715461730957e-01 -1.949508309364318404e+00
6.224011586979258936e+00 -8.635646854792642380e-01 -1.941505054998125424e+00
6.219923529300354303e+00 -8.846306793692977344e-01 -1.934179079609328777e+00
6.216005867474279079e+00 -9.039403818807891788e-01 -1.927553001102052521e+00
6.212252416465705807e+00 -9.214951978325260917e-01 -1.921621195663901771e+00
6.208644143836301588e+00 -9.373790081975817978e-01 -1.916349797765965368e+00
6.205149169744715643e+00 -9.517581701033048791e-01 -1.911676700162810105e+00
6.201722766946600629e+00 -9.648815168313252810e-01 -1.907511553892490053e+00
6.198307360794588661e+00 -9.770803578175466519e-01 -1.903735768276537010e+00
6.194832529238314400e+00 -9.887684786521561131e-01 -1.900202510919967391e+00
6.191215002824391966e+00 -1.000442141079618041e+00 -1.896736707711277781e+00
6.187358664696432697e+00 -1.012680082998675513e+00 -1.893135042822446934e+00
6.183154550595041599e+00 -1.026143518462349080e+00 -1.889165958708937998e+00
6.178480848857806684e+00 -1.041576137677939107e+00 -1.884569656109692071e+00
6.173202900419317629e+00 -1.059804107007025653e+00 -1.879058094047135974e+00
6.167173198811141788e+00 -1.081736068965467368e+00 -1.872314989827175147e+00
6.160231390161850840e+00 -1.108363142223397269e+00 -1.863995819039199642e+00
6.152204273197000362e+00 -1.140758921605232512e+00 -1.853727815556081904e+00
6.142905799239137821e+00 -1.180079478089666623e+00 -1.841109971534172995e+00
6.132137072207802575e+00 -1.227563358809677263e+00 -1.825713037413307482e+00
