-2.132646562498038634e+00 -1.317959534434522073e+00 -3.081918679855957244e+00
-1.609411693553761680e+00 -1.039060977056770252e+00 -3.068938532475410153e+00
-1.141023386613174706e+00 -7.841907303370904136e-01 -3.045250583710673364e+00
-7.247929764360603322e-01 -5.521146938220146128e-01 -3.011383001193547848e+00
-3.580317977822026210e-01 -3.415987670580754032e-01 -2.967863952555835905e+00
-3.805118541138456656e-02 -1.514088495918051724e-01 -2.915221605429338947e+00
2.378375259166106981e-01 1.968915903026392800e-02 -2.853984127445856611e+00
4.723230014419997902e-01 1.729293592615992192e-01 -2.784679686237189866e+00
6.680939064049995491e-01 3.095458515556686052e-01 -2.707836449435141901e+00
8.278389060458267723e-01 4.307727363659396014e-01 -2.623982584671514573e+00
9.542466656046981743e-01 5.378441141458798480e-01 -2.533646259578107074e+00
1.050005850321829914e+00 6.319940853489568466e-01 -2.437355641786721261e+00
1.117805125437439706e+00 7.144567504286384318e-01 -2.335638898929158103e+00
1.160333156191743154e+00 7.864662098383922162e-01 -2.229024198637219012e+00
1.180278607824957859e+00 8.492565640316857012e-01 -2.118039708542706290e+00
1.180330145577300316e+00 9.040619134619863884e-01 -2.003213596277420461e+00
1.163176434688987015e+00 9.521163585827622233e-01 -1.885074029473162494e+00
1.131506140400234672e+00 9.946539998474808186e-01 -1.764149175761733801e+00
1.088007927951261111e+00 1.032908937709609898e+00 -1.640967202774936684e+00
1.035370462582281270e+00 1.068115272622616629e+00 -1.516056278144570335e+00
9.762824095335131958e-01 1.101507105039969181e+00 -1.389944569502438165e+00
9.134324340451733804e-01 1.134318535415134832e+00 -1.263160244480340033e+00
8.495092013574783163e-01 1.167783664201581306e+00 -1.136231470710078018e+00
7.872013767106444959e-01 1.203136591852776327e+00 -1.009686415823452199e+00
7.291976253448890777e-01 1.241611418822186952e+00 -8.840532474522651007e-01
6.781866125004289980e-01 1.284442245563282015e+00 -7.598601332283179133e-01
6.361225112357493661e-01 1.332185363672334644e+00 -6.377725469359291077e-01
6.020215193155348254e-01 1.382685823256754709e+00 -5.190051881971037284e-01
5.741653390392942313e-01 1.433110862536710162e+00 -4.049100634001728816e-01
5.508356727065378822e-01 1.480627719732367842e+00 -2.968391789334671738e-01
5.303142226167750772e-01 1.522403633063896589e+00 -1.961445411853162957e-01
5.108826910695153378e-01 1.555605840751463242e+00 -1.041781565440513813e-01
4.908227803642685738e-01 1.577401581015235754e+00 -2.229203139800271100e-02
4.684161928005442510e-01 1.584958092075381630e+00 4.816182786449897668e-02
4.419446306778521683e-01 1.575442612152068600e+00 1.058314148551230682e-01
4.096897962957019579e-01 1.546022379465464391e+00 1.493647231855389224e-01
3.704622011692955685e-01 1.495265721770019374e+00 1.780192759045597373e-01
3.251875993501204265e-01 1.427345339989394502e+00 1.934907203491216254e-01
2.753205569421177668e-01 1.347835032097585151e+00 1.980842365630837709e-01
2.223156400492287688e-01 1.262308596068585143e+00 1.941050045903053856e-01
1.676274147753945565e-01 1.176339829876389631e+00 1.838582044746457089e-01
1.127104472245565314e-01 1.095502531494992215e+00 1.696490162599638696e-01
5.901930350065534570e-02 1.025370498898387828e+00 1.537826199901190238e-01
8.008549707632383469e-03 9.715175300605702891e-01 1.385641957089703558e-01
-3.886724805057117926e-02 9.395174229555349754e-01 1.262989234603771049e-01
-8.015352367001407630e-02 9.349439755572752642e-01 1.192919832881983444e-01
-1.148412075457842796e-01 9.616595419405039591e-01 1.192942228443159419e-01
-1.437032176623053992e-01 1.016680694462196666e+00 1.258391582302535450e-01
-1.679579692996414075e-01 1.095312558519746959e+00 1.379059721643332570e-01
-1.888238777378554722e-01 1.192860259510545529e+00 1.544738473648769317e-01
-2.075193582570111217e-01 1.304628922831984505e+00 1.745219665502064921e-01
-2.252628261371716067e-01 1.425923673881454690e+00 1.970295124386437779e-01
-2.432726966584006500e-01 1.552049638056348657e+00 2.209756677485108234e-01
-2.627673851007615857e-01 1.678311940754057652e+00 2.453396151981295237e-01
-2.849653067443178034e-01 1.800015707371973139e+00 2.691005375058216909e-01
-3.110848768691328314e-01 1.912466063307487030e+00 2.912376173899093867e-01
-3.417916230693966995e-01 2.011352161185534282e+00 3.108376013643887603e-01
-3.755395142866696512e-01 2.093899268034787209e+00 3.274174926646688522e-01
-4.102296278220645687e-01 2.157716680858250857e+00 3.406018590911923383e-01
-4.437630409766932793e-01 2.200413696658926721e+00 3.500152684444014506e-01
-4.740408310516680546e-01 2.219599612439818070e+00 3.552822885247386986e-01
-4.989640753481008884e-01 2.212883725203928176e+00 3.560274871326462032e-01
-5.164338511671042742e-01 2.177875331954261195e+00 3.518754320685668624e-01
-5.243512358097898174e-01 2.112183729693817735e+00 3.424506911329425751e-01
-5.206173065772703445e-01 2.013418215425603286e+00 3.273778321262161839e-01
-5.031331407706574055e-01 1.879188086152618675e+00 3.062814228488296986e-01
-4.706456303768181693e-01 1.708894646315679777e+00 2.790804238639790213e-01
-4.252849321753795486e-01 1.509107242924290659e+00 2.468713688915348814e-01
-3.700270206565978715e-01 1.288187236834497540e+00 2.110451854669540550e-01
-3.078478703107300207e-01 1.054495988902349302e+00 1.729928011256935683e-01
-2.417234556280308533e-01 8.163948599838852793e-01 1.341051434032091427e-01
-1.746297510987572243e-01 5.822452109351545779e-01 9.577313983495780447e-02
-1.095427312131652953e-01 3.604084026122028050e-01 5.938771795639620488e-02
-4.943837046151119269e-02 1.592457958710749577e-01 2.633980530298084960e-02
2.707356665948715616e-03 -1.288124843218224277e-02 -1.979670589831539727e-03
4.391847567895842269e-02 -1.476113694415239486e-01 -2.417978218658444270e-02
7.194132803107301799e-02 -2.387123957542230390e-01 -3.922092875523844335e-02
8.741151895109290637e-02 -2.884689137808286730e-01 -4.746881677742303268e-02
9.168696961163003145e-02 -3.012946993852088640e-01 -4.964047953818495618e-02
8.612560118529612174e-02 -2.816035284312318199e-01 -4.645295032257092810e-02
7.208533484470312780e-02 -2.338091767827657486e-01 -3.862326241562772516e-02
5.092409176246275038e-02 -1.623254203036785526e-01 -2.686844910240199225e-02
2.399979311118719330e-02 -7.156603485783953611e-02 -1.190554366794070902e-02
-7.329639936512324927e-03 3.405520369088538279e-02 5.548420602709755456e-03
-4.170628620802375314e-02 1.501245194786271497e-01 2.477641042450255335e-02
-7.777222453073520669e-02 2.722281366415175707e-01 4.506139251239090621e-02
-1.143674213561714781e-01 3.965388466557678293e-01 6.578120884495888832e-02
-1.511233922170021338e-01 5.215757061624525237e-01 8.669320177671339944e-02
-1.878695395623333764e-01 6.464443370450011495e-01 1.076495885864923868e-01
-2.244352658412712420e-01 7.702503611868426470e-01 1.285025865531337352e-01
-2.606499735029220166e-01 8.920994004714070114e-01 1.491044129554754405e-01
-2.963430649963919028e-01 1.011097076782123461e+00 1.693072850723553457e-01
-3.313439427707868257e-01 1.126349012002420880e+00 1.889634201826113913e-01
-3.654820092752131266e-01 1.236960828015728930e+00 2.079250355650814619e-01
-3.985866669587764810e-01 1.342038146705475388e+00 2.260443484986033036e-01
-4.304873182705838408e-01 1.440686589955092689e+00 2.431735762620153007e-01
-4.609930409465816115e-01 1.532058905975982377e+00 2.591716748906099932e-01
-4.898316141608256014e-01 1.615496347617295880e+00 2.739245553491012064e-01
-5.167104925195851184e-01 1.690387293719086248e+00 2.873248673104586426e-01
-5.413371306291299145e-01 1.756120123121406529e+00 2.992652604476517819e-01
-5.634189830957295753e-01 1.812083214664309327e+00 3.096383844336502711e-01
-5.826635045256534085e-01 1.857664947187847249e+00 3.183368889414236458e-01
-5.987781495251712771e-01 1.892253699532073341e+00 3.252534236439415527e-01
-6.114703727005523781e-01 1.915237850537040654e+00 3.302806382141735275e-01
-6.204476286580664635e-01 1.926005779042801569e+00 3.333111823250891059e-01
-6.254173720039830631e-01 1.923945863889409358e+00 3.342377056496580456e-01
-6.261981071864179960e-01 1.908815495284237329e+00 3.330070516761214350e-01
-6.230525396094555024e-01 1.881848114182702814e+00 3.297828399290568258e-01
-6.163544253133191875e-01 1.844646175546925670e+00 3.247828841359392538e-01
-6.064775203382332114e-01 1.798812134339030644e+00 3.182249980242438658e-01
-5.937955807244209572e-01 1.745948445521136039e+00 3.103269953214454202e-01
-5.786823625121060299e-01 1.687657564055366155e+00 3.013066897550191192e-01
-5.615116217415128119e-01 1.625541944903841518e+00 2.913818950524398876e-01
-5.426571144528651303e-01 1.561204043028686206e+00 2.807704249411829278e-01
-5.224925966863859239e-01 1.496246313392018079e+00 2.696900931487228870e-01
-5.013918244822991310e-01 1.432271210955960994e+00 2.583587134025348564e-01
-4.799168518663102789e-01 1.371090012926474477e+00 2.470732263796663608e-01
-4.593829328869653561e-01 1.315349294446594763e+00 2.364470839512331501e-01
-4.412936236187715022e-01 1.267904457384083861e+00 2.271728666358217297e-01
-4.271524801362363011e-01 1.231610903606703999e+00 2.199431549520187157e-01
-4.184630585138671699e-01 1.209324034982218077e+00 2.154505294184108077e-01
-4.167289148261711929e-01 1.203899253378386103e+00 2.143875705535844001e-01
-4.234536051476557872e-01 1.218191960662970974e+00 2.174468588761261090e-01
-4.401406855528284812e-01 1.255057558703734699e+00 2.253209749046225785e-01
-4.682937121161960814e-01 1.317351449368438843e+00 2.387024991576602584e-01
-5.094162409122663382e-01 1.407929034524845413e+00 2.582840121538257927e-01
-5.640719006924478363e-01 1.527609452189833572e+00 2.843113662368598749e-01
-6.290646109157532750e-01 1.669066784976747986e+00 3.152435010511198121e-01
-7.002583637180967990e-01 1.822938851648048697e+00 3.490926280661166281e-01
-7.735171512353928858e-01 1.979863470966199301e+00 3.838709587513620680e-01
-8.447049656035552356e-01 2.130478461693661174e+00 4.175907045763670444e-01
-9.096857989584981041e-01 2.265421642592894358e+00 4.482640770106430250e-01
-9.643236434361363019e-01 2.375330832426362448e+00 4.739032875237015885e-01
-1.004482491172383529e+00 2.450843849956525933e+00 4.925205475850538139e-01
-1.026026334303153265e+00 2.482598513945846630e+00 5.021280686642108915e-01
-1.024819164964360763e+00 2.461232643156785471e+00 5.007380622306843998e-01
-9.982490450251235714e-01 2.380813949513614247e+00 4.871016784442589453e-01
-9.498002498817496031e-01 2.249129570393578526e+00 4.629257905141732077e-01
-8.844810919611143518e-01 2.077396462739006910e+00 4.306561944842064449e-01
-8.072998836900885378e-01 1.876831583492214017e+00 3.927386863981352505e-01
-7.232649374955477661e-01 1.658651889595525786e+00 3.516190622997385495e-01
-6.373845658043654216e-01 1.434074337991265269e+00 3.097431182327944343e-01
-5.546670810434155552e-01 1.214315885621754409e+00 2.695566502410811083e-01
-4.801207956395723842e-01 1.010593489429317149e+00 2.335054543683767747e-01
-4.187540220197093488e-01 8.341241063562752078e-01 2.040353266584595537e-01
-3.755750726107005000e-01 6.961246933449523056e-01 1.835920631551077042e-01
-3.541701579937622246e-01 6.047210015589024046e-01 1.739535726159845697e-01
-3.524371017107733595e-01 5.556740032665794526e-01 1.742262242084811619e-01
-3.668516356295838943e-01 5.416534870676167346e-01 1.828485045909586659e-01
-3.938894916180437078e-01 5.553292415616473132e-01 1.982589004217782946e-01
-4.300264015440029008e-01 5.893710553483046954e-01 2.188958983593012331e-01
-4.717380972753113522e-01 6.364487170272215000e-01 2.431979850618886940e-01
-5.155003106798189405e-01 6.892320151980312337e-01 2.696036471879019181e-01
-5.577887736253758222e-01 7.403907384603668485e-01 2.965513713957020348e-01
-5.950792179798316539e-01 7.825946754138616290e-01 3.224796443436502291e-01
-6.238473756110368695e-01 8.085136146581489713e-01 3.458269526901078805e-01
-6.419804518764665735e-01 8.125658356591417553e-01 3.659154355392363889e-01
-6.530115662834246049e-01 7.961636063602806068e-01 3.856018544191708308e-01
-6.618853219245222075e-01 7.624676980775129120e-01 4.086266296242440088e-01
-6.735463218923698481e-01 7.146388821267856128e-01 4.387301814487890583e-01
-6.929391692795782154e-01 6.558379298240449851e-01 4.796529301871385598e-01
-7.250084671787582202e-01 5.892256124852384147e-01 5.351352961336253156e-01
-7.746988186825205513e-01 5.179627014263125107e-01 6.089176995825823502e-01
-8.469548268834736771e-01 4.452099679632157692e-01 7.047405608283399125e-01
-9.467210948742320609e-01 3.741281834118919680e-01 8.263443001652353015e-01
-1.078942225747404837e+00 3.078781190882893259e-01 9.774693378875992655e-01
-1.245829717917725121e+00 2.490078672542439808e-01 1.159397117993413717e+00
-1.438662533795658005e+00 1.976147776616738461e-01 1.363573073766875643e+00
-1.645986472467098283e+00 1.531835078615788881e-01 1.578983609431358293e+00
-1.856347333017940082e+00 1.151987154049589068e-01 1.794615129210233917e+00
-2.058290914534078642e+00 8.314505784281377154e-02 1.999454037326876543e+00
-2.240363016101407645e+00 5.650719272614321276e-02 2.182486738004657756e+00
-2.391109436805820110e+00 3.476977760594711364e-02 2.332699635466950472e+00
-2.499075975733213273e+00 1.741747003322531920e-02 2.439079133937128940e+00
-2.552808431969479042e+00 3.934927558977587697e-03 2.490611637638563636e+00
-2.540852604600512876e+00 -6.193192265796216775e-03 2.476283550794629029e+00
-2.456327379831698465e+00 -1.346075924954870905e-02 2.389384025962869362e+00
-2.310643992346369746e+00 -1.827575263854228776e-02 2.240413209037509290e+00
-2.119786763947350217e+00 -2.102467903849175243e-02 2.044173994246946346e+00
-1.899740016437465373e+00 -2.209404505511194591e-02 1.815469275819578288e+00
-1.666488071619537825e+00 -2.187035729411767465e-02 1.569101947983801093e+00
-1.436015251296391293e+00 -2.074012236122375896e-02 1.319874904968012741e+00
-1.224305877270850607e+00 -1.908984686214504692e-02 1.082591041000609877e+00
-1.047344271345738598e+00 -1.730603740259633108e-02 8.720532503099897026e-01
-9.211147553238796526e-01 -1.577520058829244565e-02 7.030644271245494181e-01
-8.616016510080970470e-01 -1.488384302494820746e-02 5.904274656726854476e-01
-8.799524938418130660e-01 -1.492409058984870210e-02 5.446153301870674257e-01
-9.679678814020793443e-01 -1.581055029691978697e-02 5.587814507368915606e-01
-1.112611728691604629e+00 -1.736345045682655130e-02 6.217494203048467005e-01
-1.300847950713108769e+00 -1.940301938023418493e-02 7.223428318736256903e-01
-1.519640462469301179e+00 -2.174948537780778748e-02 8.493852784259180444e-01
-1.755953178962894823e+00 -2.422307676021248635e-02 9.917003529444139431e-01
-1.996750015196601558e+00 -2.664402183811339850e-02 1.138111648411803456e+00
-2.228994886173134127e+00 -2.883254892217564092e-02 1.277442757810776319e+00
-2.439651706895205496e+00 -3.060888632306435833e-02 1.398517274124024157e+00
-2.615684392365529298e+00 -3.179326235144466772e-02 1.490158790334235928e+00
-2.747182257769381852e+00 -3.225448765335647144e-02 1.543982364931202778e+00
-2.836736174313184922e+00 -3.205570152136421463e-02 1.562768878500955916e+00
-2.890062391031397393e+00 -3.130862523592043561e-02 1.552090657170580146e+00
-2.912877156958481706e+00 -3.012498007747765882e-02 1.517520027067161603e+00
-2.910896721128898967e+00 -2.861648732648842258e-02 1.464629314317785980e+00
-2.889837332577110729e+00 -2.689486826340529990e-02 1.398990845049540077e+00
-2.855415240337575877e+00 -2.507184416868070073e-02 1.326176945389505146e+00
-2.813346693444760405e+00 -2.325913632276731952e-02 1.251759941464773318e+00
-2.769347940933119201e+00 -2.156846600611752457e-02 1.181312159402422957e+00
-2.729135231837119147e+00 -2.011155449918399646e-02 1.120405925329546637e+00
-2.697967100041587241e+00 -1.897495943842179844e-02 1.073521282816821021e+00
-2.679271245023320258e+00 -1.814458532416175773e-02 1.040769207709782318e+00
-2.676017664204628055e+00 -1.758117373266450748e-02 1.021168424547563180e+00
-2.691176355007822707e+00 -1.724546624019081958e-02 1.013737657869301589e+00
-2.727717314855216735e+00 -1.709820442300136883e-02 1.017495632214132861e+00
-2.788610541169119106e+00 -1.710012985735688204e-02 1.031461072121192757e+00
-2.876826031371847225e+00 -1.721198411951806867e-02 1.054652702129618369e+00
-2.995333782885703844e+00 -1.739450878574563125e-02 1.086089246778543682e+00
-3.147103793133010807e+00 -1.760844543230029660e-02 1.124789430607107121e+00
-3.335106059536068646e+00 -1.781453563544276725e-02 1.169771978154442227e+00
-3.559848440994891394e+00 -1.797883921705518973e-02 1.219806979292894944e+00
-3.811990312762306932e+00 -1.808868882934975067e-02 1.272669992341101564e+00
-4.079728946789791699e+00 -1.813673529408250940e-02 1.325887944507634808e+00
-4.351261615028780838e+00 -1.811562943300951481e-02 1.376987763001059850e+00
-4.614785589430756119e+00 -1.801802206788682623e-02 1.423496375029950078e+00
-4.858498141947146465e+00 -1.783656402047049602e-02 1.462940707802870222e+00
-5.070596544529433203e+00 -1.756390611251656964e-02 1.492847688528392336e+00
-5.239278069129052362e+00 -1.719269916578112026e-02 1.510744244415083370e+00
-5.352739987697477275e+00 -1.671559400202016904e-02 1.514157302671513383e+00
-5.399179572186151077e+00 -1.612524144298980999e-02 1.500613790506251544e+00
-5.370608424662536073e+00 -1.541972402769418125e-02 1.468556734097189675e+00
-5.274295467658064673e+00 -1.461885116412976401e-02 1.420093555499506666e+00
-5.121323953820181352e+00 -1.374786397754125707e-02 1.358247775737710494e+00
-4.922777135796310155e+00 -1.283200359317320481e-02 1.286042915836300038e+00
-4.689738266233900887e+00 -1.189651113627031298e-02 1.206502496819785053e+00
-4.433290597780373155e+00 -1.096662773207711730e-02 1.122650039712663306e+00
-4.164517383083182978e+00 -1.006759450583833392e-02 1.037509065539445663e+00
-3.894501874789742857e+00 -9.224652582798496814e-03 9.541030953246283364e-01
-3.634327325547511478e+00 -8.463043088202306524e-03 8.754556500927228591e-01
-3.395076988003904450e+00 -7.808007147294319591e-03 8.045902508682265530e-01
-3.185476250949018873e+00 -7.278829908197463963e-03 7.438426806003384240e-01
-3.004818980284217123e+00 -6.870972440145074397e-03 6.927977502605884297e-01
-2.850041144323784525e+00 -6.573939750047269083e-03 6.503525229069631042e-01
-2.718078711381974433e+00 -6.377236844814102024e-03 6.154040615974407658e-01
-2.605867649773067729e+00 -6.270368731355675795e-03 5.868494293900063941e-01
-2.510343927811323095e+00 -6.242840416582060015e-03 5.635856893426393066e-01
-2.428443513811016974e+00 -6.284156907403342512e-03 5.445099045133237059e-01
-2.357102376086409823e+00 -6.383823210729604181e-03 5.285191379600396866e-01
-2.293256482951778530e+00 -6.531344333470924177e-03 5.145104527407708961e-01
-2.233841802721383551e+00 -6.716225282537393801e-03 5.013809119134979841e-01
-2.176795049915740243e+00 -6.929354069197429453e-03 4.883250369836623084e-01
-2.124055981143876615e+00 -7.167150801289582165e-03 4.757272002673658129e-01
-2.078565127853062133e+00 -7.427418630579351623e-03 4.642692410386478619e-01
-2.043263021490555609e+00 -7.707960708832280877e-03 4.546329985715447664e-01
-2.021090193503622512e+00 -8.006580187813862673e-03 4.475003121400953354e-01
-2.014987175339524317e+00 -8.321080219289633123e-03 4.435530210183366018e-01
-2.027894498445525162e+00 -8.649263955025125739e-03 4.434729644803064863e-01
-2.062752694268886522e+00 -8.988934546785827193e-03 4.479419818000428544e-01
-2.122502294256875643e+00 -9.337895146337295282e-03 4.576419122515836824e-01
-2.210083829856749116e+00 -9.693948905445011477e-03 4.732545951089658365e-01
-2.327432586416133820e+00 -1.007164744986190075e-02 4.952232967725716528e-01
-2.472462922404292662e+00 -1.055253534294176704e-02 5.230370057993040112e-01
-2.642083978950778178e+00 -1.123490514285505060e-02 5.559461446979405697e-01
-2.833204897185114479e+00 -1.221704940777206330e-02 5.932011359772533243e-01
-3.042734818236857208e+00 -1.359726069586327836e-02 6.340524021460207660e-01
-3.267582883235526481e+00 -1.547383156529896081e-02 6.777503657130139469e-01
-3.504658233310683269e+00 -1.794505457424966019e-02 7.235454491870123572e-01
-3.750870009591844134e+00 -2.110922228088554092e-02 7.706880750767866051e-01
-4.003127353208570050e+00 -2.506462724337726530e-02 8.184286658911159584e-01
-4.258339405290379354e+00 -2.990956201989487459e-02 8.660176441387713586e-01
-4.512823666224968555e+00 -3.577270802070475764e-02 9.125746411528493640e-01
-4.760531090359449991e+00 -4.290430119502584155e-02 9.566961273056613368e-01
-4.994820999762547231e+00 -5.158496590946082261e-02 9.968477836648126367e-01
-5.209052716502937663e+00 -6.209532653061104052e-02 1.031495291297901851e+00
-5.396585562649344858e+00 -7.471600742507955584e-02 1.059104331272534338e+00
-5.550778860270447090e+00 -8.972763295946732665e-02 1.078140584656309686e+00
-5.664991931434959938e+00 -1.074108275003777674e-01 1.087069732516830589e+00
-5.732584098211573220e+00 -1.280462154144114129e-01 1.084357455921699742e+00
-5.746914682668995411e+00 -1.519144210681722673e-01 1.068469435938517620e+00
-5.701343006875920771e+00 -1.792960688282602411e-01 1.037871353634888250e+00
-5.592338387546175404e+00 -2.103166398117519154e-01 9.917708363877231204e-01
-5.428810119974061266e+00 -2.444810421376185650e-01 9.323432968111717845e-01
-5.222777494099029028e+00 -2.811390406753004334e-01 8.625060938287024692e-01
-4.986259799860491171e+00 -3.196404002942438982e-01 7.851765863637715226e-01
-4.731276327197900144e+00 -3.593348858638887866e-01 7.032721333398479491e-01
-4.469846366050671982e+00 -3.995722622536818092e-01 6.197100936803877635e-01
-4.213989206358260020e+00 -4.397022943330625711e-01 5.374078263088613028e-01
-3.975724138060076296e+00 -4.790747469714778384e-01 4.592826901487231939e-01
-3.767070451095572814e+00 -5.170393850383672163e-01 3.882520441234433850e-01
-3.600047435404168716e+00 -5.529459734031774154e-01 3.272332471564782796e-01
-3.484011465225674176e+00 -5.864746447804451979e-01 2.783616170282313673e-01
-3.417667175814440572e+00 -6.186270127170345745e-01 2.406442845723817670e-01
-3.397056248631611819e+00 -6.507350633308842669e-01 2.123063282922833805e-01
-3.418220365138324723e+00 -6.841307827399391028e-01 1.915728266912841982e-01
-3.477201206795716537e+00 -7.201461570621374708e-01 1.766688582727367063e-01
-3.570040455064929397e+00 -7.601131724154241986e-01 1.658195015399901162e-01
-3.692779791407095225e+00 -8.053638149177375638e-01 1.572498349963959430e-01
-3.841460897283361486e+00 -8.572300706870228382e-01 1.491849371453039252e-01
-4.012125454154856108e+00 -9.170439258412176331e-01 1.398498864900654948e-01
-4.200815143482730107e+00 -9.861373664982682197e-01 1.274697615340303070e-01
-4.403366307666141566e+00 -1.065210344609574200e+00 1.106871063089982510e-01
-4.614793921106745245e+00 -1.152434639294857233e+00 8.981435084829964000e-02
-4.829907613269311284e+00 -1.245349977424387911e+00 6.558140265767178900e-02
-5.043517013618648015e+00 -1.341496085868451260e+00 3.871816924284796069e-02
-5.250431751619524690e+00 -1.438412691497316764e+00 9.954558109565907198e-03
-5.445461456736742534e+00 -1.533639521181266119e+00 -1.997952323644006101e-02
-5.623415758435098333e+00 -1.624716301790580575e+00 -5.035416728943593878e-02
-5.779104286179364891e+00 -1.709182760195529838e+00 -8.043946654368361315e-02
-5.907336669434349652e+00 -1.784578623266399600e+00 -1.095055134934503349e-01
-6.002922537664824532e+00 -1.848443617873460010e+00 -1.368224006329980813e-01
-6.061963447865124088e+00 -1.898855226618215708e+00 -1.617803243437100358e-01
-6.085728593223527660e+00 -1.936041924256636682e+00 -1.842498896830791211e-01
-6.076779057496050740e+00 -1.960769925890828658e+00 -2.042218021595682276e-01
-6.037675924438695496e+00 -1.973805446622888482e+00 -2.216867672816362766e-01
-5.970980277807467651e+00 -1.975914701554920105e+00 -2.366354905577455758e-01
-5.879253201358379144e+00 -1.967863905789023704e+00 -2.490586774963556294e-01
-5.765055778847428591e+00 -1.950419274427301009e+00 -2.589470336059282451e-01
-5.630949094030635038e+00 -1.924347022571853527e+00 -2.662912643949234548e-01
-5.479494230663991772e+00 -1.890413365324780770e+00 -2.710820753718025666e-01
-5.313252272503518725e+00 -1.849384517788186688e+00 -2.733101720450259453e-01
-5.134892082938246283e+00 -1.802132790639623616e+00 -2.730595557384880023e-01
-4.947513640805796697e+00 -1.749954873823062806e+00 -2.707874083686120370e-01
-4.754324703035011090e+00 -1.694253551340222375e+00 -2.670442063326564086e-01
-4.558533026554762557e+00 -1.636431607192830873e+00 -2.623804260278804756e-01
-4.363346368293891331e+00 -1.577891825382605973e+00 -2.573465438515424863e-01
-4.171972485181269619e+00 -1.520036989911276226e+00 -2.524930362009017992e-01
-3.987619134145737210e+00 -1.464269884780558861e+00 -2.483703794732165515e-01
-3.813494072116167644e+00 -1.411993293992182430e+00 -2.455290500657461294e-01
-3.652805056021401153e+00 -1.364610001547865714e+00 -2.445195243757490311e-01
-3.508759842790308170e+00 -1.323522791449335267e+00 -2.458922788004840598e-01
-3.383652456103527051e+00 -1.289761879854762316e+00 -2.500346425510240889e-01
-3.276121986648854900e+00 -1.262867211548118540e+00 -2.566813560936986871e-01
-3.183893791865892720e+00 -1.242006163469829616e+00 -2.654040127086508272e-01
-3.104693229194223747e+00 -1.226346112560316337e+00 -2.757742056760246752e-01
-3.036245656073445431e+00 -1.215054435760003049e+00 -2.873635282759626763e-01
-2.976276429943142343e+00 -1.207298510009311432e+00 -2.997435737886093299e-01
-2.922510908242912819e+00 -1.202245712248666054e+00 -3.124859354941070255e-01
-2.872674448412340986e+00 -1.199063419418488152e+00 -3.251622066726003180e-01
-2.824492407891022516e+00 -1.196919008459201184e+00 -3.373439806042313194e-01
-2.775690144118545533e+00 -1.194979856311228605e+00 -3.486028505691448620e-01
-2.724201606424575761e+00 -1.192365575777146969e+00 -3.585983749684676924e-01
-2.668795117666944439e+00 -1.188004721741601877e+00 -3.673419752039787101e-01
-2.608447595577514377e+00 -1.180778084268117256e+00 -3.749330390567998661e-01
-2.542135957888139508e+00 -1.169566453420216368e+00 -3.814709543080544996e-01
-2.468837122330684419e+00 -1.153250619261423360e+00 -3.870551087388647282e-01
-2.387528006637001265e+00 -1.130711371855260383e+00 -3.917848901303536691e-01
-2.297185528538956856e+00 -1.100829501265253363e+00 -3.957596862636436064e-01
-2.196786605768399347e+00 -1.062485797554922007e+00 -3.990788849198574351e-01
-2.085308156057199547e+00 -1.014561050787794683e+00 -4.018418738801177170e-01
-1.961727097137204723e+00 -9.559360510273896550e-01 -4.041480409255473472e-01
-1.825336458221346270e+00 -8.858802377704048103e-01 -4.059793345451391811e-01
-1.676693732534950909e+00 -8.052176704850577682e-01 -4.068479393393900079e-01
-1.516672533828584690e+00 -7.151610691922574148e-01 -4.061485972566540315e-01
-1.346146475852784574e+00 -6.169231539128973152e-01 -4.032760502452847895e-01
-1.165989172358117942e+00 -5.117166446678871328e-01 -3.976250402536367634e-01
-9.770742370951294165e-01 -4.007542614781243739e-01 -3.885903092300637685e-01
-7.802752838143619529e-01 -2.852487243645049908e-01 -3.755665991229191758e-01
-5.764659262663849315e-01 -1.664127533479408116e-01 -3.579486518805582440e-01
-3.665197782017325379e-01 -4.545906844932265378e-02 -3.351312094513332340e-01
-1.513104533709748734e-01 7.639961031043751571e-02 -3.065090137836002926e-01
6.736244202580760065e-02 1.976004602928212450e-01 -2.718487664565079065e-01
2.839953849756416959e-01 3.151802684216671313e-01 -2.324049862888501183e-01
4.921588865085230746e-01 4.258257290195806011e-01 -1.898041410885137337e-01
6.854234576544098179e-01 5.262235364091462086e-01 -1.456726986633922472e-01
8.573596094432944792e-01 6.130603849129673266e-01 -1.016371268213720480e-01
1.001537852905139081e+00 6.830229688536312294e-01 -5.932389337034692928e-02
1.111528699069932458e+00 7.327979825537385139e-01 -2.035946611820329058e-02
1.180902658967641683e+00 7.590721203358800073e-01 1.362968712716554169e-02
1.203230243628248042e+00 7.585320765226519768e-01 4.101709855787231962e-02
1.172081964081727046e+00 7.278645454366494683e-01 6.017630036602475418e-02
1.084386287498826595e+00 6.656399895099770481e-01 7.002538467589833338e-02
9.505034095418511964e-01 5.779638897179529833e-01 7.166066776049284659e-02
7.841514339782575949e-01 4.728254681980691432e-01 6.672301803503639939e-02
5.990484645755278503e-01 3.582139470878338838e-01 5.685330391475736100e-02
4.089126051011135465e-01 2.421185485247368541e-01 4.369239381488288637e-02
2.274619593224985192e-01 1.325284946462870761e-01 2.888115615064199351e-02
6.841463100713540690e-02 3.743300758997490651e-02 1.406045933726147307e-02
-5.451127607749453596e-02 -3.517869050669225617e-02 8.711717899705026524e-04
-1.275976581639345908e-01 -7.731737750622150185e-02 -9.045838076004109746e-03
-1.371264114847104421e-01 -8.099383127110965086e-02 -1.404970184543349876e-02
-7.372472300506906218e-02 -4.081125283848460739e-02 -1.293157809895263861e-02
5.459905737891725119e-02 3.825746405603683287e-02 -6.210733400644388724e-03
2.354912890384481539e-01 1.486470025022020025e-01 5.161538689544981247e-03
4.565983313447503633e-01 2.827920455897753316e-01 2.023394461167088432e-02
7.055665436690155001e-01 4.331272764084992399e-01 3.805519080578635693e-02
9.700422853824750558e-01 5.920873780481410442e-01 5.767398371194730478e-02
1.237671915856317861e+00 7.521070335984414434e-01 7.813902977020641127e-02
1.496101794461777601e+00 9.056209261491690032e-01 9.849903542061980155e-02
1.732978280570042662e+00 1.045063738790064312e+00 1.178027071032401035e-01
1.935947733552344285e+00 1.162870154610893936e+00 1.350987512581233729e-01
2.095551122694554014e+00 1.253275425618292083e+00 1.496399191285731345e-01
2.213907939757043586e+00 1.317717131001344688e+00 1.614951470086881113e-01
2.296032327822859820e+00 1.359433444623542320e+00 1.709374189147206125e-01
2.346938429975069962e+00 1.381662540348386425e+00 1.782397188629248064e-01
2.371640389296727047e+00 1.387642592039372014e+00 1.836750308695534462e-01
2.375152348870892993e+00 1.380611773559995870e+00 1.875163389508602285e-01
2.362488451780624388e+00 1.363808258773756110e+00 1.900366271230982951e-01
2.338662841108980039e+00 1.340470221544147966e+00 1.915088794025210372e-01
2.308689659939020977e+00 1.313835835734670887e+00 1.922060798053818464e-01
2.277583051353802901e+00 1.287143275208818993e+00 1.924012123479340586e-01
2.249492343493203261e+00 1.263042354359354302e+00 1.923295736136074741e-01
2.225107555238903245e+00 1.241829416029643696e+00 1.920757082980304731e-01
2.204253865786497180e+00 1.223212426758981453e+00 1.916864725857465868e-01
2.186756454331574950e+00 1.206899353086657189e+00 1.912087226612991520e-01
2.172440500069730440e+00 1.192598161551964075e+00 1.906893147092315333e-01
2.161131182196554423e+00 1.180016818694193059e+00 1.901751049140872063e-01
2.152653679907638118e+00 1.168863291052635534e+00 1.897129494604094524e-01
2.146833172398575407e+00 1.158845545166582669e+00 1.893497045327417749e-01
2.143494838864957064e+00 1.149671547575327857e+00 1.891322263156275663e-01
2.142463858502375640e+00 1.141049264818161824e+00 1.891073709936101910e-01
2.143035225821333878e+00 1.132500138263308198e+00 1.892626640131690186e-01
2.142383226929172491e+00 1.122799519267697388e+00 1.893483112634348209e-01
2.137151978416632403e+00 1.110536239353646426e+00 1.890551895929162840e-01
2.123985596874452764e+00 1.094299130043469237e+00 1.880741758501217609e-01
2.099528198893374942e+00 1.072677022859481522e+00 1.860961468835599930e-01
2.060423901064134977e+00 1.044258749323994540e+00 1.828119795417390003e-01
2.003316819977479568e+00 1.007633140959328877e+00 1.779125506731679129e-01
1.924851072224147641e+00 9.613890292877976806e-01 1.710887371263551671e-01
1.821670774394877901e+00 9.041152458317153195e-01 1.620314157498091712e-01
1.690420043080398838e+00 8.344006221133906109e-01 1.504314633920373900e-01
1.529795279083259185e+00 7.517616985570467758e-01 1.361659965378268222e-01
1.346701667762744359e+00 6.594256919461035649e-01 1.198570582476010810e-01
1.150096502548528132e+00 5.615474483434053088e-01 1.023129152336708092e-01
9.489370768702650727e-01 4.622818138117882891e-01 8.434183420834504008e-02
7.521806841576652580e-01 3.657836344141146001e-01 6.675208188393774722e-02
5.687846178403843656e-01 2.762077562132198016e-01 5.035192497275797763e-02
4.077061713480957250e-01 1.977090252719488628e-01 3.594963018711641589e-02
2.779026381104628962e-01 1.344422876531412847e-01 2.435346423932285842e-02
1.883313115571825513e-01 9.056238941965305544e-02 1.637169384169007841e-02
1.479494851179152803e-01 7.022417663432239943e-02 1.281258570652757736e-02
1.626902371440326345e-01 7.614609983856157616e-02 1.420886387030694843e-02
2.263897856737003833e-01 1.053010274880533254e-01 1.999108166614342944e-02
3.298601336667933426e-01 1.532254325170530063e-01 2.931424975131413646e-02
4.639132840831566296e-01 2.154557878598023501e-01 4.133337878309351759e-02
6.193612398826621179e-01 2.875285664505554117e-01 5.520347941875842351e-02
7.870160040251733546e-01 3.649802412235623184e-01 7.007956231558498672e-02
9.576895794705697629e-01 4.433472851130805803e-01 8.511663813085069974e-02
1.122193969178684858e+00 5.181661710533465026e-01 9.946971752182896809e-02
1.271341176109397564e+00 5.849733719786174291e-01 1.122938111457973398e-01
1.395943203222572038e+00 6.393053608231437090e-01 1.227439296600319057e-01
1.489403859198113356e+00 6.779447840223645771e-01 1.302197507967690626e-01
1.555494620518526716e+00 7.026591959409020927e-01 1.350996625888702396e-01
1.600578991852393607e+00 7.164624314090956014e-01 1.380067411450034420e-01
1.631020477868286411e+00 7.223683252572802305e-01 1.395640625738359120e-01
1.653182583234779290e+00 7.233907123157907737e-01 1.403947029840348637e-01
1.673428812620439521e+00 7.225434274149622471e-01 1.411217384842672895e-01
1.698122670693843261e+00 7.228403053851299997e-01 1.423682451832006257e-01
1.733627662123560897e+00 7.272951810566287145e-01 1.447572991895019479e-01
1.786307291578171252e+00 7.389218892597952948e-01 1.489119766118389698e-01
1.862525063726236940e+00 7.607342648249626471e-01 1.554553535588781565e-01
1.967032540685548669e+00 7.947919877588092152e-01 1.648041172554672307e-01
2.098133422134000448e+00 8.393380641758177996e-01 1.765493875814233560e-01
2.252519419080007967e+00 8.916613180678398809e-01 1.900758896278274823e-01
2.426882242531946510e+00 9.490505734267122850e-01 2.047683484857567293e-01
2.617913603498230657e+00 1.008794654244286715e+00 2.200114892462919913e-01
2.822305212987262557e+00 1.068182384512408989e+00 2.351900370005128027e-01
3.036748782007445246e+00 1.124502588222926258e+00 2.496887168394989198e-01
3.257936021567199525e+00 1.175044089367689226e+00 2.628922538543309595e-01
3.482558642674887572e+00 1.217095711938534830e+00 2.741853731360862079e-01
3.707308356338933741e+00 1.247946279927315105e+00 2.829527997758456426e-01
3.928536001877435346e+00 1.265515405507356750e+00 2.887199992700776874e-01
4.141228951351998866e+00 1.270245817484175532e+00 2.915753906836339171e-01
4.340033714886150307e+00 1.263211014798031773e+00 2.917481294601961817e-01
4.519596802603471630e+00 1.245484496389185569e+00 2.894673710434473302e-01
4.674564724627524370e+00 1.218139761197898352e+00 2.849622708770700452e-01
4.799583991081883383e+00 1.182250308164425778e+00 2.784619844047460102e-01
4.889301112090088886e+00 1.138889636229035274e+00 2.701956670701589625e-01
4.938362597775717511e+00 1.089131244331984050e+00 2.603924743169910294e-01
4.941414958262329904e+00 1.034048631413531982e+00 2.492815615889244218e-01
4.893104703673484046e+00 9.747152964139336184e-01 2.370920843296407399e-01
4.791483013651776979e+00 9.122073373418506659e-01 2.240170852433218118e-01
4.648219161478182926e+00 8.476112480333382049e-01 2.101051622751647641e-01
4.478386797740115277e+00 7.820161211697767012e-01 1.953688037303130953e-01
4.297059573024972323e+00 7.165110494325407364e-01 1.798204979139091386e-01
4.119311137920201205e+00 6.521851255030227668e-01 1.634727331310992515e-01
3.960215143013197547e+00 5.901274420625971517e-01 1.463379976870256005e-01
3.834845238891376518e+00 5.314270917926444682e-01 1.284287798868319341e-01
3.758275076142147952e+00 4.771731673745404079e-01 1.097575680356600858e-01
3.745578305352938564e+00 4.284547614896753731e-01 9.033685043865702369e-02
3.811828577111153749e+00 3.863609668194246116e-01 7.017911540096476164e-02
3.966240739386830416e+00 3.516210820453095076e-01 4.924357661916498041e-02
4.194594429680499559e+00 3.235252298494146195e-01 2.727634935559184945e-02
4.476810482875344555e+00 3.010037389139632591e-01 3.970274264015461602e-03
4.792809733854469734e+00 2.829869379211850111e-01 -2.098180800178782793e-02
5.122513017501053589e+00 2.684051555533029654e-01 -4.788705678804777710e-02
5.445841168698249746e+00 2.561887204925424322e-01 -7.705263144099212813e-02
5.742715022329240249e+00 2.452679614211278059e-01 -1.087856913068515896e-01
5.993055413277128096e+00 2.345732070212863674e-01 -1.433933957318482832e-01
6.176783176425093558e+00 2.230347859752424555e-01 -1.811829040622127129e-01
6.273819146656292922e+00 2.095830269652214084e-01 -2.224613756441725654e-01
6.269941167833610329e+00 1.934378405485880081e-01 -2.673257230219834302e-01
6.174356125182674404e+00 1.749775144943654381e-01 -3.150318354399535559e-01
6.002128415641530879e+00 1.548699433027920236e-01 -3.646253372940240767e-01
5.768322436148230814e+00 1.337830214741072832e-01 -4.151518529801329072e-01
5.488002583640793297e+00 1.123846435085490980e-01 -4.656570068942218477e-01
5.176233255057313798e+00 9.134270390636084480e-02 -5.151864234322194314e-01
4.848078847335815844e+00 7.132509716778030751e-02 -5.627857269900679027e-01
4.518603757414346944e+00 5.299971779304711583e-02 -6.075005419637048432e-01
4.202872382230927073e+00 3.703446028239958110e-02 -6.483764927490711649e-01
3.915949118723658362e+00 2.409721913608025429e-02 -6.844592037420970110e-01
3.669744302064569919e+00 1.466654701556737231e-02 -7.150788154870260094e-01
3.463551839883610928e+00 8.463618392996989995e-03 -7.407035494015675736e-01
3.293511487805006688e+00 5.020260484554189655e-03 -7.620861511919232445e-01
3.155763001453024685e+00 3.868300506424838126e-03 -7.799793665642890117e-01
3.046446136451888442e+00 4.539565674793781362e-03 -7.951359412248676373e-01
2.961700648425834803e+00 6.565883205846301598e-03 -8.083086208798586636e-01
2.897666292999104165e+00 9.479080315767685408e-03 -8.202501512354624102e-01
2.850482825795929820e+00 1.281098422074350082e-02 -8.317132779978795298e-01
2.816290002440559270e+00 1.609342213695840948e-02 -8.434507468733084545e-01
2.791227578557225808e+00 1.885822128059796987e-02 -8.562153035679500590e-01
2.771320882610768255e+00 2.073351229158465481e-02 -8.703145369370327566e-01
2.752137540975949648e+00 2.173263399430310633e-02 -8.842754339037964817e-01
2.729130756141879388e+00 2.196522588165129505e-02 -8.961798372763631892e-01
2.697753730597658883e+00 2.154092744652748997e-02 -9.041095898628583871e-01
2.653459666832394870e+00 2.056937818182984212e-02 -9.061465344714069170e-01
2.591701767335186091e+00 1.916021758045634987e-02 -9.003725139101320663e-01
2.507933234595148164e+00 1.742308513530542446e-02 -8.848693709871595647e-01
2.397607271101382054e+00 1.546762033927510070e-02 -8.577189485106135880e-01
2.256177079342992720e+00 1.340346268526352268e-02 -8.170030892886186447e-01
2.079095861809067802e+00 1.134025166616865754e-02 -7.608036361292933591e-01
1.864391422102189111e+00 9.372639824949995785e-03 -6.882468490490890600e-01
1.620389526328581464e+00 7.535334477435597436e-03 -6.026364776154582437e-01
1.357990320737625600e+00 5.848057275799722725e-03 -5.083205989649740575e-01
1.088093951578678498e+00 4.330529872216496573e-03 -4.096472902342003786e-01
8.216005651011697442e-01 3.002473918860440287e-03 -3.109646285597276183e-01
5.694103075544555415e-01 1.883611067905664911e-03 -2.166206910781195427e-01
3.424233251879173490e-01 9.936629715264250380e-04 -1.309635549259493270e-01
1.515397642509206111e-01 3.523512818969266880e-04 -5.834129723978370707e-02
7.659770992880593488e-03 -2.060234880846192190e-05 -3.101995156208375848e-03
-7.831650833684078439e-02 -1.054762684155568890e-04 3.040627418821091610e-02
-9.896976841412326309e-02 1.061693185395635747e-04 3.918744931978806328e-02
-6.080406761589032122e-02 5.776467806794900392e-04 2.565353141638337942e-02
2.619569475568345185e-02 1.260986629916551393e-03 -6.431462681259736761e-03
1.520446193983978622e-01 2.108219378162880069e-03 -5.330351613238849123e-02
3.067578070100748788e-01 3.071375537330791727e-03 -1.111986120962582397e-01
4.803503582885301215e-01 4.102485619332541314e-03 -1.763527337321219024e-01
6.628373739315954749e-01 5.153580136080482439e-03 -2.450018641992388058e-01
8.442339546370545289e-01 6.176689599486684217e-03 -3.133819866568496870e-01
1.014555201102738335e+00 7.123844521463498954e-03 -3.777290842642135882e-01
1.163816214026463403e+00 7.947075413923187018e-03 -4.342791401805836671e-01
1.284074273372341368e+00 8.608278693659057734e-03 -4.800335178446794027e-01
1.375555726740430140e+00 9.108816090619411762e-03 -5.150552332021124391e-01
1.440529276286281579e+00 9.459916086467479515e-03 -5.401727481739054815e-01
1.481263624165437109e+00 9.672807162866437630e-03 -5.562145246810769050e-01
1.500027472533437711e+00 9.758717801479454071e-03 -5.640090246446453071e-01
1.499089523545820590e+00 9.728876483969682923e-03 -5.643847099856273974e-01
1.480718479358129835e+00 9.594511692000304293e-03 -5.581700426250429947e-01
1.447183042125904651e+00 9.366851907234486144e-03 -5.461934844839098080e-01
1.400751914004682463e+00 9.057125611335370419e-03 -5.292834974832446582e-01
1.343693797150011804e+00 8.676561285966178858e-03 -5.082685435440689181e-01
1.278499977091960060e+00 8.237450262972283166e-03 -4.840707809036036702e-01
1.208552085595136605e+00 7.756335335745183010e-03 -4.579871584252732108e-01
1.137454344166926923e+00 7.250822178267381408e-03 -4.314083239694148086e-01
1.068810974314736262e+00 6.738516464521520158e-03 -4.057249253963733371e-01
1.006226197545950329e+00 6.237023868490106614e-03 -3.823276105664862312e-01
9.533042353679612724e-01 5.763950064155686295e-03 -3.626070273400933131e-01
9.136493092881612377e-01 5.336900725500809926e-03 -3.479538235775344601e-01
8.908656408139408178e-01 4.973481526507999607e-03 -3.397586471391491614e-01
8.885574514526966006e-01 4.691298141159866777e-03 -3.394121458852786821e-01
9.103289627118181793e-01 4.507956243438928333e-03 -3.483049676762619562e-01
9.586379521537740089e-01 4.432664782423986934e-03 -3.673920865050250839e-01
1.031356487160926649e+00 4.441046288039884188e-03 -3.958858058241225275e-01
1.125210223970249945e+00 4.500326805536498422e-03 -4.325627676832382584e-01
1.236924818818735616e+00 4.577732380163706226e-03 -4.761996141320631315e-01
1.363225927943370719e+00 4.640489057171392866e-03 -5.255729872202861142e-01
1.500839207581154522e+00 4.655822881809434065e-03 -5.794595289976008923e-01
1.646490313969048991e+00 4.590959899327708149e-03 -6.366358815136869964e-01
1.796904903344053617e+00 4.413126154976102118e-03 -6.958786868182378349e-01
1.948808631943153680e+00 4.089547694004496033e-03 -7.559645869609421531e-01
2.098927156003350447e+00 3.587450561662716177e-03 -8.156702239914944697e-01
2.244451388814538095e+00 2.865984063071702614e-03 -8.739553974634859390e-01
2.384433192013438507e+00 1.851991929270730341e-03 -9.305125055057831274e-01
2.518389644358076662e+00 4.642418443724971632e-04 -9.852170880313005918e-01
2.645837824606486866e+00 -1.378498507510480175e-03 -1.037944684952957441e+00
2.766294811516672336e+00 -3.757461442265182944e-03 -1.088570836183658574e+00
2.879277683846667379e+00 -6.753879275779055801e-03 -1.136971081636323211e+00
2.984303520354495642e+00 -1.044898432393939411e-02 -1.183020961223865575e+00
3.080889399798191874e+00 -1.492400890263394057e-02 -1.226596014859204331e+00
3.168552400935760627e+00 -2.026018532774919584e-02 -1.267571782455245932e+00
3.246809602525236649e+00 -2.653874591517283235e-02 -1.305823803924908821e+00
3.314936715047316795e+00 -3.379879117695467478e-02 -1.341088059599100601e+00
3.371243975873393417e+00 -4.191089440979466757e-02 -1.372542291480702392e+00
3.413800254097531184e+00 -5.070349710655606967e-02 -1.399224681990590025e+00
3.440674418813790325e+00 -6.000504076009979815e-02 -1.420173413549633779e+00
3.449935339116237287e+00 -6.964396686328906683e-02 -1.434426668578709263e+00
3.439651884098937185e+00 -7.944871690898636096e-02 -1.441022629498691421e+00
3.407892922855950690e+00 -8.924773239005497072e-02 -1.438999478730453419e+00
3.352727324481348248e+00 -9.886945479935567438e-02 -1.427395398694869977e+00
3.272223958069191418e+00 -1.081423256297517760e-01 -1.405248571812815372e+00
3.164451692713544873e+00 -1.168947863741057192e-01 -1.371597180505163660e+00
3.028720103990238943e+00 -1.249581505345343235e-01 -1.325985716171560913e+00
2.869301806388203868e+00 -1.321752201431903861e-01 -1.269983993042330450e+00
2.691710227373375730e+00 -1.383916694879995801e-01 -1.205668177785273354e+00
2.501458794411702158e+00 -1.434531728568869124e-01 -1.135114437068195148e+00
2.304060934969113017e+00 -1.472054045377776399e-01 -1.060398937558894250e+00
2.105030076511588799e+00 -1.494940388185959923e-01 -9.835978459251880635e-01
1.909879646505060480e+00 -1.501647499872674207e-01 -9.067873288348757832e-01
1.724123072415474578e+00 -1.490632123317167934e-01 -8.320435529557617116e-01
1.553273781708764067e+00 -1.460351001398687842e-01 -7.614426849556451549e-01
1.402845201850906331e+00 -1.409260876996488998e-01 -6.970608915023437380e-01
1.277287509404016363e+00 -1.337906581500933334e-01 -6.407441492436436459e-01
1.176797816474822955e+00 -1.255185419829080440e-01 -5.934176615756190376e-01
1.100509953845944855e+00 -1.172082845150642233e-01 -5.557764352884452252e-01
1.047557752300020573e+00 -1.099584310635353945e-01 -5.285154771723070688e-01
1.017075042619667968e+00 -1.048675269452927633e-01 -5.123297940173795473e-01
1.008195655587511119e+00 -1.030341174773082846e-01 -5.079143926138410814e-01
1.020053421986176101e+00 -1.055567479765538719e-01 -5.159642797518697588e-01
1.051782172598290321e+00 -1.135339637600024931e-01 -5.371744622216467757e-01
1.102515738206474083e+00 -1.280643101446247156e-01 -5.722399468133465561e-01
1.171387949593354127e+00 -1.502463324473929662e-01 -6.218557403171488529e-01
1.257167510398515597e+00 -1.806055853272495182e-01 -6.860947561648021997e-01
1.357162636581990434e+00 -2.173756935975752203e-01 -7.625415699505561085e-01
1.468316427406964664e+00 -2.582173078068709660e-01 -8.481586817081879781e-01
1.587571982136650295e+00 -3.007910785036469470e-01 -9.399085914714951917e-01
1.711872400034252006e+00 -3.427576562364107460e-01 -1.034753799274269248e+00
1.838160780362984914e+00 -3.817776915536727489e-01 -1.129656805150309307e+00
1.963380222386031049e+00 -4.155118350039336272e-01 -1.221580109133390213e+00
2.084473825366606192e+00 -4.416207371357043776e-01 -1.307486211257311570e+00
2.198384688567914136e+00 -4.577650484974921108e-01 -1.384337611555864544e+00
2.302055911253167331e+00 -4.616054196378042707e-01 -1.449096810062845408e+00
2.393218062573269744e+00 -4.516102921654107094e-01 -1.499518593868736982e+00
2.472751456054761210e+00 -4.294791332665861550e-01 -1.536526762288682901e+00
2.542323807525707302e+00 -3.977191318575805656e-01 -1.561837333694898966e+00
2.603602832814178925e+00 -3.588374768546398474e-01 -1.577166326459600532e+00
2.658256247748231438e+00 -3.153413571740206756e-01 -1.584229758955000289e+00
2.707951768155935302e+00 -2.697379617319696776e-01 -1.584743649553315592e+00
2.754357109865357423e+00 -2.245344794447366732e-01 -1.580424016626760908e+00
2.799139988704567372e+00 -1.822380992285677070e-01 -1.572986878547551814e+00
2.843968120501621843e+00 -1.453560099997201482e-01 -1.564148253687903445e+00
2.890509221084592184e+00 -1.163954006744397918e-01 -1.555624160420031377e+00
2.939435186238769759e+00 -9.720370552704546419e-02 -1.548555333424618707e+00
2.987434631578354871e+00 -8.698934026413207565e-02 -1.541781372616222834e+00
3.030200352674776720e+00 -8.430096595036355722e-02 -1.533566594217867785e+00
3.063425145099455182e+00 -8.768724365040429791e-02 -1.522175314452580919e+00
3.082801804423819458e+00 -9.569683442891772918e-02 -1.505871849543387375e+00
3.084023126219296085e+00 -1.068783993505677821e-01 -1.482920515713311183e+00
3.062781906057308934e+00 -1.197805994800196228e-01 -1.451585629185375481e+00
3.014770939509287651e+00 -1.329520958819347953e-01 -1.410131506182611627e+00
2.935683022146658328e+00 -1.449415496209783549e-01 -1.356822462928041872e+00
2.821210949540846169e+00 -1.542976217618142742e-01 -1.289922815644691578e+00
2.669328904017842063e+00 -1.603865051169854339e-01 -1.208577463662695584e+00
2.487137006556383589e+00 -1.658446598321847432e-01 -1.115453789906031723e+00
2.284016960711148680e+00 -1.741261479733093032e-01 -1.014099835990070364e+00
2.069350470036826373e+00 -1.886850316062556321e-01 -9.080636435301896459e-01
1.852519238088087272e+00 -2.129753727969230237e-01 -8.008932541417582707e-01
1.642904968419658829e+00 -2.504512336112038051e-01 -6.961367094401723632e-01
1.449889364586211427e+00 -3.045666761149963264e-01 -5.973420510408008477e-01
1.282854130142433213e+00 -3.787757623741969115e-01 -5.080573205590209751e-01
1.151180968643005009e+00 -4.765325544547119874e-01 -4.318305596102050004e-01
1.064251583642638943e+00 -6.012911144224208915e-01 -3.722098098097441077e-01
1.028589759044976182e+00 -7.550901546539222631e-01 -3.317013223855979076e-01
1.039287436616889826e+00 -9.343069077810460810e-01 -3.086441274039395943e-01
1.088578556707317180e+00 -1.133903216252276414e+00 -3.003354347372429456e-01
1.168697059665180005e+00 -1.348840922516043594e+00 -3.040724542579832379e-01
1.271876885839413385e+00 -1.574081869020830027e+00 -3.171523958386332498e-01
1.390351975578948407e+00 -1.804587898215102237e+00 -3.368724693516667590e-01
1.516356269232717269e+00 -2.035320852547326087e+00 -3.605298846695579318e-01
1.642123707149661715e+00 -2.261242574465985644e+00 -3.854218516647827664e-01
1.759888229678690630e+00 -2.477314906419508134e+00 -4.088455802098107661e-01
1.861883777168747534e+00 -2.678499690856378734e+00 -4.280982801771180957e-01
1.941933756974249636e+00 -2.860670689855909110e+00 -4.409180847814301307e-01
2.000219353522186605e+00 -3.023349291840719655e+00 -4.468067953768227740e-01
2.038511172770654412e+00 -3.166968778774377657e+00 -4.457071240448842731e-01
2.058579820677764349e+00 -3.291962432620493928e+00 -4.375617828672052068e-01
2.062195903201624159e+00 -3.398763535342665509e+00 -4.223134839253749329e-01
2.051130026300337139e+00 -3.487805368904494330e+00 -3.999049393009806441e-01
2.027152795932012364e+00 -3.559521215269560557e+00 -3.702788610756157506e-01
1.992034818054756240e+00 -3.614344356401470559e+00 -3.333779613308683332e-01
1.947546698626672956e+00 -3.652708074263817828e+00 -2.891449521483276386e-01
1.895459043605865368e+00 -3.675045650820201182e+00 -2.375225456095783616e-01
1.837293742730134571e+00 -3.681549028579069294e+00 -1.787903185634857617e-01
1.773577863550065192e+00 -3.671444833656079876e+00 -1.145752491025395225e-01
1.704589778742501061e+00 -3.643718373425188339e+00 -4.684115117440600107e-02
1.630607860984278457e+00 -3.597354955260346099e+00 2.244816127325463539e-02
1.551910482952254089e+00 -3.531339886535516115e+00 9.132887429276360935e-02
1.468776017323264460e+00 -3.444658474624649802e+00 1.578371739364606841e-01
1.381482836774154288e+00 -3.336296026901702572e+00 2.200092462566793916e-01
1.290309313981757633e+00 -3.205237850740619621e+00 2.758812773057580658e-01
1.195533821622934534e+00 -3.050469253515375900e+00 3.234894531360203440e-01
1.097434732374520383e+00 -2.870975542599918384e+00 3.608699597998050734e-01
9.963869645708522960e-01 -2.667478650927268102e+00 3.868184010597319755e-01
8.931516191762419732e-01 -2.447647013666717886e+00 4.031680515195651959e-01
7.885863428124852970e-01 -2.220885691546603535e+00 4.125116034933554721e-01
6.835487821014064602e-01 -1.996599745295324357e+00 4.174417492951515984e-01
5.788965836648012342e-01 -1.784194235641218151e+00 4.205511812390047011e-01
4.754873941244753821e-01 -1.593074223312642923e+00 4.244325916389651843e-01
3.741788601022251193e-01 -1.432644769037944465e+00 4.316786728090838965e-01
2.758286282198739725e-01 -1.312310933545508984e+00 4.448821170634101319e-01
1.812943450992179906e-01 -1.241477777563678941e+00 4.666356167159944057e-01
9.143365736206257588e-02 -1.229550361820812121e+00 4.995318640808867894e-01
7.019370695123288394e-03 -1.282199269627950944e+00 5.451589058264079135e-01
-7.151508751941638986e-02 -1.390156533547535656e+00 6.010860335753711592e-01
-1.438211381167469605e-01 -1.540419388178171367e+00 6.638778070717394897e-01
-2.095502019320511222e-01 -1.719985068118462079e+00 7.300987860594724266e-01
-2.683536998005162655e-01 -1.915850807967028224e+00 7.963135302825349315e-01
-3.198830525573146955e-01 -2.115013842322437387e+00 8.590865994848743137e-01
-3.637896810376343160e-01 -2.304471405783309557e+00 9.149825534104556457e-01
-3.997250060766580071e-01 -2.471220732948248067e+00 9.605659518032384492e-01
-4.273404485095703143e-01 -2.602259058415865578e+00 9.924013544071841331e-01
-4.462874291715489550e-01 -2.684583616784741000e+00 1.007053320966246224e+00
-4.564895849146128892e-01 -2.708733322127089060e+00 1.002129664951687982e+00
-4.589594322345485478e-01 -2.679414009067470293e+00 9.794112744398569825e-01
-4.549817114322491363e-01 -2.604873293033747483e+00 9.417223210825519386e-01
-4.458411628086096923e-01 -2.493358789453806068e+00 8.918869765315833309e-01
-4.328225266645238656e-01 -2.353118113755508389e+00 8.327294124387518703e-01
-4.172105433008856945e-01 -2.192398881366728336e+00 7.670738004558600442e-01
-4.002899530185891064e-01 -2.019448707715334468e+00 6.977443122347114501e-01
-3.833454961185266963e-01 -1.842515208229182022e+00 6.275651194271034683e-01
-3.676619129015953891e-01 -1.669845998336173754e+00 5.593603936848514646e-01
-3.545239436686878909e-01 -1.509688693464164233e+00 4.959543066597527083e-01
-3.452163287206977960e-01 -1.370290909041024019e+00 4.401710300036102419e-01
-3.410238083585193092e-01 -1.259900260494615676e+00 3.948347353682243321e-01
-3.432311228830469130e-01 -1.186764363252828858e+00 3.627695944054057375e-01
-3.531230125951742016e-01 -1.159130832743524353e+00 3.467997787669535592e-01
-3.719842177957950469e-01 -1.185247284394570721e+00 3.497494601046707285e-01
-4.010994787858064292e-01 -1.273361333633850734e+00 3.744428100703641182e-01
-4.417535358660975575e-01 -1.431720595889219405e+00 4.237040003158326629e-01
-4.952311293375639134e-01 -1.668572686588551068e+00 5.003572024928804041e-01
-5.628169995011000903e-01 -1.992165221159718058e+00 6.072265882533109949e-01
-6.457958866576076762e-01 -2.410745815030631345e+00 7.471363292489413555e-01
-7.454525311079662764e-01 -2.932562083629087546e+00 9.229105971315502144e-01
-8.630716731530764241e-01 -3.565861642382990748e+00 1.137373563552951827e+00
-9.999380530938322131e-01 -4.318892106720210400e+00 1.393349400164949126e+00
-1.157336411231142392e+00 -5.199901092068702546e+00 1.693662278619374462e+00
