-1.805421661798117139e+00 1.739439943789864440e+00 -3.081918679855957244e+00
-1.412063173832119212e+00 1.304295924787656213e+00 -3.064820902302702876e+00
-1.068138212101927165e+00 9.047783303748430095e-01 -3.038239213864968313e+00
-7.704549138451384227e-01 5.400962873888081051e-01 -3.002212234300464910e+00
-5.148952796032433277e-01 2.101751523903834795e-01 -2.956992083709233832e+00
-2.966591347641943655e-01 -8.464530669388700690e-02 -2.903053232550790508e+00
-1.105032091873679317e-01 -3.438614444294801897e-01 -2.841078685855867647e+00
4.902550164358127072e-02 -5.669994192707094038e-01 -2.771920398327328616e+00
1.873657840520982221e-01 -7.537506908852009690e-01 -2.696534868648458261e+00
3.097326348258123696e-01 -9.040522193430939879e-01 -2.615897989036163107e+00
4.209269375484305797e-01 -1.018118216079252347e+00 -2.530905405175563061e+00
5.246572176652286590e-01 -1.096869044681937133e+00 -2.442180262991659134e+00
6.218636835145403552e-01 -1.143280212048207956e+00 -2.349753546383747782e+00
7.123277285152025406e-01 -1.161128049531247708e+00 -2.253402287756424371e+00
7.954677617357436281e-01 -1.154463808034043693e+00 -2.152865733524145675e+00
8.706035666609759360e-01 -1.127513924427190117e+00 -2.047958419544152253e+00
9.371719355737033741e-01 -1.084586285357213464e+00 -1.938656861819271437e+00
9.948907992603504002e-01 -1.029980880824723499e+00 -1.825156629497715066e+00
1.043870323815655254e+00 -9.679086560859513355e-01 -1.707900192048433130e+00
1.084670697383164129e+00 -9.024257915298251609e-01 -1.587578671411022935e+00
1.118307397467602327e+00 -8.373920854938061709e-01 -1.465112354677615025e+00
1.146539113652961017e+00 -7.760129021950986639e-01 -1.341589799856230947e+00
1.172564576140546988e+00 -7.196021406830818146e-01 -1.218060589011787709e+00
1.199565170095063360e+00 -6.691360349941118946e-01 -1.095440867329596779e+00
1.230280227781072044e+00 -6.257780866124942332e-01 -9.745206944625255385e-01
1.266999650074088102e+00 -5.908913644557967082e-01 -8.559647584777753115e-01
1.310859854445076023e+00 -5.653174136210570300e-01 -7.403959602603463752e-01
1.359788247030816688e+00 -5.471642144864303781e-01 -6.286522302131852813e-01
1.410875185281405875e+00 -5.337113583057327970e-01 -5.215439942039026278e-01
1.461164496230257459e+00 -5.220792371220861483e-01 -4.197897879153674183e-01
1.507669772535506381e+00 -5.092628620892997171e-01 -3.240399234537805206e-01
1.547209122083222921e+00 -4.926195500027570340e-01 -2.350184154762287592e-01
1.576025905142836914e+00 -4.712136603757066666e-01 -1.539471232980846593e-01
1.590393630702525041e+00 -4.446369176729818573e-01 -8.228946372015863431e-02
1.586768516253256101e+00 -4.125927267007187260e-01 -2.162606854839095594e-02
1.561772818322124667e+00 -3.748469978344004527e-01 2.638445932491115253e-02
1.513641483116722863e+00 -3.316238443222467303e-01 6.056211897170217517e-02
1.446594432645410100e+00 -2.849147362518133497e-01 8.178321177124432684e-02
1.366459535714683815e+00 -2.368671703798290729e-01 9.154413389102665499e-02
1.279192239511134588e+00 -1.892759262091117389e-01 9.146489194392723454e-02
1.190844785148994500e+00 -1.436521852519907216e-01 8.325222066893700479e-02
1.107548408378876692e+00 -1.010758432079903596e-01 6.877810088014488232e-02
1.035458944808304693e+00 -6.167499045087442705e-02 5.037858252484879451e-02
9.805729690077709115e-01 -2.595692904009064966e-02 3.022208963617338540e-02
9.486985303734225550e-01 4.833415859161911514e-03 1.013931130428201433e-02
9.454508851552293480e-01 2.878912899407138140e-02 -8.319367484994205642e-03
9.745184337751107151e-01 4.405865789790912312e-02 -2.411111894051501392e-02
1.032533012817885343e+00 5.096879717033963447e-02 -3.746334420421164324e-02
1.114439785068301880e+00 5.100186196577875808e-02 -4.858305253752440156e-02
1.215317574616698204e+00 4.645825960708337143e-02 -5.724550624548163658e-02
1.330411664138698491e+00 4.052766392020369646e-02 -6.277849576539998311e-02
1.455103132038602087e+00 3.695443593945219041e-02 -6.427704211106413656e-02
1.584802470039124112e+00 3.875439099752565897e-02 -6.139346710762882964e-02
1.714843278369967194e+00 4.860734080843754495e-02 -5.402826098244545294e-02
1.840418600015587325e+00 6.893458920816483704e-02 -4.224063502123820424e-02
1.956546657853143412e+00 1.017458866349527091e-01 -2.631622881484441123e-02
2.058408903935339040e+00 1.479413234168856783e-01 -6.722600202028139460e-03
2.142462560152009754e+00 2.055235068350394489e-01 1.614163731555356973e-02
2.205596388581603229e+00 2.713858420623901924e-01 4.163585254591983809e-02
2.244906563456585680e+00 3.419367149606188372e-01 6.877910610624005106e-02
2.257784205629576935e+00 4.131639655821670587e-01 9.627394216795814863e-02
2.241963091927017260e+00 4.807593776281121056e-01 1.226662814878775876e-01
2.195491177762167290e+00 5.403220252958932379e-01 1.467371841362873630e-01
2.116741529088572715e+00 5.873509607777815944e-01 1.672152811233383607e-01
2.004397839972944961e+00 6.173188822812309962e-01 1.826971039012222353e-01
1.857402507851101836e+00 6.257886717171460278e-01 1.916861827073566837e-01
1.676604864829733144e+00 6.095243498356632816e-01 1.928478643126960990e-01
1.469700351132964267e+00 5.697880889047295394e-01 1.858489402237444854e-01
1.245699134840281275e+00 5.097633803661577589e-01 1.710595947730479405e-01
1.013112019609375025e+00 4.335334568817981182e-01 1.493699721980321637e-01
7.799449695182676390e-01 3.459488247630837510e-01 1.221484386484306128e-01
5.537140341738426841e-01 2.525136439934623223e-01 9.118748760468231573e-02
3.415347900184880769e-01 1.591798567596749980e-01 5.862156674965666309e-02
1.504626000124275054e-01 7.170595358065653957e-02 2.676608933874374124e-02
-1.235158527767409725e-02 -4.540878107284217896e-03 -1.998550493640267964e-03
-1.395835005024678721e-01 -6.463303907130370229e-02 -2.533036535150776786e-02
-2.256915325852699716e-01 -1.051022187952660308e-01 -4.140410054140555851e-02
-2.729227702103083630e-01 -1.269155713011536346e-01 -5.013956213919260052e-02
-2.853764289435182233e-01 -1.322633457483500252e-01 -5.211405432189984699e-02
-2.670752344243355059e-01 -1.234045074994691293e-01 -4.814758232891035855e-02
-2.220254076563418222e-01 -1.025602486316555817e-01 -3.925425840316234399e-02
-1.542665235323131823e-01 -7.182357122695882945e-02 -2.660701203115889424e-02
-6.790383720915482701e-02 -3.312007263886869446e-02 -1.146992002374888110e-02
3.289947778828401781e-02 1.168745816458834595e-02 5.029231961282815827e-03
1.439263533615906532e-01 6.075186144228950785e-02 2.202435721670651866e-02
2.609112725637248165e-01 1.122221308320478089e-01 3.897059896409112850e-02
3.801076965069701830e-01 1.645027420402000451e-01 5.574153145789201291e-02
4.999746991999526324e-01 2.170602886192050385e-01 7.283776103640877964e-02
6.195079344819555134e-01 2.696003626373879580e-01 9.110017725254640486e-02
7.376771379776257964e-01 3.217849975818792840e-01 1.116090392796118408e-01
8.534162486456403629e-01 3.732148349905061724e-01 1.356586468380351351e-01
9.656383470417969628e-01 4.234177084621765785e-01 1.645037826629186239e-01
1.073351772131116100e+00 4.718968981687189923e-01 1.984625158022645386e-01
1.175645084967362530e+00 5.181478083513151311e-01 2.371992674034989479e-01
1.271689100010051865e+00 5.616878069013241381e-01 2.799060668726881529e-01
1.360759565377424707e+00 6.020975819911906779e-01 3.253344077322504746e-01
1.442303525434640799e+00 6.390439292746422639e-01 3.718500090401199998e-01
1.516093710900892289e+00 6.722624252853861559e-01 4.175179190592904765e-01
1.582073340869331490e+00 7.016079524828161551e-01 4.601572995674028110e-01
1.640284441003200477e+00 7.270567132603412697e-01 4.974122638681244268e-01
1.690828576810385675e+00 7.486714002206009688e-01 5.268323403403896155e-01
1.733643360957201729e+00 7.665575391995489429e-01 5.464653936735592854e-01
1.767905145195002081e+00 7.808358306636885571e-01 5.565572104271943044e-01
1.792471298356122178e+00 7.915766030861394187e-01 5.581849754477301584e-01
1.806094396280750747e+00 7.988030780599078007e-01 5.527083672986367047e-01
1.807480662115110270e+00 8.025037210403020982e-01 5.416925826110924325e-01
1.795692016367256061e+00 8.027770812520638177e-01 5.269093860602602764e-01
1.771240659858725808e+00 8.002568103613078021e-01 5.104890555262008300e-01
1.735073462879745509e+00 7.956560533281029635e-01 4.945176797685856274e-01
1.688225997616292107e+00 7.896006448647691078e-01 4.808648763323175590e-01
1.631808468185485195e+00 7.826039220570244481e-01 4.711308039916964896e-01
1.567187413396438078e+00 7.748855126488901623e-01 4.661792628009741035e-01
1.496564365498949556e+00 7.659682434646842841e-01 4.649441629693318312e-01
1.422319949972452147e+00 7.553241703826940601e-01 4.660023571862413894e-01
1.346800401634983491e+00 7.426197647178317540e-01 4.681120095448657592e-01
1.272304108323891070e+00 7.277600349089751175e-01 4.702673662007539335e-01
1.201213560919977219e+00 7.111172723812525520e-01 4.718595060276343789e-01
1.136393075220048399e+00 6.941697879096185853e-01 4.730990943591656395e-01
1.080645432841072617e+00 6.788333325662661011e-01 4.746788827336422267e-01
1.036563385518154412e+00 6.671823722447304261e-01 4.776020106204998950e-01
1.006584328499826375e+00 6.613701361671883161e-01 4.830863444125442219e-01
9.929495351647568135e-01 6.636288158604499721e-01 4.925915615607444065e-01
9.974026426235123033e-01 6.764340785577054316e-01 5.081462890004762034e-01
1.021678922847906179e+00 7.021908378986594368e-01 5.317546861568616112e-01
1.067690445558219237e+00 7.431587058734268059e-01 5.651946349825267557e-01
1.137554019251404647e+00 8.014738092169296779e-01 6.099920410315240460e-01
1.232024078010484969e+00 8.778384924082351937e-01 6.664210028134133212e-01
1.345710709701154695e+00 9.675689953617933048e-01 7.305871661782449289e-01
1.471642544393823027e+00 1.064688531098463065e+00 7.975211903470842412e-01
1.602685099612880970e+00 1.163324921115953314e+00 8.623344242715498265e-01
1.731426969733762533e+00 1.257748510335792824e+00 9.203674724973361920e-01
1.850052458352549500e+00 1.342365857935886364e+00 9.674523032609894102e-01
1.950124470448511449e+00 1.411644395621365344e+00 1.000487695456438342e+00
2.022759290578189706e+00 1.460162139588684571e+00 1.017137414623264569e+00
2.058794726729708202e+00 1.482600968263033669e+00 1.015586854762114077e+00
2.048963113138403180e+00 1.473683722274540475e+00 9.943165991205050736e-01
1.986951599628849374e+00 1.430208089574405594e+00 9.531906548449184946e-01
1.878226237899187190e+00 1.357317445940549705e+00 8.971957293867931504e-01
1.731743036532646052e+00 1.261990158498257797e+00 8.317418581261337707e-01
1.557069417988006910e+00 1.150893069710578143e+00 7.612184577716875067e-01
1.364255933745637916e+00 1.030424136248457190e+00 6.891342919331708838e-01
1.163894005752700078e+00 9.067215141301101511e-01 6.180420132076898110e-01
9.673565200358197336e-01 7.857153031586476821e-01 5.493198103857742653e-01
7.853794411344170445e-01 6.737864881795143646e-01 4.853152359986127040e-01
6.275804594710500117e-01 5.779041761941174915e-01 4.300208138154085757e-01
5.023959091644076835e-01 5.055240185398724995e-01 3.890965004196945132e-01
4.148750926676414985e-01 4.623588634694230093e-01 3.680852819943668530e-01
3.604222877473312603e-01 4.459690358336476645e-01 3.668074145149292642e-01
3.325773666487045199e-01 4.517515457321972794e-01 3.830339859194525909e-01
3.255968361246442955e-01 4.750055969908146825e-01 4.137662055678654749e-01
3.345497862445118709e-01 5.109857555529225825e-01 4.551553134607398410e-01
3.550541466768051269e-01 5.549342293766109657e-01 5.027261836810199558e-01
3.822321622678325759e-01 6.020265146338354967e-01 5.522047785630268546e-01
4.108685360722270086e-01 6.473979662258290135e-01 5.994267235030359409e-01
4.353936923647698798e-01 6.861874817399555848e-01 6.404263386416686465e-01
4.498028965876862961e-01 7.135442684843045225e-01 6.715713107971599261e-01
4.486485426501661267e-01 7.261602755419713784e-01 6.911598825456457540e-01
4.301078913104363632e-01 7.269019306406202530e-01 7.039958586436935173e-01
3.934570624136775052e-01 7.200462736392312380e-01 7.163447468111121541e-01
3.381336931631372944e-01 7.095672627260212195e-01 7.341917031073073030e-01
2.635771410288546557e-01 6.989147731980558387e-01 7.631515226266890606e-01
1.692828324992232680e-01 6.908113975610317148e-01 8.082801622447089995e-01
5.551489317387599265e-02 6.874725310144240709e-01 8.737986039920153658e-01
-7.780522195167710597e-02 6.907345033106074839e-01 9.638650558065503526e-01
-2.314632181403525057e-01 7.020996115817346173e-01 1.082856659758533624e+00
-4.069002839676320593e-01 7.228206367427225665e-01 1.235440834370644225e+00
-6.048213135509247218e-01 7.523090608250113664e-01 1.423559109024989722e+00
-8.205737323369922676e-01 7.837455689840178152e-01 1.637233840016787845e+00
-1.046599514196650205e+00 8.104788635946769126e-01 1.863780931876908076e+00
-1.273551847838978013e+00 8.281599869076180509e-01 2.090970194377512748e+00
-1.490531768046334138e+00 8.348264782938998874e-01 2.307091423516641093e+00
-1.685836434441206677e+00 8.304255245516111161e-01 2.500803237520845990e+00
-1.848636373313220504e+00 8.152255413160918174e-01 2.660460813763939836e+00
-1.968555768798862626e+00 7.898588588121358001e-01 2.774112883543401242e+00
-2.035619909892307788e+00 7.551412642633856809e-01 2.829488638780289556e+00
-2.040468145639996234e+00 7.116139032529333885e-01 2.813902261486227463e+00
-1.978156157324911568e+00 6.603765237572718494e-01 2.719132669912367906e+00
-1.859113279085011561e+00 6.062964536896882084e-01 2.556357454563760623e+00
-1.698027927558516836e+00 5.535721394987958011e-01 2.341547420850712324e+00
-1.509817832361300516e+00 5.048530915915918627e-01 2.090694247688986707e+00
-1.309272803803719798e+00 4.618377571737364296e-01 1.819959433562632123e+00
-1.110848930033303539e+00 4.256427853826305618e-01 1.545795133027433099e+00
-9.285903162842250591e-01 3.970291667472994335e-01 1.285060516350517545e+00
-7.754353423038088389e-01 3.783756756651762698e-01 1.055101071461227447e+00
-6.630331330285019753e-01 3.742361733207659191e-01 8.736905568916151221e-01
-6.018395835420017326e-01 3.912023529278494394e-01 7.589027347226022790e-01
-5.979310209635512185e-01 4.356118733359179984e-01 7.237857194994842258e-01
-6.434953002598848837e-01 5.067632109772114424e-01 7.606269448013613932e-01
-7.283434496930842883e-01 6.008010953186010417e-01 8.563483829823275162e-01
-8.436608476496774145e-01 7.121030713584852734e-01 9.977507828609371021e-01
-9.820241311060039502e-01 8.332212312476741101e-01 1.171582908811148904e+00
-1.136952579385801965e+00 9.554461614339556652e-01 1.364510673837619814e+00
-1.301389589624527998e+00 1.070847893200918888e+00 1.562910290765923804e+00
-1.467550868974981659e+00 1.172452734486516324e+00 1.752928563950168828e+00
-1.626744405386139292e+00 1.254501733913902850e+00 1.920576986234560746e+00
-1.769130495365474953e+00 1.312825410078268362e+00 2.051842003036955298e+00
-1.885920920262202705e+00 1.346101954533940326e+00 2.136175101229410345e+00
-1.976631536326583616e+00 1.358548634808990130e+00 2.176607368067562831e+00
-2.042986738654377632e+00 1.355605729576820462e+00 2.179670744347716571e+00
-2.086935043307683646e+00 1.342437540328262902e+00 2.152020319104090973e+00
-2.110804333676042699e+00 1.323697493579948148e+00 2.100382742075709075e+00
-2.117454437112809007e+00 1.303183624031755361e+00 2.031540714835529560e+00
-2.110474374872160386e+00 1.283248325452436056e+00 1.952419455659115011e+00
-2.093891514622339578e+00 1.265527414249656202e+00 1.869872253596508882e+00
-2.072026034345307632e+00 1.251262771809355412e+00 1.790614761334108795e+00
-2.049404436690282605e+00 1.241440701067023866e+00 1.721237771605359068e+00
-2.030163736610571590e+00 1.237222657812576898e+00 1.667198177842021511e+00
-2.016441310877504556e+00 1.240933499939729678e+00 1.629746195766748951e+00
-2.009734362395339868e+00 1.255375975004937361e+00 1.609087798128419067e+00
-2.011287057110877186e+00 1.283627510451677001e+00 1.605433401655535830e+00
-2.021963429102021870e+00 1.329106558291250018e+00 1.619003121680580470e+00
-2.042471460300647745e+00 1.395209307096087814e+00 1.649925583567894538e+00
-2.074467505335486184e+00 1.484016251323763136e+00 1.697939022579863177e+00
-2.119631111061826445e+00 1.597445902379759808e+00 1.762738617546340203e+00
-2.179449313534428168e+00 1.737539128511744080e+00 1.844093834904596330e+00
-2.255393802921886959e+00 1.906300173936183784e+00 1.941863720115779568e+00
-2.347622162735860663e+00 2.103790371720806185e+00 2.055117875240065395e+00
-2.450985860130306726e+00 2.322501522034369437e+00 2.179435993153290063e+00
-2.560329985579227863e+00 2.552035181797649877e+00 2.309615305119721018e+00
-2.672148853427066761e+00 2.780856260839648098e+00 2.440565524542342324e+00
-2.784455004788469523e+00 2.996483505090243415e+00 2.567257202792690762e+00
-2.895541535633520791e+00 3.186620327926716900e+00 2.684549860578488989e+00
-3.000401670754575534e+00 3.342325156665102437e+00 2.786808997867105120e+00
-3.092374624719506748e+00 3.456146003063276240e+00 2.867917786913563472e+00
-3.163785372745204327e+00 3.521487385786156388e+00 2.921363693750638646e+00
-3.205899823489045897e+00 3.532692123729344935e+00 2.940328979055730763e+00
-3.211239816207136055e+00 3.487571924172152560e+00 2.919779515090070277e+00
-3.180685538743275753e+00 3.394684935234132617e+00 2.862590748162028298e+00
-3.117331001776795230e+00 3.265065816388690756e+00 2.773910183124915996e+00
-3.024619743426070873e+00 3.109322104827811462e+00 2.659247492527582857e+00
-2.906591785296726904e+00 2.937392999694695472e+00 2.524456647791426533e+00
-2.768321393915487594e+00 2.758033185883101535e+00 2.375747989269029858e+00
-2.616698933905096336e+00 2.577843331697085016e+00 2.219761675960389535e+00
-2.459225115349274571e+00 2.402703001324673071e+00 2.063194800043099075e+00
-2.303598088380925279e+00 2.238290730235011239e+00 1.912673464486470021e+00
-2.157634175321653025e+00 2.090201113449122516e+00 1.774724841225131078e+00
-2.027657771111566198e+00 1.962674343849356795e+00 1.654426560308472238e+00
-1.913808803213131515e+00 1.854567824986052216e+00 1.551408097366748340e+00
-1.814557167191604758e+00 1.763551471834858386e+00 1.463900487825725127e+00
-1.728243602034023496e+00 1.687460419431852543e+00 1.390095714088650958e+00
-1.653102046771979028e+00 1.624259601533778019e+00 1.328161190600312125e+00
-1.587415187463984800e+00 1.571890289826914033e+00 1.276232101752657444e+00
-1.529903017021894129e+00 1.527912979388040160e+00 1.232374582842738597e+00
-1.479307032351617535e+00 1.489881205006786002e+00 1.194658755772368686e+00
-1.434296132681827762e+00 1.455421159794606956e+00 1.161177338925777347e+00
-1.393494082638309983e+00 1.422202013010585020e+00 1.130041062059000234e+00
-1.356122585847560735e+00 1.388528843589140083e+00 1.099938739069460159e+00
-1.323899354814967788e+00 1.355160077352468129e+00 1.071827043523569944e+00
-1.299131298348774832e+00 1.323492749236010901e+00 1.047214828876704251e+00
-1.284124843508541503e+00 1.294900913602381021e+00 1.027584235610414787e+00
-1.281253559792140395e+00 1.270651992961057353e+00 1.014376179369544939e+00
-1.292831940944966451e+00 1.252020736173448556e+00 1.008965553563366591e+00
-1.320587906859465255e+00 1.240839299228885251e+00 1.012652255497044074e+00
-1.366352969627585789e+00 1.238800092163333089e+00 1.026710958236436877e+00
-1.432265494734632494e+00 1.247241247535445519e+00 1.052399224771443542e+00
-1.520738244056096589e+00 1.267168663194319311e+00 1.090950590776184059e+00
-1.633710709379720294e+00 1.298741344436802114e+00 1.143044283642959069e+00
-1.770374193301635257e+00 1.339804823061271577e+00 1.207249029775952831e+00
-1.928973955652800942e+00 1.387893010439558150e+00 1.281648376393719424e+00
-2.107410469090860605e+00 1.440925040095385246e+00 1.364420381351365563e+00
-2.303201116906039569e+00 1.497295370494813094e+00 1.453896040593693817e+00
-2.513672963819878259e+00 1.555625013560074432e+00 1.548599995043406619e+00
-2.736671895015578837e+00 1.613662272663660691e+00 1.647176488160590146e+00
-2.970113588124654314e+00 1.668902131359094820e+00 1.748319904013206916e+00
-3.211822411678920908e+00 1.718828722784177199e+00 1.850758477021495541e+00
-3.459547299483999971e+00 1.760897926888223886e+00 1.953229788381906751e+00
-3.710501829665617812e+00 1.792290458066350123e+00 2.054147193052866971e+00
-3.959915308958307012e+00 1.809274597259100448e+00 2.150665175923990979e+00
-4.202352216504118942e+00 1.808124884636856944e+00 2.239536465917475905e+00
-4.432160060674195101e+00 1.785474893841851873e+00 2.317348737000596071e+00
-4.643451562513978281e+00 1.738444043366225822e+00 2.380460059726295707e+00
-4.829700112204161400e+00 1.665814637616397587e+00 2.425003617173155934e+00
-4.982647655758561278e+00 1.571441432399804494e+00 2.447281233438997727e+00
-5.093649084585232245e+00 1.461497993919699478e+00 2.444076509734469660e+00
-5.154258101853701923e+00 1.343128642185522192e+00 2.412749917989030823e+00
-5.156396364052233672e+00 1.223900777788369254e+00 2.351229366090020090e+00
-5.095209017084599168e+00 1.111706160167733604e+00 2.259434798213564299e+00
-4.977420760850433723e+00 1.015334847386676564e+00 2.143686553333664424e+00
-4.813217110970675172e+00 9.415997519478949140e-01 2.011639039375988869e+00
-4.613289030616165576e+00 8.947019200977955888e-01 1.870436270806573376e+00
-4.388561043372884996e+00 8.765407951371697592e-01 1.726527480547194182e+00
-4.150478383094534429e+00 8.856023923582081459e-01 1.585074989766311671e+00
-3.912288730780098867e+00 9.136497764101598751e-01 1.448824103816746867e+00
-3.687083346653269089e+00 9.529583262677169264e-01 1.320652281199986788e+00
-3.487241300403729927e+00 9.986172750926474162e-01 1.204491930072312700e+00
-3.324422653107403480e+00 1.048610144232461572e+00 1.105352058679311078e+00
-3.207469039226091390e+00 1.102874516158688589e+00 1.027416056251145848e+00
-3.136385725074246622e+00 1.160196737705026848e+00 9.685484451327759370e-01
-3.109350526097672596e+00 1.218640526945776958e+00 9.248653026196435034e-01
-3.125077191926618703e+00 1.275487130339840514e+00 8.921830895633006131e-01
-3.182896851122588799e+00 1.326745486414294461e+00 8.658317705822252686e-01
-3.281938420764814790e+00 1.368187731417217945e+00 8.410704647517809329e-01
-3.418567969319723510e+00 1.399723093549559927e+00 8.149412698686624434e-01
-3.588302381561342624e+00 1.421981658396818560e+00 7.848410963898666548e-01
-3.786415272819579236e+00 1.435536622013467989e+00 7.483129032481392606e-01
-4.007891348172507584e+00 1.441396759227962843e+00 7.033815743638663909e-01
-4.247068210332368032e+00 1.441228767262262123e+00 6.494850348203334844e-01
-4.496590079113799376e+00 1.437167813181118081e+00 5.896791389563444952e-01
-4.748836608787071256e+00 1.432504522653178958e+00 5.288541339388408424e-01
-4.996412100943339318e+00 1.431867671559382549e+00 4.730706082401906487e-01
-5.232106478179303188e+00 1.441123994762416149e+00 4.294032783018728594e-01
-5.449224027512545199e+00 1.465622987912782227e+00 4.042358152920959569e-01
-5.642871329878881070e+00 1.504817317112474795e+00 3.982102362232996517e-01
-5.808362178283710264e+00 1.555984624418548234e+00 4.094669956425407986e-01
-5.940872100074649609e+00 1.615608081035669885e+00 4.349575441297938161e-01
-6.035632555090233886e+00 1.679362520538494552e+00 4.705574943850169278e-01
-6.089452703349449436e+00 1.742538215967174287e+00 5.112252222033925042e-01
-6.104871205308052495e+00 1.801367275931177181e+00 5.512915458365816868e-01
-6.086099648271702023e+00 1.852185512782381638e+00 5.851229425718305066e-01
-6.037602569830579746e+00 1.891273875931713366e+00 6.074717009425488756e-01
-5.963962553885765239e+00 1.915039646548173824e+00 6.136892936780975472e-01
-5.869253596223352965e+00 1.921101127286959587e+00 6.011401368917396182e-01
-5.755567330656196745e+00 1.911108862437712386e+00 5.728565821286275561e-01
-5.624365188683026595e+00 1.887786840532932553e+00 5.332797290164681403e-01
-5.477051549654206930e+00 1.853903122033901063e+00 4.867799747419977452e-01
-5.315081019298449228e+00 1.812198607415220764e+00 4.375171100853512129e-01
-5.140159929370802239e+00 1.765394092375871971e+00 3.892305468429420046e-01
-4.954675142293235801e+00 1.716340719112434909e+00 3.448592135431868266e-01
-4.761290980757155289e+00 1.667759176776898444e+00 3.067549691378016474e-01
-4.562787196769528819e+00 1.622146198960314756e+00 2.767488994873834596e-01
-4.362010566591535188e+00 1.581773535643395290e+00 2.561594909955003940e-01
-4.162109168586256125e+00 1.548037456775464449e+00 2.450446945527297582e-01
-3.967323236670166509e+00 1.519707788095220780e+00 2.402396188388306875e-01
-3.782033061461012480e+00 1.495376261496526027e+00 2.383744393569477982e-01
-3.610489272623621293e+00 1.474196553567438395e+00 2.367419800976533484e-01
-3.456826051088092822e+00 1.455858986678177258e+00 2.332369826260305978e-01
-3.324163584999471954e+00 1.440084678459527368e+00 2.262731798670026828e-01
-3.211944936551907492e+00 1.425137881086755876e+00 2.146763341022436544e-01
-3.118671467921247942e+00 1.408940550342132170e+00 1.974160042058741016e-01
-3.042771788190050231e+00 1.389441124871736211e+00 1.734631177581772432e-01
-2.982540749339912534e+00 1.364585998595103877e+00 1.416986034978869602e-01
-2.935705001153841920e+00 1.333036907176519570e+00 1.014201165397932980e-01
-2.898451998131779117e+00 1.296213587632767172e+00 5.402380089215952363e-02
-2.866754245560651171e+00 1.255969887132478258e+00 1.330102746243982947e-03
-2.836821436693136800e+00 1.213923320547523055e+00 -5.484290696208218852e-02
-2.805151103624897502e+00 1.171498968990844602e+00 -1.125790036231321400e-01
-2.768678957274588015e+00 1.130129190015945584e+00 -1.697872159305086059e-01
-2.725162643998361389e+00 1.091800122115239580e+00 -2.241066326886116677e-01
-2.672828538958679445e+00 1.058403732869020786e+00 -2.730927800497654490e-01
-2.610182323157876461e+00 1.031492512043864718e+00 -3.143762774225781209e-01
-2.535893111218186835e+00 1.012230732484137974e+00 -3.458185323497577346e-01
-2.448842672764762973e+00 1.000691760745451742e+00 -3.661682032561141553e-01
-2.348526156336833814e+00 9.940815266252642779e-01 -3.764830462057128235e-01
-2.234403799121180700e+00 9.890678429457344656e-01 -3.784123177193735588e-01
-2.105810772588737390e+00 9.825080198894551309e-01 -3.735774404322666498e-01
-1.962040112909002154e+00 9.714976576445855105e-01 -3.634741707567060720e-01
-1.802882639809530785e+00 9.533831814507186531e-01 -3.494723134416187205e-01
-1.630143062629715311e+00 9.257311275984974053e-01 -3.329535854792706195e-01
-1.446104160931514837e+00 8.867497702345078503e-01 -3.149050865536919264e-01
-1.252932656345083773e+00 8.354657803190559395e-01 -2.957917740000022278e-01
-1.052567159119109252e+00 7.717874603598087191e-01 -2.755663961707224274e-01
-8.464681493667275403e-01 6.967247616026198687e-01 -2.536666119000733355e-01
-6.352584565161811803e-01 6.125223005981930147e-01 -2.291500564138956031e-01
-4.194419381377246792e-01 5.212731646917633244e-01 -2.011868641577175265e-01
-1.996573212527504859e-01 4.245502328093522237e-01 -1.691456654997150477e-01
2.327206836671136952e-02 3.233526623515720066e-01 -1.325933477577113384e-01
2.475171234033588796e-01 2.187306536705501681e-01 -9.152905054964945164e-02
4.678207322181430206e-01 1.137080983563819314e-01 -4.709871353650459114e-02
6.778247081007834351e-01 1.123964524189435821e-02 -9.319343532694368548e-04
8.708851778275734645e-01 -8.638544101664505370e-02 4.509572408051536196e-02
1.040129363573872201e+00 -1.773879274501705128e-01 8.889921950862450517e-02
1.178570585485379629e+00 -2.600409745761097513e-01 1.283270730525625514e-01
1.279411760778960128e+00 -3.315597447486931526e-01 1.614841230406468819e-01
1.336149590886642757e+00 -3.883340920799446261e-01 1.865696810876328049e-01
1.342570315400723580e+00 -4.261418473666610529e-01 2.018028909537644966e-01
1.292738443955497196e+00 -4.402460639883187810e-01 2.054138087311401795e-01
1.184422082220732975e+00 -4.271459416537615739e-01 1.963783244809923501e-01
1.029328457964475696e+00 -3.897493410244934342e-01 1.766709298892069069e-01
8.424705889219255006e-01 -3.330589744740574121e-01 1.490784432653427249e-01
6.386036588539601988e-01 -2.627473406943927614e-01 1.164379440772031898e-01
4.321887383607518340e-01 -1.851806655356699749e-01 8.161464925788280977e-02
2.373978379165081476e-01 -1.073505504489788570e-01 4.748675482181620444e-02
6.821227096189703965e-02 -3.661545337266949862e-02 1.690807423638189533e-02
-6.135047359183857379e-02 1.978747686248907151e-02 -7.372487716075488452e-03
-1.371447225982207752e-01 5.492767385576437927e-02 -2.269894552857032455e-02
-1.448592354875188892e-01 6.227188606183070574e-02 -2.643977406988584286e-02
-7.462422952222917683e-02 3.768082379272089111e-02 -1.671821578595539953e-02
6.508303094193167160e-02 -1.485206990932205588e-02 5.184489835972526904e-03
2.611577492236437648e-01 -8.930255829583032268e-02 3.742196079554706289e-02
5.004040510508711570e-01 -1.797422327941196052e-01 7.843025686729526713e-02
7.694845546395041591e-01 -2.804712134732132989e-01 1.268897208029772239e-01
1.054912491987004985e+00 -3.861060183525485412e-01 1.815421821861007978e-01
1.343164262703067768e+00 -4.915800848834326886e-01 2.405436609109570800e-01
1.620741511596856865e+00 -5.921300348983469242e-01 3.012488599278700940e-01
1.874208948501672412e+00 -6.832628041988473289e-01 3.601974106192351588e-01
2.090224458867809609e+00 -7.606997601538176834e-01 4.131705248144211251e-01
2.258701358819426019e+00 -8.214130892530840944e-01 4.560423381144640409e-01
2.382259492238635090e+00 -8.668007918409448287e-01 4.871792118552236706e-01
2.466688987368839125e+00 -8.992458348442415872e-01 5.058119315145592765e-01
2.517732627108928423e+00 -9.210213511017185661e-01 5.114908172021072064e-01
2.541032931583520060e+00 -9.343274964081472733e-01 5.041333022266589747e-01
2.542016057878169644e+00 -9.412984340935145466e-01 4.844703772941785225e-01
2.525706043089916975e+00 -9.438990015605426276e-01 4.553045463167763041e-01
2.497084677109487671e+00 -9.439774370803719616e-01 4.199460248040615129e-01
2.461258301368153489e+00 -9.432856451106041984e-01 3.815435649552383901e-01
2.423501840816897790e+00 -9.434935111630221583e-01 3.429277113222565232e-01
2.388269069808667933e+00 -9.459321599384942214e-01 3.063750254441315324e-01
2.356178035964841211e+00 -9.507344051378250338e-01 2.732510976008111214e-01
2.326950187371156442e+00 -9.576894817238492674e-01 2.446653462865689688e-01
2.300374947086688771e+00 -9.665458429881812474e-01 2.216638240258018422e-01
2.276275477505933065e+00 -9.770342239141368568e-01 2.052427631617176895e-01
2.254530120699036022e+00 -9.888370621345344835e-01 1.959322561562027720e-01
2.235209793997461780e+00 -1.001452437337123191e+00 1.925628587049514895e-01
2.218375662153864170e+00 -1.014391445407119674e+00 1.936192018325182673e-01
2.204054606365561053e+00 -1.027208440323146066e+00 1.976661399018690701e-01
2.192272747291137414e+00 -1.039471601032547099e+00 2.033356821280342397e-01
2.182606219889466903e+00 -1.050427921701212242e+00 2.093040097015667067e-01
2.172780470445557555e+00 -1.058047588159223729e+00 2.142376318819098624e-01
2.160077113338454424e+00 -1.059957773616288401e+00 2.168122806985145479e-01
2.141761758541695482e+00 -1.053795034332006164e+00 2.157542412823197919e-01
2.115018052164101992e+00 -1.037269353568128327e+00 2.098984429965460585e-01
2.076690747083302924e+00 -1.008550416756414547e+00 1.985568062774160647e-01
2.022729654524299203e+00 -9.672393513874600890e-01 1.823965062353228583e-01
1.948784964030200406e+00 -9.134696955274167474e-01 1.624873877312845993e-01
1.850458301369579894e+00 -8.475676928910458319e-01 1.399858870723102999e-01
1.723383681132739875e+00 -7.699613555619065908e-01 1.161126347821683641e-01
1.565361515923182179e+00 -6.819848305857492132e-01 9.219783757521057832e-02
1.382667370613209767e+00 -5.883704006860949187e-01 6.974635046625027313e-02
1.184082620377120421e+00 -4.939415722386139573e-01 4.995503852722996130e-02
9.788229484011892190e-01 -4.025887598933444722e-01 3.357859926456441269e-02
7.764474334176277859e-01 -3.173650214133396652e-01 2.093121074904850942e-02
5.867868253411205881e-01 -2.405855405211691778e-01 1.190805319362012171e-02
4.198331673200134118e-01 -1.740956019784588860e-01 6.032390048815505779e-03
2.852689811967458189e-01 -1.204684180561166051e-01 2.581630618102209729e-03
1.923530883101934041e-01 -8.329476942107802429e-02 7.296945332612540802e-04
1.499312652394362011e-01 -6.712072666298252166e-02 -2.669064384543482632e-04
1.634502668500970035e-01 -7.583876122979028855e-02 -8.521483753511811809e-04
2.260364139170568942e-01 -1.079205184805198670e-01 -9.930095764350225368e-04
3.279802281684073839e-01 -1.599187628216119095e-01 -1.594346248548136891e-04
4.599337262430364670e-01 -2.275951964528883653e-01 2.563959535793525202e-03
6.129640920084454825e-01 -3.058332606679123322e-01 8.335749008469194032e-03
7.784498931596148807e-01 -3.888389229268943148e-01 1.832942952037125428e-02
9.476269655594899977e-01 -4.710334936912778381e-01 3.318990653580407291e-02
1.111485279747470578e+00 -5.472815704819165017e-01 5.284946077779571760e-02
1.260761511731432138e+00 -6.129863178173141636e-01 7.642196492077547865e-02
1.385956997160409099e+00 -6.641757531841102624e-01 1.021205864324745000e-01
1.480015269838867553e+00 -6.986975106780966005e-01 1.275412054629885550e-01
1.546277221034212834e+00 -7.195822234868779477e-01 1.509091060420499342e-01
1.590782953981910497e+00 -7.310384376767672387e-01 1.709086929943032795e-01
1.619681897584335228e+00 -7.371195441448694652e-01 1.865670185217164490e-01
1.639201413567161758e+00 -7.416977521739791523e-01 1.972830935002389818e-01
1.655643851695696611e+00 -7.483102970368833429e-01 2.030356524663760043e-01
1.675492234251920287e+00 -7.596567327360101984e-01 2.050240240083152088e-01
1.705224276239757586e+00 -7.782254633530185650e-01 2.048246148499085761e-01
1.751273255535382711e+00 -8.065309215657090469e-01 2.040194406323129761e-01
1.820048785034431571e+00 -8.471393617644462637e-01 2.041076272002843861e-01
1.916251538711815083e+00 -9.020012164567055013e-01 2.060232095687772325e-01
2.037776940868338382e+00 -9.703953118683472656e-01 2.088540334174259216e-01
2.180852178382342910e+00 -1.050843496608595551e+00 2.112917531974159990e-01
2.341772407227992847e+00 -1.141697162590590953e+00 2.121651909674384662e-01
2.516941318523617799e+00 -1.241064014838840546e+00 2.104990626915043406e-01
2.702861271418781186e+00 -1.346882171841789821e+00 2.053875312213253868e-01
2.895949007356204419e+00 -1.457385461056587062e+00 1.954498809265803327e-01
3.092617768535412814e+00 -1.570860085884384638e+00 1.791703045541047368e-01
3.289311548252529249e+00 -1.685559616601277400e+00 1.550245398187022894e-01
3.482490556496156131e+00 -1.799742186122220255e+00 1.214703291878347635e-01
3.668620664608579496e+00 -1.911408734138062560e+00 7.760584945573709148e-02
3.844138689934031294e+00 -2.017493821416993072e+00 2.518503327107687872e-02
4.005325318712227300e+00 -2.114939698156621084e+00 -3.332941258172536503e-02
4.148259595901795826e+00 -2.201047929186265240e+00 -9.543891335125923026e-02
4.268811097672047694e+00 -2.273479901197571706e+00 -1.586325616300983954e-01
4.362663539780493593e+00 -2.330203121526256194e+00 -2.204168924157967335e-01
4.425411777955964965e+00 -2.369300049915117334e+00 -2.783676268886414173e-01
4.452615880552307281e+00 -2.388858750278815446e+00 -3.301544284739110768e-01
4.439829363994422629e+00 -2.386914457913596355e+00 -3.735428329268775105e-01
4.382629836041454396e+00 -2.361388714898839059e+00 -4.063929920831989007e-01
4.279445993079129984e+00 -2.311737031252286467e+00 -4.275853617122329364e-01
4.140009554718294460e+00 -2.243985181900517212e+00 -4.397519418858548135e-01
3.977014711285753457e+00 -2.165586905676727625e+00 -4.463785765374375103e-01
3.803288964196399835e+00 -2.083790103540168026e+00 -4.508395820737364224e-01
3.631745166709360095e+00 -2.005725254869365148e+00 -4.563839057861157067e-01
3.475361201033984049e+00 -1.938421745407985508e+00 -4.662133049050767308e-01
3.347194192618998532e+00 -1.888722470325278291e+00 -4.836994713955075076e-01
3.260171934351592249e+00 -1.863703969538305527e+00 -5.121122686950407843e-01
3.226985801789694186e+00 -1.870840939982157503e+00 -5.546240916651100639e-01
3.260018729724349917e+00 -1.918062559301849213e+00 -6.144517122217266758e-01
3.366364556072195313e+00 -2.010785262974898568e+00 -6.938733456277004219e-01
3.533178504244364859e+00 -2.142699649362575620e+00 -7.909000397376440006e-01
3.742627382893235044e+00 -2.304384131090261079e+00 -9.027763636126141522e-01
3.976891977899587260e+00 -2.486175814124077732e+00 -1.027037976714384016e+00
4.218234488275020233e+00 -2.678104908439377319e+00 -1.161346637969579376e+00
4.449083186170089022e+00 -2.869973088880006795e+00 -1.302946305436825103e+00
4.652244501534274157e+00 -3.051672779810316261e+00 -1.447301236829293458e+00
4.811124843248442140e+00 -3.212717681404669623e+00 -1.588654236852540924e+00
4.909919393085223405e+00 -3.341955266850631823e+00 -1.720246702314083276e+00
4.933816857422574031e+00 -3.427359153374585521e+00 -1.834361263488949456e+00
4.873684923266017321e+00 -3.459311598391264120e+00 -1.923902810020610810e+00
4.739239883046110435e+00 -3.441357627333421654e+00 -1.987259107474235176e+00
4.544861330279083234e+00 -3.380348077818562391e+00 -2.024836836663412853e+00
4.304872430986212528e+00 -3.283135941109334155e+00 -2.037862711364437196e+00
4.033375690037006578e+00 -3.156731996400477858e+00 -2.028438502921447562e+00
3.744173547944512848e+00 -3.008198460844482280e+00 -1.999764414688020686e+00
3.450750713776067347e+00 -2.844202805119496524e+00 -1.956658751213161462e+00
3.165602404279851623e+00 -2.672438643553561199e+00 -1.904384128675363552e+00
2.899996979322619239e+00 -2.502019932549720771e+00 -1.848191999214648495e+00
2.663928308097099240e+00 -2.343417839222359689e+00 -1.793209797576202691e+00
2.464181155388554423e+00 -2.205921562400624758e+00 -1.743644848143961923e+00
2.298927280338255663e+00 -2.089966401266912133e+00 -1.700552419005519234e+00
2.164388416622353262e+00 -1.993568904229122918e+00 -1.664068577685151151e+00
2.056976975951477549e+00 -1.914538628936104603e+00 -1.634200249685338502e+00
1.973354995081969765e+00 -1.850421002658489744e+00 -1.610871817151227070e+00
1.910335117456447795e+00 -1.798675430949056686e+00 -1.593883026263177793e+00
1.864526109073513238e+00 -1.757254402890962020e+00 -1.582709531547755955e+00
1.832739501386612346e+00 -1.723966205108025118e+00 -1.576759297411885807e+00
1.812048692743583045e+00 -1.696354574458359687e+00 -1.575442233572636130e+00
1.799711761072383620e+00 -1.671783122762580120e+00 -1.578160461225726507e+00
1.792961530073823084e+00 -1.647641474118267446e+00 -1.583876014898613516e+00
1.788529136031555389e+00 -1.621814988269893121e+00 -1.589828943070470402e+00
1.783036381835839679e+00 -1.592323540352754918e+00 -1.592815890144397839e+00
1.773104026132153344e+00 -1.557223963971890335e+00 -1.589625424915079410e+00
1.755323758750429120e+00 -1.514633909230556075e+00 -1.577052778994679327e+00
1.726268642983631807e+00 -1.462654931915485346e+00 -1.551964223474775029e+00
1.682560516107560522e+00 -1.399127828622962255e+00 -1.511442326257398605e+00
1.620739220184154394e+00 -1.321917068247170812e+00 -1.452646313864800698e+00
1.537210686557182848e+00 -1.229021881903604951e+00 -1.372769912624943522e+00
1.428231531729451609e+00 -1.118603480678942885e+00 -1.269043467117534796e+00
1.291689972766124850e+00 -9.903358189457236449e-01 -1.140394197801821718e+00
1.132590689512653181e+00 -8.492838119611381131e-01 -9.923936009587270846e-01
9.578913146388572386e-01 -7.017356546575437282e-01 -8.322097347693547809e-01
7.747820590216784042e-01 -5.538093140972064621e-01 -6.669228650935662417e-01
5.907273340679674023e-01 -4.113987354109915895e-01 -5.035154425900694175e-01
4.135072776563102348e-01 -2.801224519902255627e-01 -3.488542867148514137e-01
2.512457184227402940e-01 -1.652568758747896271e-01 -2.096948441617932923e-01
1.123931821362880723e-01 -7.160862292948727559e-02 -9.277989542833582626e-02
5.766753170279687382e-03 -3.464955003530692263e-03 -4.799326490859772559e-03
-5.939136817712384331e-02 3.542481830404219795e-02 4.770509142115995915e-02
-7.602534076948985753e-02 4.339106270285890410e-02 6.056439345407384212e-02
-4.748218041601987016e-02 2.517437100053183247e-02 3.830490277027839841e-02
2.008362003197647697e-02 -1.320466113407256503e-02 -1.230663861416728122e-02
1.202863440028044267e-01 -6.609932767387936836e-02 -8.441178849263916706e-02
2.464626700756619160e-01 -1.282714505539014338e-01 -1.711067037653088430e-01
3.915995480057957723e-01 -1.949144902946732261e-01 -2.655404286842081851e-01
5.481610929073863492e-01 -2.616795853810856554e-01 -3.611773358714769899e-01
7.080031958176786766e-01 -3.246794214165130144e-01 -4.519868794977509596e-01
8.623728315678692580e-01 -3.804696054360257595e-01 -5.325488194123000341e-01
1.001948414224058448e+00 -4.260123876093733220e-01 -5.981158152663804684e-01
1.118698111446442489e+00 -4.593512049390729990e-01 -6.456500803223810259e-01
1.211479148497324854e+00 -4.816079046568431665e-01 -6.766760820925250552e-01
1.281058420005815046e+00 -4.945311365324150943e-01 -6.937787567028503855e-01
1.328403792184679411e+00 -4.997209198337144720e-01 -6.994515366558577973e-01
1.354695546476622159e+00 -4.986207136406050622e-01 -6.960324641090569475e-01
1.361426139211259656e+00 -4.924295818497355093e-01 -6.855115796977140352e-01
1.350673714985530127e+00 -4.818579170863371841e-01 -6.690788665319717943e-01
1.324730891171486569e+00 -4.674212909317465581e-01 -6.475795090827184408e-01
1.285948114648195695e+00 -4.495785765950588431e-01 -6.217278558338269479e-01
1.236692037230320063e+00 -4.287765582429413636e-01 -5.921728495330004227e-01
1.179523066049366076e+00 -4.055473930067574617e-01 -5.596527643267094065e-01
1.117804164081189544e+00 -3.807192110864214274e-01 -5.253353925723421858e-01
1.055068751003036542e+00 -3.552278075936449730e-01 -4.905213928522169642e-01
9.948149776426302715e-01 -3.300433697698091362e-01 -4.565408588905632836e-01
9.405225656415756585e-01 -3.061446586670107939e-01 -4.247319323816428627e-01
8.956071539424793615e-01 -2.845622722923064618e-01 -3.965074823532916404e-01
8.632712641977829948e-01 -2.665509691849348717e-01 -3.735889605585895890e-01
8.468176025563725062e-01 -2.532487754923524736e-01 -3.575853318013111348e-01
8.497103801160572623e-01 -2.455967259453258333e-01 -3.499020944675415024e-01
8.755291433493659348e-01 -2.443769600539557052e-01 -3.518012408592989249e-01
9.267990067821558764e-01 -2.499733175990693779e-01 -3.640607896619668660e-01
1.001553710310033596e+00 -2.616158627890083355e-01 -3.858611193881053003e-01
1.096534708766667254e+00 -2.784724764562776511e-01 -4.162854325827749502e-01
1.208262681908283342e+00 -3.000147808620221568e-01 -4.548213476906586283e-01
1.333020119006646631e+00 -3.260438967271735433e-01 -5.013842532248824480e-01
1.466945949385532133e+00 -3.565798701246891134e-01 -5.560878772720153629e-01
1.606445255839458630e+00 -3.914159174830982302e-01 -6.183719722538896235e-01
1.748042453738811730e+00 -4.302586152858045576e-01 -6.872837536355509425e-01
1.888351872781027785e+00 -4.727608096300613960e-01 -7.615633174712588271e-01
2.024133654391474302e+00 -5.184715178426934079e-01 -8.395809815984951463e-01
2.152785102405133433e+00 -5.669140586267285009e-01 -9.195069550392801494e-01
2.273685304861988499e+00 -6.179365139302456233e-01 -9.999440980167509929e-01
2.386846575736081721e+00 -6.713895074289346621e-01 -1.079415990288562277e+00
2.492470458543108336e+00 -7.270176916012373036e-01 -1.156211551917438740e+00
2.590942453130603784e+00 -7.844636520654661993e-01 -1.228422383092975245e+00
2.682686828619950337e+00 -8.431617909265251010e-01 -1.294317739170170345e+00
2.767706631033156395e+00 -9.019827703495415516e-01 -1.353492653876013474e+00
2.845872978208210391e+00 -9.595171385871105185e-01 -1.406049023384678298e+00
2.917043745717888825e+00 -1.014206980135781144e+00 -1.452278555675206917e+00
2.981063576752625899e+00 -1.064380641101016600e+00 -1.492650832978021924e+00
3.037540143831041206e+00 -1.108225465960504419e+00 -1.527629260607597406e+00
3.085178426173872168e+00 -1.143620559048531327e+00 -1.557151535795024966e+00
3.122419849788418134e+00 -1.168349350319150437e+00 -1.581103035049568728e+00
3.147630663790283556e+00 -1.180227838667639917e+00 -1.599442727624379224e+00
3.159065817227279638e+00 -1.177185686641085915e+00 -1.612147950818048070e+00
3.154817349062580600e+00 -1.157749734170976375e+00 -1.618890499141914852e+00
3.132767352054847798e+00 -1.122303689402073479e+00 -1.618215677166895183e+00
3.090670939347982316e+00 -1.071946812187500431e+00 -1.608321013399496735e+00
3.026204403376171026e+00 -1.008093383409439436e+00 -1.587357106088407299e+00
2.936994151366572492e+00 -9.324467310773590922e-01 -1.553481953776894908e+00
2.821805224648306520e+00 -8.473149983173222655e-01 -1.505480220715203377e+00
2.684094398662121517e+00 -7.564860427598562032e-01 -1.444502895021817279e+00
2.528603730067794597e+00 -6.638132567604960732e-01 -1.372445661470945932e+00
2.360216740116465317e+00 -5.727111759639764710e-01 -1.291409519394589811e+00
2.183957513513822946e+00 -4.860731799968285305e-01 -1.203692058961175704e+00
2.004867925568416531e+00 -4.062418830182265017e-01 -1.111951863471684288e+00
1.827729180586474822e+00 -3.350413488004427842e-01 -1.019610863533337408e+00
1.657515317051164949e+00 -2.737360167106535069e-01 -9.299614244781519989e-01
1.499487219518572001e+00 -2.230803462569528328e-01 -8.459041857701778966e-01
1.359130713585283923e+00 -1.834324802901730056e-01 -7.699642443492002997e-01
1.241014133927686336e+00 -1.546445399101293861e-01 -7.041912895977979758e-01
1.145497642982620912e+00 -1.354882381425128735e-01 -6.497927466181807610e-01
1.071819572652580099e+00 -1.246597942696969774e-01 -6.077911860716443959e-01
1.019088628887117931e+00 -1.211476806964114084e-01 -5.792912190870427303e-01
9.862064631157003713e-01 -1.243221891110278254e-01 -5.655629618077666620e-01
9.719070731067591673e-01 -1.337980551745527880e-01 -5.679315638443649394e-01
9.750931400601358101e-01 -1.488153773505150324e-01 -5.872969439735300501e-01
9.944907760243099082e-01 -1.688338815881452737e-01 -6.246401517803655823e-01
1.028629849414367969e+00 -1.935551214055401537e-01 -6.810704993803418095e-01
1.075975965877496110e+00 -2.227093671907117711e-01 -7.576968452166777945e-01
1.134871983835183729e+00 -2.559109930314833470e-01 -8.546283900277797940e-01
1.203180790775881359e+00 -2.925535176352405120e-01 -9.681842201931606384e-01
1.279271810309042134e+00 -3.312948517202243259e-01 -1.093485169068813878e+00
1.362351300110800745e+00 -3.699028680515032974e-01 -1.225340375156344752e+00
1.452456471571680785e+00 -4.052621212300198117e-01 -1.358248195767596478e+00
1.549878351298027868e+00 -4.340817960901968142e-01 -1.486661981802160026e+00
1.653280750294436441e+00 -4.553121821257966051e-01 -1.605964981943570180e+00
1.760406535899633251e+00 -4.690362158756312683e-01 -1.711886109907343467e+00
1.868431320918737537e+00 -4.760300991373113133e-01 -1.800331759717951341e+00
1.974010694210653227e+00 -4.777932788917327311e-01 -1.867462960461817811e+00
2.073809208448787356e+00 -4.766633936490849432e-01 -1.911048911064996192e+00
2.165950473072034477e+00 -4.761324427768092171e-01 -1.934379235231840966e+00
2.248971935940679678e+00 -4.800861246514458447e-01 -1.942310287093474974e+00
2.321478003423894876e+00 -4.924856617832753525e-01 -1.939887476042977177e+00
2.382107257533296440e+00 -5.172715198108492896e-01 -1.932238486262824351e+00
2.430033520595352048e+00 -5.573296524817081821e-01 -1.923926851183618947e+00
2.466747495571644855e+00 -6.114771742272100408e-01 -1.917261419824157098e+00
2.494243142254825685e+00 -6.773692062677192371e-01 -1.913793412825228968e+00
2.514447803783560254e+00 -7.525870080473833212e-01 -1.914943298626307300e+00
2.529288757327637249e+00 -8.347233670369038627e-01 -1.922106463631590323e+00
2.540290944975363452e+00 -9.209450639154967977e-01 -1.935596419523043732e+00
2.547347602518569953e+00 -1.006425466739734098e+00 -1.951294594893413947e+00
2.550457381349829689e+00 -1.085584998171300164e+00 -1.964107860270174033e+00
2.550122097198438631e+00 -1.152643460688961063e+00 -1.969154819247752375e+00
2.547076861150043392e+00 -1.201778752149984975e+00 -1.961785454885564217e+00
2.540927419026396628e+00 -1.228309444463570266e+00 -1.938199848082766685e+00
2.526853643464552324e+00 -1.231809742856109890e+00 -1.897297197820103420e+00
2.498419077166776248e+00 -1.213216845293349166e+00 -1.838749015875609683e+00
2.448742889814476076e+00 -1.173844311584509192e+00 -1.762372788877689667e+00
2.370784058049335119e+00 -1.115299596356855716e+00 -1.668061632157697982e+00
2.259133582985677346e+00 -1.040520580833425690e+00 -1.557347902560779040e+00
2.115004568424352360e+00 -9.569652763906982829e-01 -1.438250754673684018e+00
1.942439023802914555e+00 -8.723591883642217715e-01 -1.319610531506701046e+00
1.746765794903106794e+00 -7.932105835859887266e-01 -1.209139866822239950e+00
1.534219766768742055e+00 -7.247339167225375078e-01 -1.113349225823733413e+00
1.311884388437532190e+00 -6.705757167249937201e-01 -1.037186788104345947e+00
1.088293048204699964e+00 -6.324166585858426171e-01 -9.835776364141342043e-01
8.710203239985556678e-01 -6.121118920382651041e-01 -9.560076700351582968e-01
6.660045049877303391e-01 -6.123502220248644434e-01 -9.592933519817544719e-01
4.775580265557917703e-01 -6.367412637882680082e-01 -9.996106613823628750e-01
3.071561098768627041e-01 -6.881825385728579381e-01 -1.081778035970674567e+00
1.503637257634494462e-01 -7.637368917414779634e-01 -1.201001948951634812e+00
2.512545168496069237e-03 -8.591925270085452038e-01 -1.350082604864790037e+00
-1.393251392985223602e-01 -9.705699268437788518e-01 -1.521928786648163445e+00
-2.760510730560047366e-01 -1.094072055971249569e+00 -1.709617596629822378e+00
-4.069824030712128615e-01 -1.225943978749082452e+00 -1.906443244250146662e+00
-5.320083973552944823e-01 -1.361931572849930605e+00 -2.105696692739281950e+00
-6.510379967892436781e-01 -1.497305827957074564e+00 -2.300557114744957943e+00
-7.638727395356943450e-01 -1.626929370360469918e+00 -2.484159756666165730e+00
-8.704617334380858606e-01 -1.745280259357610886e+00 -2.649628864201376999e+00
-9.707871235327506509e-01 -1.847636157830950587e+00 -2.791552481832076271e+00
-1.064067425894162922e+00 -1.933575026137097863e+00 -2.910361291407526529e+00
-1.149761740100389007e+00 -2.003737511544343874e+00 -3.007816120293631101e+00
-1.227789062852178370e+00 -2.058753323289231218e+00 -3.085497791394181899e+00
-1.298419974523699505e+00 -2.099280037588465486e+00 -3.144793011408248518e+00
-1.362276275657038127e+00 -2.126241935452315879e+00 -3.186713544913182705e+00
-1.420537219105538096e+00 -2.141440384836154731e+00 -3.211378716734792693e+00
-1.474547344021407858e+00 -2.146902022743182759e+00 -3.218594498080702415e+00
-1.525622647950449107e+00 -2.144630871033578412e+00 -3.208091829350746771e+00
-1.574976122646842169e+00 -2.136561105758629786e+00 -3.179575338897378423e+00
-1.623522040888399909e+00 -2.124045807331206071e+00 -3.132734127886871445e+00
-1.671430455077478339e+00 -2.106419017302719965e+00 -3.067170071865364722e+00
-1.718538590094641272e+00 -2.082332423521769726e+00 -2.982452142847983545e+00
-1.764415177179607053e+00 -2.050194358226153923e+00 -2.878174901985691925e+00
-1.808255838989073494e+00 -2.008165101745027492e+00 -2.754017474437781221e+00
-1.848059030192771957e+00 -1.954302485970995207e+00 -2.610223588812688345e+00
-1.878628781572553974e+00 -1.887186173047528559e+00 -2.448887977259377458e+00
-1.894083546959526743e+00 -1.805951125171627147e+00 -2.272783829440193415e+00
-1.888761660706584689e+00 -1.710265609938105280e+00 -2.084917299099699139e+00
-1.857388643940829143e+00 -1.600317231445155697e+00 -1.888433972902971769e+00
-1.796845263613820354e+00 -1.477603750673061267e+00 -1.686977197932255423e+00
-1.711284552856936259e+00 -1.347202751738192150e+00 -1.485863426085016314e+00
-1.607639535615402737e+00 -1.214567809796433195e+00 -1.290227753900857977e+00
-1.493974908033226301e+00 -1.084477807856391918e+00 -1.104469987330744196e+00
-1.379310040446372509e+00 -9.610338004931719968e-01 -9.323365635590654676e-01
-1.273667534710524629e+00 -8.475853053545643334e-01 -7.768442115194378328e-01
-1.188321458921559604e+00 -7.464446427015052343e-01 -6.399529949974109844e-01
-1.134119934016104114e+00 -6.598820702821015516e-01 -5.239171166502196719e-01
-1.121094416984905529e+00 -5.905177189591367393e-01 -4.316475904460668755e-01
-1.158512608083725359e+00 -5.413951399300407363e-01 -3.666416896038895978e-01
-1.251581015060828861e+00 -5.147788779747850541e-01 -3.314063076218976556e-01
-1.391494133659644472e+00 -5.083984725600129151e-01 -3.228452947723144395e-01
-1.566034029871420596e+00 -5.186441508579786586e-01 -3.359401971069766457e-01
-1.763197734293444174e+00 -5.415196050908032133e-01 -3.649581156386474401e-01
-1.971314206799232860e+00 -5.725191068031836306e-01 -4.034295917658645703e-01
-2.178919686917457632e+00 -6.068297669019624418e-01 -4.446404591449455435e-01
-2.374161145749684287e+00 -6.402585955070003720e-01 -4.832724387339218941e-01
-2.544949238353261478e+00 -6.689103928655039111e-01 -5.149671831501416719e-01
-2.678994694226752848e+00 -6.890376940577287446e-01 -5.361408385317378844e-01
-2.763787074491355522e+00 -6.970478661589795122e-01 -5.439883595927975657e-01
-2.790043261609862491e+00 -6.904633768252277370e-01 -5.374027730872437125e-01
-2.762076635336627728e+00 -6.708343260540680086e-01 -5.196764420666468709e-01
-2.687731701665727613e+00 -6.406875893228169971e-01 -4.948048840423650008e-01
-2.575029201699384096e+00 -6.024472988031108756e-01 -4.662152259075146299e-01
-2.432177064718440196e+00 -5.583717600078548227e-01 -4.366625409815410030e-01
-2.267655307081007710e+00 -5.103586309559497991e-01 -4.078641733241689105e-01
-2.090414377437868509e+00 -4.595712723469862482e-01 -3.797554885331753116e-01
-1.909416308339459523e+00 -4.072103774170039436e-01 -3.520839545377649760e-01
-1.733480209203143829e+00 -3.547812147328538446e-01 -3.249948374278754937e-01
-1.571254505642446286e+00 -3.041129058266335283e-01 -2.991529226169825639e-01
-1.431203638568790959e+00 -2.573269429774546757e-01 -2.757916134251438001e-01
-1.321614958196340117e+00 -2.167631592473901192e-01 -2.566865940788911060e-01
-1.250631824159029515e+00 -1.848715632637537853e-01 -2.440524159367955803e-01
-1.226317738397034285e+00 -1.640765288048814941e-01 -2.403620876551051666e-01
-1.256753785352294317e+00 -1.566156883265455990e-01 -2.480917521201488063e-01
-1.350129006570578438e+00 -1.644533948635930609e-01 -2.695255876980839349e-01
-1.514733281803726461e+00 -1.894615030495163666e-01 -3.068917641214103376e-01
-1.759072217957302176e+00 -2.331599627849231249e-01 -3.620046626021630187e-01
-2.091860314700217938e+00 -2.966794414718961215e-01 -4.362466109871260267e-01
-2.521954136708975724e+00 -3.808481042726295507e-01 -5.307188146312511456e-01
-3.058267526982830997e+00 -4.863182797066614160e-01 -6.464349039133263641e-01
-3.709673851306009240e+00 -6.137411315276155577e-01 -7.845523112542285293e-01
-4.484898832844383065e+00 -7.639944845910817683e-01 -9.466375109410936073e-01
-5.392405187063555871e+00 -9.384649704492395994e-01 -1.134962839852744709e+00
