-1.739430944816087177e+01 -5.009730402110349701e+01 -9.027157321934646816e+00
-1.564303343561349458e+01 -4.295631930839481782e+01 -7.368719388683486748e+00
-1.391754327644215294e+01 -3.625475229275779299e+01 -5.976086622999900122e+00
-1.217839286922435704e+01 -3.000684163008157768e+01 -4.918397019783159685e+00
-1.040892574902240497e+01 -2.422956608513639409e+01 -4.228375849581941459e+00
-8.611259275308050576e+00 -1.893819677360551168e+01 -3.907602332413244284e+00
-6.801979362992375044e+00 -1.414196108137947938e+01 -3.932077583521427666e+00
-5.007782542167183770e+00 -9.840573983514026679e+00 -4.258072591840339705e+00
-3.261318608331752689e+00 -6.022122356103361440e+00 -4.828087465812863854e+00
-1.597467305055123132e+00 -2.662515084415810751e+00 -5.576663225248522870e+00
-5.022426103367781669e-02 2.735440318360449208e-01 -6.435766072172322438e+00
1.349624899122281674e+00 2.826897159733672282e+00 -7.340842872826588206e+00
2.580826726634992685e+00 5.024460617384793437e+00 -8.247271385569696633e+00
3.638912399897580308e+00 6.877550678233341763e+00 -9.140181754221938348e+00
4.533105469396659259e+00 8.385730975951503297e+00 -1.002942848102300388e+01
5.281882716281508294e+00 9.539670751325035170e+00 -1.094367767369014288e+01
5.908335399587389070e+00 1.032365445857598019e+01 -1.192474835219810458e+01
6.434990355154535990e+00 1.071703770662959343e+01 -1.302209962464627324e+01
6.877890752803052621e+00 1.069434556878146303e+01 -1.428738544392240861e+01
7.239819630990805166e+00 1.022412899353168747e+01 -1.576895207499727469e+01
7.502582190611008173e+00 9.267142115393040669e+00 -1.750601825932880828e+01
7.618766863611174500e+00 7.785609118561406916e+00 -1.951761450906628070e+01
7.516288720265144718e+00 5.781573031476516356e+00 -2.178703846218418150e+01
7.118428349717650150e+00 3.276896215636547982e+00 -2.428258717268532507e+01
6.355963396144727717e+00 3.049876762562426791e-01 -2.696783065307598903e+01
5.177281629667845664e+00 -3.090419949986180637e+00 -2.980735629081220495e+01
3.641722425554518416e+00 -6.422809674828394044e+00 -3.232007937590407920e+01
1.904641262140466029e+00 -9.206009339056926422e+00 -3.404976523276916112e+01
8.875306064577692666e-02 -1.139953711445529905e+01 -3.501511690438294266e+01
-1.680476487638109084e+00 -1.297940841887390739e+01 -3.524735724915948509e+01
-3.290552249776472316e+00 -1.394160018765980880e+01 -3.478423943278578889e+01
-4.671548635744817268e+00 -1.430653942679303192e+01 -3.365975523646272194e+01
-5.849686795397778027e+00 -1.412290590659331180e+01 -3.188523697093016551e+01
-6.899237643911721563e+00 -1.344392254773478967e+01 -2.945617534190336428e+01
-7.916879316862086569e+00 -1.232348720649006601e+01 -2.635918749143763762e+01
-9.010824274179583426e+00 -1.081807868392951910e+01 -2.257575088211478231e+01
-1.008466444227416403e+01 -9.275724868794624101e+00 -1.860786079059695197e+01
-1.097503970446187793e+01 -7.999808433538671437e+00 -1.495872960294472875e+01
-1.167971055832647309e+01 -6.972754965440782549e+00 -1.160908537259843953e+01
-1.218367293751573577e+01 -6.166499920493137665e+00 -8.539043558924591437e+00
-1.246331954916631446e+01 -5.545806422311724049e+00 -5.728559910349678930e+00
-1.248818619464142898e+01 -5.074725119378823202e+00 -3.160251562638198841e+00
-1.222214886425934566e+01 -4.728092490313424712e+00 -8.264241860866938794e-01
-1.163487518996731751e+01 -4.484047951888411099e+00 1.275562555438030099e+00
-1.070320736020122254e+01 -4.321693491011619592e+00 3.145572189313500910e+00
-9.410037711929367887e+00 -4.221447557589801391e+00 4.781383476262567100e+00
-7.998667652512342130e+00 -4.139248403173866997e+00 6.210908370105194365e+00
-6.717221254879762959e+00 -4.038572316564684961e+00 7.460438888138859248e+00
-5.561557954934206904e+00 -3.910503021547634628e+00 8.525652160804117585e+00
-4.529581037091728213e+00 -3.744560747887794250e+00 9.403781880876687538e+00
-3.620755056598381927e+00 -3.529672579810434030e+00 1.009310913613883542e+01
-2.835012182792315372e+00 -3.256244593055740655e+00 1.059220007393443197e+01
-2.170279675888946436e+00 -2.920806917375681877e+00 1.089869731500440508e+01
-1.623878992835400048e+00 -2.523407668876763044e+00 1.100960238073113295e+01
-1.193322955388560924e+00 -2.066158004086103617e+00 1.092167146591228466e+01
-8.765862690901387033e-01 -1.552768230706549124e+00 1.063169938807344472e+01
-6.132148568268571687e-01 -1.023632227227644353e+00 1.017067083157370710e+01
-3.437421521871011354e-01 -5.194907189597839370e-01 9.570469196089641528e+00
-6.878734873076797207e-02 -4.515216126805920993e-02 8.829952045797609728e+00
2.100985037802944877e-01 3.953997543310467933e-01 7.948583476949396598e+00
4.903605971414175535e-01 7.994752839475667283e-01 6.926332310218901611e+00
7.679416245653332140e-01 1.166244268587821598e+00 5.763599368763025588e+00
1.036726394876224422e+00 1.497277659111607262e+00 4.461336116963236620e+00
1.291410303598159892e+00 1.796216290781580849e+00 3.021051075773982575e+00
1.528593176999333725e+00 2.068900499154901595e+00 1.444721766858720891e+00
1.747241703954977687e+00 2.323661868515543460e+00 -2.652769332386621937e-01
1.927578911873045531e+00 2.572187789752573117e+00 -2.037730199401345033e+00
2.053123175959734148e+00 2.826338332742640347e+00 -3.800972640762849686e+00
2.131511916452176081e+00 3.097708649650565249e+00 -5.551637999981377192e+00
2.172509710833233854e+00 3.399193430634301905e+00 -7.286269556876354692e+00
2.187804129033205314e+00 3.745049104363432857e+00 -9.001186913083390806e+00
2.189732159277691270e+00 4.148846773799888865e+00 -1.069326071009698254e+01
2.186443049670401706e+00 4.614824520177228884e+00 -1.236329083830211673e+01
2.182433992956504643e+00 5.140353275600323180e+00 -1.401390463622589522e+01
2.179636791101855486e+00 5.717677518028677852e+00 -1.564895668260888684e+01
2.177846270849007837e+00 6.334067159158927041e+00 -1.727388685785049915e+01
2.183227942279897249e+00 6.935420358656507744e+00 -1.869979054415179576e+01
2.192839237227026672e+00 7.447598881577966345e+00 -1.974257241628979642e+01
2.191511852495557022e+00 7.824608731750216428e+00 -2.041780112430688021e+01
2.164554177772195054e+00 8.023575185851269609e+00 -2.074175660617000716e+01
2.097792813194019779e+00 8.007843528892891527e+00 -2.072931418958096117e+01
1.978868857300015272e+00 7.755766325605042866e+00 -2.038910390208835111e+01
1.801956678752637764e+00 7.279083873322824694e+00 -1.971516556001780174e+01
1.563869288634517574e+00 6.602906643047568913e+00 -1.869559198257485022e+01
1.263008021250055180e+00 5.756961548981355037e+00 -1.731685088052431354e+01
8.995417935472285187e-01 4.772621373412946788e+00 -1.556562604213321421e+01
5.430920087398813934e-01 3.814038990861704725e+00 -1.368457439199217163e+01
2.690154425259296822e-01 3.029488465767356864e+00 -1.192408829503402856e+01
8.644633956809100184e-02 2.421015115995393874e+00 -1.028592430208716557e+01
2.548935729631551794e-03 1.985640420952401008e+00 -8.773470593757467739e+00
2.163249166372249732e-02 1.717354421991259539e+00 -7.389992854978634895e+00
1.437127291793443007e-01 1.607888956811644343e+00 -6.137320040137917765e+00
3.635704221003470682e-01 1.646219478702296790e+00 -5.015765946627690042e+00
6.760797618660395747e-01 1.825198048418132490e+00 -4.023624205388984798e+00
1.077698820888283393e+00 2.141827018841433450e+00 -3.158172294418774673e+00
1.566720380878910968e+00 2.595790684287626604e+00 -2.416972127957738081e+00
2.024881177064865589e+00 3.068952347989530427e+00 -1.901585231437126433e+00
2.340475576109076083e+00 3.442011501687087360e+00 -1.719906923768421025e+00
2.522220826241306391e+00 3.713059336849474867e+00 -1.879992705141872333e+00
2.575254966608555129e+00 3.878202553731989077e+00 -2.388931278139368786e+00
2.498151613455174669e+00 3.930707234273103090e+00 -3.251568763237676407e+00
2.279956328108668995e+00 3.861567627009982573e+00 -4.467833103220475444e+00
1.900683314584195038e+00 3.664617146274598447e+00 -6.028206899565587307e+00
1.336803564492497154e+00 3.335571722487449264e+00 -7.918589667058740567e+00
5.653225157791066380e-01 2.872195391448692625e+00 -1.012313438563410095e+01
-4.326118936683704952e-01 2.275190166556662064e+00 -1.262613600458774243e+01
-1.579779903879416914e+00 1.565624351188962926e+00 -1.503988361123234618e+01
-2.768182667827155718e+00 7.767404894287350814e-01 -1.698686764448488873e+01
-3.960511559142834148e+00 -7.107295872872843034e-02 -1.847316308718828282e+01
-5.115733636554683272e+00 -9.608655564170964780e-01 -1.951164736101318553e+01
-6.192391765088769873e+00 -1.881139932984003060e+00 -2.012161208150122604e+01
-7.156831103411137818e+00 -2.829273118743842907e+00 -2.032584547528056262e+01
-8.002515003314927711e+00 -3.816832552802543965e+00 -2.014053497206493049e+01
-8.737008360829580766e+00 -4.860891807722449443e+00 -1.957620143041193828e+01
-9.374979723444102575e+00 -5.980555667338728121e+00 -1.863955469071678550e+01
-9.935964243154149500e+00 -7.195848847565858186e+00 -1.733407144623322793e+01
-1.026589633869220997e+01 -8.232667829137575666e+00 -1.581804536620183299e+01
-1.021999053444790206e+01 -8.799942662156432505e+00 -1.422677291891777784e+01
-9.834931382812186484e+00 -8.890141369345373690e+00 -1.252419035286194315e+01
-9.146315584674734822e+00 -8.494029676513651594e+00 -1.067360880771924947e+01
-8.185572329363512978e+00 -7.601657239881626893e+00 -8.641581522029893492e+00
-6.975619413618271203e+00 -6.202928055523786455e+00 -6.402380795746010378e+00
-5.526925516313420772e+00 -4.288154771544991917e+00 -3.942409388920934177e+00
-3.841668988152149300e+00 -1.847719929362183766e+00 -1.257368738521281504e+00
-1.913893216429851885e+00 1.128307649561925530e+00 1.647774995936905018e+00
2.715998059999240599e-01 4.650336442149640703e+00 4.757644422660739281e+00
2.501650967156543004e+00 8.248695376845681437e+00 7.673622676733191206e+00
4.576238375185963214e+00 1.144878568289794352e+01 9.989070183713364415e+00
6.531052117205135232e+00 1.424987271024946978e+01 1.167131594591148058e+01
8.391721721215480656e+00 1.664450222246027167e+01 1.269257534584077263e+01
1.017246214392853254e+01 1.861707428452807989e+01 1.303079325893306617e+01
1.187160028004911894e+01 2.014216770304808790e+01 1.267451127160749280e+01
1.346081401389260179e+01 2.118459753158754566e+01 1.163770207449880800e+01
1.489542407145966507e+01 2.170691140808417430e+01 9.952563286731521686e+00
1.612205773588610569e+01 2.167473671447603323e+01 7.663896147345656829e+00
1.708373666778260969e+01 2.106078558940683010e+01 4.825714204667139740e+00
1.771640034812134346e+01 2.003522227254011767e+01 1.887387343660817507e+00
1.799212861742021730e+01 1.880841394474834516e+01 -7.147441458644401280e-01
1.791383683288913531e+01 1.742498560474482261e+01 -2.945875710326840036e+00
1.749068352879329780e+01 1.593205572892022204e+01 -4.778503865678185747e+00
1.673659920658866440e+01 1.437515311750919977e+01 -6.194134875110727023e+00
1.566873022869094001e+01 1.279159549153175490e+01 -7.188404737272815481e+00
1.430460775588277400e+01 1.119909296229442042e+01 -7.780318857211573125e+00
1.265754397145889598e+01 9.602795979219038713e+00 -7.994214219487068007e+00
1.073663941690493573e+01 7.999716792835566359e+00 -7.853878382107852829e+00
8.547725702094073341e+00 6.380647865157079934e+00 -7.381608918357652982e+00
6.435152093039905097e+00 4.993662342164086887e+00 -6.808808653514846654e+00
4.743693652332058974e+00 4.086112949552569873e+00 -6.358313027838065068e+00
3.475504535249169358e+00 3.648177487683131659e+00 -6.032440480282780015e+00
2.629537127932124907e+00 3.674787993512300233e+00 -5.828501662129049521e+00
2.201587219258809291e+00 4.164789929395885437e+00 -5.741726677763689501e+00
2.184745642716254821e+00 5.120553652053517091e+00 -5.767630010528482565e+00
2.571293476248525334e+00 6.548444097395452523e+00 -5.902079854423388561e+00
3.353334444102181067e+00 8.456299331983604617e+00 -6.142276317949272979e+00
4.524193281988283744e+00 1.085159616268225946e+01 -6.486704313046987025e+00
6.080203989765275097e+00 1.374009421890537830e+01 -6.934636830281609932e+00
7.770266273234035737e+00 1.651476254669355370e+01 -7.309800980838255136e+00
9.358951569503355827e+00 1.856018771379191890e+01 -7.436947375966799889e+00
1.086870939171799044e+01 1.986591528522950512e+01 -7.317383512232431109e+00
1.231883857176301333e+01 2.041917173999277679e+01 -6.953843723244460762e+00
1.372271200317764972e+01 2.020454903323050644e+01 -6.351930170999098735e+00
1.508279815836696969e+01 1.920497864713281899e+01 -5.522908997236504192e+00
1.638261461060758606e+01 1.740772606241218767e+01 -4.486789919566211537e+00
1.759429661606931461e+01 1.480550234214728178e+01 -3.262876229669550376e+00
1.868294670202530483e+01 1.139705262648246986e+01 -1.863872296288507258e+00
1.960915369309773837e+01 7.188253410155144962e+00 -2.917346557744595614e-01
2.010752703495304416e+01 2.859071025280145228e+00 1.140396184577544325e+00
1.994228555226615995e+01 -8.896547878232299311e-01 2.143282231232853441e+00
1.912328023984073866e+01 -4.015820847539251837e+00 2.760629555330270879e+00
1.766801158248597758e+01 -6.482032683549314278e+00 3.030908303446576024e+00
1.559977785152221763e+01 -8.259730992959356755e+00 2.981965240112612214e+00
1.294511636779249208e+01 -9.334545714438130304e+00 2.622863061480600777e+00
9.729950373115782369e+00 -9.711927929287973882e+00 1.930835131036678254e+00
5.977554864457063744e+00 -9.410803153007273991e+00 8.625201778363653649e-01
1.707514725619634355e+00 -8.459768618074134494e+00 -6.358270102869385543e-01
-3.065096481905873915e+00 -6.894109683106241171e+00 -2.620971034067464345e+00
-7.577563959828442997e+00 -5.290340706788703606e+00 -4.755269102139870085e+00
-1.108229698155939147e+01 -4.206634179253659234e+00 -6.650558367906232782e+00
-1.358823686396212338e+01 -3.642584471285903902e+00 -8.282889255387058114e+00
-1.510052442586889043e+01 -3.584797664242194593e+00 -9.629080142426516886e+00
-1.561993062200843951e+01 -4.009278935984282199e+00 -1.067230686187484068e+01
-1.514295730120457151e+01 -4.886075692666784320e+00 -1.140551960322774683e+01
-1.366383190357077737e+01 -6.189614513115090588e+00 -1.182844281510801210e+01
-1.117457135204877439e+01 -7.897091569626434548e+00 -1.194899042307127957e+01
-7.665633606228711372e+00 -9.987610895627227592e+00 -1.178245398908531349e+01
-3.126898927941319517e+00 -1.244278450612260656e+01 -1.134968231500466374e+01
1.497695848045088374e+00 -1.466591005066971931e+01 -1.097148173318010400e+01
5.242008938174408605e+00 -1.608146139150703391e+01 -1.093657117635319054e+01
8.079930527355553949e+00 -1.670819242972059016e+01 -1.121238109679431183e+01
9.983370743788210433e+00 -1.656883357920315802e+01 -1.175823594473663647e+01
1.092441837004869853e+01 -1.568939248559459543e+01 -1.252919462734402956e+01
1.087907119501342201e+01 -1.409588323375083974e+01 -1.348041324056628021e+01
9.833648684461831380e+00 -1.180605627258587376e+01 -1.457143759927607718e+01
7.780483013065747855e+00 -8.833181310111953621e+00 -1.576443423796286858e+01
4.716645494726796173e+00 -5.187483972650266395e+00 -1.702569933141219138e+01
6.442026105305584949e-01 -8.757624307599627400e-01 -1.832829507488218113e+01
-3.459646470307541577e+00 3.323617242430702223e+00 -1.944791811744402565e+01
-6.603331597386924656e+00 6.637738887715689096e+00 -2.021164351880954868e+01
-8.763247708013953030e+00 9.069445346120925677e+00 -2.067166380757674560e+01
-9.921368660522256633e+00 1.061935434457088689e+01 -2.087172818156383158e+01
-1.006570384235950577e+01 1.128535679573804806e+01 -2.084423709119857904e+01
-9.193620978574069014e+00 1.106324074502452248e+01 -2.060547599921801520e+01
-7.319974745746732125e+00 9.950338679954583654e+00 -2.014943079593885500e+01
-4.464983874227621108e+00 7.945277374683647587e+00 -1.945903797242676703e+01
-6.467946735919642975e-01 5.050281029669383415e+00 -1.851556702840244384e+01
4.123191175567914257e+00 1.274336461755392946e+00 -1.730602055082523094e+01
8.946135868796435631e+00 -2.591309082067638769e+00 -1.603493636313976722e+01
1.293510797559601855e+01 -5.747532347371385519e+00 -1.492673439773499133e+01
1.610409971554307162e+01 -8.168184503938615393e+00 -1.400924315507898399e+01
1.846341684311887832e+01 -9.831264891570643982e+00 -1.330849807965221920e+01
2.001558754178842392e+01 -1.072151453037172786e+01 -1.284264089606607939e+01
2.075048890976995253e+01 -1.084082404853208459e+01 -1.261085722714030943e+01
2.064025257019636328e+01 -1.023415121850475984e+01 -1.257361663485612979e+01
1.964615706461209044e+01 -8.966821912839137099e+00 -1.267105977512715675e+01
1.772762074739357985e+01 -7.112034467720179443e+00 -1.283729678753348935e+01
1.484942623379292925e+01 -4.743991980711520284e+00 -1.300968054211900693e+01
1.168284033453508641e+01 -2.397882042511523260e+00 -1.315568767908993664e+01
8.940303306224176794e+00 -5.505754427579674370e-01 -1.330240083890484648e+01
6.656189594264390053e+00 8.191775757700741067e-01 -1.348673929927853798e+01
4.862529647806014488e+00 1.732994266748439038e+00 -1.374459904764421125e+01
3.586226263083266197e+00 2.206367401662435945e+00 -1.410557155560146114e+01
2.843884744958418587e+00 2.247148093266353897e+00 -1.458732948807742602e+01
2.631420584113272287e+00 1.865875500089303252e+00 -1.518979975851365793e+01
2.932429210369588368e+00 1.061189756640604109e+00 -1.589659538530059280e+01
3.723817113273683255e+00 -1.784188730368709841e-01 -1.668032630259880378e+01
4.979013506041741977e+00 -1.867254781656485285e+00 -1.750799009883221302e+01
6.150557192504615855e+00 -3.525640942990150961e+00 -1.808662622732727954e+01
6.720838155359928123e+00 -4.613758178484055783e+00 -1.817619764287095308e+01
6.710701649721646511e+00 -5.055423132409089249e+00 -1.782652884404700444e+01
6.140601051262601473e+00 -4.784857119541537251e+00 -1.708625087432097089e+01
5.023766724664104011e+00 -3.755781931003898677e+00 -1.599345230903752757e+01
3.359136980291201002e+00 -1.953894293180713504e+00 -1.456522386737117714e+01
1.130140761536967187e+00 5.903047241472592077e-01 -1.279191247071142890e+01
-1.690895756696466190e+00 3.825179234215109414e+00 -1.064627924605992071e+01
-5.138076175924004119e+00 7.687259074028009564e+00 -8.089017691915925568e+00
-9.247226235127822491e+00 1.210484228215606350e+01 -5.072778883440729913e+00
-1.325176583988664802e+01 1.616881479338136884e+01 -2.165326122444587220e+00
-1.633761676438618693e+01 1.904261597553845320e+01 2.271224928894710615e-02
-1.845975608760210207e+01 2.078111266680829772e+01 1.461995171713512676e+00
-1.956764283671500948e+01 2.146205948244146811e+01 2.106774809762818279e+00
-1.961143175695020702e+01 2.117807478478459871e+01 1.900916430797404466e+00
-1.854921936279129469e+01 2.002601262737506005e+01 7.840178365756651502e-01
-1.635602953200417176e+01 1.809370505489559378e+01 -1.302615984383874270e+00
-1.301823679028168712e+01 1.546132931467193750e+01 -4.415538494547380566e+00
-8.531510918558703693e+00 1.219967929231860282e+01 -8.607991735334469041e+00
-2.900739335902149385e+00 8.366339153554031682e+00 -1.392847869089516877e+01
2.776799764180382990e+00 4.735174258699045957e+00 -1.936425714340138882e+01
7.395586846883190901e+00 1.976498603287602407e+00 -2.383893491323717129e+01
1.093823659887545041e+01 -1.362252719240331089e-02 -2.730372156826308228e+01
1.339616330353587870e+01 -1.327647898777838620e+00 -2.971370818158371563e+01
1.476944811859506679e+01 -2.042347218109075158e+00 -3.102850170681184494e+01
1.506722036260471675e+01 -2.212559883906774161e+00 -3.121265397662864771e+01
1.430889924777680910e+01 -1.861533516205872374e+00 -3.023593284685794913e+01
1.252232620626959125e+01 -9.859285499674399489e-01 -2.807379076419548980e+01
9.742422527214527506e+00 4.413623876931431766e-01 -2.470781618393326085e+01
6.010360415395543221e+00 2.470132085178940784e+00 -2.012655064839475827e+01
2.099650192022805228e+00 4.646439318252737927e+00 -1.520338312688538629e+01
-1.252386610976192749e+00 6.488638589804635259e+00 -1.082618417257477716e+01
-4.057656110385921444e+00 8.012314330016030439e+00 -7.008252544509169013e+00
-6.331708667979843774e+00 9.221622395510726378e+00 -3.758733860873559873e+00
-8.093235355578123347e+00 1.010996549899569175e+01 -1.082122024790332482e+00
-9.363784909565362469e+00 1.066043512862199094e+01 1.023761112336737611e+00
-1.016820475457055650e+01 1.084376889237919528e+01 2.572679572707032403e+00
-1.053339902740489897e+01 1.061934488190456705e+01 3.585503604291266466e+00
-1.048640255137807920e+01 9.940952718940764044e+00 4.086562528474049216e+00
-1.005246514036678462e+01 8.762531068942868373e+00 4.100402149366969340e+00
-9.492403186838973994e+00 7.539240274996924285e+00 3.939216164394619302e+00
-9.045625170548071026e+00 6.756528452350371694e+00 3.884524983892187144e+00
-8.704836590920931982e+00 6.415259055992297732e+00 3.916389229404784178e+00
-8.466168824782931424e+00 6.513680246855815703e+00 4.023184401757626816e+00
-8.329950290971851246e+00 7.047145917474852084e+00 4.205704183422575682e+00
-8.300554110974600164e+00 8.009633607302104608e+00 4.478985522916932638e+00
-8.383444402495539904e+00 9.399821424705786299e+00 4.865904152306664621e+00
-8.586091068520909531e+00 1.121539968796485987e+01 5.396839149083715981e+00
-8.917427101702754655e+00 1.345136229274442385e+01 6.106425752306236632e+00
-9.386481661072956229e+00 1.610075732388395764e+01 7.028686736026045878e+00
-9.835922981541520116e+00 1.852846239300156128e+01 7.916490749817554295e+00
-1.008692891715707063e+01 2.013257843910744072e+01 8.454364179885921260e+00
-1.011357703741491498e+01 2.095962932828957292e+01 8.566285739514610142e+00
-9.889805719752724045e+00 2.105752811256097345e+01 8.177192750051556658e+00
-9.392464421898958804e+00 2.046889224284662134e+01 7.220328173881346956e+00
-8.606088261313132648e+00 1.922094700935895162e+01 5.648502478358069290e+00
-7.528976948096588018e+00 1.731583956663827806e+01 3.450765210584909148e+00
-6.165141214038489359e+00 1.474340669507967050e+01 6.331241419492981137e-01
-4.520444016767199535e+00 1.148756009226156571e+01 -2.790217218500051999e+00
-2.600758373831960402e+00 7.529962212302867108e+00 -6.800230146305406009e+00
-7.006412567608293340e-01 3.465393394585034592e+00 -1.083462687238138322e+01
8.874871499443850453e-01 -1.061364688581578619e-01 -1.433394410254228468e+01
2.165139864433545558e+00 -3.185462383358725447e+00 -1.728944365843823050e+01
3.136736497500548282e+00 -5.764053114617436080e+00 -1.970072723880435817e+01
3.808103091897436787e+00 -7.827500367907204826e+00 -2.157339391802441853e+01
4.183554510403103777e+00 -9.362024297772503445e+00 -2.291564175626042044e+01
4.259539549776341971e+00 -1.036785412665190265e+01 -2.373183931351277209e+01
4.027429457106804556e+00 -1.085287064063925655e+01 -2.402270949693507873e+01
3.475703331810233276e+00 -1.082876902320919399e+01 -2.378662136855830767e+01
2.591008128012823875e+00 -1.030982948265965859e+01 -2.302027752155686358e+01
1.536953139943643354e+00 -9.405148823657851764e+00 -2.186546423540044515e+01
4.807552799013719014e-01 -8.219541095368427364e+00 -2.046222398988429347e+01
-5.854587071215503480e-01 -6.761113700816656191e+00 -1.880405284414685951e+01
-1.668051173098098694e+00 -5.036297680203734473e+00 -1.688524908913520051e+01
-2.771332571417129298e+00 -3.049300950397777044e+00 -1.470142844654943204e+01
-3.896697525510862459e+00 -8.011438277789517670e-01 -1.225014716409284077e+01
-5.041639748413837552e+00 1.711449627026764730e+00 -9.531384723733051345e+00
-6.201234173172992747e+00 4.494044671704483740e+00 -6.546769001917311037e+00
-7.368389345256303180e+00 7.554004175058246950e+00 -3.299432233961012706e+00
-8.533668094323170195e+00 1.090051568025809914e+01 2.059102016544684943e-01
-9.548550200641303221e+00 1.416640626808382031e+01 3.566414070882713894e+00
-1.026499267595728249e+01 1.698330875725792311e+01 6.379211190622648076e+00
-1.067459366464564674e+01 1.935736818268153669e+01 8.639095066098956721e+00
-1.077208864067912941e+01 2.129097605198488807e+01 1.034199851403019821e+01
-1.055562784981811575e+01 2.278245260700642660e+01 1.148511701136872531e+01
-1.002941329285223482e+01 2.382392576307819709e+01 1.206874731255879851e+01
-9.211398355989929954e+00 2.439607152502074783e+01 1.210221423403491769e+01
-8.125603367040705294e+00 2.447614080251431545e+01 1.159953125245129968e+01
-6.796745922252219962e+00 2.404359681282871009e+01 1.057631204215457288e+01
-5.246874239520517236e+00 2.308378065040141891e+01 9.047832277243358590e+00
-3.704585338694716512e+00 2.190840734654159050e+01 7.426996347569580159e+00
-2.385822292029017078e+00 2.084266366182693986e+01 6.123016755240733744e+00
-1.289531948873003708e+00 1.989796636950317321e+01 5.143759685470428167e+00
-4.157192466897711158e-01 1.908298685853992893e+01 4.496822085624496701e+00
2.330872385941779590e-01 1.840121838911317553e+01 4.189749635565283015e+00
6.542742524440486873e-01 1.784939060445270798e+01 4.225523357832330795e+00
8.551843168344914758e-01 1.741810011463182661e+01 4.589256501212725325e+00
8.417323520879594900e-01 1.709041985388481777e+01 5.262444667311971358e+00
6.170213789896384915e-01 1.684530765228799254e+01 6.226998284454023924e+00
1.837920997248149724e-01 1.666206514830607333e+01 7.464857222886911003e+00
-2.811368719101771663e-01 1.636313098127138943e+01 8.503155204625709729e+00
-5.745951336892368699e-01 1.581976768277449708e+01 8.864810671669435038e+00
-6.581856126022052056e-01 1.508339584463272942e+01 8.530372613704308549e+00
-5.035409492932129139e-01 1.419304750709740937e+01 7.486863763649295400e+00
-9.653121944210030225e-02 1.316637114165948574e+01 5.727141565247901411e+00
5.550380195991845289e-01 1.199001326428380310e+01 3.252693178762019244e+00
1.412429162840527441e+00 1.061787186588724552e+01 8.218409039038743202e-02
2.424759640176028075e+00 8.987995063575226595e+00 -3.761242289757377399e+00
3.536145215446315326e+00 7.032119414747955766e+00 -8.252781583708555857e+00
4.688802204953089969e+00 4.682501817495126062e+00 -1.336530287395114058e+01
5.612356506033626680e+00 2.264592903535135093e+00 -1.816071344715207658e+01
6.098678574850735501e+00 1.925166455946634159e-01 -2.172054373503115698e+01
6.198478901171517563e+00 -1.448686241619343562e+00 -2.405268510104890822e+01
5.976063831798560599e+00 -2.562519253289758936e+00 -2.517431378439456680e+01
5.501431822388465953e+00 -3.051891558691121276e+00 -2.511004403238671756e+01
4.840519666297470991e+00 -2.831619031511984019e+00 -2.388830679189261730e+01
4.044670279146205694e+00 -1.842903918657691875e+00 -2.153642184134213267e+01
3.149883280394590201e+00 -4.528805477436748106e-02 -1.807776944526983698e+01
2.175996652521582142e+00 2.585715913755250561e+00 -1.352960172560043972e+01
1.125333938227777830e+00 6.057679213165662269e+00 -7.900845496247955957e+00
1.036146877919806586e-01 9.757670180685664718e+00 -2.173401560246428943e+00
-8.089508656768702455e-01 1.303644288785448246e+01 2.692085690730779746e+00
-1.654122125169374735e+00 1.584168493720787652e+01 6.723579246370898765e+00
-2.462172132653222434e+00 1.813228278005023597e+01 9.944312249677219384e+00
-3.251000102047763907e+00 1.987922055774860297e+01 1.237118430312812478e+01
-4.023077923181926252e+00 2.106918526461183916e+01 1.401049810967506204e+01
-4.757075822515356656e+00 2.171478105717282503e+01 1.484779205250492140e+01
-5.415591503444264099e+00 2.184817598358950619e+01 1.485779280119103340e+01
-5.951949902437566386e+00 2.151344063402310880e+01 1.401161060418710136e+01
-6.314825446366856276e+00 2.075997796891726921e+01 1.228092723155244137e+01
-6.443091277935834249e+00 1.968960597774975696e+01 9.976520374967432048e+00
-6.293450104799211964e+00 1.838173585728611670e+01 7.418171319052250468e+00
-5.845970489327574349e+00 1.684274290862104451e+01 4.598922665968784074e+00
-5.089586734490686659e+00 1.506402654868702129e+01 1.519575890429883280e+00
-4.024191247442948871e+00 1.301859622334847799e+01 -1.810252851719890366e+00
-2.664755640431185846e+00 1.065890932912158817e+01 -5.368157708388329397e+00
-1.045687246549634519e+00 7.926262514394806225e+00 -9.114263723894271862e+00
7.882664930860630026e-01 4.764827475495114761e+00 -1.300689896461459583e+01
2.784791046375985513e+00 1.126347738856546599e+00 -1.700811484156275100e+01
4.885019748238335069e+00 -3.026757905941044768e+00 -2.108606602795293483e+01
6.680876357056224180e+00 -7.041184386205417312e+00 -2.458433769556544846e+01
7.810086880822110444e+00 -1.018621242497967039e+01 -2.689997953342960813e+01
8.298416216982834825e+00 -1.236439635926379310e+01 -2.809223769137549453e+01
8.197087122258029268e+00 -1.347482416809949335e+01 -2.822073820818423329e+01
7.580443057227932435e+00 -1.342360101717880028e+01 -2.733753668694121686e+01
6.544386831322368536e+00 -1.213865085298916036e+01 -2.547570726264670427e+01
5.206290333747851662e+00 -9.589418768178418873e+00 -2.263674455842346589e+01
3.693140942924243220e+00 -5.765690044854084206e+00 -1.880655159469981186e+01
2.134433620489170291e+00 -6.675678237346236443e-01 -1.396636768998327227e+01
6.570726330606974086e-01 5.699087278669933809e+00 -8.100014996488258845e+00
-3.956680151600606710e-01 1.204412283835636899e+01 -2.338037537221636875e+00
-8.523034832234452907e-01 1.705723733591056401e+01 2.173263633087481494e+00
-8.530521718816862498e-01 2.071181160328294624e+01 5.415772453411682008e+00
-5.389707572005932867e-01 2.299084373792027591e+01 7.371424976430227538e+00
-4.562410031168706581e-02 2.388049442320103921e+01 8.029491319917891445e+00
5.041907139523127412e-01 2.336214678547442958e+01 7.396692357941829776e+00
1.008332375810829351e+00 2.140423729776001949e+01 5.511268572392936882e+00
1.382842478605480485e+00 1.796733038432684282e+01 2.429255851449100057e+00
1.559885449758187548e+00 1.300946935680129712e+01 -1.784910200196687668e+00
1.486725806820113682e+00 6.490334226410290341e+00 -7.064439438422653872e+00
1.194979848980006976e+00 -3.184584948180546604e-01 -1.233454173527688980e+01
7.966831705409436193e-01 -6.094440676214644803e+00 -1.659023398094801749e+01
3.613377165977713634e-01 -1.079616389593504699e+01 -1.987776010555298711e+01
-5.319065804309963674e-02 -1.438202632907115230e+01 -2.224812844964034042e+01
-4.000291164715696901e-01 -1.681305865065829863e+01 -2.375229045009533024e+01
-6.442815442474212340e-01 -1.805883844205379418e+01 -2.443367328029241392e+01
-7.672374512587722961e-01 -1.810977888285167836e+01 -2.431553021597077446e+01
-7.587483881560057597e-01 -1.696648646602223920e+01 -2.340795037005647572e+01
-6.101196450501822355e-01 -1.463330982071780895e+01 -2.171517244316580886e+01
-3.083212718548353770e-01 -1.111524374739018839e+01 -1.924102351020120238e+01
7.615766064329454466e-02 -7.148008472778034417e+00 -1.648610102831577251e+01
4.625367589676612212e-01 -3.468427255564888512e+00 -1.394768118559628789e+01
8.584615938405235624e-01 -7.969699348782999238e-02 -1.163165489444675416e+01
1.274829236124464416e+00 3.017027629187248650e+00 -9.548352204512347896e+00
1.724271001132321679e+00 5.821504961430119529e+00 -7.711330854788734257e+00
2.218753807239659093e+00 8.334666938854628171e+00 -6.134466009847015400e+00
2.761503199035562073e+00 1.056063756760506323e+01 -4.821984969011769095e+00
3.342961796446045852e+00 1.250058930952491387e+01 -3.767242905652777196e+00
3.943224075059077016e+00 1.415303341256138125e+01 -2.954887733298463104e+00
4.534848447131222038e+00 1.551585572909747057e+01 -2.362457098377139353e+00
5.066081610704827654e+00 1.649100501535349750e+01 -2.020704970822637669e+00
5.474643240962641322e+00 1.698063786782202556e+01 -1.951057117482648096e+00
5.716413822893450458e+00 1.698632359607662679e+01 -2.114040877467975754e+00
5.754548123499036549e+00 1.651308907850527774e+01 -2.475109286765351690e+00
5.563206025379152209e+00 1.556853991909363799e+01 -3.008795376998445015e+00
5.133902614317593205e+00 1.415988213386586558e+01 -3.706023105086169167e+00
4.483720212205376754e+00 1.228726838305319724e+01 -4.584282233278939245e+00
3.641000282113869169e+00 9.949026967421531253e+00 -5.673200273327722698e+00
2.639077672060331281e+00 7.144245179874251228e+00 -7.007939444797685269e+00
1.513485331359434749e+00 3.873443656936487400e+00 -8.626150437916937364e+00
4.813677533561707689e-01 7.031504352409556624e-01 -1.027038766815189419e+01
-2.675875823788751440e-01 -1.806035070785343866e+00 -1.165132127945209817e+01
-7.471559898469464223e-01 -3.662837974891442361e+00 -1.275088645535940657e+01
-9.787803821873577448e-01 -4.878396476294880379e+00 -1.354372113703719549e+01
-9.876867029879357052e-01 -5.466087430567692529e+00 -1.400110754182677475e+01
-7.982719302318128651e-01 -5.438866479493441375e+00 -1.409554225527216786e+01
-4.287726588166265174e-01 -4.802171018277788583e+00 -1.380588158506059671e+01
1.061077216035641868e-01 -3.559263693165187981e+00 -1.311441917841175275e+01
7.919685118366612819e-01 -1.713502675945365983e+00 -1.200409193642873085e+01
1.612032804493752192e+00 7.311360525266170640e-01 -1.045655336151078707e+01
2.449116045200903979e+00 3.316114307810467121e+00 -8.731995165884892884e+00
3.195683973363613539e+00 5.589483337385823702e+00 -7.105595138132380306e+00
3.844398163431880899e+00 7.555993339437099721e+00 -5.578783308150322640e+00
4.386868047942725113e+00 9.220039329793056737e+00 -4.152943492750370780e+00
4.815045977974149238e+00 1.058571289782917546e+01 -2.830364497127784595e+00
5.124753045301060794e+00 1.165566691338081284e+01 -1.616906095688068312e+00
5.325137615148458181e+00 1.242853722791755899e+01 -5.289831333338375075e-01
5.435259215821780288e+00 1.290414183290831041e+01 4.113331433421514305e-01
5.480329037842370354e+00 1.308496155762403923e+01 1.179944027625471570e+00
5.489188008163733201e+00 1.297597650755222176e+01 1.752536592120008230e+00
5.460834728490622680e+00 1.262287598105940312e+01 2.062714109201219337e+00
5.393668504398447361e+00 1.207393438473335401e+01 2.046816560620428049e+00
5.311753971466551150e+00 1.133900934768203861e+01 1.688280092053511261e+00
5.230213544813350879e+00 1.042578539475154109e+01 9.746597584181264651e-01
5.152406028537015459e+00 9.337952759127574609e+00 -1.020641307635292705e-01
5.066076339365971570e+00 8.074521628592700395e+00 -1.542830164439843887e+00
4.942631643050945378e+00 6.633295238011490014e+00 -3.335730645725545340e+00
4.749856395187497249e+00 5.010476680519306392e+00 -5.464919678269767545e+00
4.457793201764179258e+00 3.201154510427845601e+00 -7.913574841565075069e+00
4.042438165368793079e+00 1.200358901178565141e+00 -1.066468673330651384e+01
3.561357863483336050e+00 -7.392632635625187021e-01 -1.333680018858547278e+01
3.104960562839314875e+00 -2.360878117170602586e+00 -1.555712766209740039e+01
2.711823979276995367e+00 -3.659743733770069340e+00 -1.732629382245509930e+01
2.425165187760861762e+00 -4.628020358362727293e+00 -1.864903372949176941e+01
2.287508142970129388e+00 -5.255613765640848811e+00 -1.953206310063591644e+01
2.328976152916143239e+00 -5.532377641894020925e+00 -1.998175119132559274e+01
2.542828474190489185e+00 -5.453785428915153943e+00 -2.000261720931854015e+01
2.904267082954893109e+00 -5.017111103647294179e+00 -1.959646407211764796e+01
3.381514770257249669e+00 -4.220506044484094055e+00 -1.876356532614601136e+01
3.940981181299644032e+00 -3.063544018681612080e+00 -1.750407570225924303e+01
4.450822362512717234e+00 -1.664984407821259893e+00 -1.592344156801737576e+01
4.791916944217206265e+00 -1.475464468164418008e-01 -1.413050466019266338e+01
4.959609820673399838e+00 1.481824358840915679e+00 -1.213123851170799128e+01
4.961801670237838913e+00 3.216765185224431889e+00 -9.930772074565968666e+00
4.821081609965069958e+00 5.052357334898215591e+00 -7.532321595458180141e+00
4.577217164391273130e+00 6.986460208527461191e+00 -4.935222869435266446e+00
4.282013156250501495e+00 9.021464547251119015e+00 -2.131465610604912353e+00
3.983812731421426889e+00 1.116074872216191416e+01 8.884934774582999850e-01
3.723253870941582111e+00 1.340718610481407147e+01 4.133169181377261303e+00
3.531161013010048588e+00 1.576275471271727469e+01 7.609497405223711652e+00
3.497315891886854100e+00 1.778173608626588020e+01 1.064481409024145542e+01
3.631736007019800816e+00 1.901737453753981555e+01 1.255938668808632563e+01
3.832058899053458312e+00 1.947089009295369877e+01 1.335069845115413045e+01
3.999305699117953861e+00 1.914594943813022709e+01 1.301947251704245367e+01
4.050165099043139705e+00 1.804848356203836701e+01 1.156850097136211986e+01
3.931484685107910160e+00 1.618570505876988364e+01 8.999813024581776233e+00
3.632903659658567541e+00 1.356464193766429105e+01 5.310543874884440463e+00
3.174322633037545582e+00 1.019270294275203526e+01 4.938215900958287108e-01
2.600392766924756849e+00 6.078184991830343442e+00 -5.460652960221476171e+00
1.978218708380919288e+00 1.230900226346544279e+00 -1.256612880806613575e+01
1.486067978236641718e+00 -3.482688934549039494e+00 -1.956947306049659474e+01
1.266483006620399365e+00 -7.206139890914485591e+00 -2.520582810507123384e+01
1.323863776457449681e+00 -9.942969642977875111e+00 -2.946927191255246115e+01
1.632041062280096710e+00 -1.169736389856130998e+01 -3.235001878305197920e+01
2.137059510522975714e+00 -1.247541505897805969e+01 -3.383536007732046613e+01
2.758362925125507736e+00 -1.228860267322495403e+01 -3.391020446063043892e+01
3.387920867048015872e+00 -1.116125142967121953e+01 -3.255702474110581335e+01
3.903908912887543714e+00 -9.126025493686567458e+00 -2.975988081563225052e+01
4.183067405388594118e+00 -6.220467396690279926e+00 -2.550717506944256741e+01
4.111281331890740631e+00 -2.483874938850036074e+00 -1.979299405140227464e+01
3.731841497195580004e+00 1.349333687085997546e+00 -1.376519336809646887e+01
3.210108869739789927e+00 4.581529942675459210e+00 -8.582635959029481398e+00
2.631471183160529748e+00 7.233472379276706832e+00 -4.258590045154746484e+00
2.080797468516762727e+00 9.328757748794817672e+00 -8.035357045678237498e-01
1.636405495796072529e+00 1.089073814444340371e+01 1.774825044686976661e+00
1.361478585170571520e+00 1.193882825150169857e+01 3.472293996157049367e+00
1.288384441771304845e+00 1.248385348141857065e+01 4.291265027556844025e+00
1.423999947757798479e+00 1.252610959986525785e+01 4.237144783955715255e+00
1.757995285923998230e+00 1.205817571232708119e+01 3.316583219407385208e+00
2.269234462938082508e+00 1.106852958842966750e+01 1.536942684150111482e+00
2.716938873233089691e+00 9.974439721884486687e+00 -3.502642384730707548e-01
2.879162951374619084e+00 9.209390197711464054e+00 -1.596853809205494024e+00
2.761864916316286944e+00 8.786120522356235085e+00 -2.200467035557142736e+00
2.371506688746151337e+00 8.715768971046813363e+00 -2.159140013617508735e+00
1.710395222623992684e+00 9.004564637011709394e+00 -1.471358627026748245e+00
7.737346202625507985e-01 9.650397699736922519e+00 -1.372923603982618701e-01
-4.458981417143099701e-01 1.064258626800556407e+01 1.838014840949020900e+00
-1.957312728079549258e+00 1.196851646213542253e+01 4.449029980501441273e+00
-3.766920247480364470e+00 1.361829602676438000e+01 7.690975112044645456e+00
-5.873787383494352810e+00 1.558877981022615877e+01 1.155988330208234416e+01
-7.815554677132002581e+00 1.739946315209530781e+01 1.510627491402272149e+01
-9.107576152425519211e+00 1.858818683763091073e+01 1.738253768569282443e+01
-9.712349122570746118e+00 1.918248312814354506e+01 1.838794022517770443e+01
-9.606917502416695953e+00 1.919707675612531972e+01 1.812048214267727531e+01
-8.792340539252391451e+00 1.862514674730700648e+01 1.657588245680061334e+01
-7.310577326561627842e+00 1.742607906218479030e+01 1.374857155042645829e+01
-5.265524663616811374e+00 1.551546338559669813e+01 9.637941017919281705e+00
-2.783112780071872905e+00 1.279546268759796668e+01 4.249740713326286112e+00
1.252480141916478829e-02 9.173384957552245922e+00 -2.402484347116235597e+00
3.015823719657455548e+00 4.573560596088729113e+00 -1.029746762164337071e+01
5.620101800584007989e+00 -2.053409912674162285e-01 -1.794816675136697270e+01
7.377141180788443720e+00 -4.242380741562501001e+00 -2.388115132728897549e+01
8.450756204090470902e+00 -7.410698566941825050e+00 -2.809983879921647798e+01
8.996096878999100710e+00 -9.594381427546053942e+00 -3.061739633133670679e+01
9.136146309883596217e+00 -1.070063320108908300e+01 -3.145214369728418546e+01
8.926711695768076993e+00 -1.067867167419763774e+01 -3.062230479689983298e+01
8.307368236587624466e+00 -9.549896617422241718e+00 -2.814320568050049687e+01
7.146735927106937503e+00 -7.378748400905148941e+00 -2.402678011423073201e+01
5.276625389158363433e+00 -4.255523498392003390e+00 -1.828585123305103366e+01
2.515003260825603881e+00 -2.862817299520497016e-01 -1.093832922634157079e+01
-6.038714287120277024e-01 3.598411252099290802e+00 -3.527603586391526491e+00
-3.361214856072492818e+00 6.569271002472719445e+00 2.423319730392816229e+00
-5.637484099920033742e+00 8.686789020718720167e+00 6.926958088961765014e+00
-7.298848953506674953e+00 1.002847870730404622e+01 1.000294462054019462e+01
-8.214490044722184692e+00 1.067618746643443473e+01 1.167624251889085230e+01
-8.277698391912593934e+00 1.069849518217226958e+01 1.197232577357685557e+01
-7.433513209750410411e+00 1.012813090982455400e+01 1.091015868183908033e+01
-5.660606856047982305e+00 8.973273282403347650e+00 8.501544223722852678e+00
-2.955577176987083110e+00 7.229905974514389655e+00 4.752845803579029749e+00
6.776646954479814688e-01 4.891452663218439412e+00 -3.327882336768435145e-01
4.406626181363589190e+00 2.510606338321781372e+00 -5.521612754562148950e+00
7.392193860608349709e+00 6.450090553330278809e-01 -9.585942371372699000e+00
9.629898146203546005e+00 -6.948438962027445598e-01 -1.252917562908165827e+01
1.111949166773346676e+01 -1.497145225669312296e+00 -1.435185932197804348e+01
1.185606495499933999e+01 -1.756788623180664644e+00 -1.505409893014302547e+01
1.181950258739155402e+01 -1.486972825695797695e+00 -1.463939573133514216e+01
1.096337784783771419e+01 -7.358944778723826019e-01 -1.312102068149509826e+01
9.223269298953411521e+00 4.252400651873102788e-01 -1.052077616028395823e+01
6.524464353649470638e+00 1.911058613622015123e+00 -6.868850706689279662e+00
2.787561284179583154e+00 3.627864917319528537e+00 -2.204326822563772215e+00
-1.162696692109852936e+00 5.159966652868622106e+00 2.377286761150400274e+00
-4.406152837991176519e+00 6.200063827948745221e+00 5.821641301768885057e+00
-6.874003136487118581e+00 6.823856163864912006e+00 8.151246529611423597e+00
-8.493635264243582839e+00 7.114489677902226639e+00 9.397236437874484594e+00
-9.192417787484163938e+00 7.155947764087249752e+00 9.598767813269436289e+00
-8.901194874345140562e+00 7.024709519942731184e+00 8.802257246827103643e+00
-7.558143948479797203e+00 6.780186272792293245e+00 7.060650276784608437e+00
-5.108330852851963755e+00 6.467752271528525831e+00 4.429350919409090537e+00
-1.504353577727922220e+00 6.121009390802086614e+00 9.626460370207752248e-01
3.292453050400542036e+00 5.762835922225121976e+00 -3.289556835232531729e+00
8.399964657214859187e+00 5.561162177891702640e+00 -7.530091646900827662e+00
1.287892297816052789e+01 5.644130094619116633e+00 -1.102314466399317006e+01
1.667908445024377073e+01 5.974067131286922461e+00 -1.381712512965821205e+01
1.975614939548517768e+01 6.521435253048302627e+00 -1.595988375557491423e+01
2.207236869304761839e+01 7.264102322391176259e+00 -1.749626274897088862e+01
2.359881674135696272e+01 8.186673278742981452e+00 -1.846340086700866578e+01
2.432139291710409879e+01 9.280025098962378038e+00 -1.888101680240481883e+01
2.423549912810176821e+01 1.054016170153876075e+01 -1.875675340581010175e+01
2.334236258052308699e+01 1.196705395504480407e+01 -1.809030999158623843e+01
2.164700527652529871e+01 1.356351604589023374e+01 -1.687581601730362379e+01
1.942815661776064573e+01 1.508288706036805493e+01 -1.548009526277095560e+01
1.696482904442044770e+01 1.627870126891646052e+01 -1.426870990968955155e+01
1.426195032106809890e+01 1.715503355070361380e+01 -1.323323718876691402e+01
1.132220297334044901e+01 1.771525975168258427e+01 -1.236877118128935749e+01
8.146892769787989153e+00 1.796194677438532850e+01 -1.167491501436702350e+01
4.735902350936563643e+00 1.789598545776353333e+01 -1.115839164445994847e+01
1.086091311131148096e+00 1.751514531703409006e+01 -1.083505709162631803e+01
-2.805455882966072068e+00 1.681783639119007034e+01 -1.071798575075394488e+01
-6.941406922412090452e+00 1.580375333299260454e+01 -1.081311172786064745e+01
-1.132529401233065158e+01 1.447347959482636348e+01 -1.111730439129608428e+01
-1.525515575795882306e+01 1.303285544972048271e+01 -1.152028803748125085e+01
-1.803040073827142464e+01 1.168421349599710091e+01 -1.190289630311336389e+01
-1.965843520080185769e+01 1.042183267394806734e+01 -1.224483731299652156e+01
-2.014711589744575448e+01 9.237511122618027315e+00 -1.253545030539997285e+01
-1.950461729900225549e+01 8.119829711409472850e+00 -1.277878003713044563e+01
-1.773725796972301438e+01 7.054124805283420230e+00 -1.300127959892505913e+01
-1.484232560809803303e+01 6.025396888197544598e+00 -1.326112496728282331e+01
-1.081506593284182571e+01 5.017935718106329546e+00 -1.363145383939628097e+01
-5.651518632330059688e+00 4.016931163725011800e+00 -1.418740757941061048e+01
6.519232002966948158e-01 3.011615987672881189e+00 -1.499628368457035954e+01
6.951522018408548220e+00 2.014384721572191062e+00 -1.595571706909877996e+01
1.211637524754166861e+01 1.068515966768151415e+00 -1.687337991010407023e+01
1.617345822857603466e+01 2.166607541960345884e-01 -1.766754017314470815e+01
1.915232218562650957e+01 -4.994414437258178907e-01 -1.825991488828887199e+01
2.108177950862177852e+01 -1.043505191915492958e+00 -1.858343156120077921e+01
2.198054748539388470e+01 -1.395614615393400371e+00 -1.859548800005564217e+01
2.183768394787716716e+01 -1.574662638683061999e+00 -1.830245843625492341e+01
2.062981358509116703e+01 -1.619386139984996476e+00 -1.774119115279626158e+01
1.833021000161911473e+01 -1.577197406390940415e+00 -1.696588623127618334e+01
1.491234109479924896e+01 -1.498770214516227384e+00 -1.603996226091071975e+01
1.127054180561096075e+01 -1.410775412828266795e+00 -1.503981214320772608e+01
8.303373881940917300e+00 -1.307313964716710686e+00 -1.398616063948237453e+01
5.994881298421399052e+00 -1.184944514370573465e+00 -1.285392621851075745e+01
4.333014615088796262e+00 -1.034991103361301512e+00 -1.161399873678398897e+01
3.311029358348025031e+00 -8.443588276017512939e-01 -1.023936449655200320e+01
2.931439547740911422e+00 -5.936859661892075479e-01 -8.710805466591446944e+00
3.210949041416900407e+00 -2.537503047797851075e-01 -7.020665834779168613e+00
4.168920460713926524e+00 2.019021850134099516e-01 -5.174578675047227350e+00
5.823505909152159710e+00 7.940443316510483740e-01 -3.188399684593523631e+00
8.190373183047148231e+00 1.538076165006973195e+00 -1.083991461280047641e+00
1.071746538624726597e+01 2.369944565824986249e+00 8.533250775974696722e-01
1.283951173491462505e+01 3.209886038242816486e+00 2.363008480533937306e+00
1.454584490181355783e+01 4.045336759826490436e+00 3.464918033817766752e+00
1.582249644066044070e+01 4.864245878983969540e+00 4.185559853541530373e+00
1.665434669943346080e+01 5.656523550532519096e+00 4.555582373543008323e+00
1.702796273342331190e+01 6.415014624475300131e+00 4.603931449576043278e+00
1.693611360085349915e+01 7.135646026491754945e+00 4.344508585697496983e+00
1.637585001706516508e+01 7.817233358415873745e+00 3.782402833041275336e+00
1.534718074681729050e+01 8.460555887603504743e+00 2.917279175751509968e+00
1.385258348109287319e+01 9.067378277356645810e+00 1.744128215538937710e+00
1.216042320070204141e+01 9.595421072626635350e+00 4.856519806612533685e-01
1.054116745745726824e+01 9.998955111397425100e+00 -6.396552215288915377e-01
9.001620538557258300e+00 1.027367704908380119e+01 -1.646251996425187158e+00
7.548030696654913108e+00 1.041426946980799961e+01 -2.548272465261420372e+00
6.186094970379551583e+00 1.041482372976554771e+01 -3.358912722001743401e+00
4.920803380701499918e+00 1.026967162006893020e+01 -4.088644932632835349e+00
3.755972516419777030e+00 9.975652227391528015e+00 -4.741371565450622327e+00
2.694472817819001165e+00 9.531449885686026136e+00 -5.317984182936561055e+00
1.738293264605626831e+00 8.936976553854528049e+00 -5.817784379009524720e+00
8.885070522040900975e-01 8.193136744935710425e+00 -6.238780501701113756e+00
1.452505378787338763e-01 7.301609775586650031e+00 -6.577999876342015106e+00
-4.922822336686549782e-01 6.264644612846152150e+00 -6.831809446548581022e+00
-1.025828530414221618e+00 5.084863535502061715e+00 -6.996238728617322877e+00
-1.458030003291330257e+00 3.765071807736759091e+00 -7.067299922564428627e+00
-1.792391811068994034e+00 2.308071551878270178e+00 -7.041300969720218461e+00
-2.032976078035003908e+00 7.162977264630487895e-01 -6.915242091272443936e+00
-2.183138256284345324e+00 -1.008921648598677390e+00 -6.687226674570989182e+00
-2.245446761291135740e+00 -2.866898545558989042e+00 -6.356027048900548593e+00
-2.221740995087698511e+00 -4.857316701419365224e+00 -5.920910412200931283e+00
-2.113048673175410563e+00 -6.980134035571881945e+00 -5.381586341213536961e+00
-1.919506669501237717e+00 -9.235491313955737525e+00 -4.738158268065953749e+00
-1.640283240411668064e+00 -1.162362482243224626e+01 -3.991077776385469900e+00
-1.273500053363205708e+00 -1.414478053125293044e+01 -3.141100193020991860e+00
-8.161529773152507161e-01 -1.679912695579122328e+01 -2.189239586818754191e+00
