-1.739430944816087177e+01 -5.009730402110349701e+01 7.728426780653537831e-01
-1.564213978130763039e+01 -4.279178765667503370e+01 2.429899316877228710e+00
-1.390557315964226248e+01 -3.590001392347478770e+01 3.817483584317871603e+00
-1.214789268176552461e+01 -2.944754460241733796e+01 4.865582567961847182e+00
-1.035570730957519636e+01 -2.346259710650361541e+01 5.541420790242135297e+00
-8.534989545230455832e+00 -1.797150921193658135e+01 5.844305075185974196e+00
-6.706745440351586041e+00 -1.299434182539030402e+01 5.800029102251254898e+00
-4.902560376532605346e+00 -8.541400663626824041e+00 5.454860898138495173e+00
-3.160280291064415437e+00 -4.611183331046390776e+00 4.869285494221987420e+00
-1.520065269997469048e+00 -1.189975715099112819e+00 4.111764755119672543e+00
-2.098825764536098315e-02 1.746949187413584292e+00 3.252795353737274908e+00
1.303487415169918950e+00 4.233340658439995075e+00 2.357599683456420347e+00
2.437514504451072206e+00 6.304317768892896190e+00 1.467739025063236724e+00
3.384172909819777697e+00 7.983340504360225687e+00 5.938994377873593189e-01
4.160050214419433345e+00 9.282480132081680324e+00 -2.776762934562125307e-01
4.790441494217643204e+00 1.020545827944736850e+01 -1.178678314107308056e+00
5.304482167834116524e+00 1.075017454989461108e+01 -2.152673757404906407e+00
5.729893375345374018e+00 1.091004753258521909e+01 -3.249403709181154731e+00
6.087161572479429239e+00 1.067390983202649934e+01 -4.519359556157366065e+00
6.383052636425688320e+00 1.002461840628543577e+01 -6.008514285502355889e+00
6.603384208618197526e+00 8.936974869025560153e+00 -7.752945278026642129e+00
6.703546629482041830e+00 7.382771466887998457e+00 -9.768763615271931045e+00
6.607757532841898929e+00 5.357213980309389889e+00 -1.203847495379117127e+01
6.234396003027282696e+00 2.871180548261797583e+00 -1.453097799228583042e+01
5.509378977182231019e+00 -5.279031087437147107e-02 -1.721102329956660881e+01
4.375783895057748119e+00 -3.381511276674814326e+00 -2.004452538881756141e+01
2.886892907852008250e+00 -6.638531153809435814e+00 -2.255157403257180349e+01
1.191143558515060930e+00 -9.347180331783476959e+00 -2.427679271783115311e+01
-5.964773168645114421e-01 -1.147593086157311149e+01 -2.523940090374449596e+01
-2.358849532419644568e+00 -1.300934647060895166e+01 -2.547091036262794717e+01
-3.992122943802631330e+00 -1.395184114477640591e+01 -2.500938937336896828e+01
-5.432588569446503257e+00 -1.433053405522064772e+01 -2.388937947720362232e+01
-6.702922251965226508e+00 -1.419318384921405318e+01 -2.212270398678936445e+01
-7.870897582804629700e+00 -1.359056105426942551e+01 -1.970556643211973480e+01
-9.026276677462556464e+00 -1.257429243441391620e+01 -1.662541462404758619e+01
-1.027017975427649255e+01 -1.119845277437795694e+01 -1.286445131274377829e+01
-1.149915719342917164e+01 -9.808298315559342839e+00 -8.925114497280628001e+00
-1.254307113211476832e+01 -8.703925573540512772e+00 -5.310647073496276960e+00
-1.339335971133236214e+01 -7.863901680329528965e+00 -2.001314345302607656e+00
-1.402930839816670172e+01 -7.255757549951572294e+00 1.023756635738808374e+00
-1.442231697931229739e+01 -6.839405456293899732e+00 3.786109322364710650e+00
-1.453879792110059554e+01 -6.574035455504034786e+00 6.304792550481203683e+00
-1.434444113137876720e+01 -6.430740243722835814e+00 8.588291219104000618e+00
-1.381185823964976933e+01 -6.384457617951619923e+00 1.063981308084201771e+01
-1.292075419216253707e+01 -6.411337242772020772e+00 1.245985557767929919e+01
-1.165677485582322248e+01 -6.489047510561778864e+00 1.404691976184955848e+01
-1.026584744182699893e+01 -6.570937053269796380e+00 1.542973617584697266e+01
-8.998583945888082525e+00 -6.618015486840732819e+00 1.663550603794172034e+01
-7.853191329313399471e+00 -6.618988679191627256e+00 1.766088734769274993e+01
-6.829784727221330343e+00 -6.561056155695549563e+00 1.850413443458096552e+01
-5.929916608659632438e+00 -6.430851592543047168e+00 1.916454415285818058e+01
-5.154980923915245761e+00 -6.217465607579439002e+00 1.964144949824337871e+01
-4.502207154959512181e+00 -5.919991776043667997e+00 1.993235684012999442e+01
-3.967653732025226976e+00 -5.541962006412177288e+00 2.003373944104232152e+01
-3.547546072340104661e+00 -5.088926651800675494e+00 1.994167718752936125e+01
-3.238561432479730495e+00 -4.568006961927460807e+00 1.965219874904432373e+01
-2.978948175537736276e+00 -4.022992303015445081e+00 1.919547803175872858e+01
-2.707947611447456104e+00 -3.498011914103791309e+00 1.860257548623489399e+01
-2.424893357543514760e+00 -3.001259592152004885e+00 1.787153339710497946e+01
-2.130054051449582264e+00 -2.540100244036406885e+00 1.700101551358108765e+01
-1.824697359320479606e+00 -2.120595057704714570e+00 1.599019990954012904e+01
-1.512283055055497982e+00 -1.746735338696525197e+00 1.483857183252255219e+01
-1.201129534241605290e+00 -1.419326736060916527e+00 1.354568637675466292e+01
-8.994207976938302096e-01 -1.136902515852884488e+00 1.211154463507971180e+01
-6.133868455470783410e-01 -8.957878868465058986e-01 1.053661619854458564e+01
-3.468130532241993080e-01 -6.898093834262002400e-01 8.821742693000508950e+00
-1.221149457653138981e-01 -5.094299922162970340e-01 7.036540401358412744e+00
4.174429923547551269e-02 -3.449293282308434350e-01 5.250956238582768165e+00
1.501293083568577824e-01 -1.868338537979753466e-01 3.466449574630960484e+00
2.108016416027089224e-01 -2.433811413535647006e-02 1.684300838203485418e+00
2.337874018235598095e-01 1.547820285928213357e-01 -9.434679133300338805e-02
2.309831753238527075e-01 3.639450242948857328e-01 -1.868419569064825758e+00
2.134377557163067984e-01 6.144446575814096478e-01 -3.637225799295876527e+00
1.888290606726940046e-01 9.124316548304627350e-01 -5.400530260140736338e+00
1.615111536285336324e-01 1.258778239149041411e+00 -7.158645373111482968e+00
1.328474828378225503e-01 1.649143877698955762e+00 -8.912698317704599305e+00
1.097037718252071858e-01 2.037504714979738285e+00 -1.046869585012921888e+01
8.903827737567482359e-02 2.357449945954187775e+00 -1.163674702127315363e+01
5.493924900679925116e-02 2.570377572405139865e+00 -1.242604834821397475e+01
-8.430097331251662496e-03 2.640553207519406254e+00 -1.284611136838549328e+01
-1.164589789173944290e-01 2.538369717158252215e+00 -1.290486882751980069e+01
-2.822487155907196232e-01 2.246758065585136244e+00 -1.260590563192992164e+01
-5.110938208101183378e-01 1.771987495159238257e+00 -1.194588715928520806e+01
-8.047977579841818496e-01 1.131444361116793473e+00 -1.091789843502031232e+01
-1.163257085981055150e+00 3.472710087316834837e-01 -9.513743429760474157e+00
-1.584634043598066810e+00 -5.567902487600537853e-01 -7.725585087419339914e+00
-1.997926027947545258e+00 -1.424390037264689601e+00 -5.801549042894783348e+00
-2.326837212021664492e+00 -2.115297933194724145e+00 -3.997378895482848637e+00
-2.561787866908293854e+00 -2.635765509180904242e+00 -2.320007826471190082e+00
-2.695607102945126954e+00 -2.997290641517754040e+00 -7.778247775877082937e-01
-2.724254554375828086e+00 -3.214560772691332780e+00 6.210193683831035649e-01
-2.647834275852905428e+00 -3.302149598490235149e+00 1.871349431387582696e+00
-2.470761831505901007e+00 -3.267557221946097545e+00 2.975564306361000888e+00
-2.196881767861393886e+00 -3.111810667273056552e+00 3.939543317016622304e+00
-1.828353992936722294e+00 -2.831676842383262560e+00 4.770201838128377503e+00
-1.365582224041087311e+00 -2.421182885902364301e+00 5.474262099284190164e+00
-9.257111817880632199e-01 -1.992160621353014305e+00 5.954567786639302085e+00
-6.195445937830870164e-01 -1.657619311545564411e+00 6.107739348423475434e+00
-4.376355304825174652e-01 -1.413205329741919147e+00 5.930299281437005909e+00
-3.741676325265228531e-01 -1.256575735200221366e+00 5.419715099769013555e+00
-4.297439130525922968e-01 -1.188233211227384123e+00 4.575555644951775136e+00
-6.146714096801829674e-01 -1.213052552751183288e+00 3.400417038379254020e+00
-9.501639522449289998e-01 -1.341550196786051474e+00 1.899652735574655305e+00
-1.461490202764228696e+00 -1.584494543015900314e+00 8.156657736474759446e-02
-2.173617780282592449e+00 -1.950645704231827260e+00 -2.043628842568697035e+00
-3.107795840625444228e+00 -2.445876008519246803e+00 -4.465564638531485997e+00
-4.189723047451044735e+00 -3.055731047522578514e+00 -6.801481395625053494e+00
-5.314847691672698105e+00 -3.753598020340004560e+00 -8.678406280114941751e+00
-6.449759461976204200e+00 -4.525707237313477904e+00 -1.010657009348424928e+01
-7.557617856885356034e+00 -5.361695353451080948e+00 -1.110272956191216664e+01
-8.601219952535570812e+00 -6.256611596214123772e+00 -1.168995776650277563e+01
-9.549905691705044219e+00 -7.212464272904132834e+00 -1.189371470536522324e+01
-1.039555654460142264e+01 -8.237921544615522507e+00 -1.172820329124377636e+01
-1.114269684955790929e+01 -9.345280598166226582e+00 -1.120106441234816508e+01
-1.180274075128638422e+01 -1.054886886287224002e+01 -1.031630466808712754e+01
-1.239195384028919911e+01 -1.186392921446568671e+01 -9.074704594777312394e+00
-1.275314680517318422e+01 -1.301157475256761131e+01 -7.631737667722461538e+00
-1.273868045483159861e+01 -1.369596180321568291e+01 -6.119665071149930746e+00
-1.238274205519635274e+01 -1.390481226334875764e+01 -4.499121094436773660e+00
-1.171883406216537793e+01 -1.362419417122281295e+01 -2.729833827258464574e+00
-1.077669890915160700e+01 -1.283952647193683205e+01 -7.745116128829625524e-01
-9.578267529729560081e+00 -1.153662851548769197e+01 1.396199984568007757e+00
-8.134564766286461079e+00 -9.703670145603684460e+00 3.797901378440670328e+00
-6.448674007165376310e+00 -7.329399907497717415e+00 6.436441075098223941e+00
-4.515500872719931280e+00 -4.402269874140289474e+00 9.308346114140348959e+00
-2.320625971908200302e+00 -9.102469471534222478e-01 1.239965187404126468e+01
-7.785988623668105291e-02 2.678658355286772874e+00 1.531304748071482535e+01
2.012297354057976939e+00 5.891573604462378100e+00 1.764306262919350843e+01
3.985279842521229909e+00 8.729586472664772501e+00 1.935802417379314733e+01
5.866734673481138529e+00 1.118718971787290961e+01 2.043093309384184764e+01
7.671221856601947664e+00 1.325087999469229061e+01 2.084025904532256845e+01
9.397662990604873201e+00 1.489620174992748680e+01 2.057384513634550061e+01
1.101804865415867063e+01 1.608382157715079330e+01 1.964113771551722110e+01
1.248775114431226108e+01 1.677071573864895626e+01 1.806903317141232890e+01
1.375312401967254061e+01 1.691672980962798789e+01 1.589733548589700973e+01
1.475647312195069816e+01 1.648855512533659606e+01 1.317547785232028801e+01
1.543251141472216936e+01 1.565010255060940025e+01 1.034874517584301756e+01
1.575155999225469294e+01 1.460528700175594352e+01 7.849926083456432835e+00
1.571426684627299153e+01 1.339213382834338972e+01 5.710797924710657725e+00
1.532708070990135241e+01 1.205107402142516193e+01 3.956300300882825915e+00
1.460088585616588297e+01 1.062091997868127535e+01 2.602708992103931251e+00
1.355028041852380660e+01 9.133973799675185745e+00 1.653199979126978469e+00
1.219309369108772856e+01 7.609721071806767156e+00 1.090865831765979621e+00
1.054394819763803426e+01 6.056866717953012014e+00 8.939294887899271735e-01
8.613532447343665410e+00 4.476039065066731659e+00 1.040845450964552388e+00
6.409471579803375896e+00 2.861675339174073240e+00 1.511349063657311032e+00
4.278051390683115685e+00 1.465501177478562900e+00 2.075953321681607289e+00
2.566072333388316640e+00 5.385175573237463986e-01 2.513695331283251733e+00
1.277756464134208736e+00 7.454145474283035977e-02 2.824140627570364437e+00
4.141277501713027664e-01 7.213631061607372885e-02 3.011909082890345424e+00
-2.697406929301793266e-02 5.337783164112466228e-01 3.083763067827707260e+00
-5.087625292781972064e-02 1.464739447425832175e+00 3.045826589521197558e+00
3.345925336616107360e-01 2.871346161053937696e+00 2.902244063969429355e+00
1.120997803739883780e+00 4.760676446613191004e+00 2.655396363687754668e+00
2.301120552064982228e+00 7.139451445332577251e+00 2.306357112584259017e+00
3.870750743771592450e+00 1.001266635960612206e+01 1.855391492055457725e+00
5.578245532652415406e+00 1.277250682006465610e+01 1.478291369004985256e+00
7.187633468919095492e+00 1.480274970608451035e+01 1.349806138517999798e+00
8.720815241690331732e+00 1.609210028819941485e+01 1.468108567808831033e+00
1.019652531663759731e+01 1.662691283088599548e+01 1.829923054933294324e+00
1.162754285440674629e+01 1.639087703634925930e+01 2.429081851441275752e+00
1.301562517845737688e+01 1.536679601157049468e+01 3.254058014618989247e+00
1.434327938855718720e+01 1.354499333514422155e+01 4.285918198785708455e+00
1.558164004858532614e+01 1.092205190163956807e+01 5.506845899194283689e+00
1.669494463207680823e+01 7.500613657090307917e+00 6.905712136720997485e+00
1.764308307833966438e+01 3.290487210805108198e+00 8.482203171278410281e+00
1.816014436525060916e+01 -1.024379174128148939e+00 9.924843536941740041e+00
1.800999867354254746e+01 -4.739094039472738551e+00 1.094601390192307377e+01
1.720229436903422382e+01 -7.807406508665955869e+00 1.159090086817792020e+01
1.575443020929176541e+01 -1.018764634790174561e+01 1.189920203441471003e+01
1.368963947428791528e+01 -1.184681437786619540e+01 1.189959968931168000e+01
1.103463424107586199e+01 -1.276810196805897135e+01 1.160065507826944398e+01
7.816437316831915894e+00 -1.296324051043061587e+01 1.097558135650562683e+01
4.059328738229355693e+00 -1.245982799112114492e+01 9.976457640054443132e+00
-2.164517801677843245e-01 -1.129541482543282171e+01 8.545538001044466370e+00
-4.995462445496520409e+00 -9.514531946881707114e+00 6.622787639011395555e+00
-9.514835145876805456e+00 -7.703202839042209149e+00 4.543390838004401466e+00
-1.302696048848797972e+01 -6.429315735938859078e+00 2.693850149618652878e+00
-1.554080636357381806e+01 -5.702315524244660594e+00 1.097141679458712105e+00
-1.706148630413526490e+01 -5.518718000811489333e+00 -2.240506026648443338e-01
-1.758958075746161853e+01 -5.864424356872821598e+00 -1.253235049256277378e+00
-1.712110030180248899e+01 -6.716551094909624098e+00 -1.983401472416109979e+00
-1.564936802337953559e+01 -8.045472495073770602e+00 -2.412847376277018618e+00
-1.316525158113208072e+01 -9.821433820169145790e+00 -2.548240499351732691e+00
-9.657973429231972773e+00 -1.201647870384619665e+01 -2.404059806366819707e+00
-5.116208257234547752e+00 -1.460509117980148197e+01 -2.000507044353742270e+00
-4.828104689045017439e-01 -1.698341342261053200e+01 -1.657686972205083542e+00
3.276967894592935693e+00 -1.856877913622902554e+01 -1.663391347738234050e+00
6.137669079872392075e+00 -1.937286301345628914e+01 -1.983776047828662570e+00
8.071598002695607121e+00 -1.941142244545436668e+01 -2.576470671986522021e+00
9.050987322514703948e+00 -1.870363768414067351e+01 -3.394394027813814496e+00
9.051343664774213593e+00 -1.726991078785044920e+01 -4.390585895615101819e+00
8.056729172976057285e+00 -1.512668767177627593e+01 -5.524009005448323961e+00
6.056846809987787239e+00 -1.228702796417271870e+01 -6.756658622991531971e+00
3.046199496250739269e+00 -8.760975305800627666e+00 -8.054647561520624777e+00
-9.756571475159925289e-01 -4.555161413669346793e+00 -9.390841439263880375e+00
-5.033980813235286789e+00 -4.477891202214996369e-01 -1.054073194983616624e+01
-8.139608006746259505e+00 2.788397679776001059e+00 -1.133119155627389141e+01
-1.027129415023975945e+01 5.156435351072267359e+00 -1.181422915036705135e+01
-1.141333159112555684e+01 6.657168634361066317e+00 -1.203345170865834390e+01
-1.155601031258428080e+01 7.288761076526983018e+00 -1.202118720570036281e+01
-1.069776721723184743e+01 7.046488864628759785e+00 -1.179393536071053461e+01
-8.849792889862026612e+00 5.923857914149850856e+00 -1.134675455012927969e+01
-6.027463522331376389e+00 3.914835331881350911e+00 -1.066391464817069235e+01
-2.244096184413306716e+00 1.016957205048514723e+00 -9.728023184456425554e+00
2.493724582707679716e+00 -2.765516627087102108e+00 -8.527385939262781989e+00
7.291983135125205351e+00 -6.646088205290485718e+00 -7.267807700027526963e+00
1.126860877082477330e+01 -9.830362375756202198e+00 -6.174975753907109066e+00
1.444254294064493394e+01 -1.229682623377612138e+01 -5.278060729402922924e+00
1.682919416960704595e+01 -1.402792258824755933e+01 -4.604626502572147118e+00
1.843642381289456367e+01 -1.501251020102557732e+01 -4.174677001830251477e+00
1.925762347098732619e+01 -1.525390513205097065e+01 -3.989020524211164709e+00
1.926007195391922266e+01 -1.478934210651604531e+01 -4.007092401526029413e+00
1.839777748745756014e+01 -1.367445557778401444e+01 -4.166958781605198503e+00
1.662243391538984838e+01 -1.197328808998678262e+01 -4.400071219471117345e+00
1.389060943183221575e+01 -9.751596161553138131e+00 -4.640417091354931856e+00
1.086490775892318617e+01 -7.536907314288697535e+00 -4.851387253540024425e+00
8.248758582526710015e+00 -5.799181752138265367e+00 -5.055346958623744946e+00
6.067322106264494863e+00 -4.510842061995361085e+00 -5.284049146492591831e+00
4.343384227459102576e+00 -3.644221288027217120e+00 -5.568044705501578484e+00
3.094771749326445498e+00 -3.177611655891470654e+00 -5.931757148072438923e+00
2.332270909540872239e+00 -3.098863246252936410e+00 -6.389865609465913643e+00
2.057920283285188834e+00 -3.402665384055596043e+00 -6.946403955991261370e+00
2.264569326110192016e+00 -4.097666241395396369e+00 -7.591165356306007084e+00
2.938378706260579065e+00 -5.202684165164152219e+00 -8.302985150233457290e+00
4.061815388155062934e+00 -6.739794073854259437e+00 -9.054759446677143941e+00
5.096069939490308620e+00 -8.237823614183856336e+00 -9.558825156328252248e+00
5.531684206554778882e+00 -9.166303133546872317e+00 -9.579672337948434091e+00
5.397114160203545730e+00 -9.459210400336441893e+00 -9.170828664037156130e+00
4.719933787178073104e+00 -9.061584863538573842e+00 -8.383877386100380136e+00
3.520164375550512315e+00 -7.938369427612990137e+00 -7.259315728416094515e+00
1.801657236849523613e+00 -6.084160856650996152e+00 -5.815643593812442447e+00
-4.542267212136256727e-01 -3.528447693790962791e+00 -4.041732004039289450e+00
-3.278580847125764919e+00 -3.189101765474113281e-01 -1.908672078806724404e+00
-6.708596860999874067e+00 3.485336518542328399e+00 6.240364003900262801e-01
-1.078301865054882924e+01 7.817183406488042330e+00 3.604624127981557180e+00
-1.473815538979802753e+01 1.177221428076358123e+01 6.466043991179509121e+00
-1.776290532076532713e+01 1.451855946764322880e+01 8.598344310217493458e+00
-1.981539785358429384e+01 1.611567596949781489e+01 9.972925545398481972e+00
-2.084848088870265670e+01 1.664573120594107891e+01 1.054492838845307823e+01
-2.081596819766162909e+01 1.620552137464350295e+01 1.025931367825414853e+01
-1.967920553088173108e+01 1.489563480285569952e+01 9.057007298529809347e+00
-1.741391876268373551e+01 1.280672561621233996e+01 6.880825760417192960e+00
-1.400657894100139345e+01 1.002150302400549009e+01 3.675905735037647837e+00
-9.453001762606382030e+00 6.613181477891656890e+00 -6.091232657483343083e-01
-3.758250478507541459e+00 2.641649792167522826e+00 -6.020722602349204422e+00
1.980211227563712928e+00 -1.117035195274201698e+00 -1.154395719965516776e+01
6.656689575710593054e+00 -3.990470485632680919e+00 -1.610011648181474087e+01
1.025365770556105005e+01 -6.080585140788828724e+00 -1.963799809398802054e+01
1.276244300244111862e+01 -7.477887855094687453e+00 -2.211022562030272809e+01
1.418311681996528328e+01 -8.257217514997952534e+00 -2.347392674847729666e+01
1.452491554289231779e+01 -8.471882711197729066e+00 -2.369156474525590284e+01
1.380754713547725210e+01 -8.145213130380140498e+00 -2.273233260657972465e+01
1.205926312650902332e+01 -7.274239764877274084e+00 -2.057161010464044182e+01
9.315483724917768882e+00 -5.832087052088597012e+00 -1.719106453274805091e+01
5.617954027248732274e+00 -3.769060899838041045e+00 -1.257946590511431317e+01
1.740816839560350715e+00 -1.539075493111620396e+00 -7.610580933784824254e+00
-1.577928271045091924e+00 3.763675190383619640e-01 -3.172808121116616142e+00
-4.349477674759654633e+00 1.993102898871450757e+00 7.198736139942549794e-01
-6.588654033317396852e+00 3.315631705532684936e+00 4.057483449892838934e+00
-8.313416551195123461e+00 4.337783897359797969e+00 6.834533822146099169e+00
-9.544690301518942377e+00 5.041938472428130424e+00 9.051199593166137092e+00
-1.030720689175817029e+01 5.393206655682422301e+00 1.071590066203969904e+01
-1.062814039733014759e+01 5.343781024128386292e+00 1.184379943668613322e+01
-1.053510817221167706e+01 4.839863381136391141e+00 1.245414971536596482e+01
-1.005423300797284014e+01 3.827433000620673376e+00 1.256709004550951470e+01
-9.447448096516991356e+00 2.753390266615929782e+00 1.249103577995795256e+01
-8.955453221381013407e+00 2.094723194432919655e+00 1.250423731997606680e+01
-8.572329477123235009e+00 1.843756516916647215e+00 1.258378828563946961e+01
-8.295558412789530323e+00 1.990260186874933446e+00 1.271510956528049263e+01
-8.126664544786526889e+00 2.521330872319238026e+00 1.289567961966179155e+01
-8.070678357901819311e+00 3.426009033421129502e+00 1.313794290264018017e+01
-8.132401995176346432e+00 4.710151235033075423e+00 1.346729771508604045e+01
-8.318194842657112176e+00 6.381786581423321003e+00 1.391766164156868513e+01
-8.635850521606542429e+00 8.446268934890587943e+00 1.452721877367356740e+01
-9.093369999802607850e+00 1.090683559680826775e+01 1.533394185835904189e+01
-9.532606662282152143e+00 1.313821601652316851e+01 1.609531971314308052e+01
-9.774201574583905483e+00 1.454789093086273155e+01 1.650131807837836107e+01
-9.792000706447181457e+00 1.519120331044443972e+01 1.648220956052303876e+01
-9.560005338832018751e+00 1.512429932187033010e+01 1.597001174102421928e+01
-9.055373849540863773e+00 1.439749849917101798e+01 1.490567448717680499e+01
-8.263121229975324056e+00 1.304326744374222891e+01 1.324841358309982020e+01
-7.182048496284987316e+00 1.106067683825114578e+01 1.098685039393575025e+01
-5.816503301590051578e+00 8.434753742224458506e+00 8.124409046852784755e+00
-4.172545532566677373e+00 5.144901313206529991e+00 4.672332363054970905e+00
-2.256155022793716824e+00 1.168484165009986642e+00 6.464365968934615569e-01
-3.619437711692597981e-01 -2.903882649054251086e+00 -3.394357610239275402e+00
1.217637839603355809e+00 -6.476284235798512867e+00 -6.894036982862458807e+00
2.484081717030320657e+00 -9.553624672292258424e+00 -9.847348176890911020e+00
3.441790849454448686e+00 -1.213144134714493561e+01 -1.225738733398848979e+01
4.096585694626710961e+00 -1.419940039239450158e+01 -1.413325494984234609e+01
4.452917505818763999e+00 -1.574686147941634218e+01 -1.548588417336452672e+01
4.507858943555682174e+00 -1.677345960137618519e+01 -1.631924489719298066e+01
4.253526316264310658e+00 -1.728554063195008084e+01 -1.663287614338992881e+01
3.679136425741561744e+00 -1.729326338583638645e+01 -1.642395014054229208e+01
2.772056763707567484e+00 -1.680937880961474917e+01 -1.568794638214487414e+01
1.696592744630765592e+00 -1.594146823172979843e+01 -1.456539274312878796e+01
6.206283570531733185e-01 -1.479284871721499783e+01 -1.319503316874425991e+01
-4.630735359448845956e-01 -1.337015176959606499e+01 -1.156902432483191134e+01
-1.560269241332868928e+00 -1.167835392358733415e+01 -9.680287471269778621e+00
-2.674689481918278045e+00 -9.720227842506723448e+00 -7.523030678705287855e+00
-3.807374680907327669e+00 -7.495599375743467796e+00 -5.093591683572963547e+00
-4.956293639647228133e+00 -5.000907414045959953e+00 -2.391568269868161067e+00
-6.117193105847761103e+00 -2.230521773789889473e+00 5.815648299913758201e-01
-7.283640346651456099e+00 8.229933112354130831e-01 3.822808309458906262e+00
-8.446841482861612960e+00 4.168907422454128486e+00 7.327561091933175064e+00
-9.458901818791087379e+00 7.440140390551221117e+00 1.069307601827240894e+01
-1.017238376523524934e+01 1.026843045158978285e+01 1.351656594779440113e+01
-1.057946833624494154e+01 1.266004304507237777e+01 1.579289036461324436e+01
-1.067544886650917846e+01 1.461750772849748436e+01 1.751803372084590649e+01
-1.045900586578887825e+01 1.613930340369108052e+01 1.868922922972658185e+01
-9.934644284004722437e+00 1.721711036938889094e+01 1.930621988167241909e+01
-9.119839353327725107e+00 1.782863233043334716e+01 1.937547755763517543e+01
-8.038022020149648839e+00 1.794745287581298498e+01 1.890764752570674645e+01
-6.713425933587502392e+00 1.754929032610979078e+01 1.791504769865900570e+01
-5.167709333816846495e+00 1.661567605364998812e+01 1.640971762294034164e+01
-3.629138380024373056e+00 1.545448128535215737e+01 1.480135368588234002e+01
-2.313326042356035561e+00 1.438706296635123216e+01 1.349593774724634088e+01
-1.218807922136277977e+00 1.342108784044868131e+01 1.249801305559000042e+01
-3.449911942064111114e-01 1.256164255805261476e+01 1.181167451455930895e+01
3.065083804455590588e-01 1.180891019031203548e+01 1.144068626112949794e+01
7.341201641944317124e-01 1.115850965543293327e+01 1.138553290785536021e+01
9.452365123886468101e-01 1.060739736370820729e+01 1.163526378481932788e+01
9.453170836277828837e-01 1.014666500120713977e+01 1.217717812199459004e+01
7.365682288845496473e-01 9.762908952534537832e+00 1.299939351866848902e+01
3.202531143000294511e-01 9.442531417022939522e+00 1.409054293037154437e+01
-1.289211381963604741e-01 9.014442313190230038e+00 1.498494548432664075e+01
-4.104989648242530209e-01 8.355736895550617049e+00 1.521314248835465754e+01
-4.892909060178646241e-01 7.523117565594709788e+00 1.476364357858251353e+01
-3.404430870905577611e-01 6.560543003195840939e+00 1.363163992598972740e+01
4.661656562153587702e-02 5.490542031752755570e+00 1.181821340747237059e+01
6.618579976014241639e-01 4.303339502245342452e+00 9.330820848389333122e+00
1.469088429992745581e+00 2.950444769670346190e+00 6.185244916864650833e+00
2.421565861122366492e+00 1.366436174868755904e+00 2.399263363657346382e+00
3.467841194294108309e+00 -5.201750755213533361e-01 -2.007929104030409917e+00
4.554622908162516026e+00 -2.780410693322318494e+00 -7.014953846362400824e+00
5.415885408527390865e+00 -5.092378197546537422e+00 -1.168951762831814278e+01
5.847541726860193023e+00 -7.045942177705997622e+00 -1.511890423056242305e+01
5.903919602001091782e+00 -8.560556848118137552e+00 -1.731662309898192120e+01
5.652446673274059918e+00 -9.544732307891800716e+00 -1.830525469345253953e+01
5.165730609157400899e+00 -9.906837800733107713e+00 -1.811454428510992543e+01
4.511033173392346107e+00 -9.566817301729271250e+00 -1.677715056299037144e+01
3.737501348010511482e+00 -8.468418047856347997e+00 -1.432197731861316825e+01
2.878135675806266836e+00 -6.572941453983906612e+00 -1.077325752870836162e+01
1.949847590896292671e+00 -3.857540768126693109e+00 -6.148998773719761779e+00
9.521325505656055288e-01 -3.161855436574448341e-01 -4.588128880796603082e-01
-1.199581784483979424e-02 3.436737172556378450e+00 5.314751758010888061e+00
-8.648892315439951073e-01 6.750602129214567704e+00 1.021040178253253927e+01
-1.650704753865238850e+00 9.571789937238381896e+00 1.425540538688495928e+01
-2.401929486268088887e+00 1.185795495806473809e+01 1.747220579341276903e+01
-3.138474188263598030e+00 1.357893392613688732e+01 1.987676397949302398e+01
-3.864436443360966589e+00 1.472151472408082640e+01 2.147520919515954674e+01
-4.559320501468908660e+00 1.530303902334589061e+01 2.225660146594340461e+01
-5.186489962974670576e+00 1.536145438026228227e+01 2.220013270922324011e+01
-5.700253444045300988e+00 1.494641554200158140e+01 2.128146825984945067e+01
-6.050550152643208612e+00 1.411266931088590937e+01 1.947699881082321838e+01
-6.177823824478391401e+00 1.296713182905003947e+01 1.710238695372121853e+01
-6.040641256395296921e+00 1.159410598084150124e+01 1.448245955967247767e+01
-5.621180163610200786e+00 1.000474096362349741e+01 1.161541742543904832e+01
-4.910644324318421461e+00 8.195233884305874739e+00 8.507255544477104081e+00
-3.911233034497258121e+00 6.143611118579599406e+00 5.172713584640390216e+00
-2.639116562045650038e+00 3.806151361054857851e+00 1.637486506725474023e+00
-1.125670774262116369e+00 1.121884933750710633e+00 -2.062026605410331115e+00
5.887027172693856114e-01 -1.968688777401943923e+00 -5.889319799522514387e+00
2.456266796608215230e+00 -5.517519985905893876e+00 -9.811511929551100408e+00
4.422851966784920208e+00 -9.566111586806069766e+00 -1.380161310557478949e+01
6.085087573218628698e+00 -1.346545911586919964e+01 -1.720777142643611413e+01
7.085304794538379802e+00 -1.648961809865788908e+01 -1.943126024291912657e+01
7.453670730560034485e+00 -1.854643358986403356e+01 -2.053519986279206933e+01
7.245515783279725675e+00 -1.954079226751148823e+01 -2.058277100455268993e+01
6.538920539367666152e+00 -1.938505327552628543e+01 -1.962933859554309279e+01
5.432125949912060214e+00 -1.801220867846940621e+01 -1.771012974372229820e+01
4.040660605800239225e+00 -1.539066786755623006e+01 -1.482477833830366443e+01
2.488711255387892507e+00 -1.150741363428804220e+01 -1.095658603106077322e+01
9.030746034720527060e-01 -6.359529613127912206e+00 -6.084405627190953680e+00
-5.919049744650994871e-01 5.032252587775871977e-02 -1.897993418103200436e-01
-1.655351632807796181e+00 6.435340221330126731e+00 5.598885968669935487e+00
-2.118005693053893523e+00 1.148870283491413780e+01 1.013752263359988603e+01
-2.122138572314799188e+00 1.518739202901791607e+01 1.341015848835602320e+01
-1.810701064998397669e+00 1.751812493081465405e+01 1.540087395394922964e+01
-1.321019226672542679e+00 1.847090744905590043e+01 1.610102996139227827e+01
-7.771287587846096301e-01 1.802995256408034663e+01 1.551863333249444743e+01
-2.807220376442963738e-01 1.616197594445944219e+01 1.369032931448570167e+01
8.495392119132572084e-02 1.282460854428980568e+01 1.066988066808402991e+01
2.526165078042960088e-01 7.972870512730820813e+00 6.519529576050152819e+00
1.699528306386870746e-01 1.563318554639722802e+00 1.303990850426359760e+00
-1.311020702943575533e-01 -5.135657052566605429e+00 -3.903877182669017287e+00
-5.382727232331772083e-01 -1.080491298512129639e+01 -8.100867491703874990e+00
-9.818726721396442425e-01 -1.540641344678425639e+01 -1.133484579423729421e+01
-1.403884843297625640e+00 -1.890204072143895431e+01 -1.365830335766625936e+01
-1.757297748694953698e+00 -2.125635989759096134e+01 -1.512356540586143794e+01
-2.007127820097811544e+00 -2.244122973116629893e+01 -1.577473012205932790e+01
-2.134745176227681007e+00 -2.244420271457436655e+01 -1.563320951991578056e+01
-2.130018962636452962e+00 -2.126167195907064311e+01 -1.470674363812149288e+01
-1.984174736670544226e+00 -1.889371749262307887e+01 -1.299732299078577036e+01
-1.684023297294094723e+00 -1.534102869713781203e+01 -1.050659820021722268e+01
-1.299813114276266779e+00 -1.133499235359123425e+01 -7.733051821989003649e+00
-9.119811636817387601e-01 -7.608070552783257945e+00 -5.171916042196507135e+00
-5.123946125513647587e-01 -4.159064384805027714e+00 -2.827138158813002899e+00
-8.946487208952455528e-02 -9.846857855151955885e-01 -7.072554776982405977e-01
3.704145748211936096e-01 1.919328099317103353e+00 1.175743383323930580e+00
8.803742982773059556e-01 4.556650830066702795e+00 2.808426954497837968e+00
1.444246079073841615e+00 6.926814578791333332e+00 4.183577987621147187e+00
2.052603772294729012e+00 9.024455785252559537e+00 5.304221799175111052e+00
2.685205779133963855e+00 1.084141877144098309e+01 6.182431262765683222e+00
3.313733250982909606e+00 1.236880994576570458e+01 6.837813577823066424e+00
3.884997377081697234e+00 1.350172457488713640e+01 7.237223657187630721e+00
4.334762262694538570e+00 1.413543914049554573e+01 7.357300178915160416e+00
4.616523658389135143e+00 1.426466140235111268e+01 7.235974979698892362e+00
4.690763036326488056e+00 1.388760892020609106e+01 6.906533172137383048e+00
4.528866076919623396e+00 1.300514685993170794e+01 6.393287205879733648e+00
4.119772284808429497e+00 1.161990429754791165e+01 5.704611956682152041e+00
3.478651479682207448e+00 9.735880758263149914e+00 4.824238268424419829e+00
2.632438900694651807e+00 7.357338920804370019e+00 3.723924659806427506e+00
1.613320186941888723e+00 4.489259627679809128e+00 2.369633444781061193e+00
4.557691587835942526e-01 1.138005621815178170e+00 7.247113006761025655e-01
-6.241660813102454242e-01 -2.124099754208213398e+00 -9.524237646659292622e-01
-1.438021211131774502e+00 -4.730691688966293107e+00 -2.371425332491555960e+00
-2.000974283132824549e+00 -6.684730474490425678e+00 -3.513132106585615588e+00
-2.336066994026569255e+00 -7.991546089819133059e+00 -4.351002685070124443e+00
-2.470299557663451662e+00 -8.658602132003503371e+00 -4.855086056816634077e+00
-2.429106961554209132e+00 -8.694463241998414915e+00 -4.997110147453875051e+00
-2.228324624294280021e+00 -8.106826063061285836e+00 -4.757076815449721607e+00
-1.879252921669236631e+00 -6.902895227347897844e+00 -4.118949692066840029e+00
-1.392775710886873242e+00 -5.090042083376863147e+00 -3.067321025672522516e+00
-7.820819044375473261e-01 -2.676388143296863920e+00 -1.585420761027554581e+00
-1.607237065695621969e-01 -1.247877894251252923e-01 6.510260709219316266e-02
3.674322806203632608e-01 2.108308088826532423e+00 1.607751592677378882e+00
7.987618689974032016e-01 4.022969109528017562e+00 3.039907970280455896e+00
1.128669698526131526e+00 5.618761320766862966e+00 4.359103277419734468e+00
1.353044392422791287e+00 6.894851984671918288e+00 5.562018402941053097e+00
1.471585237445234950e+00 7.850756862234328892e+00 6.642453714268771847e+00
1.496279532850708360e+00 8.489283257473767108e+00 7.586565150175172079e+00
1.448435025563334921e+00 8.816348803561306013e+00 8.375953725968301455e+00
1.355032081639894415e+00 8.840589669292100439e+00 8.990656690160445663e+00
1.246122609426264960e+00 8.573119684371901528e+00 9.410946859049523994e+00
1.121337148075501888e+00 8.065670521965829565e+00 9.575412635907790460e+00
9.791686555365017863e-01 7.372413624046468605e+00 9.425698157531174459e+00
8.433408047475436931e-01 6.508927774069389827e+00 8.950758716031678830e+00
7.283663559995030568e-01 5.488441610680779625e+00 8.143760695527790361e+00
6.369515889913979212e-01 4.320043619534126300e+00 7.002248578511894195e+00
5.557677595126320202e-01 3.006333256039337876e+00 5.528985948470351630e+00
4.530468315929302436e-01 1.541850305415376932e+00 3.732565946740479035e+00
2.932652183570852999e-01 -8.202119002580604556e-02 1.623469456159209567e+00
4.340609293702410443e-02 -1.874858087548370245e+00 -7.870551749530899643e-01
-3.235854213943650248e-01 -3.846179030654120368e+00 -3.487619578653320840e+00
-7.533547334098650294e-01 -5.747803887752315433e+00 -6.102314994596087061e+00
-1.158965518050079968e+00 -7.327313939815066846e+00 -8.263743701529781660e+00
-1.505602345650696394e+00 -8.584358503970197063e+00 -9.977723583358677928e+00
-1.754065453573977029e+00 -9.515492940407472844e+00 -1.125399194419475180e+01
-1.866004947603006059e+00 -1.011505292453304250e+01 -1.210413067852390867e+01
-1.814185712909544446e+00 -1.037625529169038607e+01 -1.253789069643646492e+01
-1.602919387090335768e+00 -1.029346443549886025e+01 -1.255746564713269109e+01
-1.253104247647112368e+00 -9.861727384589014989e+00 -1.216101138180195029e+01
-7.925567098256323106e-01 -9.076941238980818838e+00 -1.134519862714735083e+01
-2.509450022782515610e-01 -7.936370820243607405e+00 -1.010655491260186167e+01
2.437106666920056952e-01 -6.556401879953263290e+00 -8.546840298312583073e+00
5.759955288415563590e-01 -5.057322304555833092e+00 -6.771149549441693338e+00
7.448675463881501146e-01 -3.443611506542780809e+00 -4.781678722350211075e+00
7.618138445125075542e-01 -1.719169441426943390e+00 -2.579809442013483611e+00
6.530931038995505533e-01 1.134923005752267455e-01 -1.651319015486033548e-01
4.610367233101476114e-01 2.053852207509072159e+00 2.465212042429751893e+00
2.349349419744010126e-01 4.103119262957880764e+00 5.316422519059915253e+00
1.934325707090511770e-02 6.262777171178650626e+00 8.394015209669960953e+00
-1.489810155084867471e-01 8.533830366023478220e+00 1.170259457749260079e+01
-2.432871885831930925e-01 1.091646803291811274e+01 1.524540247212251032e+01
-1.781181336814898764e-01 1.296330457390580726e+01 1.834636604321755016e+01
5.194953859793427497e-02 1.422606659751713210e+01 2.032266544544003040e+01
3.397054015841125540e-01 1.470461814296079694e+01 2.116901788357849767e+01
5.811131533487947642e-01 1.440142671550596631e+01 2.088366121356736471e+01
6.876625000942033772e-01 1.332135734339866673e+01 1.946709920048548526e+01
6.022651351337393599e-01 1.147071190876048874e+01 1.691973327565970564e+01
3.159620008558294835e-01 8.855864171190436451e+00 1.323930859443947128e+01
-1.484757417467079676e-01 5.483536010179767217e+00 8.419902447726478556e+00
-7.433881244027520374e-01 1.361236301112700886e+00 2.451965089446415114e+00
-1.398541580210169277e+00 -3.502098464771339792e+00 -4.677135631286819972e+00
-1.932431592917559726e+00 -8.240950659967882785e+00 -1.171372318957830672e+01
-2.199178132701804067e+00 -1.199986825442416816e+01 -1.739241903832740022e+01
-2.190947060550479275e+00 -1.478337631328084889e+01 -2.170676149090805396e+01
-1.930378348804954847e+00 -1.659665284481611280e+01 -2.464637446619583727e+01
-1.467802493839680977e+00 -1.744672844845783288e+01 -2.619788581464163002e+01
-8.806662931288649077e-01 -1.734514767795161561e+01 -2.634523129717078049e+01
-2.763520078025267779e-01 -1.631309539760827931e+01 -2.506892698341961179e+01
2.231148448936162154e-01 -1.437928544412411469e+01 -2.235076380196930756e+01
4.939483058472773358e-01 -1.157732295184122329e+01 -1.817679316734169603e+01
4.211474259000920206e-01 -7.942618831079314212e+00 -1.253868313478808716e+01
4.675585502118018155e-02 -4.205784803702725227e+00 -6.581823520793787630e+00
-4.654429983133214765e-01 -1.060741681320380048e+00 -1.462587547234610819e+00
-1.031907158268775326e+00 1.516875000619279490e+00 2.808246130806444363e+00
-1.569789263926180567e+00 3.554181138718139010e+00 6.222663942700031647e+00
-2.002848048193471175e+00 5.077995901438986159e+00 8.775386540663678403e+00
-2.269589682457173296e+00 6.109930409493085968e+00 1.046366676430882237e+01
-2.337894205596700026e+00 6.657983665141099294e+00 1.128764581017795265e+01
-2.200543807411466712e+00 6.718432501170431337e+00 1.124953163039817028e+01
-1.867370754367116303e+00 6.279875999311800072e+00 1.035277348832930144e+01
-1.358979729756731869e+00 5.326812955219211609e+00 8.601555332826773537e+00
-9.156713290359013158e-01 4.272507588858421634e+00 6.744248646055089225e+00
-7.590179083341159760e-01 3.546400296092398818e+00 5.525939561811913592e+00
-8.828088175619472899e-01 3.157145061818968923e+00 4.945929863457589448e+00
-1.280430850183171376e+00 3.111760925773914721e+00 5.003153336998304113e+00
-1.949471529707339501e+00 3.412341533889736489e+00 5.696096717800214648e+00
-2.894534740576663712e+00 4.054136067303211632e+00 7.022711524913433756e+00
-4.122569613351380724e+00 5.029792590145498288e+00 8.980747792657643558e+00
-5.641820207145684662e+00 6.331531473900971818e+00 1.156863705386757957e+01
-7.458174917290691042e+00 7.954287705687604237e+00 1.478559622253225925e+01
-9.570270305509740894e+00 9.899720480576483794e+00 1.863170187660577426e+01
-1.151541336539209226e+01 1.169210375272550806e+01 2.216156331162431314e+01
-1.280867924366476274e+01 1.287404247913963040e+01 2.443167877935392340e+01
-1.341225320722825032e+01 1.347784475941393545e+01 2.544540512741794203e+01
-1.330270031429436273e+01 1.352306315502041656e+01 2.520474350586159673e+01
-1.248025508714044918e+01 1.300780822132756853e+01 2.370924030370712643e+01
-1.098582822651947311e+01 1.189454836195791643e+01 2.095514486475599725e+01
-8.923188648854480931e+00 1.009403289452717445e+01 1.693654263751717437e+01
-6.418670937018618794e+00 7.501504842002146844e+00 1.165222186605558541e+01
-3.597345871044383081e+00 4.017198021410950837e+00 5.109011509745662316e+00
-5.664222737851332123e-01 -4.418093893715171472e-01 -2.678177789158391331e+00
2.065005608046342811e+00 -5.084267109137652341e+00 -1.022823339685102617e+01
3.845590812697019523e+00 -8.996789856955309972e+00 -1.607322292334577440e+01
4.935459072941850600e+00 -1.206016734750465602e+01 -2.022169649672473213e+01
5.485772823184733582e+00 -1.416619927657500355e+01 -2.269173506059902579e+01
5.615590509975674216e+00 -1.522984316515089276e+01 -2.350658242314011659e+01
5.378203460010390735e+00 -1.520573101203001976e+01 -2.268796027119990200e+01
4.715071579715244710e+00 -1.411119172021236068e+01 -2.024827112001892004e+01
3.498202280610349657e+00 -1.200413680056686161e+01 -1.619517846561139152e+01
1.562978457974848245e+00 -8.968232219204471889e+00 -1.053735441216445601e+01
-1.269232621315263598e+00 -5.102813744169812260e+00 -3.288454838854353302e+00
-4.461215081844926544e+00 -1.331652324848280333e+00 4.012646612964615223e+00
-7.291857705440128790e+00 1.522796547741110729e+00 9.847815832382257994e+00
-9.640014284318816351e+00 3.527845630985635417e+00 1.423483433480130955e+01
-1.137097387911141411e+01 4.767786116880682101e+00 1.719897908817119259e+01
-1.235365660487492079e+01 5.331182683648613363e+00 1.877118607464308297e+01
-1.248152305765160719e+01 5.291395484360627677e+00 1.898168601811055112e+01
-1.169979493784223123e+01 4.678369640859505907e+00 1.784838196506068186e+01
-9.986905087078753240e+00 3.495614404737663605e+00 1.538038110477406128e+01
-7.338880397778891229e+00 1.734427589937570069e+00 1.158119627783305106e+01
-3.758861580165896221e+00 -6.164865349286707819e-01 6.451004245114223323e+00
-7.845723050448527580e-02 -3.009194720365572451e+00 1.220480619242445774e+00
2.864178131242071768e+00 -4.890849148704353055e+00 -2.885841812470344436e+00
5.065618379540867799e+00 -6.255763738771153548e+00 -5.874589186922937856e+00
6.526802804398282198e+00 -7.096921309724251614e+00 -7.749608432088797016e+00
7.244259591432567369e+00 -7.413936290230866533e+00 -8.514379397795696747e+00
7.199164392815300850e+00 -7.223178129566046657e+00 -8.174999109871491143e+00
6.344547536475904081e+00 -6.570215532154199067e+00 -6.743944204737958970e+00
4.614935553194270845e+00 -5.522166399515847424e+00 -4.241316276559510712e+00
1.934444320293307928e+00 -4.160337595215436224e+00 -6.955319745401508102e-01
-1.777720476928847493e+00 -2.574439140392641434e+00 3.856170419196008670e+00
-5.698504841541469190e+00 -1.176304999465687118e+00 8.320190595083301943e+00
-8.909787587992756386e+00 -2.695444289721660169e-01 1.164413587373363868e+01
-1.134517111885246798e+01 2.250374353907336200e-01 1.385249624017571080e+01
-1.293482107394267011e+01 3.938732336897690089e-01 1.497838176957017176e+01
-1.360923408457425587e+01 3.240299129375845411e-01 1.506289009163234738e+01
-1.330189040098492725e+01 9.422683318075009140e-02 1.415410633011644848e+01
-1.195056906066885816e+01 -2.366102274155146290e-01 1.230575928504005034e+01
-9.499128231761293506e+00 -6.241683476927404328e-01 9.573819823778833893e+00
-5.898932805513483757e+00 -1.035808310607556848e+00 6.013154308423303007e+00
-1.110064112244439238e+00 -1.449529322337244963e+00 1.674275375030549462e+00
3.986625258270733330e+00 -1.698206255187612701e+00 -2.645011780354210362e+00
8.453167985301424991e+00 -1.654442077620840834e+00 -6.208216108989759618e+00
1.224063454160442888e+01 -1.356605098788441488e+00 -9.063031413322642393e+00
1.530606944753361986e+01 -8.348902071022195059e-01 -1.125655895484291591e+01
1.761310819562265451e+01 -1.120567961298739590e-01 -1.283286565303706084e+01
1.913383894929975071e+01 7.958709214139059185e-01 -1.382874728434093647e+01
1.985356119718442969e+01 1.879057326484176116e+00 -1.426537429531886758e+01
1.976675586340207857e+01 3.132767205809527056e+00 -1.415231636977177665e+01
1.887380443756762105e+01 4.556227462167067088e+00 -1.349121890578593508e+01
1.717893005540818763e+01 6.151503868693955823e+00 -1.227816669362380964e+01
1.496008849385859563e+01 7.671183443569879579e+00 -1.088194164018380405e+01
1.249552910685190810e+01 8.868046085910371801e+00 -9.670063605978551635e+00
9.789419353560276704e+00 9.745411992590041095e+00 -8.636066851459176519e+00
6.843683435916802615e+00 1.030590468346576927e+01 -7.777004612091340974e+00
3.658876950416811713e+00 1.055134444446772868e+01 -7.094447012852993950e+00
2.345262726112657958e-01 1.048226884492944322e+01 -6.596109388168851950e+00
-3.431359123869430761e+00 1.009763248589550244e+01 -6.294886944241140370e+00
-7.340196870973914045e+00 9.397399045911347670e+00 -6.199885068335007077e+00
-1.149319557505629419e+01 8.382796969609263016e+00 -6.313042093463895554e+00
-1.589245968782362972e+01 7.055930344138864996e+00 -6.627208534165175635e+00
-1.983460545172101064e+01 5.624163639611946763e+00 -7.028080766536139556e+00
-2.261757996616685062e+01 4.291383914392723931e+00 -7.392479747126547096e+00
-2.424722587543590180e+01 3.053491222935655891e+00 -7.696151304303025853e+00
-2.472965305954000925e+01 1.904016900392718981e+00 -7.924570167008482713e+00
-2.407100736471941360e+01 8.334404053315465077e-01 -8.078076616578059088e+00
-2.227583659945538486e+01 -1.717027468059386663e-01 -8.181661335078539210e+00
-1.934202330196268349e+01 -1.128778798981275866e+00 -8.300228788082076647e+00
-1.526631513330165646e+01 -2.056949898279289091e+00 -8.515559580279346008e+00
-1.004673301353608572e+01 -2.974760010103318031e+00 -8.911202023042404718e+00
-3.682226148764686346e+00 -3.897035507112171615e+00 -9.562529554722825509e+00
2.680322243424265949e+00 -4.815764780805606549e+00 -1.037486496056351370e+01
7.906336923720738596e+00 -5.692335443679573004e+00 -1.116317277569938682e+01
1.201872877899779368e+01 -6.488972518012355195e+00 -1.185267081782303222e+01
1.504279624139817884e+01 -7.168920730041029366e+00 -1.237180461731681724e+01
1.700317952808604716e+01 -7.700858841076209771e+00 -1.266020063637770754e+01
1.791593392038772237e+01 -8.067997410120915092e+00 -1.267955828379022520e+01
1.777248247722461727e+01 -8.285410621405793208e+00 -1.243049126030892815e+01
1.655332058817319307e+01 -8.386142968958761656e+00 -1.194177679756903743e+01
1.423564507899891041e+01 -8.411874481995610608e+00 -1.125959782578420310e+01
1.079662616398121600e+01 -8.407642014505594119e+00 -1.043921400201234562e+01
7.133893640740305742e+00 -8.394667501809550458e+00 -9.548601598206110097e+00
4.148798262259465908e+00 -8.361838078213375880e+00 -8.599771222401338733e+00
1.827659762117708864e+00 -8.300729220494037719e+00 -7.558657322272710921e+00
1.602776919816875090e-01 -8.197850030544616473e+00 -6.386980604061573530e+00
-8.584880162314698637e-01 -8.035333325874503885e+00 -5.048506125504815145e+00
-1.225023531290846623e+00 -7.790541457958497062e+00 -3.517628625462688063e+00
-9.233191070208213169e-01 -7.437254258049710742e+00 -1.791411793315061729e+00
6.514869133419498581e-02 -6.953478563102573062e+00 1.168846021883895858e-01
1.757877043529720407e+00 -6.322899982273146868e+00 2.183728902802696492e+00
4.169881618381220179e+00 -5.534708200448386961e+00 4.379649165465126615e+00
6.748328150061340125e+00 -4.657757837744888718e+00 6.411863422088815767e+00
8.926968699566939947e+00 -3.776853452980004189e+00 8.012564062908523965e+00
1.069393721898423877e+01 -2.909816741193485878e+00 9.194546903143425709e+00
1.203387456966317437e+01 -2.074102802121413180e+00 9.977421548886505676e+00
1.293015758813541183e+01 -1.285236266829944629e+00 1.038502369337297715e+01
1.336802420084950604e+01 -5.542095752289266652e-01 1.044129078338773908e+01
1.333970862361522158e+01 1.171985553492116416e-01 1.016234893538986128e+01
1.284205290702999136e+01 7.317662209507627136e-01 9.557213083517824614e+00
1.187495333474883275e+01 1.294313684900381789e+00 8.629424962675818378e+00
1.044080716611274084e+01 1.810622220246596026e+00 7.377890182833719557e+00
8.807878322761917289e+00 2.242321079931440142e+00 6.029329761595437986e+00
7.246470892514559559e+00 2.547417697626578992e+00 4.806404337099529300e+00
5.763131866251490543e+00 2.725129267011996426e+00 3.698990514549040931e+00
4.363736742590176299e+00 2.773420774353810625e+00 2.697459440515199258e+00
3.053481976353358718e+00 2.689429500310693832e+00 1.793273205268734127e+00
1.836823304626458819e+00 2.469723889745866430e+00 9.798738149501595718e-01
7.173415883235126911e-01 2.110887480977392094e+00 2.538459039272837892e-01
-3.022539795145591790e-01 1.610801563974036066e+00 -3.861530153169774882e-01
-1.220141704005172301e+00 9.686391495640935823e-01 -9.399506848490812860e-01
-2.035414060225439137e+00 1.846218831501558466e-01 -1.406144053875892475e+00
-2.748092113634881262e+00 -7.402052424412348675e-01 -1.782399859998558211e+00
-3.359125442861849997e+00 -1.804185951539663213e+00 -2.065764614915527986e+00
-3.870376718803675953e+00 -3.005255205879018732e+00 -2.252977787631169626e+00
-4.284591518510816321e+00 -4.341134912855205918e+00 -2.340782959333496116e+00
-4.605355377408899997e+00 -5.809524592687298927e+00 -2.326232697873191313e+00
-4.836675044726570505e+00 -7.408501964463743761e+00 -2.207068126082906812e+00
-4.981380055913129823e+00 -9.137363238423708012e+00 -1.982093291593101103e+00
-5.041379478410838999e+00 -1.099606037939557268e+01 -1.650765300534765778e+00
-5.017839635944284282e+00 -1.298490615595917319e+01 -1.213031691476146534e+00
-4.911108759052636330e+00 -1.510448201750516262e+01 -6.692801516416686525e-01
-4.720643377127436757e+00 -1.735555092243476949e+01 -2.029168454153129630e-02
-4.444934338945994767e+00 -1.973897285729150397e+01 7.328039419258782772e-01
-4.081430893957809225e+00 -2.225562052393072676e+01 1.588571995156122796e+00
-3.626461785499729196e+00 -2.490629240647223241e+01 2.545317705888237469e+00
