2.130956095294356700e+01 -4.856134762703806018e+01 7.728426780653537831e-01
1.814296488457418022e+01 -4.182855226337095189e+01 1.709701503083582930e+00
1.518529899227929647e+01 -3.549525846640784721e+01 2.498492833363185728e+00
1.243656327605891043e+01 -2.956146623614874258e+01 3.139216668904160734e+00
9.896757735913020326e+00 -2.402717557259362735e+01 3.631873009706509059e+00
7.565882371841635035e+00 -1.889238647574252994e+01 3.976461855770232035e+00
5.443937183844743899e+00 -1.415709894559542192e+01 4.172983207095326108e+00
3.530922171922348696e+00 -9.821312982152306859e+00 4.221437063681793056e+00
1.826837336074452312e+00 -5.885028585413200730e+00 4.121823425529632878e+00
3.316826763010578549e-01 -2.348245755378095545e+00 3.874142292638847351e+00
-9.545418073978397810e-01 7.890355079530153581e-01 3.478393665009434255e+00
-2.031836115022237266e+00 3.526815204580115104e+00 2.934577542641393144e+00
-2.900200246572139484e+00 5.865093334503226785e+00 2.242693925534728905e+00
-3.559634202047541329e+00 7.803869897722336191e+00 1.402742813689432211e+00
-4.010137981448444577e+00 9.343144894237443765e+00 4.147242071055119439e-01
-4.251711584774847452e+00 1.048291832404854595e+01 -7.213618942170336723e-01
-4.284355012026755283e+00 1.122319018715565697e+01 -2.005515490278210855e+00
-4.108068263204161852e+00 1.156396048355876260e+01 -3.437736581078014275e+00
-3.722851338307072488e+00 1.150522921325786996e+01 -5.018025166616437716e+00
-3.128704237335480975e+00 1.104699637625297548e+01 -6.746381246893496275e+00
-2.325626960289395306e+00 1.018926197254408628e+01 -8.622804821909181072e+00
-1.313619507168809264e+00 8.932026002131191689e+00 -1.064729589166348944e+01
-9.268187797372462455e-02 7.275288465014300598e+00 -1.281985445615642405e+01
1.337185927295859500e+00 5.219049361193402348e+00 -1.514048051538798845e+01
2.975983908639939557e+00 2.763308690668516476e+00 -1.760917406935817553e+01
4.823712066058520875e+00 -9.193354656037833195e-02 -2.022593511806699595e+01
6.574880571202347923e+00 -3.000980505190476322e+00 -2.255532751635329092e+01
7.923998685290689181e+00 -5.618134309661139802e+00 -2.416191382135387755e+01
8.871066408323372343e+00 -7.943394959972173375e+00 -2.504569403306852138e+01
9.416083740300395633e+00 -9.976762456123568157e+00 -2.520666815149720463e+01
9.559050681221766155e+00 -1.171823679811535257e+01 -2.464483617663994153e+01
9.299967231087476804e+00 -1.316781798594750441e+01 -2.336019810849671785e+01
8.638833389897531134e+00 -1.432550601962002901e+01 -2.135275394706755492e+01
7.575649157651928256e+00 -1.519130089913292636e+01 -1.862250369235242786e+01
6.110414534350669058e+00 -1.576520262448619647e+01 -1.516944734435135800e+01
4.243129519993759757e+00 -1.604721119567983578e+01 -1.099358490306435066e+01
2.312062893198931768e+00 -1.608873198509697033e+01 -6.625561793944516609e+00
6.554846423287162827e-01 -1.594117054896084618e+01 -2.596025340183068852e+00
-7.266052326166151376e-01 -1.560452688727151305e+01 1.095024458219564956e+00
-1.834206731637064713e+00 -1.507880100002896562e+01 4.447587601263391477e+00
-2.667319854732631335e+00 -1.436399288723321099e+01 7.461664088948406715e+00
-3.225944601903311337e+00 -1.346010254888424562e+01 1.013725392127459557e+01
-3.510080973149112715e+00 -1.236712998498206773e+01 1.247435709824199179e+01
-3.519728968470031472e+00 -1.108507519552667553e+01 1.447297361985057407e+01
-3.254888587866067162e+00 -9.613938180518074361e+00 1.613310348610035305e+01
-2.715559831337218011e+00 -7.953718939956258893e+00 1.745474669699131098e+01
-2.082902841627377821e+00 -6.269660726066925704e+00 1.852010977412108161e+01
-1.538077977440235333e+00 -4.727006988061150494e+00 1.941139933708510767e+01
-1.081085238775802981e+00 -3.325757725938932818e+00 2.012861538588341759e+01
-7.119246256340818757e-01 -2.065912939700280671e+00 2.067175792051600069e+01
-4.305961380150731821e-01 -9.474726293451956050e-01 2.104082694098285344e+01
-2.370997759187767340e-01 2.956320512632337749e-02 2.123582244728397583e+01
-1.314355393451924203e-01 8.651945637142764989e-01 2.125674443941937852e+01
-1.136034282943204077e-01 1.559421446418663093e+00 2.110359291738905796e+01
-1.836034427661604185e-01 2.112243853239483826e+00 2.077636788119300348e+01
-3.414355827607127858e-01 2.523661784176738365e+00 2.027506933083122220e+01
-5.255058417593327924e-01 2.830355720269287279e+00 1.962747834739370845e+01
-6.742199195398281830e-01 3.069006317462414923e+00 1.886137614444118427e+01
-7.875778161021141921e-01 3.239613575756176367e+00 1.797676272197366032e+01
-8.655795314461897094e-01 3.342177495150569833e+00 1.697363807999115437e+01
-9.082250655720540689e-01 3.376698075645596209e+00 1.585200221849366464e+01
-9.155144184797077145e-01 3.343175317241253719e+00 1.461185513748119114e+01
-8.874475901691506463e-01 3.241609219937544140e+00 1.325319683695373385e+01
-8.240245806403823092e-01 3.071999783734465250e+00 1.177602731691128568e+01
-7.252453898934032583e-01 2.834347008632018827e+00 1.018034657735385728e+01
-5.911100179282132716e-01 2.528650894630204427e+00 8.466154618281443334e+00
-4.433898874092134235e-01 2.164444955438379115e+00 6.701187599188562771e+00
-3.038564729079591964e-01 1.751262727495583427e+00 4.953181841065438462e+00
-1.725097744244587505e-01 1.289104210801822026e+00 3.222137343912097940e+00
-4.934979195871319613e-02 7.779694053571001300e-01 1.508054107728558968e+00
6.562347448928014526e-02 2.178583111614070811e-01 -1.890678674852159791e-01
1.724100249195198165e-01 -3.912290717852524580e-01 -1.869228581729207805e+00
2.710098593320059424e-01 -1.049292743482877821e+00 -3.532428035003416955e+00
3.614229777267384813e-01 -1.756332703931470007e+00 -5.178666227307845205e+00
4.436493801037172946e-01 -2.512348953131027240e+00 -6.807943158642488335e+00
5.176890664629424377e-01 -3.317341491081551297e+00 -8.420258829007348567e+00
5.796237861508054534e-01 -4.087574114662603897e+00 -9.834268010751916478e+00
6.255352885136971075e-01 -4.739310620753744985e+00 -1.086862547622567732e+01
6.554235735516175110e-01 -5.272551009354977225e+00 -1.152333122542863642e+01
6.692886412645669969e-01 -5.687295280466298841e+00 -1.179838525836078489e+01
6.671304916525453432e-01 -5.983543434087712498e+00 -1.169378757502213340e+01
6.489491247155523279e-01 -6.161295470219212866e+00 -1.120953817541267306e+01
6.147445404535888391e-01 -6.220551388860806163e+00 -1.034563705953242341e+01
5.645167388666539887e-01 -6.161311190012491501e+00 -9.102084227381359582e+00
4.982657199547479432e-01 -5.983574873674265326e+00 -7.478879678959488686e+00
4.159914837178745328e-01 -5.687342439846137410e+00 -5.476023414266918188e+00
3.285639539823259625e-01 -5.300649955296183435e+00 -3.387288365062029794e+00
2.468530286585189915e-01 -4.851533419949391579e+00 -1.506446762695104580e+00
1.708587077464535642e-01 -4.339992833805763617e+00 1.665013928338558435e-01
1.005809912461296529e-01 -3.766028196865295552e+00 1.631556101524851643e+00
3.601987915754731318e-02 -3.129639509127990493e+00 2.888717363377883096e+00
-2.282462851929343423e-02 -2.430826770593849329e+00 3.937985178392950480e+00
-7.595253178439266561e-02 -1.669589981262869394e+00 4.779359546570054462e+00
-1.233638306377503047e-01 -8.459291411350520207e-01 5.412840467909193265e+00
-1.650585250793659697e-01 4.015574978959257635e-02 5.838427942410364224e+00
-2.010366151092351505e-01 9.886646915108051603e-01 6.056121970073597538e+00
-2.274731966226869184e-01 1.803341730412424848e+00 6.081014488324374412e+00
-2.405433837535551067e-01 2.287931848696540094e+00 5.928197362624448630e+00
-2.402471765018395489e-01 2.442435046363150342e+00 5.597670592973819303e+00
-2.265845748675404947e-01 2.266851323412257369e+00 5.089434179372489098e+00
-1.995555788506578332e-01 1.761180679843858510e+00 4.403488121820457124e+00
-1.591601884511915643e-01 9.254231156579568740e-01 3.539832420317722050e+00
-1.053984036691415493e-01 -2.404213691454497592e-01 2.498467074864284321e+00
-3.827022450450801028e-02 -1.736352774566362722e+00 1.279392085460144823e+00
4.222434904270910838e-02 -3.562371100604776686e+00 -1.173925478946959977e-01
1.360853169725099177e-01 -5.718476347260697423e+00 -1.691886825200239919e+00
2.338200609072427771e-01 -7.943896082397785108e+00 -3.160896049437897926e+00
3.259359172048572617e-01 -9.977856630417999639e+00 -4.241224173209531045e+00
4.124328858653397711e-01 -1.182035799132096976e+01 -4.932871196514733825e+00
4.933109668886905830e-01 -1.347140016510670257e+01 -5.235837119353510261e+00
5.685701602749091421e-01 -1.493098315177518742e+01 -5.150121941725855912e+00
6.382104660239961147e-01 -1.619910695132643141e+01 -4.675725663631775220e+00
7.022318841359509456e-01 -1.727577156376042922e+01 -3.812648285071263299e+00
7.606344146107727466e-01 -1.816097698907716662e+01 -2.560889806044355232e+00
8.134180574484639603e-01 -1.885472322727668626e+01 -9.204502265509963976e-01
8.605828126490231433e-01 -1.935701027835896326e+01 1.108670453408790557e+00
8.592363773446324293e-01 -1.947218692155508890e+01 3.206696141631508290e+00
7.664858350854144575e-01 -1.900459913727047123e+01 5.053846171459500880e+00
5.823311858708206668e-01 -1.795424692550262336e+01 6.650120542888680042e+00
3.067724297008513901e-01 -1.632113028625153106e+01 7.995519255919046664e+00
-6.019043342449359457e-02 -1.410524921951720501e+01 9.090042310550604299e+00
-5.185574035052141761e-01 -1.130660372529963809e+01 9.933689706783342288e+00
-1.068328480541310910e+00 -7.925193803598828524e+00 1.052646144461727040e+01
-1.709503664532782796e+00 -3.961019454414785201e+00 1.086835752405238864e+01
-2.442082955479630613e+00 5.859193222525007627e-01 1.095937794508868812e+01
-3.266066353381853915e+00 5.715622526403025816e+00 1.079952270772617595e+01
-4.032376910234431122e+00 1.079445997037445792e+01 1.043504989420992501e+01
-4.591937678032339321e+00 1.518880146650445617e+01 9.912217586785004642e+00
-4.944748656775575846e+00 1.889864701479301701e+01 9.231025785451416610e+00
-5.090809846464145139e+00 2.192399661524015286e+01 8.391474490209162695e+00
-5.030121247098045423e+00 2.426485026784586552e+01 7.393563701058241122e+00
-4.762682858677276698e+00 2.592120797261013365e+01 6.237293417998651002e+00
-4.288494681201838077e+00 2.689306972953297858e+01 4.922663641030394999e+00
-3.607556714671730447e+00 2.718043553861439676e+01 3.449674370153470893e+00
-2.719868959086953808e+00 2.678330539985438463e+01 1.818325605367878683e+00
-1.625431414449896028e+00 2.570167931325671518e+01 2.861734667688409575e-02
-5.109243939772520893e-01 2.423126078475635836e+01 -1.664212176803966603e+00
4.369744595713273561e-01 2.266774909025727425e+01 -3.004928387135381129e+00
1.218265146195827153e+00 2.101114422975950902e+01 -3.993531284317343388e+00
1.832947665896280887e+00 1.926144620326298096e+01 -4.630020868349895125e+00
2.281022018672670182e+00 1.741865501076772205e+01 -4.914397139233011025e+00
2.562488204524994373e+00 1.548277065227374294e+01 -4.846660096966691533e+00
2.677346223453253238e+00 1.345379312778103298e+01 -4.426809741550934874e+00
2.625596075457448109e+00 1.133172243728960282e+01 -3.654846072985745042e+00
2.407237760537578097e+00 9.116558580799445366e+00 -2.530769091271118043e+00
2.022271278693734686e+00 6.808301558311001145e+00 -1.054578796407568575e+00
1.535001316938312099e+00 4.715119291903167920e+00 4.128203197977300398e-01
1.009732255656067945e+00 3.145178234200501244e+00 1.510525486458682121e+00
4.464640948470019466e-01 2.098478385203002006e+00 2.238536703575285891e+00
-1.548031654888855080e-01 1.575019744910669761e+00 2.596853971147541795e+00
-7.940695253515945851e-01 1.574802313323505398e+00 2.585477289175449833e+00
-1.471334984741124785e+00 2.097826090441508029e+00 2.204406657659010005e+00
-2.186599543657476996e+00 3.144091076264678097e+00 1.453642076598222310e+00
-2.939863202100651218e+00 4.713597270793016492e+00 3.331835459930871934e-01
-3.731125960070645675e+00 6.806344674026520991e+00 -1.156968934156396678e+00
-4.560387817567462143e+00 9.422333285965192928e+00 -3.016815363850226195e+00
-5.199769210485054138e+00 1.209822821826126571e+01 -4.799413839146168925e+00
-5.421389488101319820e+00 1.437069237321077253e+01 -6.057820324913743448e+00
-5.225248650415937668e+00 1.623972575081305436e+01 -6.792034821152316049e+00
-4.611346697428906793e+00 1.770532835106811476e+01 -7.002057327861889391e+00
-3.579683629140226753e+00 1.876750017397594661e+01 -6.687887845042457258e+00
-2.130259445549897990e+00 1.942624121953655347e+01 -5.849526372694025866e+00
-2.630741466579200605e-01 1.968155148774993535e+01 -4.486972910816589888e+00
2.021872267535653300e+00 1.953343097861609579e+01 -2.600227459410197284e+00
4.724579797030919792e+00 1.898187969213504189e+01 -1.892900184747681180e-01
7.845048441827832342e+00 1.802689762830675591e+01 2.745839411989662082e+00
1.080566068444027650e+01 1.673806776406955876e+01 5.693636798221534789e+00
1.302879074446030927e+01 1.518497407175867231e+01 8.142570789016559729e+00
1.451443862188053835e+01 1.336761655137499005e+01 1.009264138436819458e+01
1.526260431670096729e+01 1.128599520291851199e+01 1.154384858427644289e+01
1.527328782892159786e+01 8.940110026389238129e+00 1.249619238874130112e+01
1.454648915854242119e+01 6.329961021787167574e+00 1.294967279776276747e+01
1.308220830556344794e+01 3.455548189112300328e+00 1.290428981134084729e+01
1.088044526998467454e+01 3.168715283646381664e-01 1.236004342947554058e+01
7.941200051806095672e+00 -3.086068960455821575e+00 1.131693365216684022e+01
4.264472651027717554e+00 -6.753273277349078008e+00 9.774960479414751546e+00
6.724739468762941375e-01 -1.022928230118551163e+01 8.088472323803067354e+00
-2.012585181421418845e+00 -1.305863691083550115e+01 6.611817597915579547e+00
-3.790704733865416287e+00 -1.524133710629904570e+01 5.344996301752288126e+00
-4.661884710455705516e+00 -1.677738288757614882e+01 4.288008435313193978e+00
-4.626125111192283867e+00 -1.766677425466680873e+01 3.440853998598297547e+00
-3.683425936075146012e+00 -1.790951120757102188e+01 2.803532991607596614e+00
-1.833787185104300832e+00 -1.750559374628879539e+01 2.376045414341093398e+00
9.227911417202552258e-01 -1.645502187082012924e+01 2.158391266798787456e+00
4.586309044398525714e+00 -1.475779558116501811e+01 2.150570548980678343e+00
9.156766522917703099e+00 -1.241391487733026011e+01 2.352583260883874150e+00
1.363342912328792700e+01 -9.955083133669916151e+00 2.538364369434618961e+00
1.701557670699974878e+01 -7.912996118535037482e+00 2.481852075413596648e+00
1.930320927405313469e+01 -6.287653831925656078e+00 2.183046378820815647e+00
2.049632682444819309e+01 -5.079056273841700886e+00 1.641947279656264858e+00
2.059492935818484938e+01 -4.287203444283213649e+00 8.585547779199469431e-01
1.959901687526311065e+01 -3.912095343250192148e+00 -1.671311263881380960e-01
1.750858937568297335e+01 -3.953731970742637714e+00 -1.435110433267990704e+00
1.432364685944444105e+01 -4.412113326760549903e+00 -2.945383142719608660e+00
1.004418932654751373e+01 -5.287239411303928271e+00 -4.697949254742994185e+00
4.670216776993822982e+00 -6.579110224372211491e+00 -6.692808769337677433e+00
-6.499485579214159259e-01 -7.891519608072213643e+00 -8.599418184387497277e+00
-4.767989922512105849e+00 -8.828263293762736552e+00 -1.008723557392535675e+01
-7.683907316778248564e+00 -9.389341281443781995e+00 -1.115626093795125939e+01
-9.397700740719846735e+00 -9.574753571115346418e+00 -1.180649427646520166e+01
-9.909370194336894144e+00 -9.384500162777433374e+00 -1.203793558946719067e+01
-9.218915677629421879e+00 -8.818581056430053522e+00 -1.185058487695722462e+01
-7.326337190597344673e+00 -7.876996252073162452e+00 -1.124444213893528755e+01
-4.231634733240834834e+00 -6.559745749706841877e+00 -1.021950737540142917e+01
6.519169444038830363e-02 -4.866829549330974558e+00 -8.775780586355555357e+00
5.564142092421100472e+00 -2.798247650953899601e+00 -6.913261771805776057e+00
1.117257088392385533e+01 -7.140727687773376076e-01 -4.982799932228729745e+00
1.579785333245743395e+01 1.025629250748561372e+00 -3.335237376275527410e+00
1.943998943802224488e+01 2.420858407623952324e+00 -1.970574103946019395e+00
2.209897920061796839e+01 3.471614701848709572e+00 -8.888101152403300453e-01
2.377482262024484072e+01 4.177898133422928595e+00 -8.994541015836132747e-02
2.446751969690270911e+01 4.539708702346546332e+00 4.260200112998157040e-01
2.417707043059163752e+01 4.557046408619592093e+00 6.590861491342452361e-01
2.290347482131164725e+01 4.229911252242066766e+00 6.092530033449079507e-01
2.064673286906263883e+01 3.558303233213943262e+00 2.765205739317997402e-01
1.740684457384929118e+01 2.542222351536529867e+00 -3.391111391040719791e-01
1.397447870630726641e+01 1.402080967785730214e+00 -1.065487965505080625e+00
1.114029649671721423e+01 3.582893405353319016e-01 -1.730457376792832402e+00
8.904297945078878840e+00 -5.891525302147566645e-01 -2.334019372967384598e+00
7.266483051392460979e+00 -1.440244644464452550e+00 -2.876173954028684587e+00
6.226851815657816758e+00 -2.194987002213830252e+00 -3.356921119976781664e+00
5.785404237875035882e+00 -2.853379603462823155e+00 -3.776260870811631420e+00
5.942140318044079272e+00 -3.415422448211489659e+00 -4.134193206533271159e+00
6.697060056164934494e+00 -3.881115536459780024e+00 -4.430718127141670237e+00
8.050163452237669048e+00 -4.250458868207735996e+00 -4.665835632636854413e+00
1.000145050626216126e+01 -4.523452443455323824e+00 -4.839545723018803258e+00
1.179124760025183782e+01 -4.701902501520594413e+00 -4.905241889202343941e+00
1.265988111622009349e+01 -4.787615281721581795e+00 -4.816317622102285867e+00
1.260735105416685187e+01 -4.780590784058277087e+00 -4.572772921718636141e+00
1.163365741409210941e+01 -4.680829008530682955e+00 -4.174607788051376112e+00
9.738800195995951370e+00 -4.488329955138805616e+00 -3.621822221100538641e+00
6.922779399878210782e+00 -4.203093623882626417e+00 -2.914416220866073992e+00
3.185595025739138109e+00 -3.825120014762176002e+00 -2.052389787348047001e+00
-1.472752926421600606e+00 -3.354409127777416622e+00 -1.035742920546380397e+00
-7.052264456603591469e+00 -2.790960962928389577e+00 1.355243795388365591e-01
-1.355293956480732831e+01 -2.134775520215048239e+00 1.461412112907706451e+00
-1.970479664479504933e+01 -1.520531968554194036e+00 2.648952619771404393e+00
-2.423784197880553748e+01 -1.082910761266999033e+00 3.405175446375658055e+00
-2.715207556683117573e+01 -8.219118983542671453e-01 3.730080592718733712e+00
-2.844749740887222700e+01 -7.375353798159750562e-01 3.623668058800665115e+00
-2.812410750492857403e+01 -8.297812056521308710e-01 3.085937844621458037e+00
-2.618190585500018841e+01 -1.098649375862742250e+00 2.116889950181064073e+00
-2.262089245908724422e+01 -1.544139890447785657e+00 7.165243754795707076e-01
-1.744106731718941816e+01 -2.166252749407299838e+00 -1.115158879483145959e+00
-1.064243042930717209e+01 -2.964987952741230171e+00 -3.378159814706924280e+00
-2.224981795439912702e+00 -3.940345500449647709e+00 -6.072478430191964094e+00
6.215727553188806986e+00 -4.899444986200769847e+00 -8.705867089063712427e+00
1.308411615245470827e+01 -5.649402324739262404e+00 -1.078606876551354077e+01
1.838018400232089888e+01 -6.190217516060671166e+00 -1.231308345953007155e+01
2.210393110278786466e+01 -6.521890560165046757e+00 -1.328691117111344511e+01
2.425535745385525388e+01 -6.644421457052357205e+00 -1.370755190026356729e+01
2.483446305552328326e+01 -6.557810206722623825e+00 -1.357500564698050027e+01
2.384124790779185332e+01 -6.262056809175826189e+00 -1.288927241126419787e+01
2.127571201066107776e+01 -5.757161264411993606e+00 -1.165035219311472048e+01
1.713785536413071497e+01 -5.043123572431079005e+00 -9.858244992531961515e+00
1.142767796822803739e+01 -4.119943733237267480e+00 -7.512950809524588713e+00
5.328276974223090434e+00 -3.168815522857523881e+00 -4.988808621318718828e+00
2.272696789551953422e-02 -2.370929261367286323e+00 -2.660150265285149640e+00
-4.488972050755144494e+00 -1.726284948766483307e+00 -5.269757414236783122e-01
-8.206820081728505301e+00 -1.234882585055172122e+00 1.410714950265508749e+00
-1.113081712502488863e+01 -8.967221702333091349e-01 3.152921809782582407e+00
-1.326096318064403512e+01 -7.118037043009247666e-01 4.699644837127387120e+00
-1.459725824858613663e+01 -6.801271872580023636e-01 6.050884032300061222e+00
-1.513970232885107592e+01 -8.016926191045447014e-01 7.206639395300486584e+00
-1.488829542143889384e+01 -1.076499999840562660e+00 8.166910926128760906e+00
-1.384303752635300988e+01 -1.504549329464999641e+00 8.931698624784868201e+00
-1.259977526485784516e+01 -1.904229845516605790e+00 9.512149090683335473e+00
-1.175434957581907724e+01 -2.093932517497911316e+00 9.919408816937018258e+00
-1.130676045923662620e+01 -2.073657345408930652e+00 1.015347780354595209e+01
-1.125700791511053289e+01 -1.843404329249668017e+00 1.021435605051011031e+01
-1.160509194344079553e+01 -1.403173469020102981e+00 1.010204355782950891e+01
-1.235101254422737860e+01 -7.529647647202724059e-01 9.816540325504151454e+00
-1.349476971747034959e+01 1.072217836498801091e-01 9.357846353534009509e+00
-1.503636346316961081e+01 1.177386176090277292e+00 8.725961641919134593e+00
-1.697579378132529371e+01 2.457528412601015955e+00 7.920886190659460979e+00
-1.931306067193722953e+01 3.947648493181981078e+00 6.942619999755062388e+00
-2.142725162089971036e+01 5.335862708248930275e+00 5.911352102207532155e+00
-2.269745411410698566e+01 6.310287348217600290e+00 4.947271531018453850e+00
-2.312366815155893818e+01 6.870922413087905412e+00 4.050378286187914512e+00
-2.270589373325561766e+01 7.017767902859897156e+00 3.220672367715831985e+00
-2.144413085919705608e+01 6.750823817533559534e+00 2.458153775602281321e+00
-1.933837952938313265e+01 6.070090157108870343e+00 1.762822509847193908e+00
-1.638863974381404631e+01 4.975566921585892644e+00 1.134678570450631918e+00
-1.259491150248953595e+01 3.467254110964523406e+00 5.737219574125400623e-01
-7.957194805409923077e+00 1.545151725244899410e+00 7.995267073296741245e-02
-2.475489652574809796e+00 -7.907402355731472099e-01 -3.466292895881292191e-01
3.048974378133140206e+00 -3.208710625333700328e+00 -7.022340660449947203e-01
7.814960067688726753e+00 -5.377045134427803852e+00 -9.830717649889366694e-01
1.182246741608696183e+01 -7.295743762853383885e+00 -1.189142386419909325e+00
1.507149642332821848e+01 -8.964806510610609180e+00 -1.320445930337930562e+00
1.756204708941219650e+01 -1.038423337769933319e+01 -1.376982396742988612e+00
1.929411941433911792e+01 -1.155402436411968026e+01 -1.358751785635088583e+00
2.026771339810882466e+01 -1.247417946987154735e+01 -1.265754097014232471e+00
2.048282904072141619e+01 -1.314469869495501086e+01 -1.097989330880411396e+00
1.993946634217686409e+01 -1.356558203937002460e+01 -8.554574872336407898e-01
1.863762530247512217e+01 -1.373682950311661166e+01 -5.381585660738984478e-01
1.682138219398500922e+01 -1.364421555019163890e+01 -1.896976272009390230e-01
1.473481794448826143e+01 -1.327351437325978623e+01 1.463194378800735940e-01
1.237793255399061643e+01 -1.262472597232076410e+01 4.698926291681178591e-01
9.750726022491866374e+00 -1.169785034737451568e+01 7.810219466632226659e-01
6.853198349992239535e+00 -1.049288749842111912e+01 1.079707390365360009e+00
3.685349536491631106e+00 -9.009837425460546001e+00 1.365948960274544710e+00
2.471795819898741087e-01 -7.248700128492704842e+00 1.639746656390787649e+00
-3.461311513512715266e+00 -5.209475607517760842e+00 1.901100478714064845e+00
-7.440123750016473636e+00 -2.892163862535523933e+00 2.150010427244400280e+00
-1.168925712751003942e+01 -2.967648935527850695e-01 2.386476501981146470e+00
-1.572465396281272021e+01 2.287280164707434782e+00 2.583020437226105859e+00
-1.906226580528962700e+01 4.570535698100796296e+00 2.712164491380496312e+00
-2.170209265494105466e+01 6.553001706627502365e+00 2.773908664444329819e+00
-2.364413451176677938e+01 8.234678190287375799e+00 2.768252956417599719e+00
-2.488839137576696459e+01 9.615565149080568474e+00 2.695197367300306901e+00
-2.543486324694149658e+01 1.069566258300695516e+01 2.554741897092456693e+00
-2.528355012529043222e+01 1.147497049206663178e+01 2.346886545794037104e+00
-2.443445201081378571e+01 1.195348887625953083e+01 2.071631313405067232e+00
-2.288756890351147177e+01 1.213121773558569316e+01 1.728976199925521540e+00
-2.064290080338655642e+01 1.200815707004613841e+01 1.318921205355945592e+00
-1.821470334502961208e+01 1.176637067923974911e+01 9.321004272840531790e-01
-1.611722725873984530e+01 1.158792062648111454e+01 6.591470989491778898e-01
-1.435047254451706067e+01 1.147280691177022049e+01 5.000612203512959653e-01
-1.291443920236142695e+01 1.142102953510707763e+01 4.548427914904215608e-01
-1.180912723227280914e+01 1.143258849649168063e+01 5.234918123665504019e-01
-1.103453663425131026e+01 1.150748379592402770e+01 7.060082829796767712e-01
-1.059066740829685571e+01 1.164571543340412596e+01 1.002392203329816711e+00
-1.047751955440949168e+01 1.184728340893196652e+01 1.412643573416943577e+00
-1.069509307258920217e+01 1.211218772250756182e+01 1.936762393241094671e+00
-1.124338796283597119e+01 1.244042837413089053e+01 2.574748662802222476e+00
-1.169161437215208643e+01 1.261792549155629750e+01 3.149522457194148473e+00
-1.160898244753981601e+01 1.243059920253809558e+01 3.484003851510682814e+00
-1.099549218899916525e+01 1.187844950707630609e+01 3.578192845751795748e+00
-9.851143596530086199e+00 1.096147640517087929e+01 3.432089439917495710e+00
-8.175936670132678330e+00 9.679679896821895113e+00 3.045693634007796025e+00
-5.969871409806789764e+00 8.033059982029236323e+00 2.419005428022661164e+00
-3.232947815552617676e+00 6.021616660793059239e+00 1.552024821962148859e+00
3.483411263007774039e-02 3.645349933113173790e+00 4.447518158261796195e-01
3.833474374741014046e+00 9.042597989897958044e-01 -9.028135903851475241e-01
8.162972970780518978e+00 -2.201653741577311862e+00 -2.490671396671949811e+00
1.222703158213866637e+01 -5.135377837762419517e+00 -4.004565644450108763e+00
1.522934429609104079e+01 -7.359894517371391665e+00 -5.130237378148462923e+00
1.716991111263284608e+01 -8.875203780400974907e+00 -5.867686597765125356e+00
1.804873203176426699e+01 -9.681305626851312240e+00 -6.216913303300165339e+00
1.786580705348521647e+01 -9.778200056722322842e+00 -6.177917494753548233e+00
1.662113617779568031e+01 -9.165887070014020921e+00 -5.750699172125273151e+00
1.431471940469576509e+01 -7.844366666726460657e+00 -4.935258335415376507e+00
1.094655673418527009e+01 -5.813638846859521259e+00 -3.731594984623783695e+00
6.516648166264499054e+00 -3.073703610413387466e+00 -2.139709119750604849e+00
1.024993700933048757e+00 3.754390426121858582e-01 -1.596007407956987478e-01
-4.616694097707323863e+00 3.916887408312063723e+00 1.844456879668691318e+00
-9.496685275915062618e+00 6.933728016245366277e+00 3.508183521067970378e+00
-1.361497983366900755e+01 9.425960866397796067e+00 4.831579183393707844e+00
-1.697157777096952458e+01 1.139358595876958269e+01 5.814643866646021841e+00
-1.956647908781631529e+01 1.283660329336053962e+01 6.457377570824821333e+00
-2.139968378420953954e+01 1.375501287017077701e+01 6.759780295930164051e+00
-2.247119186014922931e+01 1.414881468920028951e+01 6.721852041962034008e+00
-2.278100331563529934e+01 1.401800875044905403e+01 6.343592808920439197e+00
-2.232911815066777095e+01 1.336259505391705282e+01 5.625002596805344091e+00
-2.111553636525091804e+01 1.218257359960876762e+01 4.566081405621511102e+00
-1.932668108810479524e+01 1.067254463397687836e+01 3.373402399289650688e+00
-1.714897189225732888e+01 9.027104691817825710e+00 2.253534801711921443e+00
-1.458240877770833954e+01 7.246253773131464904e+00 1.206478612888224333e+00
-1.162699174445803862e+01 5.329991877917952259e+00 2.322338328186517309e-01
-8.282720792506177432e+00 3.278319006177118133e+00 -6.691995384968828509e-01
-4.549595921853045510e+00 1.091235157909144604e+00 -1.497821501058299365e+00
-4.276171324983106814e-01 -1.231259666886161064e+00 -2.253632054865670753e+00
4.083215575557652244e+00 -3.689165468208593701e+00 -2.936631199918931401e+00
8.982902202315251827e+00 -6.282482246058370023e+00 -3.546818936218140372e+00
1.427144274776900268e+01 -9.011210000432807732e+00 -4.084195263762939732e+00
1.906039556225060139e+01 -1.144324810966626593e+01 -4.495294334135718550e+00
2.246132746887518294e+01 -1.314650007289831279e+01 -4.726650808805506365e+00
2.447423846764303690e+01 -1.412096589012908865e+01 -4.778264687772322716e+00
2.509912855855399627e+01 -1.436664556135851889e+01 -4.650135971036161386e+00
2.433599774160811791e+01 -1.388353908658661950e+01 -4.342264658597014382e+00
2.218484601680545865e+01 -1.267164646581343135e+01 -3.854650750454906571e+00
1.864567338414583375e+01 -1.073096769903884784e+01 -3.187294246609793991e+00
1.371847984362956119e+01 -8.061502786263044840e+00 -2.340195147061739700e+00
7.403265395256198644e+00 -4.663251727485780762e+00 -1.313353451810664652e+00
-2.999699609736943273e-01 -5.362145227073611409e-01 -1.067691608566612160e-01
-7.871859008845818018e+00 3.521750352265433204e+00 1.064155573141949418e+00
-1.379303453214586028e+01 6.712784421625811682e+00 1.984018597526839844e+00
-1.806349653087328022e+01 9.036887685373482526e+00 2.652819912297926574e+00
-2.068324500502848551e+01 1.049406014350866378e+01 3.070559517455273557e+00
-2.165227995461121324e+01 1.108430179603121957e+01 3.237237412998839936e+00
-2.097060137962156290e+01 1.080761264294119961e+01 3.152853598928640366e+00
-1.863820928005959843e+01 9.663992684238635889e+00 2.817408075244685506e+00
-1.465510365592510844e+01 7.653441919923422709e+00 2.230900841946943380e+00
-9.021284507218439330e+00 4.775960349995731491e+00 1.393331899035464172e+00
-1.736751833939109702e+00 1.031547974455321537e+00 3.047012465101777146e-01
5.744474152205504502e+00 -2.822626661855922592e+00 -8.162190969337311808e-01
1.196835937285059259e+01 -6.029387793153269115e+00 -1.750655026222485144e+00
1.693490382798732341e+01 -8.588735419432129703e+00 -2.498606541354758015e+00
2.064410751761615970e+01 -1.050066954069273706e+01 -3.060073642330617627e+00
2.309597044173676395e+01 -1.176519015693491710e+01 -3.435056329150012910e+00
2.429049260034934932e+01 -1.238229726815878351e+01 -3.623554601812978060e+00
2.422767399345380923e+01 -1.235199087436427590e+01 -3.625568460319494868e+00
2.290751462105014014e+01 -1.167427097555139959e+01 -3.441097904669563778e+00
2.033001448313846637e+01 -1.034913757172020965e+01 -3.070142934863202555e+00
1.649517357971855347e+01 -8.376590662870592396e+00 -2.512703550900377447e+00
1.218459225701361071e+01 -6.161727414842937733e+00 -1.881617140940401223e+00
8.179885769178518728e+00 -4.109652720138585735e+00 -1.289723245357691672e+00
4.481054116231401707e+00 -2.220366578766931109e+00 -7.370218641548684779e-01
1.088097298171932348e+00 -4.938689907278028812e-01 -2.235129973318810137e-01
-1.998984684999587369e+00 1.069840043978644850e+00 2.508033551112244242e-01
-4.780191833283314651e+00 2.470760525352490689e+00 6.859271931744714834e-01
-7.255524146679249498e+00 3.708892453393735522e+00 1.081858516857860275e+00
-9.424981625187571765e+00 4.784235828102467281e+00 1.438597326161420886e+00
-1.128856426880789598e+01 5.696790649478496782e+00 1.756143621085090034e+00
-1.284627207753806744e+01 6.446556917520942953e+00 2.034497401628369229e+00
-1.399422991461640642e+01 6.990346469124184559e+00 2.250280586650817316e+00
-1.462856462451628659e+01 7.284971964920647913e+00 2.380115540907663085e+00
-1.474927620723759958e+01 7.330433404910283279e+00 2.424002264398885220e+00
-1.435636466278041290e+01 7.126730789093123519e+00 2.381940757124496155e+00
-1.344982999114474076e+01 6.673864117469173962e+00 2.253931019084498111e+00
-1.202967219233042506e+01 5.971833390038358225e+00 2.039973050278867550e+00
-1.009589126633771983e+01 5.020638606800800652e+00 1.740066850707642221e+00
-7.648487213166524690e+00 3.820279767756452394e+00 1.354212420370807690e+00
-4.687460032816835209e+00 2.370756872905310342e+00 8.824097592683626257e-01
-1.212809725408960260e+00 6.720699223056223470e-01 3.246588674200360236e-01
2.185922504571967018e+00 -9.903470567155809867e-01 -2.223726638924093668e-01
4.919229185133106697e+00 -2.331076368855316883e+00 -6.620227745337207148e-01
6.987110316274456778e+00 -3.350118014113585119e+00 -9.942914645038980481e-01
8.389565897996115851e+00 -4.047471992490435433e+00 -1.219178733802956716e+00
9.126595930297833448e+00 -4.423138303985741260e+00 -1.336684582430856860e+00
9.198200413179758783e+00 -4.477116948599581647e+00 -1.346809010387622685e+00
8.604379346641898962e+00 -4.209407926331954819e+00 -1.249552017673254856e+00
7.345132730684106548e+00 -3.620011237182793273e+00 -1.044913604287730058e+00
5.420460565306613354e+00 -2.708926881152204924e+00 -7.328937702310847069e-01
2.830362850509329675e+00 -1.476154858240148915e+00 -3.134925155033054800e-01
6.507543251897776604e-02 -1.427097558573763858e-01 1.450571106801200605e-01
-2.385165842437722894e+00 1.070393838585360635e+00 5.745220591037040192e-01
-4.520360974360948525e+00 2.163155925088156017e+00 9.749023297674810351e-01
-6.340509963250316794e+00 3.135576503650813862e+00 1.346197922671379610e+00
-7.845612809106037311e+00 3.987655574273438752e+00 1.688408837815436936e+00
-9.035669511928102082e+00 4.719393136956027135e+00 2.001535075199652347e+00
-9.910680071716582162e+00 5.330789191698631413e+00 2.285576634824050934e+00
-1.047064448847132034e+01 5.821843738501140564e+00 2.540533516688581184e+00
-1.071556276219240544e+01 6.192556777363615872e+00 2.766405720793269740e+00
-1.064543489287983746e+01 6.442928308286056449e+00 2.963193247138117492e+00
-1.028770483912462552e+01 6.526534937346904819e+00 3.093288859952645353e+00
-9.669818129901866399e+00 6.396950614209174546e+00 3.119083171524569043e+00
-8.791774765217155618e+00 6.054175338863383438e+00 3.040576181846208037e+00
-7.653574745070499397e+00 5.498209111309531494e+00 2.857767890917563669e+00
-6.255218069461755626e+00 4.729051931547541443e+00 2.570658298738604408e+00
-4.596704738391174772e+00 3.746703799577546068e+00 2.179247405309381769e+00
-2.678034751858644036e+00 2.551164715399492966e+00 1.683535210629874879e+00
-4.992081098641651948e-01 1.142434679013375920e+00 1.083521714700084404e+00
1.939775187592492678e+00 -4.794863095809542841e-01 3.792069175199428432e-01
4.638915140510894375e+00 -2.314598250383211653e+00 -4.294091809104259028e-01
7.247256318683089837e+00 -4.098012719993930908e+00 -1.235560106898838884e+00
9.413836597917452309e+00 -5.564836242637694497e+00 -1.932477350332049815e+00
1.113865597820612585e+01 -6.715068818308568943e+00 -2.520160911207677934e+00
1.242171445954882003e+01 -7.548710447006347302e+00 -2.998610789525619769e+00
1.326301204194569650e+01 -8.065761128731148588e+00 -3.367826985285931496e+00
1.366254872539675702e+01 -8.266220863482971026e+00 -3.627809498488614004e+00
1.362032450990200161e+01 -8.150089651261817281e+00 -3.778558329133667293e+00
1.313633939546137164e+01 -7.717367492067631396e+00 -3.820073477221089142e+00
1.221059338207494527e+01 -6.968054385900490644e+00 -3.752354942750872890e+00
1.084308646974525026e+01 -5.902150332763739904e+00 -3.575402725722487407e+00
9.145664206661420437e+00 -4.667724001528053890e+00 -3.265495130899018772e+00
7.230170007755857498e+00 -3.412841236915309384e+00 -2.798910915493001195e+00
5.096603873028904275e+00 -2.137502038925731096e+00 -2.175650079504516388e+00
2.744965802480399120e+00 -8.417064075592057826e-01 -1.395712622933529046e+00
1.752557961103438089e-01 4.745456571842643356e-01 -4.590985457800413894e-01
-2.612526146081521006e+00 1.811254155304799385e+00 6.341921519560522746e-01
-5.618380024094699721e+00 3.168419086802162887e+00 1.884159470274557435e+00
-8.842305837929428591e+00 4.546040451676470973e+00 3.290803409175564020e+00
-1.228430358758570939e+01 5.944118249927726083e+00 4.854123968659071586e+00
-1.594437327292170359e+01 7.362652481503447532e+00 6.574121148655700075e+00
-1.912775233357851690e+01 8.544567912557969436e+00 8.110954838370501463e+00
-2.113971796226704214e+01 9.232804018630259790e+00 9.124804372051205092e+00
-2.198027015898727399e+01 9.427360799720320372e+00 9.615669749697808300e+00
-2.164940892373914494e+01 9.128238255828101444e+00 9.583550971310287991e+00
-2.014713425652270473e+01 8.335436386953658072e+00 9.028448036888647721e+00
-1.747344615733797468e+01 7.048955193096982264e+00 7.950360946432903475e+00
-1.362834462618496367e+01 5.268794674258075794e+00 6.349289699943062359e+00
-8.611829663063160112e+00 2.994954830436714843e+00 4.225234297418910323e+00
-2.423901267973477047e+00 2.274356616333044201e-01 1.578194738860825730e+00
4.935440559084504741e+00 -3.033762832152338440e+00 -1.591828975731358398e+00
1.216173389210921130e+01 -6.222957673488572539e+00 -4.714434975146783557e+00
1.795051680509908820e+01 -8.774465884943763783e+00 -7.219221388174591247e+00
2.230178929805445520e+01 -1.068828746651805339e+01 -9.106188214814919135e+00
2.521555137097454846e+01 -1.196442241821109675e+01 -1.037533545506743593e+01
2.669180302385980497e+01 -1.260287074002309637e+01 -1.102666310893233437e+01
2.673054425671023182e+01 -1.260363243195405047e+01 -1.106017117640961267e+01
2.533177506952564784e+01 -1.196670749400387379e+01 -1.047585965749919268e+01
2.249549546230629105e+01 -1.069209592617268356e+01 -9.273728552201180975e+00
1.822170543505210460e+01 -8.779797728460449591e+00 -7.453777860515552689e+00
1.251040498776308674e+01 -6.229812900867167436e+00 -5.016007582442302493e+00
6.511354389247741459e+00 -3.545665437113194596e+00 -2.457993777371078714e+00
1.374379699303038604e+00 -1.230908143308889091e+00 -2.773409767318730790e-01
-2.900519081836298252e+00 7.144589804429596347e-01 1.525950819373729672e+00
-6.313341954170281767e+00 2.290435934142355023e+00 2.951881610945733314e+00
-8.864088917699092462e+00 3.497022717789386004e+00 4.000451397984211788e+00
-1.055275997242227781e+01 4.334219331383837748e+00 4.671660180488978575e+00
-1.137935511834010605e+01 4.802025774925836821e+00 4.965507958460146476e+00
-1.134387435545257361e+01 4.900442048415377450e+00 4.881994731897711048e+00
-1.044631768375956504e+01 4.629468151852424995e+00 4.421120500801617226e+00
-8.686685103261236662e+00 3.989104085237024311e+00 3.582885265171947609e+00
-6.828417956247454512e+00 3.234994054065339242e+00 2.735906899813357107e+00
-5.634972146582868824e+00 2.622787139888843821e+00 2.248810310400402912e+00
-5.106347674284822169e+00 2.152483342713315650e+00 2.121595496941470760e+00
-5.242544539353406918e+00 1.824082662538837996e+00 2.354262459436583299e+00
-6.043562741788546688e+00 1.637585099365363117e+00 2.946811197885713440e+00
-7.509402281590241479e+00 1.592990653192890571e+00 3.899241712288860739e+00
-9.640063158758492179e+00 1.690299324021420579e+00 5.211554002646026085e+00
-1.243554537329357501e+01 1.929511111850980676e+00 6.883748068957372013e+00
-1.589584892519499526e+01 2.310626016681528672e+00 8.915823911222604536e+00
-2.002097381444042057e+01 2.833644038509066210e+00 1.130778152942897030e+01
-2.381910699014546751e+01 3.322087072833857402e+00 1.349291677985137206e+01
-2.629845431851045490e+01 3.599480381164742671e+00 1.490453632764677216e+01
-2.745901579953494576e+01 3.665823963501673166e+00 1.554264017281492194e+01
-2.730079143321921009e+01 3.521117819844682195e+00 1.540722831535596882e+01
-2.582378121956325856e+01 3.165361950193772422e+00 1.449830075526992879e+01
-2.302798515856677852e+01 2.598556354548879455e+00 1.281585749255660822e+01
-1.891340325023026026e+01 1.820701032910106765e+00 1.035989852721630911e+01
-1.348003549455353323e+01 8.317959852774143847e-01 7.130423859248921303e+00
-6.727881891536576120e+00 -3.681587883491990176e-01 3.127433488654432381e+00
1.343057558515972749e+00 -1.779163287919985015e+00 -1.649072584378548312e+00
9.240313667436138800e+00 -3.157441815721402367e+00 -6.275184708556978741e+00
1.547150264347079940e+01 -4.259232622448905659e+00 -9.827046097043854900e+00
2.003662448661995654e+01 -5.084535708102493778e+00 -1.230465674983917701e+01
2.293567919688379675e+01 -5.633351072682208027e+00 -1.370801666694302412e+01
2.416866677426180843e+01 -5.905678716187946264e+00 -1.403712584835514754e+01
2.373558721875430777e+01 -5.901518638619770663e+00 -1.329198429407571069e+01
2.163644053036130899e+01 -5.620870839977682110e+00 -1.147259200410472246e+01
1.787122670908239641e+01 -5.063735320261618433e+00 -8.578948978441875539e+00
1.243994575491824506e+01 -4.230112079471679998e+00 -4.611055217087690394e+00
5.342597667868592026e+00 -3.120001117607826835e+00 4.310892799580532397e-01
-1.884281871931945629e+00 -1.957175852884205591e+00 5.513258135557092210e+00
-7.704157184348738419e+00 -9.654097035149629136e-01 9.601224972571174021e+00
-1.211702826938213029e+01 -1.447026695000319940e-01 1.269498979100052694e+01
-1.512289512703132743e+01 5.049452491604403681e-01 1.479455259084459939e+01
-1.672175775729678548e+01 9.835340524665345807e-01 1.589991337210371292e+01
-1.691361616017850622e+01 1.291063740418251449e+00 1.601107213477786928e+01
-1.569847033567631200e+01 1.427534313015594636e+00 1.512802887886693703e+01
-1.307632028379043376e+01 1.392945770258540383e+00 1.325078360437108849e+01
-9.047166004520811100e+00 1.187298112147108453e+00 1.037933631129027745e+01
-3.611007497867452898e+00 8.105913386812984012e-01 6.513686999624501262e+00
1.945914326492671931e+00 3.963156772937947991e-01 2.570473236959028185e+00
6.337284958269670199e+00 7.796899392607750667e-02 -5.336149577595012961e-01
9.563104397200866913e+00 -1.444487113945766565e-01 -2.798577584343888702e+00
1.162337264328626674e+01 -2.709374386681680513e-01 -4.224414642794140917e+00
1.251808969652590164e+01 -3.014971878946950401e-01 -4.811126133110265712e+00
1.224725555691960110e+01 -2.361279590741518497e-01 -4.558712055292160059e+00
1.081087022446751078e+01 -7.482975220654597415e-02 -3.467172409339921657e+00
8.208933699169612908e+00 1.823974327081232527e-01 -1.536507195253538072e+00
4.441445981025539780e+00 5.355535956698905808e-01 1.233283586967266032e+00
-4.915929299640531269e-01 9.846387366786942819e-01 4.842199937322000380e+00
-5.454789286885764810e+00 1.426160324935012103e+00 8.443551562145501066e+00
-9.312727686779817660e+00 1.756623855664165790e+00 1.119063201834045174e+01
-1.206540812962058595e+01 1.976029328863817103e+00 1.308344130588773169e+01
-1.371283061540758119e+01 2.084376744533927184e+00 1.412197942478700519e+01
-1.425499514414110003e+01 2.081666102674520236e+00 1.430624637503848007e+01
-1.369190171582113891e+01 1.967897403285595592e+00 1.363624215664215633e+01
-1.202355033044770138e+01 1.743070646367154364e+00 1.211196676959803042e+01
-9.249940988020489030e+00 1.407185831919161245e+00 9.733420213905851881e+00
-5.371073688539993896e+00 9.602429599416761885e-01 6.500602489566052355e+00
-3.869484320282963186e-01 4.022420304372076871e-01 2.413513596593726884e+00
4.722793974070697232e+00 -1.553671049763398204e-01 -1.855869309629816888e+00
8.978531407233871775e+00 -6.011367203904350864e-01 -5.635581890502565194e+00
1.238026386746048324e+01 -9.350668158050001733e-01 -8.925624146023851679e+00
1.492799135475093131e+01 -1.157157391220078768e+00 -1.172599607619402562e+01
1.662171386910523196e+01 -1.267408446635670982e+00 -1.403669768101309501e+01
1.746143141052341363e+01 -1.265819982051771930e+00 -1.585772896048119485e+01
1.744714397900532177e+01 -1.152391997468381835e+00 -1.718908991459800006e+01
1.657885157455108072e+01 -9.271244928855054690e-01 -1.803078054336370428e+01
1.485655419716068693e+01 -5.900174683031426115e-01 -1.838280084677829507e+01
1.228025184692873673e+01 -1.410709237675232264e-01 -1.824515082486432149e+01
9.313562765528994092e+00 1.935780621103471988e-01 -1.772817060995771499e+01
6.420078667229478953e+00 1.878053498780264396e-01 -1.694219402092971549e+01
3.599799552030192640e+00 -1.583890604644853095e-01 -1.588722105778032834e+01
8.527254199308913485e-01 -8.450051689172637381e-01 -1.456325172050941674e+01
-1.821143729067932426e+00 -1.872042975480187277e+00 -1.297028600911722407e+01
-4.421807894966529595e+00 -3.239502480153302777e+00 -1.110832392360363841e+01
-6.949267077764899270e+00 -4.947383682936608018e+00 -8.977365463968661530e+00
-9.403521277463255501e+00 -6.995686583830304173e+00 -6.577410630212069620e+00
-1.178457049406116219e+01 -9.384411182834018206e+00 -3.908459422334289890e+00
-1.409241472755884139e+01 -1.211355747994792864e+01 -9.705118403351171708e-01
-1.596613515668073191e+01 -1.470703032296117385e+01 1.795131351637878181e+00
-1.704481296015126546e+01 -1.668873455966290464e+01 3.947169389437124032e+00
-1.732844813797044026e+01 -1.805867019005320628e+01 5.485602273062737844e+00
-1.681704069013820657e+01 -1.881683721413184784e+01 6.410430002514440062e+00
-1.551059061665461769e+01 -1.896323563189897499e+01 6.721652577792395888e+00
-1.340909791751967362e+01 -1.849786544335457705e+01 6.419269998896605323e+00
-1.051256259273308302e+01 -1.742072664849854391e+01 5.503282265826959119e+00
-6.820984642295369937e+00 -1.573181924733106563e+01 3.973689378583623366e+00
-2.334364066206299881e+00 -1.343114323985206937e+01 1.830491337166539445e+00
2.947299135534121817e+00 -1.051869862606155337e+01 -9.263118584242899800e-01
8.190411141089493086e+00 -7.555925721089149505e+00 -3.720039319667416411e+00
1.256133042914792064e+01 -5.104296966512319678e+00 -5.973977159505397871e+00
1.606005699953930588e+01 -3.163812362445675763e+00 -7.688125377820492545e+00
1.868659085226366301e+01 -1.734471908889213099e+00 -8.862483974612706206e+00
2.044093198732110395e+01 -8.162756058428768391e-01 -9.497052949882066386e+00
2.132308040471131250e+01 -4.092234533068284108e-01 -9.591832303628459400e+00
2.133303610443449116e+01 -5.133154512809618986e-01 -9.146822035851968735e+00
2.047079908649062929e+01 -1.128551599765280411e+00 -8.162022146552592616e+00
1.873636935087954569e+01 -2.254931898759904740e+00 -6.637432635730174724e+00
1.612974689760154590e+01 -3.892456348264635047e+00 -4.573053503384981511e+00
1.328323619907291153e+01 -5.516668423963361434e+00 -2.379218149788110193e+00
1.082915378803261319e+01 -6.603101598265965322e+00 -4.662678017458879998e-01
8.767499664494852851e+00 -7.151755871160542455e+00 1.165797540732487203e+00
7.098273828459998214e+00 -7.162631242646998686e+00 2.516977877646726647e+00
5.821476279927850328e+00 -6.635727712725406846e+00 3.587273208996985652e+00
4.937107018898409194e+00 -5.571045281395764270e+00 4.376683534783267326e+00
4.445166045371673036e+00 -3.968583948658074512e+00 4.885208855005569006e+00
4.345653359347652511e+00 -1.828343714512119966e+00 5.112849169663897797e+00
4.638568960826363607e+00 8.496754210417174491e-01 5.059604478758217283e+00
5.323912849801098801e+00 4.065473457991400252e+00 4.725474782291587239e+00
6.107793597626884008e+00 7.282304621822190072e+00 4.243763683722264979e+00
6.696325381119407005e+00 9.963433375498473410e+00 3.747772243977354201e+00
7.089508200278567429e+00 1.210885971901977776e+01 3.237500463056941946e+00
7.287342055104420346e+00 1.371858365238635891e+01 2.712948340960984694e+00
7.289826945596973751e+00 1.479260517559822929e+01 2.174115877689483334e+00
7.096962871756193003e+00 1.533092428865539603e+01 1.621003073242387682e+00
6.708749833582118072e+00 1.533354099155777739e+01 1.053609927619795217e+00
6.125187831074739186e+00 1.480045528430544088e+01 4.719364408216590867e-01
5.346276864234056347e+00 1.373166716689837941e+01 -1.240173871520220406e-01
4.372016933090430157e+00 1.212717663940036594e+01 -7.342515562861899880e-01
3.351237456254554825e+00 1.029940509517836844e+01 -1.284913983640575408e+00
2.432759336584216836e+00 8.560756051406624323e+00 -1.702156811958928984e+00
1.616582574079417967e+00 6.911229508085134476e+00 -1.985980041241250937e+00
9.027071687400947120e-01 5.350825465213755905e+00 -2.136383671487547709e+00
2.911331205663771904e-01 3.879543922792772825e+00 -2.153367702697795316e+00
-2.181395704418009895e-01 2.497384880822042685e+00 -2.036932134872007971e+00
-6.251109042844443797e-01 1.204348339301561932e+00 -1.787076968010190559e+00
-9.297808809615730752e-01 4.342982312299792369e-04 -1.403802202112302666e+00
-1.132149500473131898e+00 -1.114357242388739344e+00 -8.871078371784082428e-01
-1.232216762819154043e+00 -2.140026282558457726e+00 -2.369938732084833077e-01
-1.229982667999640400e+00 -3.076572822277925390e+00 5.465396897974725832e-01
-1.125447216014588747e+00 -3.923996861547141446e+00 1.463492851839461650e+00
-9.186104068639764364e-01 -4.682298400366171620e+00 2.513865612917582482e+00
-6.094722405478423255e-01 -5.351477438734876912e+00 3.697657973031645007e+00
-1.980327170661686509e-01 -5.931533976653328821e+00 5.014869932181741596e+00
3.157081635810405906e-01 -6.422468014121532676e+00 6.465501490367868698e+00
9.317504013938457952e-01 -6.824279551139516009e+00 8.049552647590173748e+00
1.650093996372138605e+00 -7.136968587707208656e+00 9.767023403848378749e+00
2.470738948515967870e+00 -7.360535123824651471e+00 1.161791375914261515e+01
3.393685257825334034e+00 -7.494979159491840903e+00 1.360222371347287940e+01
4.418932924300333909e+00 -7.540300694708779616e+00 1.571995326683937400e+01
5.546481947940783641e+00 -7.496499729475459617e+00 1.797110241924171703e+01
6.776332328746770273e+00 -7.363576263791888010e+00 2.035567117068008969e+01
8.108484066718293803e+00 -7.141530297658065685e+00 2.287365952115449730e+01
