1.509357559603418109e+00 5.099897790487662591e-02 1.070273263193183944e+00
1.829544410584262426e+00 -4.403605833314234302e-02 1.267675399770206157e+00
2.036367113809785856e+00 -1.056593480122549750e-01 1.395917288948867574e+00
2.130220582895651305e+00 -1.337134357801605389e-01 1.454434886752374423e+00
2.111501434648132225e+00 -1.280650607929087470e-01 1.442659277694814612e+00
1.980607533528828901e+00 -8.860530509099502627e-02 1.360017329100981165e+00
1.737938302050607398e+00 -1.524355761232445636e-02 1.205934075119125426e+00
1.383896076587058266e+00 9.210477401896634275e-02 9.798364221245529082e-01
9.188886624240376610e-01 2.335368169151015028e-01 6.811579495274882046e-01
3.433330146834990271e-01 4.091870094006829217e-01 3.093449198292130831e-01
-3.423403577390747854e-01 6.192580039041830631e-01 -1.361358929208426327e-01
-1.015893495263384683e+00 8.218407496120084810e-01 -5.559932304967578620e-01
-1.555878962013479638e+00 9.745396346203410998e-01 -8.501888340230279173e-01
-1.963072961827608820e+00 1.076674811455200276e+00 -1.018179206566234063e+00
-2.238292439876306439e+00 1.127250604117752131e+00 -1.059525045507479390e+00
-2.382391293691066725e+00 1.124947504025511025e+00 -9.739103434083095090e-01
-2.396262888391707868e+00 1.068126740101115635e+00 -7.611539645252877184e-01
-2.280854577333697453e+00 9.548458533048123087e-01 -4.212083460679436620e-01
-2.037199876659038011e+00 7.828833274320474711e-01 4.585987540418348662e-02
-1.666473465834263257e+00 5.497707615525215807e-01 6.399122244314779939e-01
-1.170073271148346139e+00 2.528327165765152929e-01 1.360808413049722665e+00
-6.580553192177069910e-01 -4.612616236905582590e-02 2.063386975138244761e+00
-2.385757411570293696e-01 -2.814097906824760686e-01 2.602874731032617017e+00
8.961938576690464675e-02 -4.501532703579469441e-01 2.979751660439550864e+00
3.278778746847575420e-01 -5.497372343523959648e-01 3.194422669519976665e+00
4.776716677977310144e-01 -5.778044226468737055e-01 3.247176802690264541e+00
5.405938387665010225e-01 -5.322660311555953427e-01 3.138170929151186783e+00
5.183286489962559695e-01 -4.112936832656634567e-01 2.867436274513210481e+00
4.126013530586057354e-01 -2.132929502164476188e-01 2.434905898843992222e+00
2.251139480768362677e-01 6.314431162189557134e-02 1.840460851966117639e+00
-4.252848810520402228e-02 4.193093262723773251e-01 1.083992488378850316e+00
-3.353476466671437284e-01 7.859966454809672598e-01 3.027915121689783162e-01
-6.000790893900257439e-01 1.092885137463879497e+00 -3.657804253645776660e-01
-8.377719406082374531e-01 1.339482465679564527e+00 -9.217355207210138346e-01
-1.049412145569402766e+00 1.525173232015036406e+00 -1.365183496371402239e+00
-1.235905431010817512e+00 1.649198409165823387e+00 -1.696347991748820228e+00
-1.398061211951431959e+00 1.710645088328605068e+00 -1.915578575895259483e+00
-1.536580052710625033e+00 1.708445504650216273e+00 -2.023358448766516382e+00
-1.652047724566809928e+00 1.641383824706594385e+00 -2.020308013744115172e+00
-1.744939027610418858e+00 1.508108763940918751e+00 -1.907184665503875776e+00
-1.815634412087230531e+00 1.307149851327978229e+00 -1.684879275347549443e+00
-1.858935347598340115e+00 1.082423302446390956e+00 -1.420660381494509128e+00
-1.869462722801590981e+00 8.795006609192367319e-01 -1.180621420452558246e+00
-1.847293545294630190e+00 6.992422991580189429e-01 -9.640188262779382233e-01
-1.792519219508543982e+00 5.424113638073151389e-01 -7.701520134152088914e-01
-1.705232390091716788e+00 4.096757732567870569e-01 -5.983652483058474747e-01
-1.585517301990864159e+00 3.016116689564592446e-01 -4.480508662158549926e-01
-1.433443296579075543e+00 2.187080205628301188e-01 -3.186535668428270851e-01
-1.249061059676865648e+00 1.613721244513963704e-01 -2.096754923341003496e-01
-1.032401234236272503e+00 1.299357502658585461e-01 -1.206817848411092381e-01
-7.834750076247215533e-01 1.246616871234212803e-01 -5.130633327269540356e-02
-5.352438378965598265e-01 1.278309979969934063e-01 7.708026002754598833e-04
-3.206570053930336006e-01 1.216394995640228960e-01 3.759650007759487989e-02
-1.396971588579106194e-01 1.061595621694780972e-01 5.908931357673915391e-02
7.648884224769855397e-03 8.144317556897656685e-02 6.518996929246348437e-02
1.213900767844952600e-01 4.752151124809840532e-02 5.586097174537012211e-02
2.015310166337934972e-01 4.404787215079563820e-03 3.108647063546099779e-02
2.480718167664492935e-01 -4.791765926588630042e-02 -9.127687324454309553e-03
2.610080324090528481e-01 -1.094771838333995773e-01 -6.475379888044539844e-02
2.403307057689952619e-01 -1.803256248957340324e-01 -1.357421144011216885e-01
1.860265892605366955e-01 -2.605351646320434589e-01 -2.220206944728576048e-01
1.038204455584968156e-01 -3.275548699817568687e-01 -3.212645999158765808e-01
-6.447393595915512730e-04 -3.588283016497646472e-01 -4.311915548246100793e-01
-1.275392035077553277e-01 -3.544459381681150933e-01 -5.517434570665171734e-01
-2.770744213608044570e-01 -3.145140435963147407e-01 -6.828179195438782711e-01
-4.495025403279571119e-01 -2.391567396393581568e-01 -8.242693593818419817e-01
-6.451159604664451486e-01 -1.285189810718443681e-01 -9.759109848019188460e-01
-8.642471828425528635e-01 1.722942296258200834e-02 -1.137517923749432391e+00
-1.107269018159337648e+00 1.978886175207096865e-01 -1.308831761322333032e+00
-1.374595198371025617e+00 4.132222429506938188e-01 -1.489566786543777610e+00
-1.666681366937369901e+00 6.629496498275667671e-01 -1.679418293863693901e+00
-1.932651672806150023e+00 9.019353609132800820e-01 -1.836615720042622968e+00
-2.121054349203459033e+00 1.085264681074634918e+00 -1.919856085241233412e+00
-2.231576935389878003e+00 1.212907218490869798e+00 -1.929497325841808220e+00
-2.263990651658311037e+00 1.284778643489079331e+00 -1.865854939212438390e+00
-2.218149807562485254e+00 1.300740500756814466e+00 -1.729200909975281419e+00
-2.093993015651351097e+00 1.260597559350408403e+00 -1.519763455016290843e+00
-1.891546410500202668e+00 1.164093757366948534e+00 -1.237726598721094140e+00
-1.610929174991015067e+00 1.010907781479920331e+00 -8.832285071942382881e-01
-1.252361773695353175e+00 8.006493531980553024e-01 -4.563573952697986824e-01
-8.161773468005087961e-01 5.328574115557251911e-01 4.285631153677472299e-02
-3.790101428544584983e-01 2.614739413268208912e-01 5.306135828275535538e-01
-1.686542867116379643e-02 4.130055767821451396e-02 9.231081565881599227e-01
2.707718936653904507e-01 -1.269279935732784415e-01 1.220339271026228189e+00
4.844225340188908491e-01 -2.425380906666815828e-01 1.422279321566783938e+00
6.246195512899770375e-01 -3.049236108019473535e-01 1.528863154901513255e+00
6.919100823523007815e-01 -3.135493201302153032e-01 1.539983137642144007e+00
6.868530392541685181e-01 -2.679508174075816429e-01 1.455489507783247261e+00
6.100138691100375210e-01 -1.677304668779970032e-01 1.275195475174926596e+00
4.619574600389333985e-01 -1.254881753182520571e-02 9.988865025416242549e-01
2.432401280360736440e-01 1.978888124628420397e-01 6.263331998299063175e-01
1.579573640744834015e-02 4.053431382202976052e-01 2.434566682739828791e-01
-1.591236435959045847e-01 5.513140235996942806e-01 -6.351431919006854387e-02
-2.819376937586857146e-01 6.357030629618956041e-01 -2.943735868370789821e-01
-3.529896372155502671e-01 6.584361446595859979e-01 -4.489509311595094032e-01
-3.725458373092856434e-01 6.194601272890150057e-01 -5.271128402731766194e-01
-3.407952190836695539e-01 5.187425036929770306e-01 -5.287614245038992911e-01
-2.578485910271757220e-01 3.562731479505623078e-01 -4.538322374697150718e-01
-1.237379281925747032e-01 1.320672458250559400e-01 -3.022916751737712016e-01
6.158437869422281330e-02 -1.538314773738778951e-01 -7.413466864911205656e-02
2.982463664766740741e-01 -5.013481058443491900e-01 2.306165805630308319e-01
5.325292680174756876e-01 -8.400062085301520654e-01 5.377049004778782226e-01
7.104700221396597071e-01 -1.099449857141026055e+00 7.729344896672886156e-01
8.318911357579376054e-01 -1.279755619479492568e+00 9.363606807789961461e-01
8.966150951850511142e-01 -1.380991817124375576e+00 1.028048667975649533e+00
9.044645251800444985e-01 -1.403217307177390571e+00 1.048074729065163524e+00
8.552624137944651039e-01 -1.346481335041765037e+00 9.965262232589582325e-01
7.488321992160664742e-01 -1.210824537820427871e+00 8.735004378788632229e-01
5.849975165065012250e-01 -9.962811703883553971e-01 6.791023640980520248e-01
3.635814402803591028e-01 -7.028826088827349050e-01 4.134414704085058179e-01
8.440513330455139129e-02 -3.306621647730033087e-01 7.662750718379104931e-02
-2.029531192055248623e-01 5.306567568854307637e-02 -2.712682579204321320e-01
-4.487115629591988952e-01 3.810188100071015271e-01 -5.703065976401751058e-01
-6.527423250628128226e-01 6.532118762729739458e-01 -8.205801118350867229e-01
-8.149103290014725332e-01 8.696662196180164894e-01 -1.022180593795125603e+00
-9.350725629464787803e-01 1.030412084797608596e+00 -1.175197257949188723e+00
-1.013077746646062094e+00 1.135490165874867730e+00 -1.279715371700691051e+00
-1.048766345756827700e+00 1.184952474045387394e+00 -1.335815380762111371e+00
-1.041970848455131327e+00 1.178862493467064620e+00 -1.343572636336297421e+00
-9.925161968121694045e-01 1.117294604595847174e+00 -1.303057840695221348e+00
-9.002202570229803635e-01 1.000332762314471546e+00 -1.214338326118816092e+00
-7.773139203725606405e-01 8.522824907013035745e-01 -1.094213350162542842e+00
-6.361893726671977722e-01 6.974468461751686110e-01 -9.593673928561148312e-01
-4.768919512494924628e-01 5.359071482657508101e-01 -8.097082927501165761e-01
-2.994538531928124803e-01 3.677398382615575945e-01 -6.451633947521718815e-01
-1.038928824428170389e-01 1.930173923011680170e-01 -4.656799574465259606e-01
1.097887099200227784e-01 1.180907703803698618e-02 -2.712257088930946636e-01
3.416052755856752166e-01 -1.758185336530033172e-01 -6.178957484880718415e-02
5.915886892564492516e-01 -3.698013674475479351e-01 1.626173977712122576e-01
8.597891135781622340e-01 -5.700780797163370606e-01 4.019609034177010765e-01
1.146275574160078969e+00 -7.765907945507039001e-01 6.561820152799002770e-01
1.411144071310727499e+00 -9.644136635123771173e-01 8.954125121630167605e-01
1.614404567358580511e+00 -1.108716546451987695e+00 1.089822885298090238e+00
1.756024644140217417e+00 -1.209566333952926565e+00 1.239393504713536487e+00
1.835990609903688453e+00 -1.267001208928559164e+00 1.344107238102963731e+00
1.854307312944050601e+00 -1.281030587697929990e+00 1.403949609002824284e+00
1.810998252409272924e+00 -1.251635133273463873e+00 1.418908609620629591e+00
1.706105820622484615e+00 -1.178766766681737854e+00 1.388974468250260497e+00
1.539691521720495837e+00 -1.062348586152726648e+00 1.314139672397368397e+00
1.311836021805786290e+00 -9.022745878402518294e-01 1.194399550277540856e+00
1.022638890835909642e+00 -6.984090729569506495e-01 1.029753715409899906e+00
7.228689272813132449e-01 -4.848600138532443427e-01 8.464807432387532193e-01
4.630987786871869627e-01 -2.960376392711813742e-01 6.708451405527089406e-01
2.431677217594847840e-01 -1.321978528082073945e-01 5.028417671115759102e-01
6.294262732669486660e-02 6.455029915530733839e-03 3.424772451522383743e-01
-7.768043354461724725e-02 1.197671635151940361e-01 1.897671725243127161e-01
-1.787751490921270781e-01 2.076342776604057916e-01 4.473473451072997042e-02
-2.403844005903920389e-01 2.700010472149775853e-01 -9.258960468920887643e-02
-2.625200952097559992e-01 3.068607458828964685e-01 -2.221676498565161306e-01
-2.451633311214997668e-01 3.182551904633136308e-01 -3.439525800175884385e-01
-1.882648301179981609e-01 3.042749811283894656e-01 -4.578879278441410072e-01
-1.209476706255759731e-01 2.725621675739447469e-01 -5.482003698165689443e-01
-7.242025099570796598e-02 2.305719219857730873e-01 -5.992040715552726660e-01
-4.272148233349840757e-02 1.781582900682186221e-01 -6.109566858115069721e-01
-3.186708928701199872e-02 1.151843922210440407e-01 -5.835031392707981102e-01
-3.984990167169177866e-02 4.152244939954865405e-02 -5.168754847405946373e-01
-6.664047927567297303e-02 -4.294613121097812930e-02 -4.110929934489049864e-01
-1.121880111640949917e-01 -1.383307432430840311e-01 -2.661624930347966100e-01
-1.764214310133505881e-01 -2.447317672321228932e-01 -8.207895436069231887e-02
-2.592506927176930764e-01 -3.622410731963637831e-01 1.411736717073628911e-01
-3.605681571145660236e-01 -4.909429463446216557e-01 4.036213670796585107e-01
-4.440400379651306406e-01 -6.119928352637922231e-01 6.675420099342771474e-01
-4.734477977723247077e-01 -7.066076112593344671e-01 8.950560216718250750e-01
-4.488296389796450070e-01 -7.750424161391735733e-01 1.085927197474786610e+00
-3.702064007790633049e-01 -8.176632641301024851e-01 1.239875276025097728e+00
-2.375852659732876626e-01 -8.349477147990994608e-01 1.356577148523788967e+00
-5.096299360104579457e-02 -8.274868594944120304e-01 1.435669823906897680e+00
1.896719216028429633e-01 -7.959888113681941046e-01 1.476755896780765243e+00
4.843387577973413682e-01 -7.412838804353200084e-01 1.479412274765860236e+00
8.330663300423499784e-01 -6.643315608548381324e-01 1.443202959395960772e+00
1.235897584063182286e+00 -5.662293379642118207e-01 1.367696746083882919e+00
1.616565018024993305e+00 -4.629845655418369232e-01 1.265531714821933162e+00
1.898639583414725163e+00 -3.690887607231292944e-01 1.150042419692658413e+00
2.081974009114154978e+00 -2.835767303201593981e-01 1.021793393527785421e+00
2.166461040494404688e+00 -2.056160333623319181e-01 8.812527675483132761e-01
2.152025904088938901e+00 -1.345065739510874769e-01 7.287875352814374708e-01
2.038619624518446027e+00 -6.968330950142062608e-02 5.646650410326660152e-01
1.826213309132693752e+00 -1.072084708174481094e-02 3.890591388047701105e-01
1.514793530910680364e+00 4.266119174250437157e-02 2.020593934374588507e-01
1.104358958387251510e+00 9.059297363894935895e-02 3.681598861677499654e-03
5.949183985310043665e-01 1.330501517978172066e-01 -2.061222018915360166e-01
6.930745955211012332e-02 1.650860170768221891e-01 -4.061138748048535585e-01
-3.896464955174230305e-01 1.820497010908262159e-01 -5.749075451251351998e-01
-7.819233269297359845e-01 1.842204431874914783e-01 -7.124166684975852259e-01
-1.107485678080939451e+00 1.718465990094570628e-01 -8.186100483905011105e-01
-1.366280282481745045e+00 1.451452991388968994e-01 -8.935077660680950107e-01
-1.558238605349074879e+00 1.043030454300431786e-01 -9.371787441428761634e-01
-1.683277023565133979e+00 4.947677205572400400e-02 -9.497397075249134346e-01
-1.741296739486324574e+00 -1.920505943687406472e-02 -9.313553120633202287e-01
-1.732183614650031789e+00 -1.016417460199798839e-01 -8.822392319574651198e-01
-1.655808101816791389e+00 -1.977604289536954996e-01 -8.026560227677315140e-01
-1.543240267661458720e+00 -2.882855737186545420e-01 -7.087063087107060566e-01
-1.425767926902872906e+00 -3.539393516189817124e-01 -6.160359066956997420e-01
-1.303559787773279632e+00 -3.946784234468556085e-01 -5.242898469617468526e-01
-1.176760567721325090e+00 -4.104727879897964171e-01 -4.331436528479316039e-01
-1.045490501639408265e+00 -4.013030897523648388e-01 -3.423035268027294076e-01
-9.098454771603072810e-01 -3.671581367980698563e-01 -2.515066940578690735e-01
-7.698976917576284551e-01 -3.080326469161162595e-01 -1.605218469659557001e-01
-6.256967261683986647e-01 -2.239252387747059647e-01 -6.914963485376580954e-02
-4.772709281776739698e-01 -1.148366834195903019e-01 2.277685198579229228e-02
-3.246290004773388360e-01 1.923156965958540757e-02 1.153916506397150016e-01
-1.926458053087701239e-01 1.482646898287118542e-01 1.866974293763138115e-01
-1.062053597983616121e-01 2.423653815453453153e-01 2.145363933612138285e-01
-6.529232917512052536e-02 3.016902367595387102e-01 1.987677433639550850e-01
-6.985894888086535692e-02 3.263708766291736341e-01 1.392380588183288193e-01
-1.198251536460825523e-01 3.165139963289244074e-01 3.578141664303156194e-02
-2.150793509558857342e-01 2.722021307345988683e-01 -1.117801872357710030e-01
-3.554797657676204148e-01 1.934953670859869135e-01 -3.036363749761762931e-01
-5.408562928984140816e-01 8.043421903950531693e-02 -5.399881280708140885e-01
-7.710128156727512616e-01 -6.695613772022472598e-02 -8.210479476993417514e-01
-1.045729989267051296e+00 -2.486600815598348779e-01 -1.147040601486719824e+00
-1.300382525498051001e+00 -4.260328783613522297e-01 -1.448834921415982357e+00
-1.470659774723004132e+00 -5.604381274991719897e-01 -1.657006629857577629e+00
-1.556767106267023193e+00 -6.518672043256555915e-01 -1.771376047425649913e+00
-1.558871658928920434e+00 -7.003051431370469482e-01 -1.791801708557100081e+00
-1.477101840132524213e+00 -7.057308536871597093e-01 -1.718180090926035852e+00
-1.311547262873666186e+00 -6.681155132186459289e-01 -1.550445948607596547e+00
-1.062258871128682447e+00 -5.874199254877693344e-01 -1.288573112727028569e+00
-7.292489469923330025e-01 -4.635916373343195174e-01 -9.325756758131655832e-01
-3.124906247140969429e-01 -2.965626085851454929e-01 -4.825095349524465282e-01
1.880835195531717352e-01 -8.624825282514431146e-02 6.152569014697863853e-02
6.818715565703122872e-01 1.285769573982042113e-01 5.988154795563236377e-01
1.078151529118734242e+00 3.089746615058724388e-01 1.028811707623026761e+00
1.376878514544466192e+00 4.547928224880953274e-01 1.351604624449508796e+00
1.578049200135078323e+00 5.658759676719944398e-01 1.567248222023574611e+00
1.681699824674543597e+00 6.420657146653612202e-01 1.675761861408060716e+00
1.687905481263544338e+00 6.832002182965203341e-01 1.677131153962685639e+00
1.596780667680929744e+00 6.891134128279080562e-01 1.571307915125603527e+00
1.408481011067464816e+00 6.596348895931177791e-01 1.358208986687053921e+00
1.123206132064350271e+00 5.945912612753869730e-01 1.037713688418549163e+00
7.412036207766357077e-01 4.938099253574331771e-01 6.096596372578255707e-01
3.297692322290728950e-01 3.804331473429453658e-01 1.571359720845089680e-01
-4.413400077111136188e-02 2.778192760524984539e-01 -2.365681815931892085e-01
-3.807034261386783580e-01 1.860730929931681821e-01 -5.713480146826707129e-01
-6.801194407815164267e-01 1.052259843931911687e-01 -8.470973646845115779e-01
-9.425452884680662891e-01 3.523172900116847139e-02 -1.063707653487490745e+00
-1.168125763630156300e+00 -2.403653728572805945e-02 -1.221068251471449262e+00
-1.356985335168516160e+00 -7.278825151660973936e-02 -1.319067949203758250e+00
-1.509226248044422070e+00 -1.113163183624425595e-01 -1.357597186312557103e+00
-1.624927184834514371e+00 -1.399970679532561713e-01 -1.336550661749249080e+00
-1.704143076357996334e+00 -1.592894211198256638e-01 -1.255829932239234559e+00
-1.749236722361309671e+00 -1.768546643985401678e-01 -1.144232766413038505e+00
-1.762502337401310681e+00 -1.997813594908540713e-01 -1.030718127031397646e+00
-1.743883574382820933e+00 -2.277544967097663298e-01 -9.154343949595219465e-01
-1.693334624757464768e+00 -2.604921566935483046e-01 -7.985302704504513294e-01
-1.610818821820140023e+00 -2.977463172165507044e-01 -6.801554310791007030e-01
-1.496307445586722684e+00 -3.393038906462066406e-01 -5.604617130181621665e-01
-1.349778745418261039e+00 -3.849880039264921283e-01 -4.396046893284313306e-01
-1.171217199706988898e+00 -4.346595437991424005e-01 -3.177455135339251058e-01
-9.606130351572100823e-01 -4.882190019130426273e-01 -1.950528894207989583e-01
-7.179620314136117010e-01 -5.456086661977251895e-01 -7.170501832227989258e-02
-4.598394510046998618e-01 -6.030905096603969007e-01 4.680327680871833318e-02
-2.028605625757349817e-01 -6.569086494924484265e-01 1.551190576551886857e-01
5.291319019340512408e-02 -7.070320539350881672e-01 2.532630826375132926e-01
3.074185848131726351e-01 -7.534567247803445333e-01 3.412483989228070613e-01
5.605906787112836520e-01 -7.962052605122634796e-01 4.190803949208338763e-01
8.123627334547539602e-01 -8.353265543383251446e-01 4.867571642804655041e-01
1.062666041037117148e+00 -8.708956210114546792e-01 5.442701743396334280e-01
1.311429688317315767e+00 -9.030135409998342189e-01 5.916052340577249158e-01
1.558580295322305131e+00 -9.318075058105993458e-01 6.287437580615057309e-01
1.804041762860446152e+00 -9.574309439809454148e-01 6.556643245087936389e-01
2.002725593514978364e+00 -9.725606094259050538e-01 6.667884807885293696e-01
2.109541560518297665e+00 -9.696251882375753750e-01 6.569112792133111611e-01
2.124411976399986024e+00 -9.484373488224787652e-01 6.265501510472832880e-01
2.047266355460128473e+00 -9.088251539471706719e-01 5.761950730366873774e-01
1.878040138463583197e+00 -8.506339967622039699e-01 5.063085579258063129e-01
1.616672667901574378e+00 -7.737314519956492997e-01 4.173266675709824680e-01
1.263104519690700256e+00 -6.780147348502779669e-01 3.096608908376883851e-01
8.172743174842012071e-01 -5.634205059982039243e-01 1.837006072561508385e-01
2.791151814655039587e-01 -4.299368214709762825e-01 3.981569148054767138e-02
-3.514490040589543507e-01 -2.776170884182629917e-01 -1.216413909458045617e-01
-9.732698073118194459e-01 -1.271677338294903981e-01 -2.769106014183861375e-01
-1.485072514052231174e+00 7.901164051210462971e-04 -4.027020435564727108e-01
-1.886763611508296412e+00 1.062670079968903586e-01 -4.993624545768828860e-01
-2.178258469947043530e+00 1.892714435860446964e-01 -5.672123201821918093e-01
-2.359480080717909267e+00 2.498150400200330745e-01 -6.065450793170141797e-01
-2.430358377041405227e+00 2.879147705691394998e-01 -6.176264973621991006e-01
-2.390830049860695805e+00 3.035926639338178412e-01 -6.006942534553941782e-01
-2.240838758382823759e+00 2.968733415856253943e-01 -5.559578340036628319e-01
-1.980335638750118532e+00 2.677797820865228107e-01 -4.835988075636361572e-01
-1.609280031834786406e+00 2.163277010200040651e-01 -3.837714895316206576e-01
-1.210631590724934314e+00 1.604447733709836177e-01 -2.781514153059036487e-01
-8.673802164946718962e-01 1.180791100997940352e-01 -1.882702948021890976e-01
-5.795357419287816558e-01 8.926447331874928781e-02 -1.140642180811671375e-01
-3.471025778982460563e-01 7.403034360696687799e-02 -5.549203684107167217e-02
-1.700795979505569377e-01 7.240238996727718646e-02 -1.253571342503241419e-02
-4.846011693015347954e-02 8.440251214379225486e-02 1.479947703619876459e-02
1.776808065790482991e-02 1.100486115262568065e-01 2.648487131322930024e-02
2.862270614031494839e-02 1.493542501949756685e-01 2.246845441862197271e-02
-1.587303016678951600e-02 2.023283590715989066e-01 2.674992430157225980e-03
-1.156903339007968184e-01 2.689751561275912084e-01 -3.299375539223773496e-02
-2.329363153664315012e-01 3.353409731072528599e-01 -7.375600584336898524e-02
-3.297449465167474614e-01 3.874719306809351060e-01 -1.087285517474254198e-01
-4.061242384421436813e-01 4.253704075616498437e-01 -1.378775779944194924e-01
-4.620804541462386617e-01 4.490401159294835631e-01 -1.611724243933210232e-01
-4.976181512176757749e-01 4.584860047452611886e-01 -1.785855838556165143e-01
-5.127401920345330266e-01 4.537142173516022225e-01 -1.900926946293723108e-01
-5.074477259397534024e-01 4.347320946857334278e-01 -1.956725321160129871e-01
-4.817401478217906430e-01 4.015482155221569149e-01 -1.953070056824729173e-01
-4.356150374641477030e-01 3.541724652265211826e-01 -1.889811660453169506e-01
-3.690680839314641748e-01 2.926161245112161580e-01 -1.766832291804471544e-01
-2.915653101450987883e-01 2.247567591555569289e-01 -1.575825623954949239e-01
-2.125905714956964898e-01 1.584494410218670879e-01 -1.308492192730005277e-01
-1.321607136563744955e-01 9.367699104162278967e-02 -9.647658977221448828e-02
-5.028708957846231287e-02 3.042783774927558180e-02 -5.446029743429153802e-02
3.302442971526767246e-02 -3.130394029485907698e-02 -4.798116170909192020e-03
1.177734433335764219e-01 -9.151858668873978642e-02 5.251007249253272086e-02
2.039650134116718361e-01 -1.502106589462745279e-01 1.174622816328531327e-01
2.916096681718037265e-01 -2.073690450259946527e-01 1.900543806043623329e-01
3.807234203549987317e-01 -2.629770101074037636e-01 2.702800162776665682e-01
4.713278059003572773e-01 -3.170122794287626444e-01 3.581304940747717103e-01
5.370358279557068126e-01 -3.566211715420468664e-01 4.305957152478475103e-01
5.514306775243709158e-01 -3.689601165790308279e-01 4.646974432030577806e-01
5.144954637619162385e-01 -3.540079155045560699e-01 4.604734305030890873e-01
4.262181270520522536e-01 -3.117310371682214809e-01 4.179638641048634695e-01
2.865913191740269150e-01 -2.420838029654554246e-01 3.372114525734925539e-01
9.561208838887211292e-02 -1.450087381322757163e-01 2.182616786126222175e-01
-1.467186920269341333e-01 -2.043708355052244879e-02 6.116330305509398713e-02
-4.403972122546229162e-01 1.317105307213275178e-01 -1.340308003512162005e-01
-7.854179918064374544e-01 3.115232347046495431e-01 -3.672624105484142421e-01
-1.181775584484578534e+00 5.190988521335527794e-01 -6.384662713601254591e-01
-1.554015185523129228e+00 7.164645318639297766e-01 -8.917127242073836779e-01
-1.826744504943858205e+00 8.654080715821275138e-01 -1.071147644702484802e+00
-2.000069634986198608e+00 9.656575723394414945e-01 -1.176807523683005563e+00
-2.074114124111707369e+00 1.016917682344002039e+00 -1.208722707675739194e+00
-2.049018090265920300e+00 1.018869683894659817e+00 -1.166919139231824998e+00
-1.924938870430612070e+00 9.711719491108423696e-01 -1.051417846141094792e+00
-1.702053415096163702e+00 8.734608886846365605e-01 -8.622318184766402105e-01
-1.380562632368609544e+00 7.253525377609455482e-01 -5.993599101702083987e-01
-9.606978452785377431e-01 5.264450313066606491e-01 -2.627773912978408344e-01
-4.427294379294908766e-01 2.763224333839165991e-01 1.475772403701599012e-01
8.907016319272810512e-02 1.535909135255623600e-02 5.589298941514700969e-01
5.507622508420124685e-01 -2.155535972305239190e-01 8.984164959032149289e-01
9.424921264525822906e-01 -4.161326426730257988e-01 1.166018176763430336e+00
1.264345337686853421e+00 -5.861910800316219028e-01 1.361736131503572977e+00
1.516349308755532421e+00 -7.256389297446126374e-01 1.485588016824266999e+00
1.698473332676834646e+00 -8.344829387117829178e-01 1.537607374334672761e+00
1.810627708367974487e+00 -9.128256816137937379e-01 1.517845070375543726e+00
1.852662802704364342e+00 -9.608646006606081924e-01 1.426371749399721889e+00
1.824368779697637555e+00 -9.788916199627780701e-01 1.263280309923656253e+00
1.725476687460456571e+00 -9.672940500981727086e-01 1.028687428720941099e+00
1.582002682550747830e+00 -9.325796280599754073e-01 7.653307328587602987e-01
1.420355103986619349e+00 -8.807013598796958886e-01 5.157872915327553764e-01
1.240774381458689346e+00 -8.113429846620150432e-01 2.799525563949584184e-01
1.043451954651060998e+00 -7.242598894072166393e-01 5.773035632929801597e-02
8.285278377569703645e-01 -6.192762147052397470e-01 -1.509638028925953390e-01
5.960892508422066527e-01 -4.962826699046914425e-01 -3.461998592551196463e-01
3.461701307114640191e-01 -3.552350661615308325e-01 -5.280309637616700247e-01
7.875134331438272961e-02 -1.961535622542091017e-01 -6.964921269788387770e-01
-2.062385679997469079e-01 -1.912260283425198243e-02 -8.515999732936518907e-01
-5.089222478262136473e-01 1.757084902604978127e-01 -9.933538370081730351e-01
-7.830688252660991111e-01 3.656647475750370857e-01 -1.103153029976811750e+00
-9.822533769012056215e-01 5.284997778916271649e-01 -1.162376735920954030e+00
-1.106400461505228527e+00 6.646159031804431683e-01 -1.170928084056372720e+00
-1.155509570353220772e+00 7.743587907534322801e-01 -1.128634982613631044e+00
-1.129655564657710887e+00 8.580164639421428152e-01 -1.035249291646064718e+00
-1.028988164994330434e+00 9.158192664669893013e-01 -8.904482452882802601e-01
-8.537306089526826014e-01 9.479419115604806878e-01 -6.938373483573589962e-01
-6.041776063735710967e-01 9.545086974606520336e-01 -4.449539609219724245e-01
-2.806927087647971830e-01 9.356028992715524906e-01 -1.432708235346815684e-01
1.162948514740725775e-01 8.912812737842642496e-01 2.118011131854875551e-01
5.149220673747049171e-01 8.244557496915212447e-01 5.751237006440853561e-01
8.437948064891530597e-01 7.381321135620528828e-01 9.008014987741265189e-01
1.103070454595833194e+00 6.325775519295951943e-01 1.188424555902363400e+00
1.292820681314678977e+00 5.081568073762706694e-01 1.437705168330110972e+00
1.413034135281701964e+00 3.653285270664091700e-01 1.648473824953468059e+00
1.463619748596352688e+00 2.046451213418313264e-01 1.820676406864236929e+00
1.444410501681894443e+00 2.675475971188887372e-02 1.954373520234503614e+00
1.355167500496358146e+00 -1.675957923018039086e-01 2.049742840718530079e+00
1.195584205220188156e+00 -3.775587355241327714e-01 2.107085383186988903e+00
9.652906438846686754e-01 -6.021844216628795543e-01 2.126836656797427505e+00
7.215033245412698637e-01 -8.136106966844826038e-01 2.124131941856739481e+00
5.222388598810885352e-01 -9.853327868537962164e-01 2.113313968016614197e+00
3.682397357178414654e-01 -1.118367377915643335e+00 2.093743012185618202e+00
2.601902983629188482e-01 -1.213732248797500413e+00 2.064773678231275333e+00
1.987141923086835904e-01 -1.272440561989037100e+00 2.025746266657911576e+00
1.843740621837477445e-01 -1.295496764973524284e+00 1.975983266184820453e+00
2.176735731137989516e-01 -1.283894260740914506e+00 1.914790674725958652e+00
2.990618241201649097e-01 -1.238615038607556507e+00 1.841463819855531980e+00
4.289402156251731490e-01 -1.160631437500147856e+00 1.755297346616299548e+00
6.076717911688624962e-01 -1.050910145263467044e+00 1.655599076650555501e+00
7.917670141777943815e-01 -9.307316566828290894e-01 1.548262052212774353e+00
9.374022427201508245e-01 -8.203339608699411478e-01 1.439923586149324919e+00
1.044438958294061193e+00 -7.191466149305955069e-01 1.331003835546712200e+00
1.112764915233288798e+00 -6.266337872488964011e-01 1.221887153231678402e+00
1.142289487047600360e+00 -5.422938062783387858e-01 1.112919368432581546e+00
1.132939572164116004e+00 -4.656596459415277556e-01 1.004406765146227398e+00
1.084656030072558508e+00 -3.963001921024735807e-01 8.966165671524998215e-01
9.973906164776565886e-01 -3.338221272251442606e-01 7.897787418823064565e-01
8.711033859401161594e-01 -2.778722752174981880e-01 6.840889312361230212e-01
7.057605319542005207e-01 -2.281402635138590762e-01 5.797123080542352369e-01
5.428995226345093572e-01 -1.910597223283727331e-01 4.940387586814523058e-01
4.240614020659297934e-01 -1.732601093303544060e-01 4.443784762182554360e-01
3.492211727120883014e-01 -1.747737466384413074e-01 4.307448444230211893e-01
3.183569526497831426e-01 -1.956537187272276435e-01 4.531363209333963415e-01
3.314499614712548281e-01 -2.359738286449829525e-01 5.115363307234042090e-01
3.884843298590889282e-01 -2.958284912348760898e-01 6.059133160050023115e-01
4.894466127813781875e-01 -3.753326492099948175e-01 7.362210436179520423e-01
6.343248873050909564e-01 -4.746217922351536611e-01 9.023992732412561280e-01
8.231073179402851325e-01 -5.938521471539603969e-01 1.104374894544626340e+00
1.055780075221842917e+00 -7.332010864683882190e-01 1.342063650255376217e+00
1.278273071389919302e+00 -8.650067086085845292e-01 1.564635502458105565e+00
1.436518736980570310e+00 -9.613682387491042647e-01 1.721388946032949896e+00
1.530501687672658262e+00 -1.022121875196281726e+00 1.812427800056561678e+00
1.560204598003241294e+00 -1.047104635415586404e+00 1.837858122632548552e+00
1.525608668659272693e+00 -1.036154282259456938e+00 1.797787804323425220e+00
1.426693127181346332e+00 -9.891097629374375755e-01 1.692326829352731821e+00
1.263433757142196967e+00 -9.058121595886912125e-01 1.521588211029452742e+00
1.035800453344760452e+00 -7.861061656846765056e-01 1.285689598217959695e+00
7.437538044940995574e-01 -6.298421405925429539e-01 9.847555261077594047e-01
3.872407106604818239e-01 -4.368788553598317859e-01 6.189202464262290038e-01
2.597474502489363971e-02 -2.266638598239843205e-01 2.531280532717143372e-01
-2.801742083923690618e-01 -1.880955953594193319e-02 -4.787519241084692290e-02
-5.311313620656348267e-01 1.865438933878799388e-01 -2.841593621987527629e-01
-7.269488478298969936e-01 3.892246171906881269e-01 -4.556879736254922930e-01
-8.678044632854474694e-01 5.890277948340482128e-01 -5.623205142663556533e-01
-9.540019223729891973e-01 7.857128515643768685e-01 -6.038157162203506845e-01
-9.859727667100378623e-01 9.790006576358070145e-01 -5.798355656477762743e-01
-9.642801220841213938e-01 1.168572368373427040e+00 -4.899498159204589420e-01
-8.896245215156954878e-01 1.354071495696354877e+00 -3.336407487788842219e-01
-7.628520314403858249e-01 1.535110806656689642e+00 -1.103079224672065956e-01
-6.309016568038012807e-01 1.704230944290988647e+00 1.218303885545303916e-01
-5.395195404315031862e-01 1.854484051995074712e+00 3.035867395503504262e-01
-4.878375978234706367e-01 1.986257400143118357e+00 4.341443650908154428e-01
-4.749209047755952873e-01 2.099962733840926354e+00 5.126693757928920681e-01
-4.997617073540084887e-01 2.196030961299265893e+00 5.383164384952487946e-01
-5.612758600692392408e-01 2.274911930081836342e+00 5.102348627970449968e-01
-6.583018600400002418e-01 2.337079776621798555e+00 4.275750291196451780e-01
-7.896026249533855124e-01 2.383044330028414759e+00 2.894950835504854769e-01
-9.538702049005631789e-01 2.413369016403767109e+00 9.516787072965558758e-02
-1.149733733192709328e+00 2.428695641815033834e+00 -1.562118195300893353e-01
-1.334755980431852063e+00 2.414482934190510299e+00 -4.095694787210233945e-01
-1.468206955995698948e+00 2.355367876982582764e+00 -6.088583324348830761e-01
-1.551163190199926101e+00 2.250849068748487891e+00 -7.535143635337535617e-01
-1.584591281781257965e+00 2.100430870324021537e+00 -8.431107192068812983e-01
-1.569340841316692048e+00 1.903618861866361645e+00 -8.773523899899039469e-01
-1.506139296094614055e+00 1.659920796137790866e+00 -8.560670392543880958e-01
-1.395589240981463641e+00 1.368851474754527953e+00 -7.791926832918288914e-01
-1.238168855347941966e+00 1.029940022501278474e+00 -6.467629959555295516e-01
-1.034235686096234952e+00 6.427381446220832295e-01 -4.588910738243766607e-01
-7.840338594210197742e-01 2.068281173765939285e-01 -2.157525237760257730e-01
-5.270820238967223181e-01 -2.122392216693630429e-01 2.935901620703116471e-02
-3.028469141939407749e-01 -5.484582218865169390e-01 2.236398675972820216e-01
-1.114197852336143713e-01 -8.015817196568514325e-01 3.675605423362267588e-01
4.710621207953409606e-02 -9.714126070522691725e-01 4.615171009990980400e-01
1.726404525844907056e-01 -1.057800224111731691e+00 5.058303305125704252e-01
2.650956150498391395e-01 -1.060638505137998511e+00 5.007451940759490849e-01
3.243858186245474617e-01 -9.798655751603224662e-01 4.464303974616916637e-01
3.504231105242888722e-01 -8.154644865612836746e-01 3.429779379852045396e-01
3.431133013941484733e-01 -5.674648083351558903e-01 1.904024669706895767e-01
3.023521596393969890e-01 -2.359448154184211055e-01 -1.135976858502115751e-02
2.470557123083011730e-01 9.590723073495419082e-02 -2.143585048067805643e-01
1.963023971605260820e-01 3.450671381089104872e-01 -3.704172466220954640e-01
1.502307676345241427e-01 5.116530199015262292e-01 -4.793431980867245423e-01
1.089885402715230628e-01 5.957677510026032630e-01 -5.409729899582899071e-01
7.273151189451654286e-02 5.974991404083973556e-01 -5.551717386052070768e-01
4.162384199307286869e-02 5.169197736688839750e-01 -5.218329466556258511e-01
1.583934715176519431e-02 3.540864669595668035e-01 -4.408793126360032733e-01
-4.436547091250320554e-03 1.090392708670078759e-01 -3.122645263031658125e-01
-1.900457338355316522e-02 -2.182000510688541228e-01 -1.359761501405017392e-01
-2.764953053566233943e-02 -6.276301615931328959e-01 8.796028355736559834e-02
-3.351537493455542666e-02 -1.036823614944573535e+00 3.171616076606736390e-01
-3.998572355330759498e-02 -1.363337203619166660e+00 5.093049940720987268e-01
-4.716320852874808511e-02 -1.607155419636152605e+00 6.644277627077257442e-01
-5.511132464460279101e-02 -1.768258449470559324e+00 7.825767388413297221e-01
-6.385380214061793513e-02 -1.846621850335684822e+00 8.638087028000335232e-01
-7.337420319931670099e-02 -1.842216615612506381e+00 9.081901930124675060e-01
-8.361586746955984584e-02 -1.755009458052374072e+00 9.157970498016479999e-01
-9.448231667115428167e-02 -1.584963134517672678e+00 8.867140962945105898e-01
-1.058382067532273596e-01 -1.332036634144745380e+00 8.210353550574257531e-01
-1.175109002204057229e-01 -9.961850542186260205e-01 7.188651921854026794e-01
-1.315502273920108600e-01 -6.340031050382399780e-01 5.916831198545199344e-01
-1.503308161940498655e-01 -3.020815449139259146e-01 4.508902031411443634e-01
-1.740755438131552923e-01 -3.741608845663330594e-04 2.964694265171562426e-01
-2.029202885247056998e-01 2.711622110384364071e-01 1.283824753893479664e-01
-2.369137113318681709e-01 5.125665893095230352e-01 -5.343198918319441715e-02
-2.760168157497746577e-01 7.238734237708509545e-01 -2.490586090062924252e-01
-3.201023520060435334e-01 9.051130023240459010e-01 -4.586044661149274448e-01
-3.689541599148520312e-01 1.056312845224030461e+00 -6.821973818158966196e-01
-4.222665649986007685e-01 1.177500245181502425e+00 -9.199836787222008816e-01
-4.796439585565425712e-01 1.268706110207872495e+00 -1.172125706077547624e+00
-5.280692020408459531e-01 1.328844814357625026e+00 -1.400769656336943392e+00
-5.550837712181951877e-01 1.356787123538473860e+00 -1.567866629319939697e+00
-5.610375788623541693e-01 1.352512982506559602e+00 -1.673308482714775947e+00
-5.462451620258482743e-01 1.316012080921649341e+00 -1.716996878106760827e+00
-5.109852230042006838e-01 1.247283153345922768e+00 -1.698842819352511357e+00
-4.555000770259854392e-01 1.146334756646052222e+00 -1.618765569670866489e+00
-3.799949963637041517e-01 1.013187247077668829e+00 -1.476691099815335528e+00
-2.846374095835140783e-01 8.478756824839559503e-01 -1.272550230000697224e+00
-1.695558686813311011e-01 6.504533785523909373e-01 -1.006276642729044823e+00
-3.483864253039330172e-02 4.209958495427665870e-01 -6.778049615510787218e-01
9.562735488304899278e-02 1.964432063304880904e-01 -3.462936491491637181e-01
1.979683359461264502e-01 1.356984034102290924e-02 -7.101230749022212352e-02
2.721580504197036454e-01 -1.277656169124975205e-01 1.479481392626723069e-01
3.181812660380444191e-01 -2.276849669054207825e-01 3.105063016357167971e-01
3.360323293470647288e-01 -2.862905190626907626e-01 4.165906931691993886e-01
3.257146039263975612e-01 -3.036651263675264611e-01 4.661397412036256127e-01
2.872406097289303406e-01 -2.798721482014074891e-01 4.591015522534341864e-01
2.206326875818867828e-01 -2.149553142642528780e-01 3.954335390750928214e-01
1.259240147212671856e-01 -1.089384604393742184e-01 2.751020182216117327e-01
3.159798774550431726e-03 3.817490188656331301e-02 9.808189331578745507e-02
-1.137737025578251515e-01 1.813934967956260524e-01 -8.026042579022500678e-02
-1.910677348939656683e-01 2.756969978311605285e-01 -2.045350695097074845e-01
-2.287762357274078506e-01 3.210594048496098196e-01 -2.747261148424922084e-01
-2.269432876584688841e-01 3.174618195797889730e-01 -2.908184962347015734e-01
-1.856031060618068829e-01 2.648924031635962462e-01 -2.527979993442302509e-01
-1.047800496939673143e-01 1.633465350720859910e-01 -1.606510696246952197e-01
1.551138611913322786e-02 1.282710772299645863e-02 -1.436452477336091008e-02
1.752666382505316256e-01 -1.866551070559183401e-01 1.860747384331983556e-01
3.744912562663147981e-01 -4.350810822682329437e-01 4.406799496776832581e-01
6.132012483197037955e-01 -7.324232143299126419e-01 7.494644858482087946e-01
8.422084454087739314e-01 -1.012407006677792820e+00 1.044901332239240199e+00
1.012342849424579860e+00 -1.208825823113262699e+00 1.259389652769789203e+00
1.123666023397006830e+00 -1.321753956808985775e+00 1.392808309672524336e+00
1.176255604120134857e+00 -1.351280669713889715e+00 1.445009723287623338e+00
1.170204548424853330e+00 -1.297510926934173359e+00 1.415820062167577387e+00
1.105621631231119339e+00 -1.160565217395647553e+00 1.305039538507197339e+00
9.826336191581923618e-01 -9.405781566476620892e-01 1.112442815111714722e+00
8.013895401073286573e-01 -6.376955660313163854e-01 8.377795358917828894e-01
5.620674400999804421e-01 -2.520696885186441416e-01 4.807750497881279061e-01
2.648839557050159943e-01 2.161478749391454179e-01 4.113152377131974735e-02
-3.756139212524073345e-02 6.861402252105004429e-01 -3.985322971314336216e-01
-2.930021421860338204e-01 1.077307071725726706e+00 -7.551959781768967650e-01
-5.017135921303141899e-01 1.389784298957199127e+00 -1.028576928539721269e+00
-6.640221981336292822e-01 1.623656174159183729e+00 -1.218415694554035866e+00
-7.803092522208636694e-01 1.778949634906235699e+00 -1.324479697593042626e+00
-8.510118707297723573e-01 1.855630954542902611e+00 -1.346566574891179924e+00
-8.766220858699461660e-01 1.853605208756036182e+00 -1.284506296301781259e+00
-8.576849614770926111e-01 1.772718931621906968e+00 -1.138161183020222289e+00
-7.947967173801206986e-01 1.612766287528397902e+00 -9.074229708013969997e-01
-6.886038137641086188e-01 1.373499032566127598e+00 -5.922061225787067507e-01
-5.733743600359982873e-01 1.116196411669247546e+00 -2.714292044174704266e-01
-4.824481517321103086e-01 9.025629552581490023e-01 -2.408099202633579711e-02
-4.151506314326757763e-01 7.329537484469299535e-01 1.498354542071344830e-01
-3.708544081760440370e-01 6.077136602727154502e-01 2.503358916177245708e-01
-3.489772929686654201e-01 5.271739036960298996e-01 2.774499652150177464e-01
-3.489820097440778368e-01 4.916518867371402202e-01 2.312189581947044492e-01
-3.703775777763129162e-01 5.014539103653933294e-01 1.116959519616507607e-01
-4.127223346726428543e-01 5.568802820414840982e-01 -8.105187261133914300e-02
-4.756286069157477647e-01 6.582323899534440192e-01 -3.469390606009506439e-01
-5.587691241558363497e-01 8.058212242152779092e-01 -6.858561087266297207e-01
-6.417668435593052445e-01 9.693313089207986621e-01 -1.034137663095954673e+00
-7.046728560599432312e-01 1.118133314889828922e+00 -1.328139522298126929e+00
-7.478818651754898239e-01 1.252095934035411862e+00 -1.567754354445419551e+00
-7.718256647485005617e-01 1.371102239283552127e+00 -1.752862640686436713e+00
-7.769724011984442402e-01 1.475045396123785935e+00 -1.883335519070042263e+00
-7.638262060556042510e-01 1.563825774065490615e+00 -1.959037261299676480e+00
-7.329271123062393034e-01 1.637349701843070271e+00 -1.979827334585974707e+00
-6.848512190753541784e-01 1.695530100979729449e+00 -1.945561990726570656e+00
-6.202111022059881851e-01 1.738289227716732555e+00 -1.856095320895837730e+00
-5.396564791978589737e-01 1.765563753334799868e+00 -1.711279718657217952e+00
-4.554391361789925652e-01 1.773281703142672860e+00 -1.542463134163580829e+00
-3.790188709208960338e-01 1.757346454262139757e+00 -1.381259915041357589e+00
-3.099097704180346358e-01 1.717687440106919095e+00 -1.227897315813162082e+00
-2.476589478158149615e-01 1.654249994319452188e+00 -1.082571652824978026e+00
-1.918479123151276555e-01 1.566991465224314872e+00 -9.454493490827816649e-01
-1.420939516035876760e-01 1.455877988717061200e+00 -8.166686845182096199e-01
-9.805148770430355265e-02 1.320881871337087787e+00 -6.963421258623221366e-01
-5.941337040205440373e-02 1.161979533448279867e+00 -5.845591101678748736e-01
-2.591207887741941648e-02 9.791499614043085442e-01 -4.813891553500881937e-01
2.679189134252766679e-03 7.723736171889175051e-01 -3.868851702768421053e-01
2.535308008355638409e-02 5.695926632581952420e-01 -3.013806627248397652e-01
4.094182022161482054e-02 3.987442982265234082e-01 -2.252143395780848434e-01
4.940697579035054077e-02 2.598066248764678843e-01 -1.584313461497054709e-01
5.071858506499227898e-02 1.527616008525472802e-01 -1.010697289804799309e-01
4.485489941348501375e-02 7.759512184437164506e-02 -5.316027253696543192e-02
3.180226390005815723e-02 3.429708083700573618e-02 -1.472645079651941670e-02
1.155510692732104189e-02 2.286140694373014343e-02 1.421554117322248491e-02
-1.588399244720063719e-02 4.328608679698000422e-02 3.365670944388881453e-02
-5.050419103799923953e-02 9.557317132861943565e-02 4.359517078871429779e-02
-9.228625319830315032e-02 1.797287708493023051e-01 4.403608334143790243e-02
-1.239328215431675650e-01 2.581507675274803404e-01 4.306058258753717172e-02
-1.281880450622820133e-01 2.932207489392565924e-01 4.875226906612897815e-02
-1.050902676476941355e-01 2.849177352772883642e-01 6.113187717036647900e-02
-5.468273010591138961e-02 2.332189338161848868e-01 8.022773491897573772e-02
2.298646385162973413e-02 1.380998361933334639e-01 1.060759049362271084e-01
1.278644737681617904e-01 -4.655875282670251755e-04 1.387205115128955224e-01
2.598939798257334788e-01 -1.825045687062481214e-01 1.782142829596513600e-01
4.190136147025608215e-01 -4.080450623870197635e-01 2.246193351583230247e-01
6.051586199165844837e-01 -6.771150771590612738e-01 2.780082161329557322e-01
8.182617863487867682e-01 -9.897417732098114929e-01 3.384652216485484200e-01
1.015195835908118793e+00 -1.282217835851166221e+00 3.907358612642049533e-01
1.152897130580154528e+00 -1.490816334297581092e+00 4.194394135389206135e-01
1.231377634028109957e+00 -1.615553668239716245e+00 4.244883556637835120e-01
1.250621956139979618e+00 -1.656463471640448271e+00 4.058033101019457023e-01
1.210587159849793482e+00 -1.613596698494613735e+00 3.633132909562482027e-01
1.111203106807757912e+00 -1.487021442349820033e+00 2.969557660210075944e-01
9.523732956756691959e-01 -1.276822633786273586e+00 2.066761375694730896e-01
7.339761367589215935e-01 -9.831017626393274700e-01 9.242625865977763255e-02
4.558666123681515692e-01 -6.059767609744537431e-01 -4.583837640049806539e-02
1.178783040361504331e-01 -1.455821526569991975e-01 -2.081631033352281113e-01
-2.145193207015554937e-01 3.119704148123558229e-01 -3.676505551805367422e-01
-4.755786556613654237e-01 6.807936435557876420e-01 -4.973544596706372944e-01
-6.650643950788686087e-01 9.610935480952498278e-01 -5.972276517055957745e-01
-7.827389858301262437e-01 1.153092374568360112e+00 -6.671850729603416852e-01
-8.283645403072855684e-01 1.257028789754368381e+00 -7.070998607590905927e-01
-8.017042306965395104e-01 1.273157776836528754e+00 -7.168018239912422596e-01
-7.025226657841776579e-01 1.201750596510888780e+00 -6.960784485537319100e-01
-5.305847242664645247e-01 1.043095204011710075e+00 -6.446785393034754064e-01
-2.856523382285389712e-01 7.974974995938131084e-01 -5.623185914750701286e-01
3.252121448402674891e-02 4.652837249181435153e-01 -4.486920144082865436e-01
3.518367481125269647e-01 1.170063847701286325e-01 -3.316311961639477057e-01
5.999280899907443176e-01 -1.772267767825151386e-01 -2.393761072555887215e-01
7.766370155614573667e-01 -4.177376080189093566e-01 -1.721637001004157619e-01
8.817810714156429919e-01 -6.048469114824858162e-01 -1.301499500530881870e-01
9.151514770351979466e-01 -7.388746992386816537e-01 -1.134061060331016668e-01
8.765128799131927106e-01 -8.201395683820388305e-01 -1.219169068794175026e-01
7.656044385621081361e-01 -8.489579868931983464e-01 -1.555809272204698446e-01
5.821416782070714113e-01 -8.256443027298285831e-01 -2.142132064239970768e-01
3.258185579491581496e-01 -7.505122724607870000e-01 -2.975502880119456628e-01
-3.690785856480119278e-03 -6.238788509425353679e-01 -4.052577813020319941e-01
-3.436044772927458468e-01 -4.776753599816533358e-01 -5.173435883467720764e-01
-6.308255939241211863e-01 -3.434724594138762188e-01 -6.142734580192432681e-01
-8.652273720509806587e-01 -2.210474497439938735e-01 -6.963245197768505035e-01
-1.046694979139602077e+00 -1.101658082841140557e-01 -7.637352792476399532e-01
-1.175125062311750623e+00 -1.057865694463659863e-02 -8.167026378054949021e-01
-1.250425528703751565e+00 7.797840826993289454e-02 -8.553797695843280424e-01
-1.272515484725350587e+00 1.557853960454208819e-01 -8.798749320851262379e-01
-1.241325250002104363e+00 2.231372008505244364e-01 -8.902512994224099918e-01
-1.156796356595836794e+00 2.803423951836068739e-01 -8.865279051314974845e-01
-1.018881443902382777e+00 3.277218454783203394e-01 -8.686817693010954189e-01
-8.612046295344885083e-01 3.645455667877457451e-01 -8.396729345209859030e-01
-7.173669784058066545e-01 3.897378854706098905e-01 -8.025992558543831867e-01
-5.873011646766210792e-01 4.031240449285735661e-01 -7.576066941600425597e-01
-4.709435183193944607e-01 4.045478873314083956e-01 -7.048288831194182702e-01
-3.682344255020638668e-01 3.938709324224232144e-01 -6.443861733976524730e-01
-2.791188647379035936e-01 3.709716224630005277e-01 -5.763849790480206625e-01
-2.035470465821339059e-01 3.357447224720545575e-01 -5.009173868040557309e-01
-1.414751240831566004e-01 2.881008630327029918e-01 -4.180609902768702146e-01
-9.286594100915596117e-02 2.279662120694412319e-01 -3.278789117064869751e-01
-5.768978498683426798e-02 1.552822619001135995e-01 -2.304199739700027727e-01
-3.135184336826438156e-02 8.223223625248203550e-02 -1.369165990388509224e-01
-9.275249036871694233e-03 2.103096187539047965e-02 -5.857641823648244983e-02
8.536248360816164893e-03 -2.832265867745025617e-02 4.600765649723094486e-03
2.207890102545596520e-02 -6.582973004154764329e-02 5.261514504825384742e-02
3.134896061483799512e-02 -9.149135442318556688e-02 8.546691578402783318e-02
3.634267681931118571e-02 -1.053086258279574694e-01 1.031562819886777393e-01
3.705629691408349191e-02 -1.072826281289567946e-01 1.056834577358881228e-01
3.348606626639115402e-02 -9.741443698112299543e-02 9.304866540294680355e-02
2.562822976425793015e-02 -7.570512559141674702e-02 6.525213076028368864e-02
