0.000000000000000000e+00 0.000000000000000000e+00 7.477031744927202794e-01
1.223949917155131573e-02 1.149368102747461151e-02 7.593789215553492511e-01
2.677954384685055089e-02 2.439968160981909051e-02 7.724933687012196515e-01
4.253408856228624302e-02 3.823736763286156304e-02 7.863102495064833164e-01
5.844760485093125624e-02 5.247985121274290066e-02 8.001335668323878991e-01
7.349696356912982509e-02 6.655095292326151935e-02 8.133121171633295177e-01
8.668949646837287304e-02 7.982929517780590345e-02 8.252383184293563545e-01
9.705765773971686272e-02 9.165844996921856946e-02 8.353412149652132968e-01
1.036508012374035559e-01 1.013622637660533954e-01 8.430736582628863829e-01
1.055245085999572119e-01 1.082648993747161725e-01 8.478937982243603955e-01
1.017276148990413631e-01 1.117157483803739026e-01 8.492411695319308507e-01
9.166320078700129770e-02 1.113306998902738876e-01 8.467990286392836907e-01
7.620842874283217938e-02 1.076321084441689280e-01 8.413540897671207830e-01
5.659959398808567244e-02 1.013676224175652507e-01 8.339540038135631050e-01
3.407559446281371862e-02 9.325665965876250851e-02 8.256494549346964362e-01
9.891966976496746611e-03 8.396203181897510248e-02 8.175174314845286005e-01
-1.467076892430263513e-02 7.407383679383139352e-02 8.106758703138821076e-01
-3.830408211161007159e-02 6.410662621801899164e-02 8.062906194023531370e-01
-5.967348461297561357e-02 5.451132260428881438e-02 8.055759522826040353e-01
-7.742568187862630680e-02 4.570337716189909472e-02 8.097898815735584677e-01
-9.020141812854021168e-02 3.810827764909507920e-02 8.202250853100379047e-01
-9.705862052123137573e-02 3.210215888499856618e-02 8.377248117459705767e-01
-9.870381590366861246e-02 2.768549000048592390e-02 8.612424934625542150e-01
-9.628468043075066873e-02 2.479874201693288427e-02 8.892286168037202287e-01
-9.097416940142899477e-02 2.337771663978349679e-02 9.201075140724839230e-01
-8.395535025866429635e-02 2.330463301104046536e-02 9.522872916418307909e-01
-7.640546679825277465e-02 2.437802697211477465e-02 9.841694625994712453e-01
-6.948147019699213445e-02 2.630189057299547883e-02 1.014157435151141762e+00
-6.430999611960253048e-02 2.869366055839117635e-02 1.040662406175974830e+00
-6.198460287052132145e-02 3.111002091908376954e-02 1.062105340556602329e+00
-6.357211762528347521e-02 3.308925986763266991e-02 1.076914426683570625e+00
-6.983715057296002726e-02 3.425628086764209712e-02 1.083966348387006562e+00
-8.038956807615171840e-02 3.451509562190135938e-02 1.083921199235564181e+00
-9.456718040671052705e-02 3.389347679201337726e-02 1.077875477709051566e+00
-1.117233533390500355e-01 3.245412766116695380e-02 1.066917034004213782e+00
-1.312217496430747588e-01 3.025915095952935729e-02 1.052128054657581302e+00
-1.524316980934052879e-01 2.734182191241218973e-02 1.034587029428577942e+00
-1.747247086751402279e-01 2.368537188756558720e-02 1.015369609898273850e+00
-1.974719402878548635e-01 1.920862319836569299e-02 9.955486588257382863e-01
-2.200419157009392279e-01 1.375838221640313108e-02 9.761940781985209981e-01
-2.417974560238498327e-01 7.108509815103580820e-03 9.583732095915022953e-01
-2.622031525102297422e-01 -9.300231152655769051e-04 9.429322794487537962e-01
-2.811577376842144815e-01 -1.016161229233425445e-02 9.298433450476277784e-01
-2.986581986266401145e-01 -2.027284005684926171e-02 9.188753543633882970e-01
-3.146913133572457610e-01 -3.093282742410874420e-02 9.098145370529469034e-01
-3.292371031624137245e-01 -4.179535775746145987e-02 9.024626515077338595e-01
-3.422717411095952400e-01 -5.250068933395324322e-02 8.966348866298137210e-01
-3.537700061925628248e-01 -6.267713891623216682e-02 8.921574001125502917e-01
-3.637073588589174733e-01 -7.194250042011507418e-02 8.888645046032763730e-01
-3.720616861374352879e-01 -7.990535096834516793e-02 8.865955389068957970e-01
-3.788147250262277055e-01 -8.616628920437463535e-02 8.851914842074304346e-01
-3.839766456430409036e-01 -9.044201225582071402e-02 8.844959659440068123e-01
-3.876574032555932803e-01 -9.293521438209628727e-02 8.843633353277144948e-01
-3.899955937302079789e-01 -9.396745475790080349e-02 8.846412369639109485e-01
-3.911329210840204240e-01 -9.385767888504048528e-02 8.851687233604978999e-01
-3.912123933642348561e-01 -9.292345619950470592e-02 8.857793537047555787e-01
-3.903770081719786234e-01 -9.148202822370077314e-02 8.863038017254325496e-01
-3.887689937299398935e-01 -8.985113667472965915e-02 8.865719560727018944e-01
-3.865296380706872981e-01 -8.834961507500604938e-02 8.864145141292194552e-01
-3.837997140433895282e-01 -8.729773708257315690e-02 8.856640783999427669e-01
-3.807204911841370887e-01 -8.701731978140703205e-02 8.841557629516998418e-01
-3.774816150049176144e-01 -8.776883855781747457e-02 8.817306583787942742e-01
-3.744613295796908048e-01 -8.956211979383255084e-02 8.782443876716792275e-01
-3.720878039577302232e-01 -9.234198699427986767e-02 8.735537220636917510e-01
-3.707933098840872077e-01 -9.604818307008766709e-02 8.675108891394973654e-01
-3.710147037142093041e-01 -1.006120016414957519e-01 8.599616512673566859e-01
-3.731937669666338664e-01 -1.059522212510040085e-01 8.507436613206067477e-01
-3.777773288404366880e-01 -1.119702848176782339e-01 8.396852004223802624e-01
-3.852170471942484298e-01 -1.185446631216757751e-01 8.266044621101951151e-01
-3.959686650305744848e-01 -1.255243483050554332e-01 8.113096223782072514e-01
-4.104904865587908347e-01 -1.327214473986053633e-01 7.936000262643743142e-01
-4.290115022464249250e-01 -1.398899125077996963e-01 7.734388459727616905e-01
-4.508329979196847859e-01 -1.467130160014251672e-01 7.514761664868405688e-01
-4.750017036631888345e-01 -1.529096715274094187e-01 7.285585577030655458e-01
-5.005387615359779829e-01 -1.582739145692846350e-01 7.055612106112088000e-01
-5.264447627434307719e-01 -1.626864192688550759e-01 6.833835693304308734e-01
-5.517071389593741770e-01 -1.661172602915002017e-01 6.629419930064273103e-01
-5.753083198866022485e-01 -1.686193830803555116e-01 6.451611746632375244e-01
-5.962330066686902796e-01 -1.703125872288917542e-01 6.309661667855515077e-01
-6.134732434344858376e-01 -1.713581567068827027e-01 6.212765749291140338e-01
-6.260306858448263512e-01 -1.719244802129233918e-01 6.170037956936891277e-01
-6.332333574322204228e-01 -1.721429586790144128e-01 6.187174475859382738e-01
-6.356848136510890868e-01 -1.720616163562267431e-01 6.256455284648581028e-01
-6.343115424613348097e-01 -1.716541663107045146e-01 6.366769338008646528e-01
-6.300447733445881937e-01 -1.708621448447731339e-01 6.506965976785910044e-01
-6.238190094762945392e-01 -1.696296110174024818e-01 6.665866955020316453e-01
-6.165694463396214076e-01 -1.679276668552134311e-01 6.832285103251178882e-01
-6.092283150911059764e-01 -1.657686701483473968e-01 6.995051332747603823e-01
-6.027208808167623388e-01 -1.632100963644438352e-01 7.143045249049837508e-01
-5.979621273217414767e-01 -1.603481401178852295e-01 7.265221699764898844e-01
-5.958550685000201241e-01 -1.573012795656696383e-01 7.350626156176556236e-01
-5.970053105054411446e-01 -1.541906404791553165e-01 7.391707846182313801e-01
-6.008701702075622819e-01 -1.511315157885979588e-01 7.394200386894596022e-01
-6.066265692337697857e-01 -1.482167450170610579e-01 7.367091708210899981e-01
-6.134593347092742732e-01 -1.455322105726581938e-01 7.319292683845954883e-01
-6.205614581443699151e-01 -1.431734379330755758e-01 7.259637661864282165e-01
-6.271335612889847866e-01 -1.412549872855848321e-01 7.196892301102177925e-01
-6.323824772511690284e-01 -1.399128019065303263e-01 7.139770354559971111e-01
-6.355186591514065952e-01 -1.392996607064587167e-01 7.096962397792481170e-01
-6.357521184815322357e-01 -1.395738205630707718e-01 7.077179123148091833e-01
-6.322867566689893692e-01 -1.408808127839722424e-01 7.089209864745109613e-01
-6.246058153353386544e-01 -1.432687631632982850e-01 7.139102611474648086e-01
-6.133488773335162847e-01 -1.465022449417849870e-01 7.221487726463102774e-01
-5.994468934905157198e-01 -1.502768294322285314e-01 7.328106321387526378e-01
-5.838384982679638568e-01 -1.543071115033476381e-01 7.450605353892889582e-01
-5.674748416336239387e-01 -1.583453966010961445e-01 7.580487247732587974e-01
-5.513213694798224651e-01 -1.621927473667210684e-01 7.709093107143658585e-01
-5.363570488028042149e-01 -1.657020034804097541e-01 7.827613518480376342e-01
-5.235717759239966185e-01 -1.687723629229971323e-01 7.927118434023547877e-01
-5.139627424538293354e-01 -1.713351998434786694e-01 7.998597399018070320e-01
-5.085303064102966175e-01 -1.733309419375079763e-01 8.033003972917107660e-01
-5.079925530881617135e-01 -1.747135573248028706e-01 8.023790281692999571e-01
-5.119371545046718097e-01 -1.755304980214260624e-01 7.974427643943844402e-01
-5.196619294769204700e-01 -1.758194491095328438e-01 7.890972415760586500e-01
-5.304581281301610218e-01 -1.755958914864477194e-01 7.779552862664953494e-01
-5.436129667911426822e-01 -1.748742708328845374e-01 7.646341294354641605e-01
-5.584122374335827033e-01 -1.736849207940647233e-01 7.497525966115023976e-01
-5.741431396293261713e-01 -1.720866169269461565e-01 7.339281051606123540e-01
-5.900971702266755159e-01 -1.701747051752362516e-01 7.177736403829593215e-01
-6.055726940972530059e-01 -1.680848284596478948e-01 7.018951130009636330e-01
-6.198767149975390467e-01 -1.659923590706298135e-01 6.868896145823040200e-01
-6.324092360089670350e-01 -1.640704745598808856e-01 6.732756578503709122e-01
-6.429111093071151473e-01 -1.623631856696459153e-01 6.612888550406408328e-01
-6.512065705940210947e-01 -1.608780678442922607e-01 6.510960839146751056e-01
-6.571184220219183914e-01 -1.596181633769298003e-01 6.428658350007001587e-01
-6.604678596020594483e-01 -1.585784141249755308e-01 6.367683405665207630e-01
-6.610743540331345258e-01 -1.577417463587140745e-01 6.329756193879987336e-01
-6.587556690655755887e-01 -1.570747992441439145e-01 6.316613406914086681e-01
-6.533281260094794263e-01 -1.565232932222846429e-01 6.330003844184179940e-01
-6.446072500201083244e-01 -1.560070453979505167e-01 6.371679460477377432e-01
-6.324089620058117589e-01 -1.554146587345246466e-01 6.443380038146457878e-01
-6.167096278713550817e-01 -1.546133855188953632e-01 6.545573257587555815e-01
-5.981215734762503899e-01 -1.535073799820398932e-01 6.673735280346084764e-01
-5.774174012078301388e-01 -1.520272633403747520e-01 6.822080890456696523e-01
-5.553705465495584193e-01 -1.501336723430695130e-01 6.984817873713877745e-01
-5.327532736561284565e-01 -1.478287225660643855e-01 7.156172686311048636e-01
-5.103340784979044642e-01 -1.451629622450423263e-01 7.330422683058444022e-01
-4.888750141478297451e-01 -1.422378287063219560e-01 7.501928356819860255e-01
-4.691295296288977568e-01 -1.392037157787084922e-01 7.665158182192044478e-01
-4.518413846232869346e-01 -1.362538499616148258e-01 7.814699043365793685e-01
-4.377450863855436580e-01 -1.336142235232240516e-01 7.945246685801121700e-01
-4.273669871782619367e-01 -1.314874167869475308e-01 8.052712444046585816e-01
-4.204282791252857976e-01 -1.298987871060091059e-01 8.137558976681535938e-01
-4.164548659790145990e-01 -1.288003950949128118e-01 8.201305958761064829e-01
-4.149783354428269178e-01 -1.281172224809070670e-01 8.245400546241139494e-01
-4.155346741749692541e-01 -1.277538826024819940e-01 8.271239742401848005e-01
-4.176628961447637067e-01 -1.276005579946670743e-01 8.280191299456278742e-01
-4.209037044787198312e-01 -1.275382418073878199e-01 8.273611223324897068e-01
-4.247982790071276327e-01 -1.274433337281326573e-01 8.252856569462485581e-01
-4.288872596285084882e-01 -1.271916173593781174e-01 8.219292715233201818e-01
-4.327099755073930964e-01 -1.266616274696925615e-01 8.174294702049760275e-01
-4.358897111655064549e-01 -1.257909318497567597e-01 8.119658160089615606e-01
-4.383923401028297917e-01 -1.247370901042721414e-01 8.058833196380987829e-01
-4.402721645562763797e-01 -1.237142922247800314e-01 7.995668760590124435e-01
-4.415869891029959859e-01 -1.229381634082225005e-01 7.934001828695649294e-01
-4.423978180997814036e-01 -1.226245900097673314e-01 7.877663756705413078e-01
-4.427677369661475737e-01 -1.229887827231381792e-01 7.830486306996711221e-01
-4.427599828117854130e-01 -1.242445939807197419e-01 7.796307208577193393e-01
-4.424352087972653891e-01 -1.266040927868177235e-01 7.778975324444914463e-01
-4.418479424535952660e-01 -1.302773776522911930e-01 7.782355806762568662e-01
-4.410422302557677199e-01 -1.354725768721221080e-01 7.810336021204360435e-01
-4.400054589327835330e-01 -1.422660192449809458e-01 7.865632324493736505e-01
-4.385477440609637512e-01 -1.502117056846574705e-01 7.946193167756288034e-01
-4.364401424771955362e-01 -1.587287564529669126e-01 8.048796324585136830e-01
-4.334653354385382684e-01 -1.672297004194431835e-01 8.170229845744048092e-01
-4.294245867844326270e-01 -1.751198549263977000e-01 8.307257834630012994e-01
-4.241432133139451111e-01 -1.817976666285905374e-01 8.456574105606291525e-01
-4.174744354879083019e-01 -1.866559846541204770e-01 8.614747525058925604e-01
-4.093013208768425670e-01 -1.890842005472128662e-01 8.778164061053796985e-01
-3.995363766554120843e-01 -1.884711582578053601e-01 8.942971203993934637e-01
-3.881182240796539062e-01 -1.842087114027144423e-01 9.105030158552782638e-01
-3.751206689964483587e-01 -1.759283851277118060e-01 9.260115137414937081e-01
-3.610742927721632967e-01 -1.642085815372666957e-01 9.404803537414565540e-01
-3.465829368843289515e-01 -1.498866394470592667e-01 9.536188348599505815e-01
-3.322029442309171188e-01 -1.338238878502870932e-01 9.651792066693420935e-01
-3.184476025186615544e-01 -1.169003858752253322e-01 9.749607754824491934e-01
-3.057955093314843609e-01 -1.000088958391560645e-01 9.828085039831435665e-01
-2.947014743795115521e-01 -8.404856734052756906e-02 9.886072515796291427e-01
-2.856086492969112101e-01 -6.991864159816607582e-02 9.922725118381041653e-01
-2.789608637923075563e-01 -5.851229836853377719e-02 9.937380875272001646e-01
-2.752145872748181787e-01 -5.071057540466750169e-02 9.929407065207733751e-01
-2.746857077093807220e-01 -4.715393305536341728e-02 9.898801920993278713e-01
-2.770617518514866262e-01 -4.757323422579240457e-02 9.848371897684105036e-01
-2.818881730095066374e-01 -5.146394750897664849e-02 9.781361487280006983e-01
-2.887218406730145404e-01 -5.831692974734892232e-02 9.700805265508432029e-01
-2.971219955499497800e-01 -6.762525820303588731e-02 9.609657624128136177e-01
-3.066428764516793137e-01 -7.888975644787077357e-02 9.510900161959892074e-01
-3.168276393305697880e-01 -9.162335894882378540e-02 9.407628851029414818e-01
-3.272034234414489262e-01 -1.053542976682178001e-01 9.303121829657126085e-01
-3.372775980175806154e-01 -1.196279659116870064e-01 9.200887697759503325e-01
-3.465353516714486659e-01 -1.340072172787531990e-01 9.104693400265624348e-01
-3.545550351850002002e-01 -1.481127336127441296e-01 9.017874803894638802e-01
-3.613639340550465207e-01 -1.617398044296933790e-01 8.941149938536181452e-01
-3.671023892768197072e-01 -1.747208041217702679e-01 8.874538897636821133e-01
-3.719103220964798950e-01 -1.868824145328336073e-01 8.818030471267954695e-01
-3.759283099316235166e-01 -1.980464171628106840e-01 8.771577013250002608e-01
-3.792986653279832865e-01 -2.080304733249978000e-01 8.735090877950018040e-01
-3.821664773376056701e-01 -2.166488966021811180e-01 8.708442783621990202e-01
-3.846805733629654611e-01 -2.237134198341861335e-01 8.691462530764715311e-01
-3.869943614878179616e-01 -2.290339571398791740e-01 8.683942558257928823e-01
-3.892665198095679457e-01 -2.324193603401174535e-01 8.685644846465958580e-01
-3.916379897828576873e-01 -2.338060680979330286e-01 8.695629018334400939e-01
-3.941609582433081016e-01 -2.336416812369024321e-01 8.710207700634171601e-01
-3.968660174572056221e-01 -2.325000381294177743e-01 8.724987814396252261e-01
-3.997823396797919315e-01 -2.309528109430409870e-01 8.735555880585588184e-01
-4.029368006633475829e-01 -2.295690382087292036e-01 8.737475588467571441e-01
-4.063557217872748595e-01 -2.289145355644377489e-01 8.726277789325393996e-01
-4.100692435185528950e-01 -2.295511821509759187e-01 8.697443221995779794e-01
-4.141183761474911407e-01 -2.320360335623350423e-01 8.646377517896830511e-01
-4.185648388492868577e-01 -2.369201310686799289e-01 8.568376402405402104e-01
-4.235039015828299114e-01 -2.447467568553447492e-01 8.458576476861487947e-01
-4.290295670267258998e-01 -2.558034674222606775e-01 8.314326250660535322e-01
-4.350659840712971516e-01 -2.693917113894528370e-01 8.142588548497737833e-01
-4.414584012761757492e-01 -2.845788240023439108e-01 7.952909370623864049e-01
-4.479950428382393213e-01 -3.004501802592329796e-01 7.755119222977819859e-01
-4.543926976805945372e-01 -3.161133256281258852e-01 7.559424897706987778e-01
-4.602917008750440075e-01 -3.307001089373704517e-01 7.376463463749836080e-01
-4.652613888802870079e-01 -3.433654661311225098e-01 7.217296406450319779e-01
-4.688172439691893345e-01 -3.532814779609250166e-01 7.093322024584693963e-01
-4.704507400038737686e-01 -3.596256668314943283e-01 7.016089773114622119e-01
-4.696722858032966741e-01 -3.615632862514668311e-01 6.997011586472172695e-01
-4.662229973274536476e-01 -3.585192799463001734e-01 7.043082551429415972e-01
-4.605764181369806920e-01 -3.510529690709214279e-01 7.144980027193286176e-01
-4.534199349847387595e-01 -3.400016236662484204e-01 7.289140000851936918e-01
-4.454378774756317938e-01 -3.262132202914740375e-01 7.462084170822800289e-01
-4.372675648571551221e-01 -3.105639283445302823e-01 7.650713717554236126e-01
-4.294715695576574177e-01 -2.939663895228314949e-01 7.842469791922841438e-01
-4.225255519978414753e-01 -2.773699375483738017e-01 8.025370240764502228e-01
-4.168202899772133208e-01 -2.617545810092449798e-01 8.187944941115556929e-01
-4.126763263973192153e-01 -2.481206293893900572e-01 8.319097479181554178e-01
-4.103699297347560560e-01 -2.374754209716476439e-01 8.407918725985012998e-01
-4.100771547607608980e-01 -2.305993227821572233e-01 8.446457828118170141e-01
-4.116446214388460589e-01 -2.273751774876084930e-01 8.438446629033586888e-01
-4.148880152954097511e-01 -2.274428378132462569e-01 8.390255071700210010e-01
-4.196676327930006778e-01 -2.304260055723545975e-01 8.308000568356304072e-01
-4.258703237172349887e-01 -2.359395668293942094e-01 8.197639778632836993e-01
-4.333942733438806982e-01 -2.435957656561820173e-01 8.065043160780351883e-01
-4.421363266190514452e-01 -2.530096848782821262e-01 7.916059119640106445e-01
-4.519816513273680059e-01 -2.638042697710640816e-01 7.756571569260559684e-01
-4.627956068822989266e-01 -2.756149468154704962e-01 7.592552310318527731e-01
-4.744177391852026915e-01 -2.880937443841737888e-01 7.430107804400449822e-01
-4.866475801624350339e-01 -3.009353961543661526e-01 7.274585606864958365e-01
-4.992186118273451712e-01 -3.139438101287925775e-01 7.127779394980864325e-01
-5.118404559018232547e-01 -3.269576109628640204e-01 6.990700120410711094e-01
-5.242109808416266503e-01 -3.398256930234024864e-01 6.864508753679423592e-01
-5.360166967479873534e-01 -3.524060121085956787e-01 6.750516471490106696e-01
-5.469334513653656415e-01 -3.645639466790338012e-01 6.650179265749738278e-01
-5.566274983419408073e-01 -3.761701590885619950e-01 6.565086686811074657e-01
-5.647570124600473918e-01 -3.870978966637155239e-01 6.496944332339840145e-01
-5.709741332381810253e-01 -3.972196888933829939e-01 6.447549543273378703e-01
-5.749276288393723178e-01 -4.064034214338523299e-01 6.418759565637639497e-01
-5.763227926820775338e-01 -4.145308989142275635e-01 6.412047421655566737e-01
-5.750969480396026512e-01 -4.215624961972457285e-01 6.427220073335906392e-01
-5.712558537025671512e-01 -4.274662122910886097e-01 6.463559534105147719e-01
-5.648184239983997657e-01 -4.321956457684259512e-01 6.520210691360945887e-01
-5.558173233660381740e-01 -4.356915142149087039e-01 6.596172385407310657e-01
-5.442995065633677854e-01 -4.378834033894025701e-01 6.690288605732721550e-01
-5.303266005128026706e-01 -4.386917384461010982e-01 6.801240780846340428e-01
-5.139750136952123682e-01 -4.380299615553067127e-01 6.927542238527575336e-01
-4.953356573488782999e-01 -4.358068895787012842e-01 7.067535926764074716e-01
-4.745131717781028158e-01 -4.319292129399721070e-01 7.219396389160799288e-01
-4.517650344314825261e-01 -4.263864600098967728e-01 7.380372307459666104e-01
-4.279070735933849789e-01 -4.195158474277125293e-01 7.544672389834623516e-01
-4.038619564986234423e-01 -4.117844016998053469e-01 7.706117101467837571e-01
-3.805087347818645327e-01 -4.037103830249444414e-01 7.859032309854914189e-01
-3.586817990338531104e-01 -3.958585430903220903e-01 7.998275909003487172e-01
-3.391756697120573705e-01 -3.888314623083912736e-01 8.119195409943422703e-01
-3.227550762552144903e-01 -3.832579198989960467e-01 8.217519172283562767e-01
-3.101697051072722644e-01 -3.797789518149237153e-01 8.289185066137019220e-01
-3.021732150921199178e-01 -3.790318052302357188e-01 8.330109248349106821e-01
-2.995466058437887824e-01 -3.816314243206972989e-01 8.335894672393351357e-01
-3.028260563961513441e-01 -3.879455400647549013e-01 8.303391099622885463e-01
-3.114131303861684685e-01 -3.974732120201824870e-01 8.236287370763886173e-01
-3.244429489990139359e-01 -4.094743581731448145e-01 8.139770000313069076e-01
-3.410510902031891334e-01 -4.231990830623395539e-01 8.019021750335051379e-01
-3.603464693293627619e-01 -4.379097659464004089e-01 7.879548390866766283e-01
-3.813893027282704296e-01 -4.528997316307443732e-01 7.727433708914199784e-01
-4.031750914196869928e-01 -4.675081843767876499e-01 7.569514902529554945e-01
-4.246260201308693638e-01 -4.811303173889509566e-01 7.413467551026080571e-01
-4.445911956213661753e-01 -4.932209680466828061e-01 7.267789684747905099e-01
-4.618567654404088785e-01 -5.032899594853850189e-01 7.141678104043958086e-01
-4.754523648736146413e-01 -5.110210431166826162e-01 7.042679104708451376e-01
-4.855547586585959863e-01 -5.166337109544527628e-01 6.969833175578692419e-01
-4.926698763759311817e-01 -5.204461537101963131e-01 6.919582480971158134e-01
-4.973402984696670970e-01 -5.227464601976929970e-01 6.887962733953907346e-01
-5.001338984272987176e-01 -5.238021278924294144e-01 6.870730279737040647e-01
-5.016342770423829478e-01 -5.238680691101018638e-01 6.863467878605842287e-01
-5.024331554712446746e-01 -5.231926934628199355e-01 6.861668222938765993e-01
-5.031248306485389676e-01 -5.220218175247328674e-01 6.860794558598870552e-01
-5.043027519999530028e-01 -5.206002827347324668e-01 6.856318024526864008e-01
-5.065582334731235647e-01 -5.191712477691745597e-01 6.843731653639864021e-01
-5.103347722694246968e-01 -5.179297416687917988e-01 6.819630686031121769e-01
-5.154907898892266971e-01 -5.168911507127482707e-01 6.784956426250667860e-01
-5.217399528076569482e-01 -5.160260744537712441e-01 6.741720174734595616e-01
-5.287971704977740828e-01 -5.153065227595838849e-01 6.691919624257547383e-01
-5.363781261989295501e-01 -5.147076755509774060e-01 6.637544055657809139e-01
-5.441989457313027856e-01 -5.142091492902385319e-01 6.580577994661496177e-01
-5.519759835763409228e-01 -5.137957731467386324e-01 6.523003565524074787e-01
-5.594256953009359989e-01 -5.134578754363516850e-01 6.466801890571902689e-01
-5.662645602422333724e-01 -5.131910798687999709e-01 6.413953941228349720e-01
-5.722090182451351481e-01 -5.129956108642468315e-01 6.366441245211351685e-01
-5.770224034206048458e-01 -5.128726454298560000e-01 6.326043515007544471e-01
-5.806558026101127368e-01 -5.128144842189916730e-01 6.293730869411646722e-01
-5.831068457886754430e-01 -5.128093343310307084e-01 6.270275436817467352e-01
-5.843727392335376081e-01 -5.128430907643286574e-01 6.256453937518262620e-01
-5.844503687620381527e-01 -5.128989256334217650e-01 6.253046433383140368e-01
-5.833364401427685308e-01 -5.129568719907933172e-01 6.260834764325338142e-01
-5.810276653157906424e-01 -5.129934037206149711e-01 6.280600597114087691e-01
-5.775210037068703173e-01 -5.129810136670203136e-01 6.313123008881422749e-01
-5.728139684058675130e-01 -5.128877930550785891e-01 6.359175526215521401e-01
-5.669050072059871326e-01 -5.126770163801475100e-01 6.419522541987028319e-01
-5.599040943270807702e-01 -5.123259454119866163e-01 6.493608705431803685e-01
-5.523620971412483982e-01 -5.118899951731354925e-01 6.575650060119677676e-01
-5.449374479286017703e-01 -5.114587942435253609e-01 6.658581556915148525e-01
-5.382849750270857214e-01 -5.111402369276611957e-01 6.735372996656749933e-01
-5.330562836143748484e-01 -5.110583251711457997e-01 6.799024652517235978e-01
-5.299016172692923021e-01 -5.113470387797294237e-01 6.842548378420900690e-01
-5.294733970264893230e-01 -5.121402666155421279e-01 6.858932369020180886e-01
-5.324314006792825182e-01 -5.135577540837092947e-01 6.841090056155803012e-01
-5.394491949772204364e-01 -5.156869002723931672e-01 6.781797072668940274e-01
-5.512209364387086197e-01 -5.185600880956715564e-01 6.673625093684698584e-01
-5.681473558327567730e-01 -5.220757455154920734e-01 6.512343703891518842e-01
-5.893621276944163156e-01 -5.258621199799984325e-01 6.307434804093778880e-01
-6.136534632663384059e-01 -5.295220166349006163e-01 6.072093882604203685e-01
-6.397704760070368479e-01 -5.327340642908549029e-01 5.819905101056859209e-01
-6.664242717516319914e-01 -5.352811627493112567e-01 5.564830566618175212e-01
-6.922979405484266380e-01 -5.370640864730149566e-01 5.321111605977044690e-01
-7.160613902888464111e-01 -5.380990248748647176e-01 5.103121970585497991e-01
-7.363861562215490153e-01 -5.384984357633690877e-01 4.925221138698319123e-01
-7.519558729525046559e-01 -5.384353087695514795e-01 4.801650787431235301e-01
-7.614700661990614350e-01 -5.380914338576987532e-01 4.746498493523363393e-01
-7.640042150314743097e-01 -5.375977945824983451e-01 4.769437862147007934e-01
-7.600903377270613603e-01 -5.369960766865040647e-01 4.862933778420632791e-01
-7.506253202741106634e-01 -5.362302531241378567e-01 5.015141062905428271e-01
-7.365094302103418755e-01 -5.351916190121195349e-01 5.214182923269232717e-01
-7.186477179067072285e-01 -5.337650452947122481e-01 5.448136319915022341e-01
-6.979486432732686652e-01 -5.318662067889237122e-01 5.705041809261803820e-01
-6.753189303654085762e-01 -5.294695728123897105e-01 5.972948827528945515e-01
-6.516554184305354269e-01 -5.266269257875375587e-01 6.239990584530001883e-01
-6.278359128279582535e-01 -5.234763382026299539e-01 6.494470862735788330e-01
-6.047116607344644734e-01 -5.202418484588555714e-01 6.724938891639844485e-01
-5.830115726382212316e-01 -5.171835049682882435e-01 6.922104592889830599e-01
-5.630756453333942702e-01 -5.144398877929425851e-01 7.084376477736498146e-01
-5.451512135723195485e-01 -5.121063147164979235e-01 7.212061887686278538e-01
-5.294898145891204777e-01 -5.102666600397354202e-01 7.305447611145270415e-01
-5.163491571155560678e-01 -5.089896828170279441e-01 7.364777378455418244e-01
-5.059949092836317774e-01 -5.083253099600466562e-01 7.390229670017465224e-01
-4.987021793737351771e-01 -5.083008143166192205e-01 7.381897252424742817e-01
-4.947565496615586866e-01 -5.089168234345735620e-01 7.339770137285928087e-01
-4.944544959643906168e-01 -5.101430965226043668e-01 7.263724075527768775e-01
-4.981029820685698439e-01 -5.119140178804570951e-01 7.153517270043039389e-01
-5.058268122229669927e-01 -5.140810136558804366e-01 7.010358105899472392e-01
-5.169851114201788889e-01 -5.162971962990106078e-01 6.841676974074388795e-01
-5.307260847683306082e-01 -5.181849400424516361e-01 6.656633954812676279e-01
-5.461712804760017193e-01 -5.194019262251092783e-01 6.464638487984402104e-01
-5.624167025568382883e-01 -5.196550248751061751e-01 6.275350560229870922e-01
-5.785399455449233841e-01 -5.187069994566280151e-01 6.098621514412183586e-01
-5.936120597118099695e-01 -5.163754037294081556e-01 5.944386672023949103e-01
-6.067124580103762099e-01 -5.125232840970244119e-01 5.822526415520101750e-01
-6.169451972060508993e-01 -5.070417002203386758e-01 5.742712707376842474e-01
-6.234554724365404255e-01 -4.998245421101676911e-01 5.714253575574126387e-01
-6.256782797594375722e-01 -4.908576299847284830e-01 5.743315582713099943e-01
-6.240284733315739629e-01 -4.805547405902972358e-01 5.825103656110934836e-01
-6.191597606047833935e-01 -4.694021927874922895e-01 5.952127182070956479e-01
-6.117048358867300806e-01 -4.578608895000857437e-01 6.117073521281639614e-01
-6.022584580552932110e-01 -4.463857725583233460e-01 6.312955780738072065e-01
-5.913664908619722382e-01 -4.354405635754980963e-01 6.533201400685282323e-01
-5.795196802441466843e-01 -4.255080671407003301e-01 6.771694173774411851e-01
-5.671512557466336091e-01 -4.170965847061860465e-01 7.022779900985387513e-01
-5.546376923874465348e-01 -4.107431181473186754e-01 7.281244038275263009e-01
-5.423021661434326290e-01 -4.070140720538057977e-01 7.542268237438394252e-01
-5.303393737023531784e-01 -4.063056128102688902e-01 7.802173057996002470e-01
-5.186057614087964396e-01 -4.082350158842129595e-01 8.060571728135679237e-01
-5.069109488676373232e-01 -4.122167434373418260e-01 8.317625426661923171e-01
-4.951042791332209703e-01 -4.176600037920468189e-01 8.573219128793878596e-01
-4.830745664185265298e-01 -4.239706857381815297e-01 8.826969676924658614e-01
-4.707505355550667403e-01 -4.305533044383880181e-01 9.078218600309604369e-01
-4.581014577753119710e-01 -4.368129796631956552e-01 9.326016289016703098e-01
-4.451374538931958114e-01 -4.421574249042823368e-01 9.569104464385622677e-01
-4.319088778695929776e-01 -4.459988822271396813e-01 9.805904281672290779e-01
-4.185041531711561902e-01 -4.477558932898539901e-01 1.003451748574132552e+00
-4.050657800363595129e-01 -4.470146917808510700e-01 1.025288133283500436e+00
-3.918260148475010141e-01 -4.440104638193660413e-01 1.045937125110901533e+00
-3.790088009469378960e-01 -4.391476349496414855e-01 1.065271526655834577e+00
-3.668049254634722089e-01 -4.328377386419761663e-01 1.083191287246319412e+00
-3.553742247600606419e-01 -4.254970558639357137e-01 1.099622706028068109e+00
-3.448491262959478831e-01 -4.175444788769535620e-01 1.114516063186171024e+00
-3.353390710902157679e-01 -4.093996664176433598e-01 1.127842171648863356e+00
-3.269354091154035302e-01 -4.014815131965483452e-01 1.139588278616715300e+00
-3.197164474728353412e-01 -3.942069212607570705e-01 1.149753647338053852e+00
-3.137524355596932324e-01 -3.879898354720299203e-01 1.158345036938295713e+00
-3.090292793808462335e-01 -3.831219931938214529e-01 1.165459985202143223e+00
-3.052151650146663897e-01 -3.794139396928111196e-01 1.171541182306627960e+00
-3.019125794224581938e-01 -3.765470994946547023e-01 1.177105471871644937e+00
-2.987358603541094837e-01 -3.741944834856263391e-01 1.182659404699471395e+00
-2.953081004901214612e-01 -3.720219920270020353e-01 1.188702153274181939e+00
-2.912604183584504014e-01 -3.696879213763626382e-01 1.195726327902469244e+00
-2.862335765970795975e-01 -3.668407804826658847e-01 1.204216741547437408e+00
-2.798819552732609850e-01 -3.631155415065903114e-01 1.214647150215765414e+00
-2.718798904375621106e-01 -3.581285065486801145e-01 1.227475009636814107e+00
-2.619303560929164831e-01 -3.514710724817051712e-01 1.243134348050602966e+00
-2.499280936781040907e-01 -3.428461930002240088e-01 1.261806758393421823e+00
-2.364005857008377731e-01 -3.325153750232545669e-01 1.282773951116412903e+00
-2.220014733617583502e-01 -3.209122190364976923e-01 1.305119542809688227e+00
-2.073388401629436828e-01 -3.085132118084965569e-01 1.327964947210436897e+00
-1.929669785832510698e-01 -2.958411751592953109e-01 1.350475296428587768e+00
-1.793841217914664554e-01 -2.834636990965639924e-01 1.371860182624968338e+00
-1.670359879809151238e-01 -2.719876054837477852e-01 1.391369691268684150e+00
-1.563248219086261770e-01 -2.620504171221735845e-01 1.408286391469473209e+00
-1.476235793515279227e-01 -2.543095802768222669e-01 1.421913960637821717e+00
-1.412950003109054720e-01 -2.494298404883408260e-01 1.431562917283558001e+00
-1.376212494443045387e-01 -2.478799161052593902e-01 1.436772582909120466e+00
-1.365483856184059874e-01 -2.493481144152163154e-01 1.438008349725331314e+00
-1.379733667875475689e-01 -2.533016990596621554e-01 1.435939339328903053e+00
-1.418194321336985197e-01 -2.591841398713690126e-01 1.431210697382844010e+00
-1.480185057409375560e-01 -2.664241526720703135e-01 1.424455220065353522e+00
-1.564971874641152283e-01 -2.744440780559536108e-01 1.416303950142956403e+00
-1.671662289603155216e-01 -2.826679302963031049e-01 1.407395852054484919e+00
-1.799135781280538637e-01 -2.905292191699047066e-01 1.398386326720745032e+00
-1.946012325726975689e-01 -2.974784731255488701e-01 1.389954090435964851e+00
-2.110662420983366871e-01 -3.029902690367651807e-01 1.382805840485931803e+00
-2.291329852254619937e-01 -3.067237196911447583e-01 1.377479347792253783e+00
-2.486506411353683887e-01 -3.089752288206817354e-01 1.373732518036767658e+00
-2.694896104073070120e-01 -3.101899020570755283e-01 1.371113888016763482e+00
-2.915327021655773621e-01 -3.107996946202442601e-01 1.369156102491401406e+00
-3.146720048919409152e-01 -3.112194926965532460e-01 1.367374348764370140e+00
-3.388075554673743994e-01 -3.118435616907193619e-01 1.365264990242413212e+00
-3.638479038679314215e-01 -3.130423347935291645e-01 1.362304277589408308e+00
-3.897126455493129527e-01 -3.151595232571007266e-01 1.357947035329710062e+00
-4.163369723092644747e-01 -3.185095071632408903e-01 1.351625201118779707e+00
-4.436782775211209895e-01 -3.233749080292893652e-01 1.342746040313001821e+00
-4.716380385365752659e-01 -3.298842313778465041e-01 1.330904522984234895e+00
-4.997905198590224529e-01 -3.376778430506912621e-01 1.316546225316659324e+00
-5.276069000170275913e-01 -3.463197492245235765e-01 1.300361692271646774e+00
-5.545288124546701169e-01 -3.554308323633597055e-01 1.283080450560822428e+00
-5.799630185076622979e-01 -3.646921961229496745e-01 1.265471986332093124e+00
-6.032795957654393249e-01 -3.738443586977941990e-01 1.248344217364193653e+00
-6.238131277284288956e-01 -3.826816107736936701e-01 1.232539945881953258e+00
-6.408662799866782223e-01 -3.910409002189201289e-01 1.218931806467536738e+00
-6.537152092028604145e-01 -3.987847230936658605e-01 1.208416123276469634e+00
-6.616165532216378153e-01 -4.057776688900016637e-01 1.201905776046833907e+00
-6.640919549350625672e-01 -4.118992285285125732e-01 1.200034595590254050e+00
-6.617749236278269720e-01 -4.171421608787801993e-01 1.202276815604511384e+00
-6.556036558474929166e-01 -4.214899286896391928e-01 1.207788697631985819e+00
-6.465436127023842516e-01 -4.249046637261271187e-01 1.215697613232461727e+00
-6.355822904103085591e-01 -4.273534249120629624e-01 1.225107531696636443e+00
-6.237228620234827048e-01 -4.288268756881272736e-01 1.235105661768255203e+00
-6.119767744921622565e-01 -4.293498805844557786e-01 1.244770181090753880e+00
-6.013560182649690944e-01 -4.289837038047896733e-01 1.253178319673755148e+00
-5.928660722507057557e-01 -4.278197183830778627e-01 1.259413756894999459e+00
-5.875004164707462451e-01 -4.259647567412012670e-01 1.262572393371163670e+00
-5.859265976612899607e-01 -4.235420273297716420e-01 1.262054068195935130e+00
-5.875588933519360069e-01 -4.207396802066858399e-01 1.258422765800629506e+00
-5.915023209151204497e-01 -4.177461547497451910e-01 1.252529762626915399e+00
-5.968698788506507924e-01 -4.147467491300074194e-01 1.245218704270848242e+00
-6.027858835018626849e-01 -4.119381493232121549e-01 1.237322268289529958e+00
-6.083869500686276410e-01 -4.095361119754161727e-01 1.229661257681950559e+00
-6.128204618547776761e-01 -4.077765156442558769e-01 1.223046265178474812e+00
-6.152402091957913655e-01 -4.069100103865830320e-01 1.218282210902467355e+00
-6.147989039587855586e-01 -4.071904120426999008e-01 1.216176025733665789e+00
-6.106374558826344057e-01 -4.088567918218100061e-01 1.217547561168936809e+00
-6.021574601745625088e-01 -4.120259247545394743e-01 1.222987799697438760e+00
-5.898770609327037562e-01 -4.164343841138018476e-01 1.232093829956097508e+00
-5.745934185646515147e-01 -4.217189054843588636e-01 1.244212734267978959e+00
-5.571123737674756882e-01 -4.275247884126618381e-01 1.258680634180223912e+00
-5.382588773126206760e-01 -4.335244230812502764e-01 1.274812122000220427e+00
-5.188832599876693763e-01 -4.394311992975432624e-01 1.291894190545059828e+00
-4.998634264215970902e-01 -4.450083936863511447e-01 1.309184484666260140e+00
-4.821034136889634780e-01 -4.500724641702471551e-01 1.325913337386680269e+00
-4.665290754166626641e-01 -4.544901615485423818e-01 1.341288746850567648e+00
-4.540818353151454545e-01 -4.581689731783025188e-01 1.354503295000368368e+00
-4.455067759748079226e-01 -4.610867333592993944e-01 1.364870988653122730e+00
-4.407270642187981480e-01 -4.633994734728430487e-01 1.372226300821330902e+00
-4.394487789458585425e-01 -4.652771959369905730e-01 1.376546490034822767e+00
-4.413685100124951077e-01 -4.668581363035233522e-01 1.377819085594158111e+00
-4.461771134219461032e-01 -4.682528491607418353e-01 1.376037712615756803e+00
-4.535626411135424974e-01 -4.695484622721197709e-01 1.371198980966168435e+00
-4.632125921457035389e-01 -4.708129878226992027e-01 1.363300230720268402e+00
-4.748156475205158600e-01 -4.720996180877823356e-01 1.352337928733271966e+00
-4.880630512847901059e-01 -4.734509596012617116e-01 1.338306526692646159e+00
-5.026497926886062118e-01 -4.749031766824933776e-01 1.321197614028205791e+00
-5.182592071697893488e-01 -4.764510288528613913e-01 1.301133657795165988e+00
-5.345081978820420687e-01 -4.779439766081949870e-01 1.278775899550664619e+00
-5.509859722049075259e-01 -4.792244359011585964e-01 1.254929867966808388e+00
-5.672695783791059654e-01 -4.801742433588533920e-01 1.230411329762991279e+00
-5.829263679946699028e-01 -4.807171098076903348e-01 1.206043927288139805e+00
-5.975177882847617639e-01 -4.808179125985265756e-01 1.182655832462144119e+00
-6.106036956139764271e-01 -4.804786906010596326e-01 1.161076074154675730e+00
-6.217464160015477859e-01 -4.797313015448150253e-01 1.142131166992260916e+00
-6.305139467759577343e-01 -4.786267931006129572e-01 1.126642526147351830e+00
-6.364819885372314801e-01 -4.772216035998129158e-01 1.115424901976698635e+00
-6.393983010894075392e-01 -4.755772260501949233e-01 1.109013458724723122e+00
-6.396705867936951506e-01 -4.737896435397126460e-01 1.106849061912539511e+00
-6.378699225209949475e-01 -4.719367024913769804e-01 1.108100558409510050e+00
-6.345640289893950126e-01 -4.700775709716227269e-01 1.111939851116958700e+00
-6.303157286290748118e-01 -4.682668309312330024e-01 1.117543171845964523e+00
-6.256821966200334373e-01 -4.665643811976210031e-01 1.124091676711321597e+00
-6.212148150259846346e-01 -4.650412039991236313e-01 1.130771515864580579e+00
-6.174597102317527231e-01 -4.637810685314622816e-01 1.136773301886129239e+00
-6.149591833781968830e-01 -4.628782487292957271e-01 1.141290796178724420e+00
-6.142542423461687662e-01 -4.624313151592351900e-01 1.143518639779293800e+00
-6.156835010916550388e-01 -4.624927388798849570e-01 1.142925070562007761e+00
-6.187715229354662227e-01 -4.629405495040201934e-01 1.140077622098059962e+00
-6.228403934104749240e-01 -4.636075102226318023e-01 1.135817955144938551e+00
-6.272105106261269825e-01 -4.643318915558563020e-01 1.130989504713664218e+00
-6.311986091256027720e-01 -4.649629226001152915e-01 1.126439210215943731e+00
-6.341178386506198805e-01 -4.653611021287700211e-01 1.123017358882139050e+00
-6.352796920430137106e-01 -4.653933015252782468e-01 1.121575733475495440e+00
-6.339976432585583410e-01 -4.649226221057687347e-01 1.122964190074158708e+00
-6.295925969704949665e-01 -4.637930551340465612e-01 1.128025568340349949e+00
-6.214006587993470276e-01 -4.618091368704142496e-01 1.137588462007036227e+00
-6.090836030272761548e-01 -4.587711830082983333e-01 1.152099170287728569e+00
-5.935259573889748452e-01 -4.546693993181571969e-01 1.170549547832822057e+00
-5.759114722284559562e-01 -4.495787700193596415e-01 1.191574184239948764e+00
-5.574064425381060062e-01 -4.436382102447757880e-01 1.213824414428396281e+00
-5.391457791054747872e-01 -4.370686474169165336e-01 1.235981303038974133e+00
-5.222224044436423185e-01 -4.301768796029974418e-01 1.256765370084022670e+00
-5.076825524571386694e-01 -4.233462257639004633e-01 1.274940657819597867e+00
-4.965289728597648278e-01 -4.170152908992506013e-01 1.289311340130374184e+00
-4.897329631240019410e-01 -4.116460972269191387e-01 1.298710132749128832e+00
-4.882548818058474183e-01 -4.076823172427830322e-01 1.301978959174040718e+00
-4.927386655680239258e-01 -4.054019307039711251e-01 1.298351440146102931e+00
-5.025390947941250630e-01 -4.045979630355382994e-01 1.288653231792739717e+00
-5.167156379194093319e-01 -4.049044580262224358e-01 1.274083176809460483e+00
-5.343421249502444681e-01 -4.059430226382012563e-01 1.255826965517307769e+00
-5.544886033688394278e-01 -4.073628047463433433e-01 1.235074020394440808e+00
-5.762107102435676254e-01 -4.088707110338427597e-01 1.213027446390858799e+00
-5.985461194751628966e-01 -4.102517244529813034e-01 1.190907417595326478e+00
-6.205165822083813509e-01 -4.113787776694439735e-01 1.169949326611883222e+00
-6.411333299892572057e-01 -4.122115801784196343e-01 1.151398744017865461e+00
-6.594033073960954283e-01 -4.127839848678060974e-01 1.136505565407324170e+00
-6.745888107115263210e-01 -4.131921266976270601e-01 1.126153890468770236e+00
-6.869750122075739540e-01 -4.135756113180324434e-01 1.119761973491777418e+00
-6.971053706028733643e-01 -4.140316498723555227e-01 1.116378720716082462e+00
-7.055245917320522864e-01 -4.146137962621665451e-01 1.115051576119480359e+00
-7.127779705662993237e-01 -4.153469141459300573e-01 1.114827422960793513e+00
-7.194117811630746928e-01 -4.162373986093936828e-01 1.114752476993187358e+00
-7.259741113193580730e-01 -4.172786356892235204e-01 1.113871739635873936e+00
-7.330158011668963525e-01 -4.184516848310635417e-01 1.111228354222220993e+00
-7.410912353709226963e-01 -4.197211562175668931e-01 1.105863119985940557e+00
-7.507586543149527003e-01 -4.210262414572452094e-01 1.096814469505483558e+00
-7.624460011012583749e-01 -4.222556625380899931e-01 1.083385830233662084e+00
-7.760450129261871055e-01 -4.232179346806770326e-01 1.065949552409474421e+00
-7.913021722817639159e-01 -4.237073054611140144e-01 1.045154523575718919e+00
-8.079487065900226028e-01 -4.235287995587588838e-01 1.021662272063061039e+00
-8.257001091524198699e-01 -4.225069173513729126e-01 9.961473227278077047e-01
-8.442579025668646153e-01 -4.204929314083489800e-01 9.692958262836928185e-01
-8.633134897666607799e-01 -4.173705341155180548e-01 9.418025687594138162e-01
-8.825537168725148263e-01 -4.130595966772849792e-01 9.143666596189827800e-01
-9.016675899034893860e-01 -4.075178569266020290e-01 8.876863615009753516e-01
-9.203534754433668752e-01 -4.007404507575476060e-01 8.624536288137720774e-01
-9.383428809205334176e-01 -3.927947359661700943e-01 8.392373987900541010e-01
-9.554566925322571791e-01 -3.839196914453224529e-01 8.181430955805932825e-01
-9.715555316576942602e-01 -3.743949960475436711e-01 7.991437324512817852e-01
-9.865192193688727684e-01 -3.644991975712046361e-01 7.821936087918937019e-01
-1.000242538503908207e+00 -3.545079686396750418e-01 7.672314652902443299e-01
-1.012631101154365609e+00 -3.446927616545654161e-01 7.541837746290314115e-01
-1.023597481499335160e+00 -3.353198141362048190e-01 7.429680236148330508e-01
-1.033057712684316343e+00 -3.266494491900000519e-01 7.334959070875406439e-01
-1.040928192630607541e+00 -3.189356143951611600e-01 7.256764081571152047e-01
-1.047122998467213684e+00 -3.124256039948680730e-01 7.194187816704786798e-01
-1.051618838558896485e+00 -3.072921477143619740e-01 7.146141526365408225e-01
-1.054652985514290542e+00 -3.034289483983907409e-01 7.110766841705586927e-01
-1.056518927361821625e+00 -3.006534456209553063e-01 7.086111525797651467e-01
-1.057501776721908371e+00 -2.987769778398789988e-01 7.070312797228606172e-01
-1.057881045475486559e+00 -2.976070316458834242e-01 7.061565660785955600e-01
-1.057932815290284267e+00 -2.969489486110443721e-01 7.058098639699545984e-01
-1.057931344343808533e+00 -2.966071353259698284e-01 7.058156564351030227e-01
-1.058150133913299484e+00 -2.963858011367141998e-01 7.059990194516929662e-01
-1.058862466693611282e+00 -2.960892343036469754e-01 7.061852548550557884e-01
-1.060341421994939637e+00 -2.955216203364701144e-01 7.062001881582338214e-01
-1.062728606167151924e+00 -2.945444966984207547e-01 7.059359833335223655e-01
-1.065641901630961286e+00 -2.932510783873962801e-01 7.055455178250102932e-01
-1.068569199113915680e+00 -2.917936477621108082e-01 7.052451661546399464e-01
-1.070999799294135357e+00 -2.903259257607651023e-01 7.052487748947591228e-01
-1.072424351421866540e+00 -2.890023368327874209e-01 7.057676455627408529e-01
-1.072334215965263127e+00 -2.879762397903071758e-01 7.070114394616497933e-01
-1.070220273217122653e+00 -2.873971345667856170e-01 7.091899870895623792e-01
-1.065571211858937772e+00 -2.874068306870229961e-01 7.125159565266816486e-01
-1.057871346530254719e+00 -2.881345257340601762e-01 7.172082949166531662e-01
-1.046598035479485489e+00 -2.896906929917961726e-01 7.234963012314530317e-01
-1.031478509869875992e+00 -2.920973925040799557e-01 7.314980945903490905e-01
-1.013272678155619388e+00 -2.951116127209352236e-01 7.408374461618727480e-01
-9.930064380242571431e-01 -2.984462915809524830e-01 7.510036273349660618e-01
-9.717172725696618940e-01 -3.018479914998133395e-01 7.614694784794711069e-01
-9.504558777845755202e-01 -3.051040924120562714e-01 7.716889205344674707e-01
-9.302855731569223963e-01 -3.080447280799996079e-01 7.810977061795547627e-01
-9.122799798589156239e-01 -3.105390558636402787e-01 7.891166198027956824e-01
-8.975194961030181773e-01 -3.124855205035883543e-01 7.951563007207571587e-01
-8.870869937488397028e-01 -3.137959097457585500e-01 7.986230408890842014e-01
-8.820628681771776058e-01 -3.143731707245427387e-01 7.989253296929899051e-01
-8.831428362433619839e-01 -3.141272005890600738e-01 7.956876743207246250e-01
-8.895046653224127908e-01 -3.130891713560179923e-01 7.893752336733950159e-01
-8.999403628192563787e-01 -3.113027218998580814e-01 7.806720063394827491e-01
-9.132380575930785227e-01 -3.088108221348790927e-01 7.702674012473886833e-01
-9.281873076920437171e-01 -3.056787796659006240e-01 7.588492743638788340e-01
-9.435842190574650346e-01 -3.020092598071215662e-01 7.470972785223741752e-01
-9.582359235846968915e-01 -2.979493151243586269e-01 7.356770556553451357e-01
-9.709636847565654705e-01 -2.936896259462358216e-01 7.252362042797333430e-01
-9.806038956529796735e-01 -2.894563158447152063e-01 7.164030029832790802e-01
-9.860064584780428021e-01 -2.854957739597971944e-01 7.097886088662743731e-01
-9.863795433983160166e-01 -2.820314462224535745e-01 7.058017498197468598e-01
-9.823269673297208016e-01 -2.791739908343036092e-01 7.040886813900595342e-01
-9.747914060198059616e-01 -2.769821240340730739e-01 7.041195540730935676e-01
-9.647057656144557569e-01 -2.755007298759082346e-01 7.053789593814290271e-01
-9.529954530088389220e-01 -2.747749111890707141e-01 7.073628951029409251e-01
-9.405808857320190342e-01 -2.748593510374806037e-01 7.095754113067336277e-01
-9.283802317151677030e-01 -2.758231753974911271e-01 7.115249235160892027e-01
-9.173125354043270008e-01 -2.777504431281307973e-01 7.127199450535801617e-01
-9.083014620172873421e-01 -2.807363141363463654e-01 7.126638887954683810e-01
-9.022798885754514941e-01 -2.848788491385381150e-01 7.108486082875007384e-01
-8.999570690964731057e-01 -2.902095210201824926e-01 7.068798089996866096e-01
-9.011029124362144316e-01 -2.965121702415176586e-01 7.008763186783628640e-01
-9.052519845164939127e-01 -3.034978025565306936e-01 6.930835190941841972e-01
-9.119350275715394361e-01 -3.108698591390712807e-01 6.837491047754955531e-01
-9.206740107186277555e-01 -3.183315688204997329e-01 6.731296803233384196e-01
-9.309782207924897079e-01 -3.255923116368677483e-01 6.614958402615993549e-01
-9.423415802854684387e-01 -3.323729679740807796e-01 6.491355298878893620e-01
-9.542413715987931866e-01 -3.384101364468672379e-01 6.363555259517790219e-01
-9.661385049451265417e-01 -3.434590384747742142e-01 6.234809371871445904e-01
-9.774793923144979857e-01 -3.472948943322888837e-01 6.108527067428362045e-01
-9.877958290597241842e-01 -3.497788370689662862e-01 5.987800020885174490e-01
-9.970034537315024536e-01 -3.510489659391793360e-01 5.874004374931853789e-01
-1.005122842998833477e+00 -3.513097395336948203e-01 5.767991974158466206e-01
-1.012183809830366599e+00 -3.507636270739276085e-01 5.670520841429196324e-01
-1.018224466527374084e+00 -3.496106930866638152e-01 5.582269477471211161e-01
-1.023290087294515871e+00 -3.480483040841018116e-01 5.503851746210433049e-01
-1.027431836284951494e+00 -3.462709474329548343e-01 5.435831718650501188e-01
-1.030705412006658328e+00 -3.444701500779694392e-01 5.378737970084426223e-01
-1.033169643610371224e+00 -3.428344833766256983e-01 5.333076962577436575e-01
-1.034885060069049345e+00 -3.415496397076362989e-01 5.299345284966969771e-01
-1.035920250975161494e+00 -3.407556782052996169e-01 5.277641349640633806e-01
-1.036373587092953130e+00 -3.404184288585754281e-01 5.266478740079056919e-01
-1.036349024295468269e+00 -3.404585646064441917e-01 5.263988337185958599e-01
-1.035949068116541305e+00 -3.407953601266835442e-01 5.268311660001243624e-01
-1.035275559290953495e+00 -3.413474406780716564e-01 5.277594988099725271e-01
-1.034430271874226648e+00 -3.420333489841982377e-01 5.289984894783472669e-01
-1.033515322620834453e+00 -3.427719339253054720e-01 5.303625187621392456e-01
-1.032633391204081263e+00 -3.434825617038801404e-01 5.316655256844029509e-01
-1.031887751433411715e+00 -3.440851482091256131e-01 5.327209834489456952e-01
