3.832078695297242099e+00 -2.507331669330596369e-01 -2.438773363828658503e-01
3.822934912083966186e+00 -2.226505515004879032e-01 -2.614989584599919925e-01
3.815607166443949705e+00 -1.987541204739757539e-01 -2.789508442825992529e-01
3.809799691787959741e+00 -1.784105444738268986e-01 -2.961541147176595667e-01
3.805237614544378033e+00 -1.610264442770154847e-01 -3.130446973816189971e-01
3.801666954159188538e+00 -1.460483908171860135e-01 -3.295733266403975681e-01
3.798854623095981875e+00 -1.329629051846532573e-01 -3.457055436093882106e-01
3.796588426835961094e+00 -1.212964586264025646e-01 -3.614216961534588712e-01
3.794677063877932355e+00 -1.106154725460896521e-01 -3.767169388869509028e-01
3.792950125738313805e+00 -1.005263185040406598e-01 -3.916012331736795082e-01
3.791258096951125367e+00 -9.067531821725195729e-02 -4.060993471269337962e-01
3.789472355067997622e+00 -8.074874355939050397e-02 -4.202508556094766146e-01
3.787485170658167366e+00 -7.047281656079355805e-02 -4.341101402335444948e-01
3.785209707308479832e+00 -5.961370940846880129e-02 -4.477463893608485956e-01
3.782580021623390465e+00 -4.797754444609435287e-02 -4.612435981025732601e-01
3.779551063224956042e+00 -3.541039417401875555e-02 -4.747005683193767922e-01
3.776098674752843998e+00 -2.179828124926075708e-02 -4.882309086213915128e-01
3.772219591864329313e+00 -7.067178485509733460e-03 -5.019630343682235374e-01
3.767931443234297184e+00 8.816991146874553903e-03 -5.160401676689529982e-01
3.763272750555233248e+00 2.584835452086218024e-02 -5.306203373821334335e-01
3.758302928537237797e+00 4.398108835275255091e-02 -5.458763791157928980e-01
3.753102284908012898e+00 6.312941920217475522e-02 -5.619959352274325193e-01
3.747772020412871719e+00 8.316762347208758732e-02 -5.791814548240281635e-01
3.742434228814734087e+00 1.039300274087793241e-01 -5.976501937620288807e-01
3.737231896894125605e+00 1.252110071018678050e-01 -6.176342146473576822e-01
3.732328904449183860e+00 1.467649884843006958e-01 -6.393803868354120956e-01
3.727907478550870124e+00 1.683093281351064063e-01 -6.631467578019265563e-01
3.724140190289753072e+00 1.895560021783444515e-01 -6.891626381359658993e-01
3.721161951477238272e+00 2.102432952335676897e-01 -7.175886864680296462e-01
3.719067468885631556e+00 2.301386812357449074e-01 -7.485132808192894727e-01
3.717911244248128355e+00 2.490388234352612362e-01 -7.819525186015884310e-01
3.717707574258822589e+00 2.667695743979174305e-01 -8.178502166174408394e-01
3.718430550572699556e+00 2.831859760049300623e-01 -8.560779110600320596e-01
3.720014059805641260e+00 2.981722594529321313e-01 -8.964348575132193853e-01
3.722351783534423753e+00 3.116418452539722050e-01 -9.386480309515312648e-01
3.725297198296714463e+00 3.235373432355149181e-01 -9.823721257401674123e-01
3.728666394492526681e+00 3.338301241631038141e-01 -1.027193977672304026e+00
3.732269084380791302e+00 3.425156075773959641e-01 -1.072681206505963214e+00
3.735939610136422839e+00 3.496085496220049937e-01 -1.118430858595768962e+00
3.739539762771924014e+00 3.551426146630997649e-01 -1.164073828961880164e+00
3.742958782137395524e+00 3.591703752894046531e-01 -1.209274861289993730e+00
3.746113356920524939e+00 3.617633123121990479e-01 -1.253732547931339703e+00
3.748947624646598697e+00 3.630118147653181859e-01 -1.297179329902687028e+00
3.751433171678489220e+00 3.630251799051518735e-01 -1.339381496886337564e+00
3.753569033216667350e+00 3.619316132106460415e-01 -1.380139187230131848e+00
3.755381693299187251e+00 3.598782283833010798e-01 -1.419286387947442662e+00
3.756923575134753168e+00 3.570296703208924449e-01 -1.456690249663245229e+00
3.758256434751774844e+00 3.535529678152446453e-01 -1.492243551014252434e+00
3.759434754636674647e+00 3.496023862401585469e-01 -1.525857163044170628e+00
3.760504234063317242e+00 3.453180505218461094e-01 -1.557459364148117809e+00
3.761501789093017578e+00 3.408259451389313299e-01 -1.586995840072631614e+00
3.762455552574536455e+00 3.362379141224495771e-01 -1.614429683915665104e+00
3.763384874144084069e+00 3.316516610558481459e-01 -1.639741396126588091e+00
3.764300320225318242e+00 3.271507490749858138e-01 -1.662928884506187810e+00
3.765203674029342640e+00 3.228046008681328960e-01 -1.684007464206665805e+00
3.766087935554712107e+00 3.186684986759716898e-01 -1.703009857731643262e+00
3.766937834869589441e+00 3.147838899615422181e-01 -1.719985963427698161e+00
3.767735478235134217e+00 3.111817497913155761e-01 -1.735000308882509668e+00
3.768465994243569650e+00 3.078859432250110606e-01 -1.748129504316373151e+00
3.769118047105237235e+00 3.049135309884579148e-01 -1.759462011071534882e+00
3.769683836648603403e+00 3.022747694735956614e-01 -1.769098141612193587e+00
3.770159098320255975e+00 2.999731107384738249e-01 -1.777150059524498893e+00
3.770543103184905043e+00 2.980052025072519872e-01 -1.783741779516552439e+00
3.770838657925380311e+00 2.963608881701997322e-01 -1.789009167418406765e+00
3.771052104842635533e+00 2.950232067836968120e-01 -1.793099940182065311e+00
3.771193321855743630e+00 2.939683930702328696e-01 -1.796173665881484416e+00
3.771275541073597637e+00 2.931659568642606684e-01 -1.798401199245248883e+00
3.771313353080076869e+00 2.925795570180926841e-01 -1.799958472505252649e+00
3.771320711216631150e+00 2.921678753089347325e-01 -1.801020286237308587e+00
3.771310750153109570e+00 2.918846958851171736e-01 -1.801759744891131332e+00
3.771295785887759155e+00 2.916789052660959114e-01 -1.802348256790340608e+00
3.771287315747223090e+00 2.914944923424511170e-01 -1.802955534132456350e+00
3.771296018386547821e+00 2.912705483758883940e-01 -1.803749592988904915e+00
3.771331753789169738e+00 2.909412669992375577e-01 -1.804896753305010870e+00
3.771403563266932935e+00 2.904359442164541893e-01 -1.806561638900007205e+00
3.771519669460071889e+00 2.896789784026179149e-01 -1.808907177467025784e+00
3.771687443685135754e+00 2.885905681056267769e-01 -1.812093089362873721e+00
3.771913046762002342e+00 2.870943878648149483e-01 -1.816259264295493780e+00
3.772201069840910304e+00 2.851252640295735552e-01 -1.821509138011434770e+00
3.772554501750361222e+00 2.826298725610424389e-01 -1.827908181085616590e+00
3.772974728997129379e+00 2.795667390321104895e-01 -1.835483898921332013e+00
3.773461535766249320e+00 2.759062386274153122e-01 -1.844225831750246902e+00
3.774013103921032730e+00 2.716305961433442828e-01 -1.854085554632401767e+00
3.774626013003048897e+00 2.667338859880327151e-01 -1.864976677456207099e+00
3.775295240232140692e+00 2.612220321813657486e-01 -1.876774844938448483e+00
3.776014160506415696e+00 2.551128083549769054e-01 -1.889317736624282817e+00
3.776774636985059885e+00 2.484356041180811325e-01 -1.902407514997925375e+00
3.777568017497471065e+00 2.412288550860789416e-01 -1.915837754653463954e+00
3.778386130951119082e+00 2.335374729125052062e-01 -1.929420371430662584e+00
3.779221377913910995e+00 2.254126116559741211e-01 -1.942988070513967935e+00
3.780066730614197734e+00 2.169116677801798676e-01 -1.956394346432511311e+00
3.780915732940772322e+00 2.080982801538961702e-01 -1.969513483060107761e+00
3.781762500442863661e+00 1.990423300509763238e-01 -1.982240553615254974e+00
3.782601720330146300e+00 1.898199411503535272e-01 -1.994491420661135495e+00
3.783428651472735993e+00 1.805134795360405775e-01 -2.006202736105614726e+00
3.784239124401186594e+00 1.712115536971298146e-01 -2.017331941201243595e+00
3.785029573180774154e+00 1.620073790576140593e-01 -2.027857140778810408e+00
3.785797386027319522e+00 1.529807878668011101e-01 -2.037775719821244724e+00
3.786541255922108107e+00 1.441802391365193114e-01 -2.047102960041115693e+00
3.787261212485868000e+00 1.356211831865353490e-01 -2.055871914115388943e+00
3.787958621978760654e+00 1.272860616445541659e-01 -2.064133405685424805e+00
3.788636187300387093e+00 1.191243074462188106e-01 -2.071956029356978313e+00
3.789297947989789250e+00 1.110523448351108389e-01 -2.079426150700199205e+00
3.789949280225444195e+00 1.029535893627498283e-01 -2.086647906249633255e+00
3.790596896825267681e+00 9.467844788859371141e-02 -2.093743203504220940e+00
3.791248847246615927e+00 8.604431858003859512e-02 -2.100851720927297883e+00
3.791914438481317262e+00 7.683776401083904084e-02 -2.108128547996412916e+00
3.792603364898045282e+00 6.683841532662568308e-02 -2.115718225661300966e+00
3.793324838082429373e+00 5.584287647259646159e-02 -2.123728786734338847e+00
3.794087507731338516e+00 4.366689731266115010e-02 -2.132229395917858650e+00
3.794899461652870176e+00 3.014537362944109608e-02 -2.141250349804141972e+00
3.795768225766366744e+00 1.513234712426953996e-02 -2.150783076875427913e+00
3.796700764102402204e+00 -1.498994582808708433e-03 -2.160780137503905962e+00
3.797703478802788357e+00 -1.985631795303656813e-02 -2.171155223951720892e+00
3.798782210120570824e+00 -4.002814352894658312e-02 -2.181783160370970087e+00
3.799942236420034369e+00 -6.208384593435828380e-02 -2.192499902803703993e+00
3.801187916743400397e+00 -8.607202345920189623e-02 -2.203105203963634739e+00
3.802518759003608029e+00 -1.120025633059719417e-01 -2.213391926139888444e+00
3.803925488146433054e+00 -1.398287066962400349e-01 -2.223175354329482989e+00
3.805389688706952267e+00 -1.694454184088293180e-01 -2.232295861095274336e+00
3.806883804809553240e+00 -2.006893867798148212e-01 -2.240618906565962742e+00
3.808371140167919222e+00 -2.333390237025229907e-01 -2.248035038436081212e+00
3.809805858085042907e+00 -2.671144646275320778e-01 -2.254459891966008378e+00
3.811132981453221991e+00 -3.016775685626721382e-01 -2.259834189981960506e+00
3.812288392754055177e+00 -3.366319180730244498e-01 -2.264123742875993717e+00
3.813198834058450615e+00 -3.715228192809225116e-01 -2.267319448606004428e+00
3.813783149334516231e+00 -4.058425821175152270e-01 -2.269436907211710874e+00
3.813965949834468017e+00 -4.390886030899691095e-01 -2.270512180490446230e+00
3.813691279481523644e+00 -4.708214480486712095e-01 -2.270597551672951742e+00
3.812923857177811460e+00 -5.006701324387926588e-01 -2.269761139939361350e+00
3.811649076804360714e+00 -5.283321213002888372e-01 -2.268086900419199026e+00
3.809873007221108665e+00 -5.535733292678988171e-01 -2.265674624191379660e+00
3.807622392266900135e+00 -5.762281205711470289e-01 -2.262639938284211283e+00
3.804944650759478630e+00 -5.961993090343402635e-01 -2.259114305675387957e+00
3.801907876495499217e+00 -6.134581580765707809e-01 -2.255245025291999106e+00
3.798600838250518752e+00 -6.280443807117144228e-01 -2.251195232010522407e+00
3.795131424098598938e+00 -6.400636753349232544e-01 -2.247141769656371135e+00
3.791609529105890442e+00 -6.496606196560399393e-01 -2.243251794242291375e+00
3.788129943157748869e+00 -6.569915648445138201e-01 -2.239659377389314532e+00
3.784770795322835113e+00 -6.622221713863954973e-01 -2.236463379387160888e+00
3.781593553853119793e+00 -6.655274090843341650e-01 -2.233727449194232051e+00
3.778643026183881481e+00 -6.670915570575794984e-01 -2.231480024437617615e+00
3.775947358933703590e+00 -6.671082037419804323e-01 -2.229714331413089390e+00
3.773518037904480593e+00 -6.657802468899867154e-01 -2.228388385085107171e+00
3.771349888081412249e+00 -6.633198935706474675e-01 -2.227424989086814300e+00
3.769421073633006269e+00 -6.599486601696114008e-01 -2.226711735720037666e+00
3.767693633784747753e+00 -6.558948043169875453e-01 -2.226104013499894840e+00
3.766119377409022029e+00 -6.513650761917677556e-01 -2.225458090030686620e+00
3.764645777599697318e+00 -6.465164698997218906e-01 -2.224664194795744177e+00
3.763216507540695144e+00 -6.414536554257497247e-01 -2.223649526673356469e+00
3.761771440505981889e+00 -6.362289786338808373e-01 -2.222378253936768022e+00
3.760246649859570578e+00 -6.308424612672736131e-01 -2.220851514254174486e+00
3.758574409055521759e+00 -6.252418009482163530e-01 -2.219107414688727520e+00
3.756683191637945729e+00 -6.193223711781268292e-01 -2.217221031698534350e+00
3.754497671240995427e+00 -6.129272213375518419e-01 -2.215304411136654217e+00
3.751938721588876646e+00 -6.058470766861686618e-01 -2.213506568251103257e+00
3.748925315487678045e+00 -5.978241994776469781e-01 -2.212009763177863686e+00
3.745395413808057850e+00 -5.885948613704434784e-01 -2.210988531221958819e+00
3.741326854522255552e+00 -5.779318159490636209e-01 -2.210568713031966226e+00
3.736739251714039423e+00 -5.656481598757471252e-01 -2.210823730057509984e+00
3.731693995578707401e+00 -5.515973328904681949e-01 -2.211774584549259792e+00
3.726294252423088427e+00 -5.356731178109362945e-01 -2.213389859558934525e+00
3.720684964665542438e+00 -5.178096405325952611e-01 -2.215585718939298676e+00
3.715052850835959042e+00 -4.979813700286243039e-01 -2.218225907344165915e+00
3.709626405575755737e+00 -4.762031183499358944e-01 -2.221121750228394642e+00
3.704675899637883241e+00 -4.525300406251784868e-01 -2.224032153847891546e+00
3.700508566441937486e+00 -4.270570552067413095e-01 -2.226667867929402522e+00
3.697415653629580579e+00 -3.999124652104644739e-01 -2.228738375526052806e+00
3.695619474206814914e+00 -3.712515800055790072e-01 -2.229998783238763327e+00
3.695268592961380438e+00 -3.412561353441231349e-01 -2.230254084007998738e+00
3.696437826462763976e+00 -3.101342933609430030e-01 -2.229359157113769196e+00
3.699128243062183685e+00 -2.781206425736909571e-01 -2.227218768175628139e+00
3.703267162892602382e+00 -2.454761978828275681e-01 -2.223787569152672283e+00
3.708708157868722211e+00 -2.124884005716202728e-01 -2.219070098343544739e+00
3.715231051686985086e+00 -1.794711183061437065e-01 -2.213120780386430564e+00
3.722541919825574031e+00 -1.467646451352800363e-01 -2.206043926259062093e+00
3.730279941301737789e+00 -1.147319059980424355e-01 -2.197990780375276287e+00
3.738092768002389654e+00 -8.371670630413857728e-02 -2.189127038647196155e+00
3.745711894014695620e+00 -5.400198151453329543e-02 -2.179600366547409518e+00
3.752959507383414106e+00 -2.580600164877307895e-02 -2.169537446205533016e+00
3.759748490110887076e+00 7.176287150144315544e-04 -2.159043976408211662e+00
3.766082418157037370e+00 2.547997044012011852e-02 -2.148204672599115295e+00
3.772055561439381588e+00 4.845674983125358715e-02 -2.137083266878944343e+00
3.777852883833013209e+00 6.968835863454307666e-02 -2.125722508005425393e+00
3.783750043170615474e+00 8.927985403753545268e-02 -2.114144161393311627e+00
3.790113391242456053e+00 1.074009586691961754e-01 -2.102349009114385048e+00
3.797391634282957451e+00 1.242816297067642906e-01 -2.090318733786205918e+00
3.806024099277313777e+00 1.401633195582276947e-01 -2.078036641132771756e+00
3.816349000983898510e+00 1.552502369250994829e-01 -2.065508382383483887e+00
3.828595102659416938e+00 1.697049160360414588e-01 -2.052763838108002226e+00
3.842881716058908381e+00 1.836482166468615118e-01 -2.039857118216243492e+00
3.859218701435745302e+00 1.971593240405155045e-01 -2.026866561958380331e+00
3.877506467541637303e+00 2.102757490271068008e-01 -2.013894737924844414e+00
3.897535971626624018e+00 2.229933279438860161e-01 -2.001068444046322448e+00
3.918988719439084001e+00 2.352662226552516000e-01 -1.988538707593761945e+00
3.941436765225726724e+00 2.470069205527490042e-01 -1.976480785178362787e+00
3.964352281106338083e+00 2.580895362809258464e-01 -1.965091408215834390e+00
3.987212819830912025e+00 2.683861305957788157e-01 -1.954558483138199243e+00
4.009606577262985638e+00 2.778030291287389431e-01 -1.945030791684409621e+00
4.031241961663134532e+00 2.862841240810380383e-01 -1.936615236390869743e+00
4.051947593688964844e+00 2.938108742237090509e-01 -1.929376840591430664e+00
4.071672306395112351e+00 3.004023048975856258e-01 -1.923338748417392052e+00
4.090485145233251352e+00 3.061150080133029361e-01 -1.918482224797503299e+00
4.108575368052084009e+00 3.110431420512961287e-01 -1.914746655457962410e+00
4.126252445097343013e+00 3.153184320618020453e-01 -1.912029546922415335e+00
4.143946059011799576e+00 3.191101696648582231e-01 -1.910186526511957750e+00
4.162196999368611650e+00 3.226222124157354654e-01 -1.909034266114688405e+00
4.181557003927624194e+00 3.260599772825460430e-01 -1.908382643204671991e+00
4.202488600933690144e+00 3.295974344672428225e-01 -1.908066901526313197e+00
4.225356003997366550e+00 3.333741068855132217e-01 -1.907950574752379502e+00
4.250425112094915470e+00 3.374950701667797093e-01 -1.907925486483999400e+00
4.277863509568295974e+00 3.420309526541996936e-01 -1.907911750250665728e+00
4.307740466125176582e+00 3.470179354046658005e-01 -1.907857769510232560e+00
4.340026936838923710e+00 3.524577521888048182e-01 -1.907740237648915871e+00
4.374595562148610561e+00 3.583176894909794741e-01 -1.907564137981294650e+00
4.411220667859012678e+00 3.645305865092866027e-01 -1.907362743750310896e+00
4.449584854078447727e+00 3.709966719339886643e-01 -1.907196183502340991e+00
4.489351473032330730e+00 3.776037683701066183e-01 -1.907135660322463178e+00
4.530237106499702016e+00 3.842474966549156989e-01 -1.907247671151804269e+00
4.572018154625394182e+00 3.908331126013405155e-01 -1.907592572189983127e+00
4.614530835920046314e+00 3.972755069979568843e-01 -1.908224578895106216e+00
4.657671187260078227e+00 4.034992056089889978e-01 -1.909191765983767386e+00
4.701395063887715331e+00 4.094383691743126441e-01 -1.910536067431050311e+00
4.745718139410971759e+00 4.150367934094522648e-01 -1.912293276470527603e+00
4.790715905803661023e+00 4.202479090055837307e-01 -1.914493045594259257e+00
4.836523673405390689e+00 4.250347816295317327e-01 -1.917158886552795982e+00
4.883330240308077386e+00 4.293700968717773514e-01 -1.920307781967598881e+00
4.931308255607643076e+00 4.332359946745198975e-01 -1.923945913067711677e+00
4.980544582655676678e+00 4.366239037597390293e-01 -1.928064387426424053e+00
5.031033968445980165e+00 4.395345265772014343e-01 -1.932638850573697331e+00
5.082679043614540149e+00 4.419778393044594411e-01 -1.937629485996165135e+00
5.135290322439551858e+00 4.439730918468525189e-01 -1.942981015137132283e+00
5.188586202841398709e+00 4.455488078375062222e-01 -1.948622697396575898e+00
5.242192966382671848e+00 4.467427846373325795e-01 -1.954468330131143183e+00
5.295644778268149722e+00 4.476020933350299824e-01 -1.960416248654154314e+00
5.348383687344822057e+00 4.481830787470835742e-01 -1.966349326235601103e+00
5.399770209231445683e+00 4.485502370967083818e-01 -1.972137415487669632e+00
5.449199741551475462e+00 4.487638703966080334e-01 -1.977664203791763331e+00
5.496218979771505531e+00 4.488677407675112363e-01 -1.982854068865220976e+00
5.540536500532739161e+00 4.488879480957091439e-01 -1.987674520193409844e+00
5.582022761650967446e+00 4.488329300330557436e-01 -1.992136199029720611e+00
5.620710102116587059e+00 4.486934619969674132e-01 -1.996292878395571790e+00
5.656792742094587823e+00 4.484426571704228648e-01 -2.000241463080406401e+00
5.690626782924562477e+00 4.480359665019636450e-01 -2.004121989641694856e+00
5.722730207120704904e+00 4.474111787056942457e-01 -2.008117626404934963e+00
5.753782878371797693e+00 4.464884202612807718e-01 -2.012454673463647481e+00
5.784613245409438775e+00 4.451717627353433127e-01 -2.017398460654860504e+00
5.816052082529487244e+00 4.433669035620124155e-01 -2.023208224663460175e+00
5.848786228591868586e+00 4.409988470074346356e-01 -2.030091985657089815e+00
5.883345290381573278e+00 4.380135115524774192e-01 -2.038202445105153693e+00
5.920101642608640802e+00 4.343777298927306574e-01 -2.047636985778808150e+00
5.959270427908183621e+00 4.300792489385054651e-01 -2.058437671750968256e+00
6.000909556840368531e+00 4.251267298148345697e-01 -2.070591248396306039e+00
6.044919707890420213e+00 4.195497478614731435e-01 -2.084029142391250478e+00
6.091044327468627451e+00 4.133987926328971940e-01 -2.098627461713986175e+00
6.138869629910334247e+00 4.067452678983051184e-01 -2.114206995644454246e+00
6.187834456712903552e+00 3.996799816790825854e-01 -2.130536334285581646e+00
6.237338726637788433e+00 3.922965368913337580e-01 -2.147366182820773961e+00
6.286851884684365288e+00 3.846747221612073497e-01 -2.164463675414431520e+00
6.335922760950762900e+00 3.768790019199638186e-01 -2.181615494614165041e+00
6.384179570633883749e+00 3.689585164039735909e-01 -2.198627871350806728e+00
6.431329914029397798e+00 3.609470816547196148e-01 -2.215326584938404952e+00
6.477160776531747821e+00 3.528631895187944734e-01 -2.231556963074225575e+00
6.521538528634134302e+00 3.447100076479032160e-01 -2.247183881838750619e+00
6.564408925928535865e+00 3.364753794988604163e-01 -2.262091765695681378e+00
6.605797109105688847e+00 3.281318243335931140e-01 -2.276184587491933531e+00
6.645802638542916974e+00 3.196380506493751716e-01 -2.289385775568869796e+00
6.684544875148888288e+00 3.109556037959732011e-01 -2.301637191992901954e+00
6.722108361492508344e+00 3.020655135061884322e-01 -2.312898110791404616e+00
6.758537856485431483e+00 2.929698072972302114e-01 -2.323145125065714911e+00
6.793838335382077709e+00 2.836915104707140589e-01 -2.332372146991139594e+00
6.827974989779605153e+00 2.742746461126635005e-01 -2.340590407816943941e+00
6.860873227617942050e+00 2.647842350935076805e-01 -2.347828457866361962e+00
6.892418673179760091e+00 2.553062960680846372e-01 -2.354132166536590631e+00
6.922457167090492192e+00 2.459478454756374166e-01 -2.359564722298791217e+00
6.950794766318320939e+00 2.368368975398179033e-01 -2.364206632698088839e+00
6.977202918445134294e+00 2.281198652377706415e-01 -2.368154722778299526e+00
7.001475378646990322e+00 2.199329709600887361e-01 -2.371511117753903441e+00
7.023485126674565926e+00 2.123736571707698084e-01 -2.374372225682019444e+00
7.043189541124119657e+00 2.054979873763002063e-01 -2.376827735887129922e+00
7.060630399437476612e+00 1.993206461256577522e-01 -2.378960618961083018e+00
7.075933877902045310e+00 1.938149390103091618e-01 -2.380847126763088628e+00
7.089310551650807923e+00 1.889127926642126531e-01 -2.382556792419724179e+00
7.101055394662320275e+00 1.845047547638153096e-01 -2.384152430324927963e+00
7.111547779760713617e+00 1.804399940280554671e-01 -2.385690136140004025e+00
7.121251478615700847e+00 1.765263002183607710e-01 -2.387219286793621720e+00
7.130707984861246906e+00 1.725328483850200878e-01 -2.388782508899815138e+00
7.140463067891765547e+00 1.682206057881514005e-01 -2.390415331353633821e+00
7.150993326276207540e+00 1.633727389768457328e-01 -2.392145837924972263e+00
7.162699510749419574e+00 1.577973780882600263e-01 -2.393994635675973814e+00
7.175906524212117610e+00 1.513276168476191674e-01 -2.395974854961029799e+00
7.190863421730916194e+00 1.438215125682135997e-01 -2.398092149426781727e+00
7.207743410538304474e+00 1.351620861514019611e-01 -2.400344696012115975e+00
7.226643850032660410e+00 1.252573220866083359e-01 -2.402723194948172658e+00
7.247586251778246336e+00 1.140401684513252800e-01 -2.405210869758339420e+00
7.270516279505208956e+00 1.014685369111102409e-01 -2.407783467258250099e+00
7.295305783059110816e+00 8.752542126459252059e-02 -2.410409620927821184e+00
7.321775172156238298e+00 7.222020145658834822e-02 -2.413054848059060564e+00
7.349715790371639912e+00 5.558994760479232800e-02 -2.415685546945460338e+00
7.378891949166266784e+00 3.769953854929684184e-02 -2.418269360267892409e+00
7.409040927886963779e+00 1.864166185259811398e-02 -2.420775175094605380e+00
7.439872973766489039e+00 -1.463186200409267307e-03 -2.423173122881230324e+00
7.471071301923486452e+00 -2.246670060243025069e-02 -2.425434579470775454e+00
7.502292095362507851e+00 -4.419276762376612988e-02 -2.427532165093631011e+00
7.533164504974005027e+00 -6.643746481232142009e-02 -2.429439744367562604e+00
7.563290649534323506e+00 -8.896906099359583320e-02 -2.431132426297718752e+00
7.592249649558210578e+00 -1.115304283031514493e-01 -2.432586793264356118e+00
7.619641999060756454e+00 -1.338655741756092088e-01 -2.433783419852944885e+00
7.645133936857717138e+00 -1.557461730576317760e-01 -2.434709391658073763e+00
7.668461480264121555e+00 -1.769739783483645634e-01 -2.435358534262433317e+00
7.689430425094289312e+00 -1.973808223994433508e-01 -2.435731413236826626e+00
7.707916345661819157e+00 -2.168286165149870826e-01 -2.435835334140165287e+00
7.723864594779597859e+00 -2.352093509516048619e-01 -2.435684342519470302e+00
7.737290303759785992e+00 -2.524450949183891235e-01 -2.435299223909872524e+00
7.748278382413834819e+00 -2.684879965769220167e-01 -2.434707503834609987e+00
7.756983519052471188e+00 -2.833202830412695494e-01 -2.433943447805030580e+00
7.763625895001652566e+00 -2.969527431724224287e-01 -2.433047306032842361e+00
7.768444044604898124e+00 -3.094080384328338207e-01 -2.432057005322512122e+00
7.771647715470835216e+00 -3.207040138277805208e-01 -2.430999841006872497e+00
7.773413583070885480e+00 -3.308521807287325145e-01 -2.429891721673782978e+00
7.773885250739269281e+00 -3.398577168733574183e-01 -2.428737169166129917e+00
7.773173249672989726e+00 -3.477194663655154838e-01 -2.427529318581826079e+00
7.771355038931851311e+00 -3.544299396752645381e-01 -2.426249918273809314e+00
7.768475005438448378e+00 -3.599753136388557651e-01 -2.424869329850045663e+00
7.764544463978172217e+00 -3.643354314587369802e-01 -2.423346528173525805e+00
7.759541657199203968e+00 -3.674838027035502441e-01 -2.421629101362267278e+00
7.753415345527957747e+00 -3.693893873070687728e-01 -2.419654726455354954e+00
7.746124296238946272e+00 -3.700362195564853574e-01 -2.417367401739389354e+00
7.737676772524627822e+00 -3.694430320807018386e-01 -2.414733679074941186e+00
7.728134123410862699e+00 -3.676650398492643523e-01 -2.411744139562585154e+00
7.717610783756892801e+00 -3.647939401723635511e-01 -2.408413393542904402e+00
7.706274274255357604e+00 -3.609579127008341048e-01 -2.404780080596489178e+00
7.694345201432294168e+00 -3.563216194261557002e-01 -2.400906869543940836e+00
7.682097257647122035e+00 -3.510862046804514303e-01 -2.396880458445862949e+00
7.669857221092663657e+00 -3.454892951364897380e-01 -2.392811574602869307e+00
7.658004955795128410e+00 -3.398049998076826395e-01 -2.388834974555581692e+00
7.646966775826442131e+00 -3.343394349623358131e-01 -2.385106825297460542e+00
7.637142451133488663e+00 -3.293814978389601467e-01 -2.381775897416167798e+00
7.628832212987667560e+00 -3.251536401055170056e-01 -2.378954758085071841e+00
7.622230118070631555e+00 -3.218073926883090463e-01 -2.376717152226135887e+00
7.617424048474293663e+00 -3.194233657719814934e-01 -2.375098002509912654e+00
7.614395711700825409e+00 -3.180112487995213622e-01 -2.374093409355547468e+00
7.613020640662658600e+00 -3.175098104722577363e-01 -2.373660650930776939e+00
7.613068193682480000e+00 -3.177868987498618236e-01 -2.373718183151929839e+00
7.614201554493245538e+00 -3.186394408503472331e-01 -2.374145639683928888e+00
7.615977732238158993e+00 -3.197934432500690871e-01 -2.374783831940285417e+00
7.617855159002930421e+00 -3.209091324822305191e-01 -2.375437784664759633e+00
7.619277263829767222e+00 -3.216375047048756763e-01 -2.375910127792757898e+00
7.619756047600851012e+00 -3.216768758572111642e-01 -2.376034488660142774e+00
7.618879680860406012e+00 -3.207780226542216728e-01 -2.375678527700680664e+00
7.616312503814699042e+00 -3.187441825866700884e-01 -2.374743938446045810e+00
7.611795026332050185e+00 -3.154310539210973818e-01 -2.373166447525821177e+00
7.605143927942814130e+00 -3.107467956998221092e-01 -2.370915814667495347e+00
7.596252057839401495e+00 -3.046520277409420774e-01 -2.367995832696464742e+00
7.585088434876264607e+00 -2.971598306383316235e-01 -2.364444327536036283e+00
7.571698247569896623e+00 -2.883357457616446129e-01 -2.360333158207418514e+00
7.556201300557951583e+00 -2.782961535721255597e-01 -2.355766495370281710e+00
7.538774925886517764e+00 -2.671904353440137103e-01 -2.350861885531475792e+00
7.519636894475183020e+00 -2.551831350715239588e-01 -2.345731315450759968e+00
7.499043862635401680e+00 -2.424523378465260337e-01 -2.340479490747015667e+00
7.477291372070492770e+00 -2.291896698585400571e-01 -2.335203835898249203e+00
7.454713849875656884e+00 -2.156002983947413743e-01 -2.329994494241592662e+00
7.431684608537959313e+00 -2.019029318399555850e-01 -2.324934327973302572e+00
7.408615845936334487e+00 -1.883298196766634292e-01 -2.320098918148759903e+00
7.385958645341587747e+00 -1.751267524849959289e-01 -2.315556564682469620e+00
7.364202975416396235e+00 -1.625530619427392465e-01 -2.311368286348061130e+00
7.343870286499583955e+00 -1.508780199696457824e-01 -2.307587375227427184e+00
7.325432070298099951e+00 -1.403412295896361295e-01 -2.304254495685243764e+00
7.309228420002604310e+00 -1.311130159990325506e-01 -2.301392783368976236e+00
7.295460626712973351e+00 -1.232908257795588686e-01 -2.299007399666521678e+00
7.284191179438301411e+00 -1.168992268983374411e-01 -2.297085531706207107e+00
7.275343765096888404e+00 -1.118899087078915611e-01 -2.295596392356788140e+00
7.268703268516259364e+00 -1.081416819461434586e-01 -2.294491220227449446e+00
7.263915772433145790e+00 -1.054604787364160634e-01 -2.293703279667808292e+00
7.260488557493496309e+00 -1.035793525874315335e-01 -2.293147860767909219e+00
7.257790102252474007e+00 -1.021584783933123242e-01 -2.292722279358227144e+00
7.255062744567923438e+00 -1.007918012542122210e-01 -2.292307672027604326e+00
7.251561956928524566e+00 -9.908017350326557560e-02 -2.291788741320581302e+00
7.246695621781952035e+00 -9.670449173353656835e-02 -2.291073500934719398e+00
7.240036692928328854e+00 -9.343234561865018661e-02 -2.290095070738540350e+00
7.231323195520241498e+00 -8.911801791279323759e-02 -2.288811676771530301e+00
7.220458226062729246e+00 -8.370248445071300225e-02 -2.287206651244132694e+00
7.207509952413295728e+00 -7.721341414771905332e-02 -2.285288432537757153e+00
7.192711613781892943e+00 -6.976516899968103480e-02 -2.283090565204768829e+00
7.176461520730935462e+00 -6.155880408303108370e-02 -2.280671699968500832e+00
7.159323055175295103e+00 -5.288206755476133891e-02 -2.278115593723241794e+00
7.142012553604978109e+00 -4.410309094463999574e-02 -2.275529286442782961e+00
7.125266021610170419e+00 -3.560098188816203379e-02 -2.273023047035232835e+00
7.109705847712932680e+00 -2.769641649845794307e-02 -2.270690319093519705e+00
7.095828686358783166e+00 -2.064532953815492386e-02 -2.268605897769158108e+00
7.084005457916682680e+00 -1.463891441937964846e-02 -2.266825929772245285e+00
7.074481348679044324e+00 -9.803623203755809992e-03 -2.265387913371462059e+00
7.067375810861726393e+00 -6.201166602406216199e-03 -2.264310698394075949e+00
7.062682562604040371e+00 -3.828513975951101586e-03 -2.263594486225935842e+00
7.060269587968749150e+00 -2.617893334509391150e-03 -2.263220829811479540e+00
7.059879136942059930e+00 -2.436791337697847767e-03 -2.263152633653725321e+00
7.061134238707730049e+00 -3.091329072152720729e-03 -2.263335094116876167e+00
7.063610348656057525e+00 -4.363396119369700177e-03 -2.263706042898407489e+00
7.066906996138262009e+00 -6.047785009878249227e-03 -2.264206290608760774e+00
7.070654297989049653e+00 -7.955567129541339655e-03 -2.264780567109816900e+00
7.074512958526610440e+00 -9.914092719554902858e-03 -2.265377521514892134e+00
7.078174269552627962e+00 -1.176699087644837369e-02 -2.265949722188743021e+00
7.081360110352273196e+00 -1.337416955208437647e-02 -2.266453656747562828e+00
7.083822947694210725e+00 -1.461181555365888285e-02 -2.266849732058983324e+00
7.085345835830585415e+00 -1.537239454370081110e-02 -2.267102274242073889e+00
7.085742416497036622e+00 -1.556465104007268355e-02 -2.267179528667342847e+00
7.084857784547085480e+00 -1.511396832076169518e-02 -2.267053854775936017e+00
7.082578009798398355e+00 -1.396632732166990312e-02 -2.266703869061120091e+00
7.078839658779989996e+00 -1.209226549321787587e-02 -2.266116588027470513e+00
7.073630660333581233e+00 -9.487236691406573941e-03 -2.265287623002636863e+00
7.066990305613622958e+00 -6.171611177817716738e-03 -2.264221180137348188e+00
7.059009248087274813e+00 -2.190675619613307711e-03 -2.262930060405405897e+00
7.049829503534422059e+00 2.385366910462858193e-03 -2.261435659603692638e+00
7.039644450047661373e+00 7.461396934087365096e-03 -2.259767968352166090e+00
7.028698828032310608e+00 1.291737856735578234e-02 -2.257965572093858064e+00
7.017288740206403475e+00 1.860835952078350453e-02 -2.256075651094879397e+00
7.005756738616762291e+00 2.436684978425283574e-02 -2.254153174858108954e+00
6.994437784064666097e+00 3.002898607260795494e-02 -2.252252041042555053e+00
6.983605207218170463e+00 3.546069545463489958e-02 -2.250416214659281877e+00
6.973465796190393640e+00 4.056007376580827994e-02 -2.248678922577287409e+00
6.964159796539503233e+00 4.525738560828952012e-02 -2.247062653523501208e+00
6.955760911268728641e+00 4.951506435092953989e-02 -2.245579158082785298e+00
6.948276300826361940e+00 5.332771212926696452e-02 -2.244229448697935503e+00
6.941646583105749002e+00 5.672209984552886025e-02 -2.243003799669681442e+00
6.935745833445289499e+00 5.975716716862949918e-02 -2.241881747156683868e+00
6.930381584628451108e+00 6.252402253417228828e-02 -2.240832089175537334e+00
6.925298912182469735e+00 6.514410135621997999e-02 -2.239813454209511612e+00
6.920225372664265961e+00 6.774890635678243456e-02 -2.238780555904733571e+00
6.914915941946341960e+00 7.045974789530415339e-02 -2.237690447766358837e+00
6.909157100515509242e+00 7.338590218043497537e-02 -2.236503091767322093e+00
6.902766833472875341e+00 7.662461127003135364e-02 -2.235181358348333536e+00
6.895594630533857128e+00 8.026108307115556451e-02 -2.233691026417877534e+00
6.887521486028170159e+00 8.436849134007623485e-02 -2.232000783352216633e+00
6.878459898899838443e+00 8.900797568226689882e-02 -2.230082224995387552e+00
6.868353872707184671e+00 9.422864155240817663e-02 -2.227909855659204741e+00
6.857178915622837323e+00 1.000675602543862619e-01 -2.225461088123257714e+00
6.844941811740613780e+00 1.065493820907461447e-01 -2.222716557019575045e+00
6.831678105346606245e+00 1.136820808295717494e-01 -2.219663566207408678e+00
6.817449585111737598e+00 1.214526980385498139e-01 -2.216299536255600167e+00
6.802344055372477882e+00 1.298269561901458369e-01 -2.212632317863117759e+00
6.786475336130838976e+00 1.387492586616052015e-01 -2.208680191859053288e+00
6.769983263054382583e+00 1.481426897349500948e-01 -2.204471869202625722e+00
6.753033687476218461e+00 1.579090145969843650e-01 -2.200046490983178504e+00
6.735818476394993759e+00 1.679286793392901211e-01 -2.195453628420177772e+00
6.718555512474912561e+00 1.780608109582297593e-01 -2.190753282863217244e+00
6.701488694045719008e+00 1.881432173549420217e-01 -2.186015885792015556e+00
6.684885010502013003e+00 1.979945947178244348e-01 -2.181321409104286069e+00
6.669002371249351135e+00 2.074388090665990059e-01 -2.176749578146559116e+00
6.654057434315654440e+00 2.163291780490019800e-01 -2.172370084643176824e+00
6.640222681638953794e+00 2.245506784074647044e-01 -2.168241696950227393e+00
6.627626419067384589e+00 2.320199459791183194e-01 -2.164412260055542436e+00
6.616352776359184951e+00 2.386852756957903166e-01 -2.160918695578697868e+00
6.606441707182701961e+00 2.445266215840055102e-01 -2.157787001771015234e+00
6.597888989116382774e+00 2.495555967649863982e-01 -2.155032253515557272e+00
6.590646223648786162e+00 2.538154734546514413e-01 -2.152658602327133242e+00
6.584620836178571857e+00 2.573811829636179493e-01 -2.150659276352296256e+00
6.579677008069630517e+00 2.603580817798583635e-01 -2.149016382686665061e+00
6.575645929115224497e+00 2.628683786662244226e-01 -2.147698732895618523e+00
6.572336049895462828e+00 2.650375618991768767e-01 -2.146659668557617362e+00
6.569534013796870298e+00 2.669931653985148645e-01 -2.145836863589059895e+00
6.567004657012394553e+00 2.688647687273750253e-01 -2.145152324244292696e+00
6.564491008541397221e+00 2.707839970922319428e-01 -2.144512389115598161e+00
6.561714290189661014e+00 2.728845213428973127e-01 -2.143807729133202944e+00
6.558373916569384399e+00 2.753020579725211081e-01 -2.142913347565275739e+00
6.554147495099184262e+00 2.781743691175907474e-01 -2.141688580017926391e+00
6.548690826004089693e+00 2.816412625579314266e-01 -2.139977094435205895e+00
6.541643692169210489e+00 2.858424493617969242e-01 -2.137609723181058019e+00
6.532693544879574432e+00 2.908939789625434313e-01 -2.134435614644372592e+00
6.521639187572309204e+00 2.968646749707779531e-01 -2.130353383871782746e+00
6.508396565027746661e+00 3.037739930646103370e-01 -2.125313944325523341e+00
6.492998763369410398e+00 3.115920209896501092e-01 -2.119320507883434068e+00
6.475596010064020192e+00 3.202394785590103043e-01 -2.112428584838955015e+00
6.456455673921496441e+00 3.295877176533052455e-01 -2.104745983901133766e+00
6.435962265094953061e+00 3.394587222206520982e-01 -2.096432812194618300e+00
6.414617435080704588e+00 3.496251082766669294e-01 -2.087701475259660544e+00
6.393039976718258188e+00 3.598101239044702027e-01 -2.078816677052118145e+00
6.371954953674269895e+00 3.696923632794952841e-01 -2.070090666594522233e+00
6.352074124765993091e+00 3.789576209424206366e-01 -2.061830951137887613e+00
6.333976368284722547e+00 3.873507460721012929e-01 -2.054288009323516295e+00
6.318096811479760433e+00 3.946803565103783606e-01 -2.047650537834074136e+00
6.304726830558395001e+00 4.008188387620835735e-01 -2.042045451393585065e+00
6.294014050685914796e+00 4.057023479950354061e-01 -2.037537882767436859e+00
6.285962345985604216e+00 4.093308080400410720e-01 -2.034131182762375367e+00
6.280431839538747063e+00 4.117679113908951916e-01 -2.031766920226510731e+00
6.277138903384621216e+00 4.131411192043810687e-01 -2.030324882049313384e+00
6.275656158520498629e+00 4.136416613002699139e-01 -2.029623073161614499e+00
6.275422055963104206e+00 4.135203402480887025e-01 -2.029421862884137617e+00
6.275846272810538196e+00 4.130413744007789267e-01 -2.029469596659434494e+00
6.276415111593813378e+00 4.124362394877212346e-01 -2.029548209207443055e+00
6.276701082434809287e+00 4.118994722212908077e-01 -2.029477371348552328e+00
6.276362903046296182e+00 4.115886702968574173e-01 -2.029114490003604665e+00
6.275145498731919069e+00 4.116244923927859789e-01 -2.028354708193896183e+00
6.272880002386208353e+00 4.120906581704358307e-01 -2.027130905041177211e+00
6.269483754494568295e+00 4.130339482741610113e-01 -2.025413695767649624e+00
6.264960303133290331e+00 4.144642043313107593e-01 -2.023211431695969953e+00
6.259399403969543307e+00 4.163543289522285695e-01 -2.020570200249248050e+00
6.252970658310863072e+00 4.186424160783153159e-01 -2.017570753164718234e+00
6.245853530678749266e+00 4.212551851357836941e-01 -2.014294716375407912e+00
6.238167365654160967e+00 4.241314154332160857e-01 -2.010790799540257190e+00
6.229965025684335522e+00 4.272240765908945637e-01 -2.007071724140612634e+00
6.221232891082762784e+00 4.305003285408020020e-01 -2.003114223480225053e+00
6.211890860029201100e+00 4.339415215266209658e-01 -1.998859042685249721e+00
6.201792348569670210e+00 4.375431961037342665e-01 -1.994210938704245928e+00
6.190724290616448577e+00 4.413150831392251283e-01 -1.989038680308177653e+00
6.178407137948086714e+00 4.452811038118755782e-01 -1.983175048090413561e+00
6.164494860209396521e+00 4.494793696121692217e-01 -1.976416834466728112e+00
6.148583210099027418e+00 4.539607116773929918e-01 -1.968529566254867857e+00
6.130300639171703203e+00 4.587725037021839203e-01 -1.959299452329210212e+00
6.109399212694593295e+00 4.639424850173743953e-01 -1.948585330734978083e+00
6.085762874519586418e+00 4.694772899811982536e-01 -1.936323391087651835e+00
6.059407447083322573e+00 4.753624479792900592e-01 -1.922527174572979058e+00
6.030480631407159287e+00 4.815623834246851587e-01 -1.907287573946966575e+00
5.999262007097202698e+00 4.880204157578179602e-01 -1.890772833535888209e+00
5.966163032344286243e+00 4.946587594465252091e-01 -1.873228549236277241e+00
5.931727043923975984e+00 5.013785239860436560e-01 -1.854977668514930400e+00
5.896629257196568830e+00 5.080597138990109451e-01 -1.836420490408903650e+00
5.861664328508030763e+00 5.145632602577340231e-01 -1.818026966058147398e+00
5.827609547293461922e+00 5.207533664992273215e-01 -1.800252008088781608e+00
5.795088032450466109e+00 5.265198535428180504e-01 -1.783450802639656718e+00
5.764556296163357629e+00 5.317801910799411225e-01 -1.767871110776050747e+00
5.736304243903163957e+00 5.364794975741380423e-01 -1.753653268489675732e+00
5.710455174427622183e+00 5.405905402610582389e-01 -1.740830186698672177e+00
5.686965779781181674e+00 5.441137351484588436e-01 -1.729327351247611944e+00
5.665626145295003191e+00 5.470771470162043570e-01 -1.718962822907497578e+00
5.646059749586959775e+00 5.495364894162655389e-01 -1.709447237375763873e+00
5.627723464561634081e+00 5.515751246727219614e-01 -1.700383805276274973e+00
5.609920359874323026e+00 5.533021991032746056e-01 -1.691276930712468873e+00
5.591940552035045364e+00 5.548321304559111766e-01 -1.681627015351928600e+00
5.573202053512559040e+00 5.562640953455681991e-01 -1.671025262510951626e+00
5.553263577198365830e+00 5.576801644756471665e-01 -1.659162295707697465e+00
5.531824536406698911e+00 5.591453026380144298e-01 -1.645828158662180574e+00
5.508725044874528187e+00 5.607073687130001982e-01 -1.630912315296274562e+00
5.483945916761566508e+00 5.623971156693999829e-01 -1.614403649733711088e+00
5.457608666650267892e+00 5.642281905644731532e-01 -1.596390466300083855e+00
5.429975509545817758e+00 5.661971345439443803e-01 -1.577060489522840836e+00
5.401449360876145356e+00 5.682833828420024158e-01 -1.556700864131290718e+00
5.372563118124324966e+00 5.704503771680363711e-01 -1.535690516628743119e+00
5.343861753878547560e+00 5.726578024699495728e-01 -1.514416129089433127e+00
5.315784405201991802e+00 5.748738240794060150e-01 -1.493188110332831720e+00
5.288653654038548702e+00 5.770762002258735812e-01 -1.472232956621597033e+00
5.262675527212826943e+00 5.792522820366248215e-01 -1.451693251661572148e+00
5.237939496430150221e+00 5.813990135367367307e-01 -1.431627666601792193e+00
5.214418478276560798e+00 5.835229316490917473e-01 -1.412010960034473905e+00
5.191968834218808837e+00 5.856401661943763104e-01 -1.392733977995021633e+00
5.170330370604366621e+00 5.877764398910821919e-01 -1.373603653962025106e+00
5.149126338661420554e+00 5.899670683555056083e-01 -1.354343008857265884e+00
5.127872896023196070e+00 5.922560976722150983e-01 -1.334598206730865266e+00
5.106083184939259390e+00 5.946868175376056609e-01 -1.314016168374655624e+00
5.083371411569617138e+00 5.972922743047498484e-01 -1.292322185743015162e+00
5.059462307869989850e+00 6.000944085209675150e-01 -1.269326977907192733e+00
5.034191131591797763e+00 6.031040549278259277e-01 -1.244926691055298074e+00
5.007503666282167920e+00 6.063209424611388787e-01 -1.219102898492304243e+00
4.979456221283932393e+00 6.097336942509679059e-01 -1.191922600640052288e+00
4.950215631735622956e+00 6.133198276216209610e-01 -1.163538225037243246e+00
4.920059258571488847e+00 6.170457540916529648e-01 -1.134187626339451027e+00
4.889374988521478116e+00 6.208667793738663621e-01 -1.104194086319108203e+00
4.858653070359989279e+00 6.247280321329312658e-01 -1.073960714002479833e+00
4.828396314887799079e+00 6.285746801774988457e-01 -1.043908848030767444e+00
4.799030295848227823e+00 6.323621465460271818e-01 -1.014416459662063508e+00
4.770895186487290829e+00 6.360570382289748581e-01 -9.858125531219170679e-01
4.744245759553724184e+00 6.396371461688005189e-01 -9.583771656033455155e-01
4.719251387298956324e+00 6.430914452599629794e-01 -9.323413672668283692e-01
4.695996041477136451e+00 6.464200943489197826e-01 -9.078872612403169340e-01
4.674478293345109670e+00 6.496344362341299750e-01 -8.851479836192208683e-01
4.654611313662430305e+00 6.527569976660517748e-01 -8.642077034664166213e-01
4.636222872691356578e+00 6.558214893471432383e-01 -8.451016228122436580e-01
4.619059203792746260e+00 6.588709214022904215e-01 -8.278168961819227789e-01
4.602827501212212624e+00 6.619368744161645557e-01 -8.123027449761464069e-01
4.587238416539928920e+00 6.650187711175420402e-01 -7.984805715360120404e-01
4.572009921864374604e+00 6.680819920653892074e-01 -7.862448785652036420e-01
4.556867309772339780e+00 6.710578756488601027e-01 -7.754632691299963021e-01
4.541543193348922536e+00 6.738437180872987042e-01 -7.659764466592494658e-01
4.525777506177535159e+00 6.763027734302375915e-01 -7.575982149444117075e-01
4.509317502339897032e+00 6.782642535573990550e-01 -7.501154781395198423e-01
4.491917756416038188e+00 6.795233281786929869e-01 -7.432882407611983711e-01
4.473340163484299303e+00 6.798411248342192126e-01 -7.368496076886593693e-01
4.453356946778175285e+00 6.789486963538681197e-01 -7.305094616700708032e-01
4.431783741911596408e+00 6.765906629129403438e-01 -7.239949158926033412e-01
4.408512681104213904e+00 6.725688540877650112e-01 -7.170907665524758334e-01
4.383515400838249754e+00 6.667462763153042538e-01 -7.096431703613279574e-01
4.356843041858486920e+00 6.590471128931496558e-01 -7.015596445462133346e-01
4.328626249172272011e+00 6.494567239795242530e-01 -6.928090668496041937e-01
4.299075172049515281e+00 6.380216465932817549e-01 -6.834216755293892609e-01
4.268479464022702174e+00 6.248495946139097645e-01 -6.734890693588774235e-01
4.237208282886874677e+00 6.101094587815238945e-01 -6.631642076267920682e-01
4.205710290699638421e+00 5.940313066968720968e-01 -6.526614101372748555e-01
4.174506707364729508e+00 5.769017042858962663e-01 -6.422515516733032781e-01
4.144114896871282205e+00 5.590122497682249447e-01 -6.322091988944530394e-01
4.114971951148103102e+00 5.406081060193151933e-01 -6.227597455847077024e-01
4.087427742852232981e+00 5.218833214995732828e-01 -6.140746065658981845e-01
4.061744925368937942e+00 5.029808302543531395e-01 -6.062712176977034240e-01
4.038098932811730712e+00 4.839924519139627290e-01 -5.994130358776512679e-01
4.016577980022347560e+00 4.649588916936542304e-01 -5.935095390411162519e-01
3.997183062570759393e+00 4.458697403936298098e-01 -5.885162261613199330e-01
3.979827956755172647e+00 4.266634743990397882e-01 -5.843346172493326662e-01
3.964339219602027953e+00 4.072274556799878598e-01 -5.808122533540728272e-01
3.950461458019680627e+00 3.874023022208777367e-01 -5.777461159746972719e-01
3.937915290292971715e+00 3.670299634102165975e-01 -5.749202411186805639e-01
3.926455308180793580e+00 3.460017959305718427e-01 -5.721433337512175088e-01
3.915875346270794033e+00 3.242629343546580833e-01 -5.692521873380612663e-01
3.906008481979371005e+00 3.018122911453247625e-01 -5.661116838455200195e-01
3.896727035551668994e+00 2.787025566555639267e-01 -5.626147937404589738e-01
3.887942570061586611e+00 2.550401991285086156e-01 -5.586825759902991351e-01
3.879605891411769480e+00 2.309854646974304759e-01 -5.542641780630181980e-01
3.871707048333616452e+00 2.067523773857481983e-01 -5.493368359271506574e-01
3.864275332387276496e+00 1.826087391070152777e-01 -5.439058740517873636e-01
3.857376828843051442e+00 1.588716567408163527e-01 -5.380035945326187008e-01
3.851087476750550742e+00 1.358583406500462332e-01 -5.316770576479200594e-01
3.845466129288127810e+00 1.138369037100767783e-01 -5.249758625416675040e-01
3.840552104737695149e+00 9.302188855525791999e-02 -5.179510363919522797e-01
3.836365186484738121e+00 7.357426757892639169e-02 -5.106550344109842543e-01
3.832905623018304286e+00 5.560144293340179428e-02 -5.031417398450898082e-01
3.830154127931009178e+00 3.915724652999303529e-02 -4.954664639747148880e-01
3.828071879919038079e+00 2.424194003898871852e-02 -4.876859461144210095e-01
3.826600522782136249e+00 1.080221488966357640e-02 -4.798583536128881444e-01
3.825662165423622696e+00 -1.268807729724088715e-03 -4.720432818529129437e-01
3.825160622131019483e+00 -1.212897328582775158e-02 -4.643011387997789674e-01
3.824995055095349983e+00 -2.195845564490985294e-02 -4.566863753150170457e-01
3.825073616504649276e+00 -3.093111971134757457e-02 -4.492407156814590685e-01
3.825314688682665665e+00 -3.921191813947376426e-02 -4.419925422220326028e-01
3.825646884088866884e+00 -4.695689133357410644e-02 -4.349568952997636129e-01
3.826009045318434332e+00 -5.431316744789142087e-02 -4.281354733177724636e-01
3.826350245102267067e+00 -6.141896238662279683e-02 -4.215166327192764739e-01
3.826629786306981362e+00 -6.840357980392088033e-02 -4.150753879875889174e-01
3.826817201934908041e+00 -7.538741110389146627e-02 -4.087734116461211875e-01
3.826892255124098252e+00 -8.248193544059717608e-02 -4.025590342583793557e-01
3.826844939148316360e+00 -8.978971971805498054e-02 -3.963672444279665030e-01
3.826675477417043059e+00 -9.740441859023676874e-02 -3.901196887985818318e-01
3.826394323475479808e+00 -1.054107744610702779e-01 -3.837246720540207767e-01
3.826022161004537736e+00 -1.138846174844359016e-01 -3.770771569181764482e-01
3.825589903820851845e+00 -1.228928655641712830e-01 -3.700587641550370788e-01
3.825138695876767692e+00 -1.324935243540681651e-01 -3.625377725686874664e-01
3.824719911260353378e+00 -1.427356872578743885e-01 -3.543691190033084748e-01
3.824395154195387114e+00 -1.536595354292898952e-01 -3.453943983431792542e-01
3.824236259041368768e+00 -1.652963377719723903e-01 -3.354418635126732995e-01
3.824325290293510093e+00 -1.776684509395335121e-01 -3.243264254762610044e-01
3.824754542582744499e+00 -1.907893193355412742e-01 -3.118496532385084397e-01
3.825626540675719500e+00 -2.046634751135149866e-01 -2.977997738440811837e-01
3.827054039474796276e+00 -2.192865381769323885e-01 -2.819516723777376610e-01
3.829160024018058550e+00 -2.346452161792252633e-01 -2.640668919643343604e-01
