1.322187225941548139e+00 2.919390937027094068e+00 -1.767649547267442056e+00
1.188208322981120224e+00 2.410628924850353183e+00 -1.795946838574031590e+00
1.068223079560179034e+00 1.967433174707988286e+00 -1.807656590645891459e+00
9.610669683777941508e-01 1.588773288419115470e+00 -1.802247510742382763e+00
8.668627071537891027e-01 1.273150089645126659e+00 -1.781495735330412611e+00
7.865003335607976265e-01 1.018478335101193233e+00 -1.748659981271833308e+00
7.211743305865355724e-01 8.220649325794054940e-01 -1.707728864426890425e+00
6.719936249014312191e-01 6.806980270664020338e-01 -1.662754021527584225e+00
6.396720855519321125e-01 5.908330915302659747e-01 -1.617283136492227547e+00
6.242976305642310431e-01 5.488404944537420560e-01 -1.573902033927302435e+00
6.251686344891188574e-01 5.512653215297553810e-01 -1.533886799832053338e+00
6.406658599519057251e-01 5.942233444937076170e-01 -1.497289883288505763e+00
6.683699228872641562e-01 6.711026507181435674e-01 -1.464067551282605129e+00
7.057200314916813877e-01 7.749901366794021973e-01 -1.433896749848729613e+00
7.505080553628090678e-01 8.992489963412135801e-01 -1.406580107389993728e+00
8.012045402933835048e-01 1.037325575885508222e+00 -1.382581796355363934e+00
8.571597330980444962e-01 1.182630178705798896e+00 -1.363399487482654715e+00
9.186697512268863219e-01 1.328455283250162378e+00 -1.351785478766473370e+00
9.868895104471148150e-01 1.467876551118827200e+00 -1.351828768471832420e+00
1.063568485157747379e+00 1.593578940340333094e+00 -1.368907688211188134e+00
1.150579501783099090e+00 1.697562748473360195e+00 -1.409515453911539318e+00
1.248667720159999828e+00 1.771851091876722739e+00 -1.480034626923324659e+00
1.354954830396440046e+00 1.812056056499187884e+00 -1.583198511022474664e+00
1.464245167163451100e+00 1.815068581507167877e+00 -1.719910773102644175e+00
1.569963255642422784e+00 1.778506582449161710e+00 -1.890049253765233139e+00
1.664788173079586819e+00 1.701121687868485610e+00 -2.092576324680174071e+00
1.741721775802503425e+00 1.584519891874188957e+00 -2.324269735302046502e+00
1.796227868959407559e+00 1.437581842729798609e+00 -2.575639878157987894e+00
1.826833772652781462e+00 1.271904647228725649e+00 -2.836039344329706946e+00
1.835223503510513110e+00 1.099941926993881935e+00 -3.095567898536189411e+00
1.826053840041287790e+00 9.345134758673649955e-01 -3.345268896746436571e+00
1.805853223695856880e+00 7.868938160523205605e-01 -3.577663834203598903e+00
1.779687278884218848e+00 6.619502924316817971e-01 -3.787966962821573524e+00
1.750279644473025975e+00 5.622134617193056405e-01 -3.971724981926459286e+00
1.718066442519303516e+00 4.893855091940457203e-01 -4.124074600263826440e+00
1.681214503783525327e+00 4.443463592719281152e-01 -4.239720021981778331e+00
1.636491766201384257e+00 4.261442726272007264e-01 -4.314712945554805223e+00
1.582052220446188873e+00 4.293845923354732697e-01 -4.351753659421363274e+00
1.516511992260019870e+00 4.477721914439047879e-01 -4.355027562070711511e+00
1.438769230823552903e+00 4.753943040708777379e-01 -4.328469100725191865e+00
1.348278069372375043e+00 5.069526087860746211e-01 -4.275731528891647315e+00
1.245721736830615267e+00 5.381550009838058646e-01 -4.199956511683403448e+00
1.134545289252040456e+00 5.662453281424630891e-01 -4.103304101393386638e+00
1.019173170890823599e+00 5.891101311087871828e-01 -3.987712251616517989e+00
9.043288041450016079e-01 6.050234129929037419e-01 -3.855162163336951942e+00
7.949131506995043006e-01 6.126302947180847225e-01 -3.707720353346678266e+00
6.950536821443367153e-01 6.110158493388196943e-01 -3.547455051253920910e+00
6.054656626252803431e-01 5.999085938796639983e-01 -3.376128619157749533e+00
5.259403472845991523e-01 5.793665033619266325e-01 -3.195492228626725328e+00
4.561567328538406740e-01 5.497210299518074939e-01 -3.007340776471717270e+00
3.956541508731843404e-01 5.116047456701791063e-01 -2.813466321697164485e+00
3.436617417337026748e-01 4.662481099237293369e-01 -2.615591247784991857e+00
2.987231203393453383e-01 4.161583786018344111e-01 -2.415277196723333741e+00
2.593202385357010198e-01 3.639393297334359567e-01 -2.214072246872135885e+00
2.240551795194805629e-01 3.119331939146032795e-01 -2.013583295090881631e+00
1.916483299100449622e-01 2.621967391656322977e-01 -1.815499737534948643e+00
1.611258981746127583e-01 2.163661807539664639e-01 -1.621490031662875753e+00
1.323946595529635895e-01 1.752950008029872109e-01 -1.432858042548768696e+00
1.056302363973015690e-01 1.394169065718702250e-01 -1.250866382490138040e+00
8.105934035631062740e-02 1.088820743034147887e-01 -1.076833879926140103e+00
5.893777998840013521e-02 8.358421909386370974e-02 -9.121205248890215112e-01
3.958505404797710292e-02 6.318258028397855108e-02 -7.581121197050856297e-01
2.344710134630441367e-02 4.712737567318145415e-02 -6.162114297229386306e-01
1.077552949919231839e-02 3.479291243798061928e-02 -4.878442124636347965e-01
1.588809762150755756e-03 2.554437136581691470e-02 -3.744477397492171344e-01
-4.273830670476194693e-03 1.878837562210967232e-02 -2.774571563613580927e-01
-7.160409265584394278e-03 1.403085883811037299e-02 -1.980660429735581762e-01
-7.747985026142430870e-03 1.092489985481206322e-02 -1.365320862150931069e-01
-6.755168320313070102e-03 9.282194552002329818e-03 -9.285616965056664451e-02
-4.808515601993548078e-03 9.102590317180201188e-03 -6.700992995829355148e-02
-2.385301378353039264e-03 1.061036445496255608e-02 -5.893475752772749099e-02
2.305625924338451649e-04 1.428144377411002738e-02 -6.853892821701614013e-02
2.944613815723431949e-03 2.080990643599727255e-02 -9.570328062154578874e-02
5.814994542979689401e-03 3.103594485748629311e-02 -1.402867284548448001e-01
8.976890648342089607e-03 4.582174635728586409e-02 -2.021367327566080674e-01
1.257052952013692354e-02 6.591676098612361812e-02 -2.811123742035314677e-01
1.670855955082031080e-02 9.170132535691237485e-02 -3.764671296784539711e-01
2.145741056887462417e-02 1.225859624765407441e-01 -4.849533147587363757e-01
2.663502162974101806e-02 1.571063371849500401e-01 -6.028709413630716218e-01
3.175668734591920173e-02 1.930078897163352569e-01 -7.267636929321719119e-01
3.601928756443215085e-02 2.273023144646942884e-01 -8.534123003196045776e-01
3.837709392550456289e-02 2.566495622104851271e-01 -9.796951394540184266e-01
3.795200657008690470e-02 2.785668563858609836e-01 -1.102193201801899614e+00
3.395145074051725276e-02 2.912500074781181336e-01 -1.217222166306392461e+00
2.565077090283679473e-02 2.934608891543213915e-01 -1.320879370296969446e+00
1.245728611138907649e-02 2.845447719423426225e-01 -1.409076855969830566e+00
-5.807374468318915461e-03 2.648277947212503980e-01 -1.478455486750619885e+00
-2.816189213752323672e-02 2.367663670869593062e-01 -1.529047350521697268e+00
-5.309302726746828460e-02 2.033047032805889165e-01 -1.561881463294498396e+00
-7.882194224985689113e-02 1.672490718821744160e-01 -1.578204284614945108e+00
-1.033833242022053067e-01 1.311540047060498759e-01 -1.579491596607458748e+00
-1.250033217694497267e-01 9.697819643749527874e-02 -1.567409889201218709e+00
-1.430807241019613207e-01 6.531655837587291291e-02 -1.543650558040515097e+00
-1.574449103121134397e-01 3.646736634898906093e-02 -1.509752483529994027e+00
-1.680232597644996662e-01 1.081521814549946114e-02 -1.467085593264935817e+00
-1.747749073179997170e-01 -1.111598928982238110e-02 -1.416868262500508902e+00
-1.780250071499759335e-01 -2.903018869928664092e-02 -1.360540085190437454e+00
-1.795631854366324109e-01 -4.404802983373512504e-02 -1.300856364331386406e+00
-1.813754311866183633e-01 -5.753612362494048282e-02 -1.240936438995892344e+00
-1.852704621982677047e-01 -7.073043566691067374e-02 -1.183917342610616874e+00
-1.929663026038903328e-01 -8.476557438215326368e-02 -1.132913701910747140e+00
-2.059510511579099312e-01 -1.005698931888795444e-01 -1.091016790980133822e+00
-2.248560069089081959e-01 -1.185547949727686068e-01 -1.061458587516965979e+00
-2.504610351162648296e-01 -1.392109452486618992e-01 -1.047452498848302271e+00
-2.839658414666507147e-01 -1.632531600611124012e-01 -1.052132861045596224e+00
-3.269034632040257460e-01 -1.915731141168793839e-01 -1.078571951979330201e+00
-3.806953914456545074e-01 -2.251192654247873293e-01 -1.128582575517214082e+00
-4.454208057519440933e-01 -2.645984042092807687e-01 -1.199103340728560951e+00
-5.202538545584108887e-01 -3.105060526911584406e-01 -1.286136720627336860e+00
-6.035810064740837477e-01 -3.631901659711525010e-01 -1.386148016671816308e+00
-6.929161571698099209e-01 -4.229024315111820087e-01 -1.496194105899236515e+00
-7.853234340464516627e-01 -4.899668581186722438e-01 -1.613764657790802026e+00
-8.791331855702763098e-01 -5.651755657594617066e-01 -1.735799001576721956e+00
-9.732360236006712961e-01 -6.495334947250412938e-01 -1.858974272338933531e+00
-1.066844456476408354e+00 -7.442028289397732976e-01 -1.979834279388777540e+00
-1.159603026910134949e+00 -8.505412908686187379e-01 -2.094734443207843633e+00
-1.251077105007724732e+00 -9.691450058993364980e-01 -2.200321185659936507e+00
-1.339089360444953414e+00 -1.096807888021701594e+00 -2.294929167881997856e+00
-1.421612191604170405e+00 -1.229256707159627204e+00 -2.376710745025770510e+00
-1.497376475256231299e+00 -1.362081494419542516e+00 -2.443044703973537235e+00
-1.565820146688738035e+00 -1.490722614944656410e+00 -2.490568132085568820e+00
-1.626671033297920399e+00 -1.610439588165432090e+00 -2.515466445419287211e+00
-1.678816281004558819e+00 -1.716251606603536928e+00 -2.514285556751329143e+00
-1.720899126809918300e+00 -1.802968341531863583e+00 -2.483621380478809204e+00
-1.751444611113164740e+00 -1.865171684315050760e+00 -2.420088867223820994e+00
-1.768687575879263729e+00 -1.897173323751791818e+00 -2.320490752682617064e+00
-1.771173402823197796e+00 -1.894571513341124280e+00 -2.183251646727875972e+00
-1.759915616706621222e+00 -1.859049629690426642e+00 -2.012327021758817835e+00
-1.735911312220657310e+00 -1.793639679097424944e+00 -1.813547443249786673e+00
-1.699448012967990751e+00 -1.701208802396654063e+00 -1.593346758847610012e+00
-1.650250675301818459e+00 -1.584581967076982512e+00 -1.358718159695887495e+00
-1.587419780964881788e+00 -1.446710974021818918e+00 -1.117484485617019629e+00
-1.509211208569108509e+00 -1.291086343298172956e+00 -8.789811929471533780e-01
-1.414491124279684264e+00 -1.122188765231993290e+00 -6.525146922185443010e-01
-1.303265982358442043e+00 -9.455222228311367383e-01 -4.466987746369069923e-01
-1.176802171297752553e+00 -7.674823906778973637e-01 -2.692000700942943081e-01
-1.037659797002088213e+00 -5.945001684362780647e-01 -1.252512537665169678e-01
-8.894707207022849449e-01 -4.306805004997055764e-01 -1.374600755889443526e-02
-7.363240721682319245e-01 -2.790673701242694094e-01 6.868240894497928961e-02
-5.825041532703647551e-01 -1.420416870955045763e-01 1.262302373007900824e-01
-4.323280301120642211e-01 -2.123753937202592368e-02 1.637580190825387860e-01
-2.899900406782969231e-01 8.249999384983780493e-02 1.866030231378552895e-01
-1.593216357338398392e-01 1.690988296959631820e-01 2.001670474092023533e-01
-4.377093047776769996e-02 2.387727315643481951e-01 2.093182368482275346e-01
5.349433814306722712e-02 2.917662411088144392e-01 2.183302277721854145e-01
1.295094368014138853e-01 3.282227418782994732e-01 2.309350765606095757e-01
1.825948254268504323e-01 3.489689945561011974e-01 2.496895609335706978e-01
2.157443931382799218e-01 3.580967900871090959e-01 2.739845547853274055e-01
2.332036824831660304e-01 3.604019944216266258e-01 3.023506279477224945e-01
2.392869323804038828e-01 3.606068926826089260e-01 3.333032028178785633e-01
2.383256331843742748e-01 3.634413532981541906e-01 3.654204151166328685e-01
2.346263995996291651e-01 3.736556304050023258e-01 3.974043543752618368e-01
2.324520216852634658e-01 3.958908888069210263e-01 4.281843068106623296e-01
2.359743225533556532e-01 4.348194965442857551e-01 4.567679299639774149e-01
2.492882927441996688e-01 4.951929884401355397e-01 4.821823992845359896e-01
2.764717888444212512e-01 5.818169671767072781e-01 5.034661154428294871e-01
3.208403302824301973e-01 6.974662963059723442e-01 5.202561302268071675e-01
3.826164301140679291e-01 8.366811169799739378e-01 5.345486298960246963e-01
4.616512513545360519e-01 9.917382358892331551e-01 5.489366384221108230e-01
5.582790400547320564e-01 1.154610602650862461e+00 5.660097654753812879e-01
6.732526260302800214e-01 1.316891311896610350e+00 5.883096214274652347e-01
8.073926960106931894e-01 1.469880215658591283e+00 6.181245854507555482e-01
9.605629475143010465e-01 1.605205345445612330e+00 6.569453400319699155e-01
1.131869142677743634e+00 1.714633033704733300e+00 7.057239793202743083e-01
1.319718482298230633e+00 1.790070065798340382e+00 7.651196650412654954e-01
1.521753953743308685e+00 1.823724481763498773e+00 8.357247571068180392e-01
1.734103302039013972e+00 1.810499461478687566e+00 9.172831210445201444e-01
1.949387997772420889e+00 1.754916251570209251e+00 1.005840797756303528e+00
2.159453945201950553e+00 1.664701258289452257e+00 1.097323438537342266e+00
2.356370356150493617e+00 1.548558493762122401e+00 1.188645082985719137e+00
2.532600185278041316e+00 1.416054014376632697e+00 1.277574738033028012e+00
2.681236854271826786e+00 1.276960484582633226e+00 1.362664230524392339e+00
2.796385861016100094e+00 1.139373775610792006e+00 1.443163174020543060e+00
2.872709243031450033e+00 1.010460089654966920e+00 1.517578301996052703e+00
2.905211482814562096e+00 8.966846333864588736e-01 1.583222732048894077e+00
2.889142516564515706e+00 8.036700812745704026e-01 1.636192655197093337e+00
2.822405505826619976e+00 7.343189549574613562e-01 1.672787544083520483e+00
2.712918440773560924e+00 6.835428075799470093e-01 1.693924155906474160e+00
2.570943456693794982e+00 6.439969908878920846e-01 1.701943688783302155e+00
2.406619993061807961e+00 6.081509285607095139e-01 1.699472298988935037e+00
2.230050078590060103e+00 5.685072280126883815e-01 1.689366491728296449e+00
2.051462883398900594e+00 5.180904614291325094e-01 1.674345638279311155e+00
1.881470742517233008e+00 4.515790380804676207e-01 1.656329022373771664e+00
1.730874571959133412e+00 3.645158117948630316e-01 1.637004936621942353e+00
1.610605442212150074e+00 2.530048270591983561e-01 1.617933195204604324e+00
1.531711476564144858e+00 1.136800052625894786e-01 1.600486458250759192e+00
1.502143245848368336e+00 -5.441548654671352070e-02 1.584842817379702673e+00
1.517022002512287138e+00 -2.442190916292936720e-01 1.567265408228141199e+00
1.567849817753013575e+00 -4.467815325628610168e-01 1.543589879330767856e+00
1.645577485211828783e+00 -6.533646981077853022e-01 1.510456723137547197e+00
1.740573146069498423e+00 -8.555723564816886118e-01 1.465426443915610610e+00
1.842604053151714716e+00 -1.045512712305229686e+00 1.407022317907021591e+00
1.940896814262416337e+00 -1.215934890369933630e+00 1.334623705788522186e+00
2.024513244658347144e+00 -1.359925697193096417e+00 1.248216137141260340e+00
2.082504793559281975e+00 -1.470785631313617392e+00 1.148296674489332370e+00
2.104007941282358907e+00 -1.541964696441977756e+00 1.035762896666252653e+00
2.081572964279075233e+00 -1.569573833242833061e+00 9.124363253014414754e-01
2.021018399424103773e+00 -1.560048923673768906e+00 7.826476956154899689e-01
1.931850791248217902e+00 -1.522341739180371523e+00 6.505962519970088787e-01
1.823964591403220759e+00 -1.465349669476286198e+00 5.196642613380786369e-01
1.707540938869104963e+00 -1.397949019891252753e+00 3.925582951459803405e-01
1.593062770478233414e+00 -1.328944423871678326e+00 2.712398434275477555e-01
1.491445262970506391e+00 -1.266819626012387179e+00 1.565001610593124426e-01
1.413365622083665230e+00 -1.220023361652315508e+00 4.920601754584044696e-02
1.369132163897706533e+00 -1.197021940869209988e+00 -4.934234966158526636e-02
1.368798281255975580e+00 -1.206186591781083894e+00 -1.375073280657321817e-01
1.419368919790882755e+00 -1.253036639885208414e+00 -2.142379350694210982e-01
1.516074921870013359e+00 -1.332298400609696953e+00 -2.814978750363730797e-01
1.651522986258273207e+00 -1.435506613057023984e+00 -3.425491265597514490e-01
1.818698209962282597e+00 -1.553545542961010772e+00 -4.013853002084326049e-01
2.010863346394328399e+00 -1.676648495809551331e+00 -4.627064439589225198e-01
2.221001996223753050e+00 -1.795052568397323078e+00 -5.310923119493268230e-01
2.440340263975953494e+00 -1.901494063421985237e+00 -6.082996076148633469e-01
2.658944153112920539e+00 -1.990494622783927969e+00 -6.942702336620870662e-01
2.866048103288114657e+00 -2.058146248677129808e+00 -7.875735032970568872e-01
3.050219557008093219e+00 -2.102253742406591019e+00 -8.854653126563420962e-01
3.201936634071471222e+00 -2.123840708473365257e+00 -9.841731195429103130e-01
3.321018512454867455e+00 -2.131265143097318404e+00 -1.079707766163604976e+00
3.410138079743127548e+00 -2.134682319797697403e+00 -1.168434890425613881e+00
3.472470106938413625e+00 -2.144153646398728519e+00 -1.247125629679451064e+00
3.511465596929764565e+00 -2.169466816843288903e+00 -1.312837801856473030e+00
3.531069423423817799e+00 -2.218440859264085852e+00 -1.363781267591414270e+00
3.537124104030603622e+00 -2.292019066383606862e+00 -1.402510579616783604e+00
3.535731005949555250e+00 -2.389129189276778753e+00 -1.432602292684715062e+00
3.532830759693721401e+00 -2.508649681966653056e+00 -1.457516236071482396e+00
3.534346365004067625e+00 -2.649661466157794187e+00 -1.480612519389028492e+00
3.544594331211065263e+00 -2.809903058863850056e+00 -1.504359628467154764e+00
3.561408104309057965e+00 -2.980468579651554428e+00 -1.528187966364311645e+00
3.581794304605564694e+00 -3.150040554910105595e+00 -1.551796854040298435e+00
3.603733529303272842e+00 -3.306509334538751954e+00 -1.576121545273774016e+00
3.626007106402567182e+00 -3.437148127404696218e+00 -1.603140968759513285e+00
3.646947207321718842e+00 -3.530224039418070170e+00 -1.634388174221499845e+00
3.661163461003853925e+00 -3.579514113614238102e+00 -1.667009151992438376e+00
3.661527711966564347e+00 -3.580662480621017441e+00 -1.696338632667373059e+00
3.639993690722961528e+00 -3.530101439808177588e+00 -1.716804331035100883e+00
3.587703834369983191e+00 -3.425258601642426459e+00 -1.721882279397008997e+00
3.497837823530598911e+00 -3.267459435043428950e+00 -1.706186632570270589e+00
3.374127931657758150e+00 -3.069797945233743608e+00 -1.672042679561280387e+00
3.223633174822738923e+00 -2.847689756867749278e+00 -1.624083773512007500e+00
3.054367305740104399e+00 -2.615513641905952813e+00 -1.567642209789408492e+00
2.875372936093179455e+00 -2.386249047270835089e+00 -1.509015322720641539e+00
2.696831606662927427e+00 -2.170989397214075911e+00 -1.455682093849639980e+00
2.530282468399630336e+00 -1.978212846344163500e+00 -1.416504433795974904e+00
2.387671483677474171e+00 -1.814907012058108560e+00 -1.401334829274677674e+00
2.280980339070234564e+00 -1.687023229319567275e+00 -1.420848389395870770e+00
2.222069754274799802e+00 -1.599700658287344091e+00 -1.486443028470844308e+00
2.218914434727870422e+00 -1.555125164518466052e+00 -1.606601056824283669e+00
2.264623490057978472e+00 -1.546129249689294216e+00 -1.775820141345387349e+00
2.348265446778432519e+00 -1.564698595924495894e+00 -1.984436230112362809e+00
2.458609857035006563e+00 -1.604474009992062022e+00 -2.222072708234480665e+00
2.584266592983703426e+00 -1.660563356828421266e+00 -2.477685095867800058e+00
2.713885661880946376e+00 -1.729067254180073565e+00 -2.739670747672332318e+00
2.836519935640015255e+00 -1.805990697241593335e+00 -2.996123136011283883e+00
2.941627213100430183e+00 -1.887202214805804079e+00 -3.234746657387069124e+00
3.019138601001384536e+00 -1.968194243110043651e+00 -3.442885667440712893e+00
3.059567577722908105e+00 -2.043696635339796064e+00 -3.607627042020079777e+00
3.056528130135498511e+00 -2.109063865024381812e+00 -3.718850266623403122e+00
3.013812217183205355e+00 -2.165508455676003141e+00 -3.778187366644576439e+00
2.937652409150833588e+00 -2.215325735546174180e+00 -3.790395141941868218e+00
2.834172063951524212e+00 -2.260402395401020392e+00 -3.760411905570637980e+00
2.709328357844384527e+00 -2.302410937112814082e+00 -3.693312594575802077e+00
2.568997126077018134e+00 -2.342404446310530908e+00 -3.594542371380049950e+00
2.419313424680163749e+00 -2.379404236786191618e+00 -3.470782642680676489e+00
2.266189928463889114e+00 -2.412701852392900914e+00 -3.329136601852637600e+00
2.115131643116121118e+00 -2.442719285653067285e+00 -3.176775295377766373e+00
1.971218742524338818e+00 -2.471112059354764856e+00 -3.020862614186900608e+00
1.838329478206840673e+00 -2.499087661818880868e+00 -2.867546859354217048e+00
1.716914149001253387e+00 -2.522159814353174490e+00 -2.719222665699772001e+00
1.606597023082871667e+00 -2.534735321737691560e+00 -2.577674143100831650e+00
1.506952363890199598e+00 -2.531680358450879353e+00 -2.444891410621771399e+00
1.417442131903270175e+00 -2.508257996491070507e+00 -2.322791062747389113e+00
1.337003248328636262e+00 -2.460903345404831022e+00 -2.212127344537570206e+00
1.263052050001402415e+00 -2.389391176546699747e+00 -2.110017574117303951e+00
1.192658105569884164e+00 -2.293793346285181833e+00 -2.012229758321839590e+00
1.122902385773605571e+00 -2.173721263772204093e+00 -1.914046016116477178e+00
1.050883859690071809e+00 -2.028460564431132429e+00 -1.810406755551452473e+00
9.742984922851598562e-01 -1.859129705045946324e+00 -1.697014350382630044e+00
8.932690258248480175e-01 -1.674728854087888408e+00 -1.573709205931336896e+00
8.089803844711672687e-01 -1.485378450593100474e+00 -1.442596875395833811e+00
7.231917688762133922e-01 -1.300047935188615611e+00 -1.307267666668368244e+00
6.382074949911274997e-01 -1.126527570086898633e+00 -1.172663086198608262e+00
5.569196171543594476e-01 -9.712156754185087282e-01 -1.045036027930080991e+00
4.829255961602546554e-01 -8.387160511669137231e-01 -9.320135851634056001e-01
4.197882410961860100e-01 -7.336365242981297552e-01 -8.411557202085536700e-01
3.708479277010331976e-01 -6.611276516358596256e-01 -7.795684222760080884e-01
3.392406810111398552e-01 -6.269196925050618541e-01 -7.538807427538295469e-01
3.269822202204404338e-01 -6.352345993745600605e-01 -7.684663808685981978e-01
3.321399837266387767e-01 -6.825383215293840955e-01 -8.201152132222389035e-01
3.518301835755758833e-01 -7.634286873495476078e-01 -9.036372967653135690e-01
3.832793134522093914e-01 -8.724253742577965376e-01 -1.013883082300781169e+00
4.238905911554260997e-01 -1.003782108616446012e+00 -1.145913167305929070e+00
4.711784691488218324e-01 -1.151545858511765053e+00 -1.294992633305946272e+00
5.223611387006201756e-01 -1.310218361783276331e+00 -1.456142825565204468e+00
5.744390132098499135e-01 -1.474555688864628067e+00 -1.624256502682597469e+00
6.242099408765257040e-01 -1.639507462993061715e+00 -1.794141920184845418e+00
6.682266288591974801e-01 -1.800274243565622712e+00 -1.960489189845731950e+00
7.033675098819732741e-01 -1.952652381241600565e+00 -2.118336988948970934e+00
7.286357687641091818e-01 -2.093948031942919119e+00 -2.264516219906136385e+00
7.434378899281810504e-01 -2.221975577508191524e+00 -2.396175950507289709e+00
7.470257226940671957e-01 -2.334706199124972237e+00 -2.510306739726547942e+00
7.385365156721845903e-01 -2.430222977729328715e+00 -2.603761376214672296e+00
7.171074528162231232e-01 -2.506580696189293356e+00 -2.673343199253295666e+00
6.821351143221041635e-01 -2.561475335138319487e+00 -2.716044003716193700e+00
6.331534622752345021e-01 -2.592410780999656605e+00 -2.728933276115098838e+00
5.698134518743439569e-01 -2.596739431274969423e+00 -2.709128429239322955e+00
4.919256658536547699e-01 -2.571624910491542515e+00 -2.653820921998079729e+00
3.999617855509080555e-01 -2.515265199731490764e+00 -2.561626351137717084e+00
2.964490236178013993e-01 -2.430657502318766205e+00 -2.436568711673100296e+00
1.845776744896298893e-01 -2.321854939806006879e+00 -2.284107791843878577e+00
6.770148114453840293e-02 -2.192762846059057136e+00 -2.109803446926550308e+00
-5.071092832748568674e-02 -2.047202214733180536e+00 -1.919300785255203090e+00
-1.669114155737118910e-01 -1.888841651752648287e+00 -1.718486773244529253e+00
-2.764502562406874198e-01 -1.721070225221664307e+00 -1.513910969280986230e+00
-3.752072661787216323e-01 -1.547841034818065564e+00 -1.312077194285862225e+00
-4.597031554420876187e-01 -1.373847242870295693e+00 -1.119185314738962544e+00
-5.270854132015845295e-01 -1.204421662814736615e+00 -9.410936835021099789e-01
-5.757524041265297265e-01 -1.044302567467061404e+00 -7.819892028432008368e-01
-6.073013650573340083e-01 -8.942109462384205676e-01 -6.404321377179150732e-01
-6.242360891350773322e-01 -7.538306301383388419e-01 -5.133986102945924390e-01
-6.292149154006844158e-01 -6.228266165736142668e-01 -3.976356101170134272e-01
-6.250456926688637838e-01 -5.008721727176255190e-01 -2.896847594385782432e-01
-6.148014570467380535e-01 -3.876641935188821497e-01 -1.857376945492240361e-01
-6.018888445209753524e-01 -2.826729066958304504e-01 -8.137603106793690755e-02
-5.893895105847614113e-01 -1.851891367023939527e-01 2.750275886802418246e-02
-5.799919213601827384e-01 -9.445434347263931274e-02 1.444975208974072500e-01
-5.760380620695211284e-01 -9.663566706764520342e-03 2.727560483126140189e-01
-5.789506131576268588e-01 6.959051508392888330e-02 4.135171823642224131e-01
-5.873192918849582389e-01 1.421494711483541618e-01 5.615959256566500635e-01
-5.983710475547057150e-01 2.074858277259490069e-01 7.099859380949412602e-01
-6.086394496722337122e-01 2.661980867572535381e-01 8.515061257278246920e-01
-6.141678425196760438e-01 3.197003693538706393e-01 9.788990731207434237e-01
-6.110066245513670058e-01 3.692653288887451368e-01 1.084887524942069081e+00
-5.964296971722191643e-01 4.138356736435130911e-01 1.162332517026015921e+00
-5.687876042963940781e-01 4.506385763976469838e-01 1.204364487458525979e+00
-5.274110481527335414e-01 4.755216104311539849e-01 1.204434323579364419e+00
-4.726380974130562906e-01 4.830465962982574135e-01 1.156386453733398989e+00
-4.064789644352461151e-01 4.679986114197784430e-01 1.057562672607722298e+00
-3.342380486768106174e-01 4.300872980051817507e-01 9.177959694355144471e-01
-2.613996021081015364e-01 3.714070565385299005e-01 7.500021387069982781e-01
-1.924520978590677778e-01 2.956306074816320573e-01 5.669217309727134779e-01
-1.306457792830796327e-01 2.081334088259927939e-01 3.809180286637472435e-01
-7.789791259053714667e-02 1.159322997679542167e-01 2.038085732931710636e-01
-3.497466351462216044e-02 2.734233576004239941e-02 4.682070667231985617e-02
-2.023339033032353629e-03 -4.870143370894292056e-02 -7.925659251219765999e-02
2.109149701188792886e-02 -1.029764221610140751e-01 -1.639531212308452390e-01
3.448049490952403290e-02 -1.262454165642069859e-01 -1.969723970068302799e-01
3.831048212490056892e-02 -1.115619545723022521e-01 -1.712818944230675156e-01
3.364523493168845164e-02 -6.073469084309714161e-02 -9.266254798044880336e-02
2.103851783547301679e-02 2.137596897311698496e-02 3.035135604407880952e-02
2.681937556501891350e-04 1.289657024587939349e-01 1.897276019420316706e-01
-2.946649822125479296e-02 2.554486302737786207e-01 3.778410367762664590e-01
-6.926299236671190629e-02 3.937303212977650846e-01 5.872804816503103265e-01
-1.198843006979952996e-01 5.369979327869722763e-01 8.103596370116830094e-01
-1.813744631012000619e-01 6.792467530911663331e-01 1.038854663489146013e+00
-2.528860532587988708e-01 8.155532288765391380e-01 1.263936148391662240e+00
-3.325831584343278413e-01 9.422555552885119035e-01 1.476184086574619858e+00
-4.175995511704397867e-01 1.057172046495151507e+00 1.666800325266512450e+00
-5.041033070953953033e-01 1.159933554996376959e+00 1.831122357036347070e+00
-5.876795041316601464e-01 1.251043253951651391e+00 1.965457408482642165e+00
-6.635386671101887179e-01 1.331353064429975586e+00 2.066108795012920218e+00
-7.266904584755145002e-01 1.401655329366835012e+00 2.129499314564276879e+00
-7.723892439353712280e-01 1.461560529736010583e+00 2.152624636180623163e+00
-7.971849566405057042e-01 1.507057116520896356e+00 2.134274032927672593e+00
-7.985531286796776484e-01 1.532192814991926166e+00 2.074209171551361308e+00
-7.748505328178229012e-01 1.529923808684249042e+00 1.972796853321012733e+00
-7.254683820316309983e-01 1.492432210178194163e+00 1.830902214590018229e+00
-6.520918048582767801e-01 1.413749124737434526e+00 1.651826540056419823e+00
-5.618725339617578474e-01 1.297339788142038541e+00 1.447113534284367509e+00
-4.632067043550955332e-01 1.150426327225674061e+00 1.229468344864330875e+00
-3.640455838735068284e-01 9.820401874959241439e-01 1.010426144560795159e+00
-2.714389414634457154e-01 8.030009998159503004e-01 8.003478115163283890e-01
-1.911592003065422929e-01 6.258130965055040962e-01 6.084429476568220529e-01
-1.273960201826409011e-01 4.643567074402558670e-01 4.429882834200483677e-01
-8.240828770354456656e-02 3.326567360363890669e-01 3.125759349813398424e-01
-5.646008735007108925e-02 2.445130639947490359e-01 2.264267287166219500e-01
-4.789410495198424822e-02 2.134227812168827676e-01 1.943250458297831051e-01
-5.255434189658991090e-02 2.483183881688869887e-01 2.226203750064219000e-01
-6.287400700757345140e-02 3.406916377768512971e-01 3.025194324803558432e-01
-7.224240294609450552e-02 4.774036879900611652e-01 4.211357295752261032e-01
-7.615821701666347643e-02 6.452059255913795699e-01 5.651320533223384013e-01
-7.223905574713489208e-02 8.309097850860016621e-01 7.207298574393268265e-01
-6.002118197153465118e-02 1.021292124231154785e+00 8.740078211590515123e-01
-4.036531949381144679e-02 1.202432994530405974e+00 1.011833341872903969e+00
-1.521720417419020199e-02 1.359645691714324700e+00 1.122045776677931039e+00
1.260817787615289842e-02 1.477503017096255755e+00 1.193522885396505862e+00
3.967454574478856966e-02 1.539869098405718173e+00 1.216228350610286002e+00
6.238771662902489051e-02 1.534365412747265900e+00 1.184510106021008369e+00
7.835795336187775795e-02 1.465895380151237104e+00 1.106619382980497335e+00
8.649524076818465579e-02 1.344233369383572629e+00 9.936339063954996442e-01
8.669845863762057347e-02 1.179810724707140102e+00 8.557872741156045127e-01
7.965962368222333223e-02 9.837208402138276631e-01 7.023635159778971460e-01
6.673743451100994095e-02 7.677412118856420387e-01 5.415804679649323106e-01
4.982387024918420032e-02 5.442802633153377423e-01 3.806085061665772096e-01
3.079688285673077772e-02 3.257556923297794116e-01 2.265101467286933512e-01
1.136189629589393242e-02 1.244147507380904544e-01 8.655750564192742080e-02
-6.903751082116273488e-03 -4.767541116357427999e-02 -3.172734211696537354e-02
-2.270235912323004951e-02 -1.810254811112558537e-01 -1.222827304250222596e-01
-3.585001795409206021e-02 -2.759946148490274864e-01 -1.855142579761556998e-01
-4.639034265757886744e-02 -3.354181622965779486e-01 -2.234208542302482670e-01
-5.418434195967373329e-02 -3.620917132411311523e-01 -2.380791764933058441e-01
-5.880760776369010207e-02 -3.587136693688315336e-01 -2.317629252101230108e-01
-5.940172275021156356e-02 -3.278286353744899184e-01 -2.071071560146531265e-01
-5.451167380820481217e-02 -2.718012975100607131e-01 -1.673005167456506626e-01
-4.261603098592152417e-02 -1.930586944654557047e-01 -1.156832998490740644e-01
-2.248511409633750444e-02 -9.421760822809241431e-02 -5.546112063901922906e-02
6.599744584701736083e-03 2.188229412063804127e-02 1.049080621391093940e-02
4.461983107467482057e-02 1.518748044413855414e-01 7.960169599787840500e-02
9.046455650999535303e-02 2.909423865259706532e-01 1.491938556433257679e-01
1.420059297735282722e-01 4.338472434678995460e-01 2.172105651591385023e-01
1.962226882970653230e-01 5.753386225249746966e-01 2.824044617191597828e-01
2.493520539055954777e-01 7.102103123448398891e-01 3.442281384131311572e-01
2.973176039764424683e-01 8.333254106293794816e-01 4.024434554242302120e-01
3.368469294786282098e-01 9.396394908236470611e-01 4.560721708482627923e-01
3.654452596941795695e-01 1.024144536997843469e+00 5.033650444740521701e-01
3.813196050081429922e-01 1.081867847366753788e+00 5.418383285083925305e-01
3.833903459435432648e-01 1.107913318469806674e+00 5.682511728682940744e-01
3.718547705654641766e-01 1.099397441146091614e+00 5.796326897013366342e-01
3.497486622701416747e-01 1.061093596544466777e+00 5.765265620560355853e-01
3.206564417213151885e-01 9.997111812505496964e-01 5.605737706746365401e-01
2.878578425074580505e-01 9.219628882321679875e-01 5.337871705271084455e-01
2.541914365444187252e-01 8.345095449770079110e-01 4.986844176895505187e-01
2.218594247283057208e-01 7.438792806163778693e-01 4.584466677369147258e-01
1.921589932942432966e-01 6.563623350273147805e-01 4.171060637386205250e-01
1.661558472262210651e-01 5.781077735781554594e-01 3.789699966550401089e-01
1.448696022426447794e-01 5.151636854454209047e-01 3.484634900833794569e-01
1.292406752591048480e-01 4.734744783313166172e-01 3.301503729214134708e-01
1.197252202070103605e-01 4.573501700859640140e-01 3.278535781349527500e-01
1.153160948875365521e-01 4.649529754471355414e-01 3.417999891777253052e-01
1.145695438612670813e-01 4.928928589173405816e-01 3.712854862445263415e-01
1.158859116986050430e-01 5.377260600934362644e-01 4.156118101613563987e-01
1.174776020619013039e-01 5.959263774220788790e-01 4.740905135855889019e-01
1.175206802117553240e-01 6.639033658674717842e-01 5.459285388929707716e-01
1.148023699159956418e-01 7.382035618429584334e-01 6.298334988292262349e-01
1.086489155945785240e-01 8.155124706114398325e-01 7.241321864015521914e-01
9.895209555659341405e-02 8.926966666626136027e-01 8.268194005636326782e-01
8.626132969556529750e-02 9.668816067844733242e-01 9.355658307269815177e-01
7.171554212723030286e-02 1.035647178436268634e+00 1.047610123917813496e+00
5.671976473139278552e-02 1.097468573337295972e+00 1.159380486520001696e+00
4.317626891664599897e-02 1.151353507211663185e+00 1.266992580402019231e+00
3.343237920631891846e-02 1.196675066483686711e+00 1.366450293608288513e+00
3.007210242980351556e-02 1.233079103037420188e+00 1.453684490856669287e+00
3.510285259685050341e-02 1.260144225880784008e+00 1.524747123817493000e+00
4.786768872115501616e-02 1.276569103565726060e+00 1.576387409018764618e+00
6.636768399235098981e-02 1.280581340351544251e+00 1.605647652948495985e+00
8.786723842607430113e-02 1.270144788223048771e+00 1.609761984483193631e+00
1.090562023261643088e-01 1.243010211682821886e+00 1.586202450444989420e+00
1.265205998351518202e-01 1.197629802471289917e+00 1.533909193221324241e+00
1.378926040605733816e-01 1.135802976551775867e+00 1.456867814856398935e+00
1.416625294130751389e-01 1.060209459582811542e+00 1.360284063750293315e+00
1.371754744676749738e-01 9.736215349052050883e-01 1.249227986223456544e+00
1.247245790525438880e-01 8.789405642536249896e-01 1.128525681157562355e+00
1.059409013412943856e-01 7.792611931605853970e-01 1.002612428039211467e+00
8.447552599316718314e-02 6.779865195843794989e-01 8.753855538231851696e-01
6.388725231411707117e-02 5.786428841104126475e-01 7.506748726710010811e-01
4.698903114662332514e-02 4.848326523264714361e-01 6.324107161143301958e-01
3.579417403555447408e-02 4.002198039178868627e-01 5.246429036779487465e-01
3.122406467101743188e-02 3.281067058231911249e-01 4.311734942630977008e-01
3.226883284704744337e-02 2.702050826400146932e-01 3.544575221004356291e-01
3.727575376082829101e-02 2.277553999255249040e-01 2.965835887418422079e-01
4.455850581944888894e-02 2.019092356596162707e-01 2.596035749920860836e-01
5.270385717507125589e-02 1.937436908983742323e-01 2.455424691127562897e-01
6.082269003214655495e-02 2.042959166088562650e-01 2.564422037121898978e-01
6.852929515528774496e-02 2.346183243823149744e-01 2.944609276714843515e-01
7.617866113288107588e-02 2.857855318122494714e-01 3.618543566287901747e-01
8.475224679058310229e-02 3.588816135413339103e-01 4.609449815848624121e-01
9.560014187617790760e-02 4.549838593029186251e-01 5.940978466740213237e-01
1.103740724640599052e-01 5.736588020631800955e-01 7.614442938690041407e-01
1.309510026930603976e-01 7.084868945346138869e-01 9.540650926738956095e-01
1.576435003376916444e-01 8.515508386725713086e-01 1.160753511062014187e+00
1.887372834819561196e-01 9.949811397383381273e-01 1.370358252545368805e+00
2.206203134819200995e-01 1.131013705722270668e+00 1.571854198204669206e+00
2.485336934205271409e-01 1.252004041782568855e+00 1.754311888970452760e+00
2.685773101705764554e-01 1.350339443731751965e+00 1.906684662318734569e+00
2.776336326893484863e-01 1.418455318218337258e+00 2.017773591658173160e+00
2.734790513984874938e-01 1.448848847293524811e+00 2.076179063992466212e+00
2.551471751734542548e-01 1.434089331156286562e+00 2.070242501980683159e+00
2.235512325257195121e-01 1.369697982853065321e+00 1.992241895793975370e+00
1.823109589754503546e-01 1.262660960944344657e+00 1.851157361888909669e+00
1.360863259861003205e-01 1.122786029071384251e+00 1.660189220779073827e+00
8.966147010322766953e-02 9.598601613072581529e-01 1.432644194071180710e+00
4.743094420726318150e-02 7.836608569381402489e-01 1.182013741288243436e+00
1.301946877421997217e-02 6.039794309926318494e-01 9.220020550522844971e-01
-1.106498745464172540e-02 4.306167974072960258e-01 6.665388115858711382e-01
-2.428280358759486723e-02 2.730585537956347064e-01 4.299398395558140518e-01
-2.827607264803787268e-02 1.403015414597370003e-01 2.268606176578655542e-01
-2.673918372827280635e-02 4.077391759813676214e-02 7.217113682161430122e-02
-2.461889422278634026e-02 -1.999083124193040337e-02 -2.300727902979558120e-02
-2.557458091531358141e-02 -4.602811757520082481e-02 -6.294185943684185713e-02
-3.181494470694679055e-02 -4.346271589516828571e-02 -5.592185801715874455e-02
-4.422541524838340121e-02 -1.800840989261455818e-02 -1.040757050401022905e-02
-6.233347940841037216e-02 2.510943634024026538e-02 6.501870359853201276e-02
-8.442548261486793049e-02 8.113558269023996017e-02 1.616923751293279921e-01
-1.080519645821826913e-01 1.455185754320765801e-01 2.709006499111784594e-01
-1.306120225785540878e-01 2.136509918161244304e-01 3.839484059437650032e-01
-1.497152750347905681e-01 2.807055985833035172e-01 4.921911533863972954e-01
-1.634151353851580335e-01 3.415384161328345325e-01 5.870544019319132723e-01
-1.710354985483845680e-01 3.920995912691961349e-01 6.625263893344367494e-01
-1.751933833681770802e-01 4.338667009189745016e-01 7.225805124742504804e-01
-1.793453028992283149e-01 4.697809450730811021e-01 7.736955248223480464e-01
-1.869694983385722653e-01 5.028550556655377868e-01 8.223603205654458348e-01
-2.015804897422099340e-01 5.361182361308833855e-01 8.750569532127727701e-01
-2.265873547809732214e-01 5.726380025456274669e-01 9.382065820189626759e-01
-2.645878454027110749e-01 6.158941007777760657e-01 1.018054024627829346e+00
-3.179654241421162597e-01 6.694421744745389091e-01 1.120767520683735974e+00
-3.890618628592111827e-01 7.368558567387102354e-01 1.252499041627255894e+00
-4.800351141586566839e-01 8.218734981232390657e-01 1.419413955952087303e+00
-5.911218195640701722e-01 9.269951812660821577e-01 1.624564520253520605e+00
-7.157698835203857302e-01 1.048924292096932387e+00 1.858453749276538502e+00
-8.448482347213770449e-01 1.183670436567416218e+00 2.108507693683724149e+00
-9.682029990115721407e-01 1.328080004487002697e+00 2.362180111664712090e+00
-1.074907094098033644e+00 1.479523648479363462e+00 2.606841453981958878e+00
-1.154671982339148029e+00 1.634659223668607941e+00 2.829622569306259550e+00
-1.202039704783757434e+00 1.786226743659821370e+00 3.017372517698543533e+00
-1.214952393084412829e+00 1.924238985641126387e+00 3.156847751602665397e+00
-1.193955026346979365e+00 2.036800343844879180e+00 3.235007859956792409e+00
-1.141869887304204800e+00 2.110554955212328831e+00 3.239299260746718367e+00
-1.064877503025224437e+00 2.134138797043541036e+00 3.162709515593956411e+00
-9.760864460472796766e-01 2.107984239586246922e+00 3.018301472572641586e+00
-8.879384994488306315e-01 2.037370823525763264e+00 2.824226549938308573e+00
-8.098449298753210845e-01 1.929745046296380107e+00 2.598466454159203742e+00
-7.482726500313449103e-01 1.794402661170477753e+00 2.358492414590897202e+00
-7.062781187213733602e-01 1.642502387675061737e+00 2.120934848689804753e+00
-6.822739641741909500e-01 1.487655406208914455e+00 1.901374000338098558e+00
-6.756904055145833699e-01 1.342969606107078606e+00 1.715063836764950445e+00
-6.889670950018637052e-01 1.220066635986390535e+00 1.577257509429543791e+00
-7.278391353304775047e-01 1.128903573552556328e+00 1.503244357978132495e+00
-7.988104251021699298e-01 1.075034715734068502e+00 1.503218128634314255e+00
-9.004477519563349741e-01 1.052250645896018799e+00 1.567174921694486800e+00
-1.027843404784885006e+00 1.052361725589906483e+00 1.680433596897395354e+00
-1.174133426176535266e+00 1.068608610863169606e+00 1.828897681498074856e+00
-1.330261958982458470e+00 1.095958038309797100e+00 1.999209792179932776e+00
-1.485795189116381865e+00 1.130481548944776815e+00 2.178646344744135099e+00
-1.631863529705852578e+00 1.166713814766898505e+00 2.354287242978422512e+00
-1.760060803616902536e+00 1.198376243290590226e+00 2.513023366915027701e+00
-1.862159605786670058e+00 1.218674477442497794e+00 2.641591670483093957e+00
-1.930274101533463016e+00 1.220264890991503481e+00 2.726533168010744745e+00
-1.959583541275865759e+00 1.197247488674720417e+00 2.758304346407117080e+00
-1.956517174435157047e+00 1.150942962859396124e+00 2.743592081114807790e+00
-1.930292165657821357e+00 1.084592186401160729e+00 2.693004731512845584e+00
-1.889898453796020394e+00 1.001675347343015554e+00 2.617040600650427429e+00
-1.843984047011835159e+00 9.059174770307516500e-01 2.526122954801004461e+00
-1.800485065593638634e+00 8.016748493325340785e-01 2.430709283589364667e+00
-1.765826625205854317e+00 6.951338201344117174e-01 2.341638284141199566e+00
-1.746913398738244139e+00 5.921245556082372907e-01 2.269691761029709376e+00
-1.751847244107691104e+00 4.973091238713682749e-01 2.225355514935491996e+00
-1.790044722641916275e+00 4.140487774205940941e-01 2.218683597817156183e+00
-1.869232745364386217e+00 3.433185540047274387e-01 2.255662414244190561e+00
-1.985722183980519251e+00 2.813079366927249136e-01 2.327927042601953822e+00
-2.132242640904270736e+00 2.240731696419746566e-01 2.423813706674569524e+00
-2.300693599157221936e+00 1.690163560588680003e-01 2.532077495304653869e+00
-2.482113912964407199e+00 1.150070943175394156e-01 2.642042558871746216e+00
-2.666681495804199997e+00 6.198280457221971851e-02 2.743769760593277596e+00
-2.843634432290822467e+00 9.474938746669492318e-03 2.828272099255535466e+00
-3.001363315963013978e+00 -4.274359243336123271e-02 2.887460587213181995e+00
-3.127555203211053403e+00 -9.451399617940969833e-02 2.914102472007787270e+00
-3.209344699484500296e+00 -1.454691175102302836e-01 2.901750765863295278e+00
-3.236522438032282345e+00 -1.946739595747248863e-01 2.847122141877238555e+00
-3.211143153060886046e+00 -2.394211406396238306e-01 2.757103348337219373e+00
-3.139032255543984018e+00 -2.771346448299103482e-01 2.640440631626401302e+00
-3.026755971504793141e+00 -3.057940374193055533e-01 2.505072156964733843e+00
-2.881522663423051078e+00 -3.237906156875602903e-01 2.358116205881453542e+00
-2.711277236287033432e+00 -3.298100614816001919e-01 2.205654395548704017e+00
-2.525081789637696250e+00 -3.227500154026725632e-01 2.052195676553460135e+00
-2.332180947127453940e+00 -3.015792616763894873e-01 1.901838903963202432e+00
-2.141676906222768295e+00 -2.652427997523598702e-01 1.758736930584579472e+00
-1.962473764326422732e+00 -2.126019159061660613e-01 1.627225124198566908e+00
-1.802349421524958029e+00 -1.432349913089818738e-01 1.510644183370088545e+00
-1.665246243878346633e+00 -5.993876366719352866e-02 1.407608627455232853e+00
-1.554035573888080890e+00 3.377002608154311414e-02 1.315739238099652653e+00
-1.471483778626179850e+00 1.344716352847020735e-01 1.232844853555829179e+00
-1.420295551229219022e+00 2.388206735315301366e-01 1.156827757796269340e+00
-1.402992953421871913e+00 3.436214046242387354e-01 1.085724253553857377e+00
-1.421530710902810357e+00 4.460738188744662880e-01 1.018009394552843894e+00
-1.477798501420139576e+00 5.434262835852955442e-01 9.520634529509233168e-01
-1.573764350611581042e+00 6.328995079891952535e-01 8.861560130392234225e-01
-1.711480120551348572e+00 7.117140145680904695e-01 8.186419763473979927e-01
-1.890749164759241818e+00 7.777934149525009833e-01 7.485137558581305139e-01
-2.102084473208396531e+00 8.318034417203015174e-01 6.766037201063779261e-01
-2.333795005408931811e+00 8.750624833490204812e-01 6.047243286711434518e-01
-2.574338379040895575e+00 9.088365758354669532e-01 5.352778181702979587e-01
-2.812297600378984797e+00 9.343174776754442634e-01 4.710766417137789985e-01
-3.036478352673420922e+00 9.523795109108131873e-01 4.145534110744030776e-01
-3.236198168399122554e+00 9.628621968670415532e-01 3.655272818420128300e-01
-3.400749939820119305e+00 9.651084551578602566e-01 3.218597033450470990e-01
-3.519311740536792410e+00 9.581454879290645099e-01 2.798407789125924028e-01
-3.581004967816441287e+00 9.407202232761538996e-01 2.343468980389418199e-01
-3.578733564552681656e+00 9.114724314775120018e-01 1.796881673408816660e-01
-3.520541630748258211e+00 8.694393258278203529e-01 1.120670250230416665e-01
-3.417877316779331487e+00 8.143482343829459014e-01 2.921902032654910553e-02
-3.281588696334363231e+00 7.467202323987708334e-01 -6.986743983164772631e-02
-3.121794885142369580e+00 6.679193319493323955e-01 -1.850090580396063222e-01
-2.947853576136488130e+00 5.803185830552597402e-01 -3.143065706931479908e-01
-2.768865861587354704e+00 4.873987546948919114e-01 -4.525616893001568330e-01
-2.594373860409004529e+00 3.922744055891969062e-01 -5.942501808272465658e-01
-2.434587869537425675e+00 2.971663955184630224e-01 -7.346114808278705333e-01
-2.300460178903882102e+00 2.032776219962461606e-01 -8.698310276504223060e-01
-2.200610550104725061e+00 1.108609328342826661e-01 -9.971141174737299107e-01
-2.132073766188249841e+00 1.971738269504411112e-02 -1.114355488228170321e+00
-2.089392329548462435e+00 -7.055997674018413268e-02 -1.219214220068408405e+00
-2.067581614625455089e+00 -1.604609361474239326e-01 -1.308795942726545425e+00
-2.062002183259118215e+00 -2.504043860178270520e-01 -1.379554151765396197e+00
-2.067816052382778658e+00 -3.404218752320678498e-01 -1.427855300099161617e+00
-2.078542646218228374e+00 -4.294888577843019584e-01 -1.451965776076200809e+00
-2.086843590910967716e+00 -5.158924699866831443e-01 -1.450893271119458650e+00
-2.084914922718919872e+00 -5.975342081644925418e-01 -1.424086436109011977e+00
-2.064583014792165550e+00 -6.721026667555538570e-01 -1.371572736912375134e+00
-2.019306668004581251e+00 -7.374798276447472878e-01 -1.294870879695809718e+00
-1.950015401755708977e+00 -7.926962365538949840e-01 -1.199399614494768951e+00
-1.859716772690757081e+00 -8.374016234000418724e-01 -1.091434161389543966e+00
-1.751745798971654278e+00 -8.716516008549843875e-01 -9.769976197209722102e-01
-1.629824502595274893e+00 -8.958718611424389966e-01 -8.616999153944164824e-01
-1.498205988981805570e+00 -9.108417398699073519e-01 -7.502796318665980735e-01
-1.361956159509044584e+00 -9.176743488607592703e-01 -6.456127920283697419e-01
-1.226317202023565089e+00 -9.173962429033598598e-01 -5.500000191916911696e-01
-1.096496212246629520e+00 -9.108507013112859818e-01 -4.656577435629941641e-01
-9.776271433481735773e-01 -8.987058910677411250e-01 -3.948191450100802524e-01
-8.738627265296092794e-01 -8.816239176355871177e-01 -3.390428053886491711e-01
-7.857120878177086265e-01 -8.607544594323208731e-01 -2.969659543943165558e-01
-7.126728645977971066e-01 -8.373688813054230851e-01 -2.666628513683993451e-01
-6.541257442326203764e-01 -8.127565489041548297e-01 -2.464173743391050997e-01
-6.093505582810169185e-01 -7.882513431876787546e-01 -2.347081988775119865e-01
-5.775347881438603892e-01 -7.652277829309221957e-01 -2.302655384236345637e-01
-5.577696908799409936e-01 -7.450469024793517914e-01 -2.322628800342066979e-01
-5.490895250514777892e-01 -7.291007252486997325e-01 -2.399906062243010174e-01
-5.504960539053105339e-01 -7.188054161193679903e-01 -2.527364695674978456e-01
-5.609767866430388494e-01 -7.155780483400442371e-01 -2.697607203844653023e-01
-5.795239064660235861e-01 -7.208177867009066819e-01 -2.902770386838748329e-01
-6.051535084130209574e-01 -7.358911360168116644e-01 -3.134395921659910988e-01
-6.369247178833175038e-01 -7.621210057956575579e-01 -3.383363396984034321e-01
-6.739582508710701969e-01 -8.007794163500251416e-01 -3.639885253335156112e-01
-7.154540094243778681e-01 -8.530837177409865690e-01 -3.893561616343642617e-01
-7.606561886476661538e-01 -9.202308994803202191e-01 -4.133661648903652619e-01
-8.086826387367072044e-01 -1.003521508921167982e+00 -4.349854560152381366e-01
-8.586223395499882338e-01 -1.104292346846657447e+00 -4.531964489020913756e-01
-9.095615690274057030e-01 -1.223894684502093710e+00 -4.669940808414533295e-01
-9.605637855955015958e-01 -1.363701325102551598e+00 -4.753970055894313207e-01
-1.010647986412589239e+00 -1.525111867993357517e+00 -4.774578270460738683e-01
-1.058765480175126728e+00 -1.709556189980880880e+00 -4.722724039345941316e-01
-1.103774949453801835e+00 -1.918496057956878831e+00 -4.589881954893982874e-01
-1.144415629672814072e+00 -2.153424678311867346e+00 -4.368115469242804805e-01
