-1.015561411738287623e+00 3.039680496800128751e+00 -1.767649547267442056e+00
-8.184728910307609295e-01 2.588063915320336861e+00 -1.755113436782748559e+00
-6.520056801265556867e-01 2.201777779643697031e+00 -1.733949075521566074e+00
-5.140704772649266063e-01 1.876827074103166293e+00 -1.705637138431280286e+00
-4.025779806851290110e-01 1.609216783031707898e+00 -1.671658300459277990e+00
-3.154388886264180014e-01 1.394951890762281099e+00 -1.633493236552945982e+00
-2.505638993280481785e-01 1.230037381627844262e+00 -1.592622621659668836e+00
-2.058637110292747541e-01 1.110478239961359082e+00 -1.550527130726834457e+00
-1.792490219693527453e-01 1.032279450095784590e+00 -1.508687438701828087e+00
-1.686305303875372252e-01 9.914459963640815943e-01 -1.468584220532037188e+00
-1.719189345230832111e-01 9.839828630992095704e-01 -1.431698151164847221e+00
-1.870249326152458591e-01 1.005895034634128882e+00 -1.399509905547644317e+00
-2.118592229032796315e-01 1.053187495301798782e+00 -1.373500158627814605e+00
-2.443325036264401007e-01 1.121865229435179856e+00 -1.355149585352744879e+00
-2.823554730239822841e-01 1.207933221367232246e+00 -1.345938860669821269e+00
-3.238388293351606162e-01 1.307396455430915205e+00 -1.347348659526430126e+00
-3.666932707992306972e-01 1.416259915959189541e+00 -1.360859656869957135e+00
-4.088294956554474613e-01 1.530528587285015396e+00 -1.387952527647789314e+00
-4.481582021430656759e-01 1.646207453741351578e+00 -1.430107946807313013e+00
-4.825900885013405528e-01 1.759301499661159118e+00 -1.488806589295913696e+00
-5.100358529695271370e-01 1.865815709377398379e+00 -1.565529130060978602e+00
-5.284061937868802517e-01 1.961755067223027948e+00 -1.661756244049892750e+00
-5.356118091926550528e-01 2.043124557531009078e+00 -1.778968606210043601e+00
-5.295633974261062527e-01 2.105929164634300577e+00 -1.918646891488816619e+00
-5.081716567264893403e-01 2.146173872865863252e+00 -2.082271774833598155e+00
-4.693472853330591943e-01 2.159863666558657691e+00 -2.271323931191775447e+00
-4.120192801542091332e-01 2.144155852004770768e+00 -2.485832582774946786e+00
-3.391898418791974290e-01 2.100817033635379527e+00 -2.720021127874554967e+00
-2.548794744185807759e-01 2.032766142992080471e+00 -2.966661505557738554e+00
-1.631086816829160346e-01 1.942922111616468550e+00 -3.218525654891637444e+00
-6.789796758275870592e-02 1.834203871050140711e+00 -3.468385514943395531e+00
2.673216397133383257e-02 1.709530352834693900e+00 -3.709013024780150047e+00
1.167612090688053411e-01 1.571820488511723291e+00 -3.933180123469043554e+00
1.981686637990991151e-01 1.423993209622824940e+00 -4.133658750077215949e+00
2.669340242516585748e-01 1.268967447709596463e+00 -4.303220843671806684e+00
3.190367865159268734e-01 1.109662134313633919e+00 -4.434638343319956100e+00
3.515840082686209622e-01 9.488248498884550575e-01 -4.522452004592203423e+00
3.661930056329883998e-01 7.885177686968714017e-01 -4.568277868050042656e+00
3.656086623682781589e-01 6.306317129944152278e-01 -4.575500800247061406e+00
3.525758622337390458e-01 4.770575050366183678e-01 -4.547505667736846391e+00
3.298394889886198666e-01 3.296859670790129870e-01 -4.487677337072988770e+00
3.001444263921694833e-01 1.904079213771319445e-01 -4.399400674809075262e+00
2.662355582036366464e-01 6.111419018650601775e-02 -4.286060547498693474e+00
2.308577681822701066e-01 -5.630440423733215627e-02 -4.151041821695431011e+00
1.967559400873189202e-01 -1.599570396388503846e-01 -3.997729363952878590e+00
1.666749576780316711e-01 -2.479528937625163632e-01 -3.829508040824619819e+00
1.427558377511441989e-01 -3.189519550293962169e-01 -3.649488697207253107e+00
1.247241270937417684e-01 -3.738174565367999302e-01 -3.459686090389417323e+00
1.117015044505971916e-01 -4.139634430435640278e-01 -3.261840955512770091e+00
1.028096485664833359e-01 -4.408039593085238406e-01 -3.057694027718967700e+00
9.717023818617316622e-02 -4.557530500905150328e-01 -2.848986042149669995e+00
9.390495205443950832e-02 -4.602247601483730466e-01 -2.637457733946530158e+00
9.213546891605525757e-02 -4.556331342409337126e-01 -2.424849838251208478e+00
9.098346751579329539e-02 -4.433922171270327506e-01 -2.212903090205361689e+00
8.957062659842646157e-02 -4.249160535655057136e-01 -2.003358224950646527e+00
8.701862490872770695e-02 -4.016186883151883213e-01 -1.797955977628720392e+00
8.265445430177940922e-02 -3.747918980105416908e-01 -1.598344479887999325e+00
7.662636201093514510e-02 -3.452383850394674103e-01 -1.405801448079231131e+00
6.928790984837693290e-02 -3.136385827909582424e-01 -1.221511994397560752e+00
6.099265962628688809e-02 -2.806729246540082823e-01 -1.046661231038140683e+00
5.209417315684716082e-02 -2.470218440176113195e-01 -8.824342701961206403e-01
4.294601225223983881e-02 -2.133657742707608662e-01 -7.300162240666503433e-01
3.390173872464703059e-02 -1.803851488024507677e-01 -5.905922048448798423e-01
2.531491438625084120e-02 -1.487604010016745082e-01 -4.653473247259586332e-01
1.753910104923340693e-02 -1.191719642574259330e-01 -3.554666959050371000e-01
1.092786052577681202e-02 -9.230027195869866530e-02 -2.621354305772646831e-01
5.762183262437767413e-03 -6.879397913439659618e-02 -1.863128538740559947e-01
2.032773724200027509e-03 -4.917462714576762567e-02 -1.280551410569273629e-01
-3.422352491139358925e-04 -3.393197888032144921e-02 -8.719267951618114854e-02
-1.444710817681654682e-03 -2.355579722556780387e-02 -6.355585664211957364e-02
-1.356520141680691866e-03 -1.853584506901612486e-02 -5.697505982504434685e-02
-1.595303812885625304e-04 -1.936188529817621864e-02 -6.728067645525795393e-02
2.064391303317195635e-03 -2.652368080055773902e-02 -9.430309392306258920e-02
5.233377751959048842e-03 -4.051099446367035367e-02 -1.378726996187604470e-01
9.265561804459457665e-03 -6.181358917502373373e-02 -1.978198809326536523e-01
1.407907630064088658e-02 -9.092122782212749832e-02 -2.739750252550443577e-01
1.957899324481377629e-02 -1.280445526154232461e-01 -3.655640358840664961e-01
2.561814129924043157e-02 -1.722777230570799456e-01 -4.693948797491801495e-01
3.203628829067115685e-02 -2.224357779721985451e-01 -5.816710396876775269e-01
3.867320204585622534e-02 -2.773337561858799094e-01 -6.985959985368503933e-01
4.536865039154593798e-02 -3.357866965232249590e-01 -8.163732391339907357e-01
5.196240115449057839e-02 -3.966096378093346142e-01 -9.312062443163906522e-01
5.829422216144036079e-02 -4.586176188693089628e-01 -1.039298496921340798e+00
6.420388123914573530e-02 -5.206256785282503685e-01 -1.136853479786135379e+00
6.953114621435689535e-02 -5.814488556112592521e-01 -1.220074675748065607e+00
7.411578491382410372e-02 -6.399021889434359789e-01 -1.285165567644422246e+00
7.783379826531533485e-02 -6.948941709614785411e-01 -1.329308882002035563e+00
8.070611934150977163e-02 -7.457071078800370234e-01 -1.353604313101789636e+00
8.278991418652485723e-02 -7.917167591911435931e-01 -1.360130795412064497e+00
8.414234884447799323e-02 -8.322988843868294184e-01 -1.350967263401238849e+00
8.482058935948658118e-02 -8.668292429591265558e-01 -1.328192651537693392e+00
8.488180177566807816e-02 -8.946835944000667284e-01 -1.293885894289807936e+00
8.438315213713987184e-02 -9.152376982016809936e-01 -1.250125926125961406e+00
8.338180648801936379e-02 -9.278673138560014078e-01 -1.198991681514533392e+00
8.193493087242401107e-02 -9.319482008550592500e-01 -1.142562094923904370e+00
8.009969133447120138e-02 -9.268561186908865768e-01 -1.082916100822453043e+00
7.794600361382608700e-02 -9.126210141474224713e-01 -1.022082327160504178e+00
7.559478204995941086e-02 -8.918895738180298016e-01 -9.618881765358011648e-01
7.317969058669693272e-02 -8.679626669088833513e-01 -9.041107453878508560e-01
7.083439316786453721e-02 -8.441411626261583478e-01 -8.505271301561602160e-01
6.869255373728806735e-02 -8.237259301760297969e-01 -8.029144272802366533e-01
6.688783623879333839e-02 -8.100178387646728151e-01 -7.630497331995866883e-01
6.555390461620617948e-02 -8.063177575982622969e-01 -7.327101443537178405e-01
6.482442281335244749e-02 -8.159265558829735809e-01 -7.136727571821367411e-01
6.483305477405795769e-02 -8.421451028249812287e-01 -7.077146681243504656e-01
6.571346444214856697e-02 -8.882742676304606899e-01 -7.166129736198662004e-01
6.756767373791155995e-02 -9.567456791013491113e-01 -7.412007889101103197e-01
7.037113603483634294e-02 -1.046513991988025749e+00 -7.785352909404029687e-01
7.406766245655159453e-02 -1.155664614419318337e+00 -8.247296687060795550e-01
7.860106412668604881e-02 -1.282282954524054830e+00 -8.758971112024764860e-01
8.391515216886830109e-02 -1.424454420431061852e+00 -9.281508074249285034e-01
8.995373770672712710e-02 -1.580264420269167580e+00 -9.776039463687720144e-01
9.666063186389113604e-02 -1.747798362167199970e+00 -1.020369717029342649e+00
1.039796457639888816e-01 -1.925141654253981871e+00 -1.052561308401975593e+00
1.118545905306493476e-01 -2.110379704658349453e+00 -1.070291909482007586e+00
1.202292772875010601e-01 -2.301597921509125122e+00 -1.069674709264773815e+00
1.289045433265960661e-01 -2.496229544531585631e+00 -1.047888813240927197e+00
1.371093244778758269e-01 -2.689099111848616275e+00 -1.006377038626806497e+00
1.439295796717864617e-01 -2.874378979185384431e+00 -9.476481420063997962e-01
1.484512678387742979e-01 -3.046241502267057921e+00 -8.742108799636952865e-01
1.497603479092855794e-01 -3.198859036818805013e+00 -7.885740090826814930e-01
1.469427788137665225e-01 -3.326403938565792195e+00 -6.932462859473460526e-01
1.390845194826633713e-01 -3.423048563233186847e+00 -5.907364671416770463e-01
1.252715288464223975e-01 -3.482965266546158123e+00 -4.835533092496632213e-01
1.045897658354897897e-01 -3.500326404229872068e+00 -3.742055688552919923e-01
7.612518938031180571e-02 -3.469304332009496505e+00 -2.652020025425518290e-01
3.946068157135144278e-02 -3.386183506235741714e+00 -1.588971732879473353e-01
-3.833182860861355807e-03 -3.255696785761479362e+00 -5.702886963804870007e-02
-5.168890602577985716e-02 -3.084689130065123575e+00 3.881931346805738564e-02
-1.020389900328573796e-01 -2.880005498625089810e+00 1.270637810912842447e-01
-1.528159369915473020e-01 -2.648490850919791750e+00 2.061209382925452138e-01
-2.019522490113028479e-01 -2.396990146427643076e+00 2.744071901327536089e-01
-2.473804282015773515e-01 -2.132348344627059689e+00 3.303389416728228500e-01
-2.870329766718241471e-01 -1.861410404996454826e+00 3.723325979736661906e-01
-3.188423965314964303e-01 -1.591021287014242613e+00 3.988045640961966898e-01
-3.407411898900476466e-01 -1.328025950158838064e+00 4.081712451013281284e-01
-3.512841287930800749e-01 -1.078283672030440288e+00 3.996998431897348381e-01
-3.515150383260062794e-01 -8.437110450170395293e-01 3.760607126090803054e-01
-3.431000001580673531e-01 -6.252390007786281512e-01 3.407749864908595772e-01
-3.277050959585033341e-01 -4.237984709751833057e-01 2.973637979665654241e-01
-3.069964073965552043e-01 -2.403203872666972440e-01 2.493482801676930316e-01
-2.826400161414635015e-01 -7.573568131315765173e-02 2.002495662257365860e-01
-2.563020038624688191e-01 6.902471522544864624e-02 1.535887892721905512e-01
-2.296484522288118890e-01 1.930298706891341032e-01 1.128870824385493354e-01
-2.043454429097333602e-01 2.953488534179118385e-01 8.166557885630709723e-02
-1.820590575744737982e-01 3.750507317517942085e-01 6.344541165695831431e-02
-1.642410286800412011e-01 4.322318016622773151e-01 6.054469756519609974e-02
-1.514856949007969689e-01 4.710972549522081665e-01 7.046950488776512755e-02
-1.441730472320092160e-01 4.968795037086380373e-01 8.952289412922191658e-02
-1.426830766689463070e-01 5.148109600186188128e-01 1.140079257941230273e-01
-1.473957742068763566e-01 5.301240359692019899e-01 1.402276603870249994e-01
-1.586911308410676180e-01 5.480511436474394538e-01 1.644851584124842891e-01
-1.769491375667882893e-01 5.738246951403827012e-01 1.830834803750573392e-01
-2.025497853793066239e-01 6.126771025350835620e-01 1.923256867793009250e-01
-2.358730652738907363e-01 6.698407779185936439e-01 1.885148381297712672e-01
-2.772989682458089078e-01 7.505481333779646658e-01 1.679539949310251135e-01
-3.264478876488213777e-01 8.584871332135498578e-01 1.284360222581054922e-01
-3.799018154045046836e-01 9.911679284853662786e-01 7.371302477986485524e-02
-4.334831403598423116e-01 1.144556211419941461e+00 9.026922391593729389e-03
-4.830142513618180811e-01 1.314617674243803602e+00 -6.038036501141816337e-02
-5.243175372574151449e-01 1.497318009183479903e+00 -1.292669175338808096e-01
-5.532153868936170449e-01 1.688622908465498451e+00 -1.923908152805040572e-01
-5.655301891174074891e-01 1.884498064316387111e+00 -2.445101383559980246e-01
-5.570843327757702967e-01 2.080909168962668865e+00 -2.803829668650719142e-01
-5.237002067156888430e-01 2.273821914630881125e+00 -2.947673809124375932e-01
-4.612001997841463363e-01 2.459201993547545761e+00 -2.824214606028039309e-01
-3.673320856673429335e-01 2.633247040366159641e+00 -2.398083600555777906e-01
-2.475452600373399814e-01 2.793082469402028423e+00 -1.702116026231845214e-01
-1.092145447201358088e-01 2.936065642374423579e+00 -7.861982226005778673e-02
4.028523845827172711e-02 3.059553921002618360e+00 2.997834707936833029e-02
1.935792676718845751e-01 3.160904667005884683e+00 1.505942714406599825e-01
3.432927210947047114e-01 3.237475242103494910e+00 2.782393168693833574e-01
4.820507769007340015e-01 3.286623008014718739e+00 4.079248494111042955e-01
6.024786132639745606e-01 3.305705326458831639e+00 5.346622351113893279e-01
6.972014083584283650e-01 3.292079559155102864e+00 6.534628400158042361e-01
7.588443403580972246e-01 3.243103067822805219e+00 7.593380301699148571e-01
7.827732903677394605e-01 3.157651411251643836e+00 8.484803329945673767e-01
7.753169512151357745e-01 3.040672936513050040e+00 9.218069214117239341e-01
7.455447186588233244e-01 2.898634187748887925e+00 9.814161297186262400e-01
7.025259884573397118e-01 2.738001709101023806e+00 1.029406292212517116e+00
6.553301563692216503e-01 2.565242044711319558e+00 1.067875743190637605e+00
6.130266181530061864e-01 2.386821738721641051e+00 1.098922816950230086e+00
5.846847695672310330e-01 2.209207335273853712e+00 1.124645847788536823e+00
5.793740063704326815e-01 2.038865378509820303e+00 1.147143170002799639e+00
6.061637243211486226e-01 1.882262412571405807e+00 1.168513117890260133e+00
6.741233191779156808e-01 1.745864981600474319e+00 1.190854025748160572e+00
7.889863932561593796e-01 1.634367278819244929e+00 1.215510675068563140e+00
9.431435182548131291e-01 1.545374169831990718e+00 1.240813668461613783e+00
1.125649544007288894e+00 1.474718207353460153e+00 1.264340071901594920e+00
1.325559320347010850e+00 1.418231944098394370e+00 1.283666951362790076e+00
1.531927697107392072e+00 1.371747932781541168e+00 1.296371372819481227e+00
1.733809524121847190e+00 1.331098726117645459e+00 1.300030402245950123e+00
1.920259651223793051e+00 1.292116876821452376e+00 1.292221105616479182e+00
2.080332928246645174e+00 1.250634937607707498e+00 1.270520548905350600e+00
2.203084205023820186e+00 1.202485461191156180e+00 1.232505798086847681e+00
2.277568331388735157e+00 1.143501000286544222e+00 1.175753919135251735e+00
2.296667902508826131e+00 1.070834796375980558e+00 1.098943791012032101e+00
2.268576440131388150e+00 9.869228271184646850e-01 1.005161528865874621e+00
2.205315183959666303e+00 8.955217494940906908e-01 8.985950529518982322e-01
2.118905373696904793e+00 8.003882204829536606e-01 7.834322835252224282e-01
2.021368249046350929e+00 7.052788970651484579e-01 6.638611408409672565e-01
1.924725049711251135e+00 6.139504362207718335e-01 5.440695451542543193e-01
1.840997015394844727e+00 5.301594949299125448e-01 4.282454167201957818e-01
1.782205385800384789e+00 4.576627301726730046e-01 3.205766757939212952e-01
1.760371400631111527e+00 4.002167989291412487e-01 2.252512426305408044e-01
1.787516299590272029e+00 3.615783581794174140e-01 1.464570374851823509e-01
1.872019153091139421e+00 3.443038167996362309e-01 8.721247836802824283e-02
2.007690562792183719e+00 3.461486599283679078e-01 4.585804122852762954e-02
2.184699065263727036e+00 3.636681589391062563e-01 1.956473323043909224e-02
2.393213197076065057e+00 3.934175852053444777e-01 5.503561537527441525e-03
2.623401494799524336e+00 4.319522101005789927e-01 8.455333135536785560e-04
2.865432495004398117e+00 4.758273049983009484e-01 2.761655722280714417e-03
3.109474734261016504e+00 5.215981412720082089e-01 8.422935927470957124e-03
3.345696749139668746e+00 5.658199902951909221e-01 1.500038109288636193e-02
3.564267076210685392e+00 6.050481234413473963e-01 1.966499838228982777e-02
3.755354252044360130e+00 6.358378120839683900e-01 1.958779495944337062e-02
3.911762382063519894e+00 6.554790372168298740e-01 1.251362659046975981e-02
4.036837771697012300e+00 6.642005972946848358e-01 -1.517272966947205964e-03
4.136562257524369457e+00 6.629659898825371878e-01 -2.189082956167645588e-02
4.216917676125095937e+00 6.527387125453910643e-01 -4.799296904258391894e-02
4.283885864078723849e+00 6.344822628482488236e-01 -7.920961725853967184e-02
4.343448657964760429e+00 6.091601383561159322e-01 -1.149267000584086595e-01
4.401587894362730680e+00 5.777358366339933049e-01 -1.545301432910617945e-01
4.464285409852148057e+00 5.411728552468875186e-01 -1.974058728053632583e-01
4.537523041012536673e+00 5.004346917597987110e-01 -2.429398144501846435e-01
4.627282624423407320e+00 4.564848437377340695e-01 -2.905178940743896043e-01
4.737013751270993112e+00 4.102807879479685726e-01 -3.393706824965639357e-01
4.860037031168372934e+00 3.627559179668695677e-01 -3.881073304141579028e-01
4.987140828335322240e+00 3.148376065730844053e-01 -4.351816334943310882e-01
5.109113506991638687e+00 2.674532265452516655e-01 -4.790473874042519009e-01
5.216743431357094174e+00 2.215301506620182270e-01 -5.181583878110802566e-01
5.300818965651484582e+00 1.779957517020231417e-01 -5.509684303819836204e-01
5.352128474094588917e+00 1.377774024439130940e-01 -5.759313107841235180e-01
5.361460320906194177e+00 1.018024756663273855e-01 -5.915008246846656936e-01
5.319602870306086473e+00 7.099834414791207637e-02 -5.961307677507728942e-01
5.217344486514049251e+00 4.629238066730741175e-02 -5.882749356496097537e-01
5.049706795677755267e+00 2.816302851043644973e-02 -5.673636805860052812e-01
4.828644592771426325e+00 1.529300014830889572e-02 -5.367336088550516138e-01
4.570345995254927018e+00 5.916072137181468960e-03 -5.006978972593627564e-01
4.290999120588082860e+00 -1.733978966691206852e-03 -4.635697226015472738e-01
4.006792086230764660e+00 -9.423376607052880854e-03 -4.296622616842197262e-01
3.733913009642794822e+00 -1.891834422764875762e-02 -4.032886913099889559e-01
3.488550008284041493e+00 -3.198510527222239719e-02 -3.887621882814683572e-01
3.286891199614332848e+00 -5.038988318451953496e-02 -3.903959294012686043e-01
3.145124701093532593e+00 -7.589890140828295384e-02 -4.125030914720009267e-01
3.079438630181475567e+00 -1.102783833872594127e-01 -4.593968512962788298e-01
3.100702626261203854e+00 -1.546516209431695044e-01 -5.337495680445273338e-01
3.198512112080589720e+00 -2.075701426205517341e-01 -6.316702364694434246e-01
3.357143880145630810e+00 -2.669425269472310291e-01 -7.476269867466868169e-01
3.560874722962346084e+00 -3.306773524510420170e-01 -8.760879490519349888e-01
3.793981433036722528e+00 -3.966831976598085285e-01 -1.011521253560844880e+00
4.040740802874776882e+00 -4.628686411013628876e-01 -1.148395030449089971e+00
4.285429624982523222e+00 -5.271422613035374738e-01 -1.281177409892344077e+00
4.512324691865948978e+00 -5.874126367941561178e-01 -1.404336522066263582e+00
4.705702796031078883e+00 -6.415883461010537525e-01 -1.512340497146527296e+00
4.849840729983901255e+00 -6.875779677520545974e-01 -1.599657465308793380e+00
4.932958962206427600e+00 -7.238940624084548858e-01 -1.662003359269534242e+00
4.959052439427289016e+00 -7.514650847055036609e-01 -1.700085250509075996e+00
4.936059671523260306e+00 -7.718234541320986297e-01 -1.715857977349143804e+00
4.871919168371111830e+00 -7.865015901771320594e-01 -1.711276378111457941e+00
4.774569439847612173e+00 -7.970319123294999919e-01 -1.688295291117740016e+00
4.651948995829538802e+00 -8.049468400780964705e-01 -1.648869554689713857e+00
4.511996346193654084e+00 -8.117787929118166490e-01 -1.594954007149098851e+00
4.362650000816739926e+00 -8.190601903195546818e-01 -1.528503486817620605e+00
4.211848469575556031e+00 -8.283234517902059446e-01 -1.451472832016995840e+00
4.067530262346885195e+00 -8.411009968126641478e-01 -1.365816881068953270e+00
3.935647728867875283e+00 -8.583198742242976742e-01 -1.273453316875239105e+00
3.814208635141540071e+00 -8.784856675760952527e-01 -1.176151201720769146e+00
3.699234615443305785e+00 -8.994985984273551338e-01 -1.075642443001981086e+00
3.586747304048619078e+00 -9.192588883373726816e-01 -9.736589481153322678e-01
3.472768335232906622e+00 -9.356667588654474788e-01 -8.719326244572613849e-01
3.353319343271615960e+00 -9.466224315708744452e-01 -7.721953794242244484e-01
3.224421962440170653e+00 -9.500261280129516095e-01 -6.761791204126607058e-01
3.082097827014021352e+00 -9.437780697509762229e-01 -5.856157548190263906e-01
2.922368571268590287e+00 -9.257784783442446486e-01 -5.022371900397608613e-01
2.741255829479328554e+00 -8.939275753520554701e-01 -4.277753334713192412e-01
2.536850944302018629e+00 -8.471651946989867676e-01 -3.635614624001397566e-01
2.315524091913850668e+00 -7.885896197707372712e-01 -3.093243336726406167e-01
2.085715156872396392e+00 -7.223387463182959767e-01 -2.643920740252417301e-01
1.855864023735189106e+00 -6.525504700926401114e-01 -2.280928101943542896e-01
1.634410577059800751e+00 -5.833626868447587821e-01 -1.997546689163963440e-01
1.429794701403765522e+00 -5.189132923256298824e-01 -1.787057769277805852e-01
1.250456281324654251e+00 -4.633401822862420749e-01 -1.642742609649238683e-01
1.104835201380003573e+00 -4.207812524775738083e-01 -1.557882477642399122e-01
1.001371346127378992e+00 -3.953743986506118580e-01 -1.525758640621444895e-01
9.485046001243248037e-01 -3.912575165563377810e-01 -1.539652365950524293e-01
9.520040890363909991e-01 -4.114628007614191674e-01 -1.592718592711452608e-01
1.006955826549799093e+00 -4.545996094607847038e-01 -1.677606943242425652e-01
1.105775029252973107e+00 -5.181715838477463087e-01 -1.786840709792140436e-01
1.240876913734349607e+00 -5.996823651156252266e-01 -1.912943184609310066e-01
1.404676696582346285e+00 -6.966355944577300452e-01 -2.048437659942627664e-01
1.589589594385404592e+00 -8.065349130673845623e-01 -2.185847428040809393e-01
1.788030823731938002e+00 -9.268839621378951454e-01 -2.317695781152547818e-01
1.992415601210390852e+00 -1.055186382862587813e+00 -2.436506011526556603e-01
2.195159143409175950e+00 -1.188945816434767266e+00 -2.534801411411532479e-01
2.388676666916738078e+00 -1.325665904047760524e+00 -2.605105273056185222e-01
2.566196972016563826e+00 -1.462802868667636647e+00 -2.641394383771701881e-01
2.724203240326434017e+00 -1.597623257638235872e+00 -2.643459594289470083e-01
2.859992260436326372e+00 -1.727346198719475590e+00 -2.612545291988787044e-01
2.970860820936242597e+00 -1.849190819671294284e+00 -2.549895864248944433e-01
3.054105710416162633e+00 -1.960376248253609566e+00 -2.456755698449241965e-01
3.107023717466081081e+00 -2.058121612226355257e+00 -2.334369181968974916e-01
3.126911630675989873e+00 -2.139646039349461848e+00 -2.183980702187429956e-01
3.111066238635876502e+00 -2.202168657382852501e+00 -2.006834646483916240e-01
3.056784329935731126e+00 -2.242908594086459484e+00 -1.804175402237714332e-01
2.961362693165545679e+00 -2.259084977220207069e+00 -1.577247356828135605e-01
2.823711650219907554e+00 -2.248881742927044236e+00 -1.328210844192012630e-01
2.649195563885377691e+00 -2.214342005675614455e+00 -1.062889932085933353e-01
2.444792284090198553e+00 -2.158473660714583797e+00 -7.880246086189313104e-02
2.217479660762642357e+00 -2.084284603292621441e+00 -5.103548619000858322e-02
1.974235543830947348e+00 -1.994782728658391013e+00 -2.366206800384297940e-02
1.722037783223388852e+00 -1.892975932060566358e+00 2.643794885695745570e-03
1.467864228868201781e+00 -1.781872108747806660e+00 2.720810366770425037e-02
1.218692730693664572e+00 -1.664479153968789760e+00 4.935685953127477710e-02
9.815011386280118044e-01 -1.543804962972171735e+00 6.841606366550362361e-02
7.632673025995195815e-01 -1.422857431006631534e+00 8.371171725948353681e-02
5.692548830008234972e-01 -1.304037572541905776e+00 9.487193588123626897e-02
3.978708311253690844e-01 -1.187318896295010529e+00 1.027332839709547835e-01
2.458079332524703009e-01 -1.072068038885457320e+00 1.084344360260097589e-01
1.097589756614700263e-01 -9.576516369327796596e-01 1.131140665437707499e-01
-1.358325536831472141e-02 -8.434363270564899651e-01 1.179108500216081989e-01
-1.275259735575437758e-01 -7.287887458761201920e-01 1.239634609568917301e-01
-2.353763926268978568e-01 -6.130755300111830897e-01 1.324105738469918692e-01
-3.404417262970380609e-01 -4.956633160812116690e-01 1.443908631892779071e-01
-4.460291882886447956e-01 -3.759187407057177355e-01 1.610430034811210220e-01
-5.554459923223791229e-01 -2.532084405042345221e-01 1.835056692198896167e-01
-6.705633859422571730e-01 -1.276126516704316483e-01 2.123272684866003845e-01
-7.875087519856597273e-01 -2.066008694587020099e-03 2.456951436968548008e-01
-9.009735071132923823e-01 1.197832543588519955e-01 2.812063708498959147e-01
-1.005649067985881384e+00 2.342869034254603244e-01 3.164580259449727428e-01
-1.096226851264133551e+00 3.377967044407916286e-01 3.490471849813280292e-01
-1.167398273608772907e+00 4.266644233404189857e-01 3.765709239582104018e-01
-1.213854751680509381e+00 4.972418260598986950e-01 3.966263188748636037e-01
-1.230287702140062889e+00 5.458806785348006008e-01 4.068104457305349864e-01
-1.211388541648148021e+00 5.689327467006846106e-01 4.047203805244697361e-01
-1.151848686865479365e+00 5.627497964931166274e-01 3.879531992559133724e-01
-1.049013875853066047e+00 5.254736324159512417e-01 3.551534952885779250e-01
-9.108472082140723902e-01 4.624062644597980443e-01 3.091559614138494338e-01
-7.479661429226143188e-01 3.806397667904549698e-01 2.538428227725478825e-01
-5.709881389527826645e-01 2.872662135737085731e-01 1.930963045054852889e-01
-3.905306552786970697e-01 1.893776789753597589e-01 1.307986317534833298e-01
-2.172111508744466735e-01 9.406623716119325018e-02 7.083202965735321821e-02
-6.164708471415071556e-02 8.423962297009812694e-03 1.707872335791631169e-02
6.554408422809948620e-02 -6.045707145140442884e-02 -2.657906200401519842e-02
1.537448969781884389e-01 -1.054847899182507209e-01 -5.625910128762118267e-02
1.923378945620191627e-01 -1.195671189377398025e-01 -6.807916935208767339e-02
1.737446453945405422e-01 -9.766831355170527140e-02 -5.937127950853644809e-02
1.025430013427155174e-01 -4.297806329743285303e-02 -3.232446835562455961e-02
-1.365007138891356428e-02 3.925755424726506265e-02 9.657954315910752263e-03
-1.672176065958211055e-01 1.437924615045883814e-01 6.317267871533854828e-02
-3.505426380734577019e-01 2.653805808967203972e-01 1.248163950519193266e-01
-5.560081996172939744e-01 3.987758348458579905e-01 1.911857935349207116e-01
-7.759973250228042740e-01 5.387321457742006992e-01 2.588775643736112020e-01
-1.002893048085433447e+00 6.800034361039281050e-01 3.244883977772500261e-01
-1.229078402600665365e+00 8.173436282572459355e-01 3.846149839551082916e-01
-1.446936422363944263e+00 9.455066446563341609e-01 4.358540131164458376e-01
-1.649471554562978559e+00 1.059895078304704308e+00 4.754907559670408235e-01
-1.832173864397036001e+00 1.158506167414114829e+00 5.035647657980861780e-01
-1.991154812679119868e+00 1.239985802219302879e+00 5.208041566971257641e-01
-2.122525860222200134e+00 1.302979872954987961e+00 5.279370427516981712e-01
-2.222398467839274527e+00 1.346134269855903565e+00 5.256915380493452083e-01
-2.286884096343320572e+00 1.368094883156773633e+00 5.147957566776077964e-01
-2.312094206547329112e+00 1.367507603092327884e+00 4.959778127240258017e-01
-2.294140259264283888e+00 1.343018319897294033e+00 4.699658202761416437e-01
-2.229133715307169084e+00 1.293272923806397579e+00 4.374878934214938009e-01
-2.113186035488976433e+00 1.216917305054370457e+00 3.992721462476259697e-01
-1.945370159848993641e+00 1.114037692715538208e+00 3.562249127617124755e-01
-1.736604860603488731e+00 9.904816300143833852e-01 3.099654015505882154e-01
-1.500770346831011182e+00 8.535369784109088087e-01 2.622910385712788339e-01
-1.251746827610150881e+00 7.104915993651395034e-01 2.149992497808182468e-01
-1.003414512019453753e+00 5.686333543370760690e-01 1.698874611362321541e-01
-7.696536091375102417e-01 4.352501047867441408e-01 1.287530985945542494e-01
-5.643443280428681597e-01 3.176297121741456508e-01 9.339358811281078809e-02
-4.013668778141144533e-01 2.230600379593038474e-01 6.560635564803454778e-02
-2.946014675298023744e-01 1.588289436022237433e-01 4.718882715725295635e-02
-2.579283062685101546e-01 1.322242905629242293e-01 3.993842859749734131e-02
-3.001630457214171099e-01 1.478744120487247016e-01 4.493457875026846127e-02
-4.098631080301884944e-01 1.997695282561926244e-01 6.038466769495758751e-02
-5.705213579490909792e-01 2.792403311291978274e-01 8.377807833542566529e-02
-7.656306602324147725e-01 3.776175126116212977e-01 1.126041935755371787e-01
-9.786838796344191627e-01 4.862317646473289789e-01 1.443523963191518933e-01
-1.193173880909398354e+00 5.964137791802039956e-01 1.765120694701348414e-01
-1.392593528811610026e+00 6.994942481541115420e-01 2.065725959323456706e-01
-1.560435688095348050e+00 7.868038635129344094e-01 2.320233586096492051e-01
-1.680193223514873324e+00 8.496733172005392909e-01 2.503537404059055782e-01
-1.735358999824473170e+00 8.794333011608057582e-01 2.590531242249788924e-01
-1.714272604261926292e+00 8.699383964696425497e-01 2.563401312944036947e-01
-1.624660652665386618e+00 8.251388129404134686e-01 2.433503570001585570e-01
-1.479096552689943334e+00 7.515086856233059720e-01 2.219486454838090761e-01
-1.290153711990664753e+00 6.555221495684974142e-01 1.939998408869178237e-01
-1.070405538222648056e+00 5.436533398261796934e-01 1.613687873510517012e-01
-8.324254390409555615e-01 4.223763914465265001e-01 1.259203290177722256e-01
-5.887868221006883340e-01 2.981654394797317309e-01 8.951931002864692288e-02
-3.520630950569058615e-01 1.774946189759685211e-01 5.403057452523708781e-02
-1.348276655647110134e-01 6.683806498543090613e-02 2.131896664911030539e-02
5.034605872083522393e-02 -2.733008744170731946e-02 -6.750669458171966453e-03
1.934899922088420543e-01 -9.988602070254225251e-02 -2.868961248873834122e-02
2.950574866440651145e-01 -1.511072642496739116e-01 -4.451365399157929115e-02
3.581072903753735326e-01 -1.826217036164236585e-01 -5.461471911049198269e-02
3.856981517516510083e-01 -1.960572243361204670e-01 -5.938473298927595539e-02
3.808888191217730812e-01 -1.930417119420891892e-01 -5.921562077172937838e-02
3.467380408346195098e-01 -1.752030519676567311e-01 -5.449930760165110771e-02
2.863045652390679985e-01 -1.441691299461490550e-01 -4.562771862283974966e-02
2.026471406839884248e-01 -1.015678314108879737e-01 -3.299277897909261292e-02
9.882451551827345360e-02 -4.902704189520712408e-02 -1.698641381421051727e-02
-2.210456190920545572e-02 1.182535306757087623e-02 1.999451728008923290e-03
-1.567350911426236559e-01 7.921750671396739218e-02 2.349496519504239850e-02
-3.002770831109455862e-01 1.508017355973687301e-01 4.671856935847438358e-02
-4.475943065423608203e-01 2.240863991596941940e-01 7.081078191064463234e-02
-5.935505301650965126e-01 2.965798568428820725e-01 9.491212054389902564e-02
-7.330095227073680775e-01 3.657904680888643401e-01 1.181631029505815084e-01
-8.608350528974012539e-01 4.292265923395786609e-01 1.397042468230377810e-01
-9.718908894633881967e-01 4.843965890369455463e-01 1.586760698536079373e-01
-1.061040801133556366e+00 5.288088176229033266e-01 1.742190897346378997e-01
-1.123148556636120787e+00 5.599716375393837264e-01 1.854738241584714953e-01
-1.153077924699297263e+00 5.753934082283197471e-01 1.915807908174530227e-01
-1.147657839512299160e+00 5.735339495005356003e-01 1.920027373178652130e-01
-1.111577559772591428e+00 5.566587593169468606e-01 1.874912756085087007e-01
-1.051491340974372024e+00 5.279847143463684001e-01 1.791202198960948622e-01
-9.740534386118304688e-01 4.907286912576111493e-01 1.679633843873338528e-01
-8.859181081791795975e-01 4.481075667194966416e-01 1.550945832889391307e-01
-7.937396051706102629e-01 4.033382174008364185e-01 1.415876308076210177e-01
-7.041721850803206451e-01 3.596375199704450742e-01 1.285163411500909736e-01
-6.238701034025021519e-01 3.202223510971341502e-01 1.169545285230593340e-01
-5.594876156313666193e-01 2.883095874497252353e-01 1.079760071332394877e-01
-5.176789772611045670e-01 2.671161056970294267e-01 1.026545911873417011e-01
-5.034643242984914169e-01 2.591220672164919470e-01 1.018366513946923346e-01
-5.153273148006130011e-01 2.638607722200819183e-01 1.054587844750779213e-01
-5.501174873371367235e-01 2.801288056284005346e-01 1.132301436509008802e-01
-6.046843804777199960e-01 3.067227523620448815e-01 1.248598821445614654e-01
-6.758775327920282239e-01 3.424391973416154866e-01 1.400571531784617907e-01
-7.605464828497251473e-01 3.860747254877118784e-01 1.585311099750033592e-01
-8.555407692204832770e-01 4.364259217209386366e-01 1.799909057565898529e-01
-9.577099304739484786e-01 4.922893709618863523e-01 2.041456937456190279e-01
-1.063903505179792930e+00 5.524616581311588837e-01 2.307046271644943025e-01
-1.170971031907680038e+00 6.157393681493559257e-01 2.593768592356170966e-01
-1.275853527780622443e+00 6.807643435043176927e-01 2.897461875220764815e-01
-1.375857939838637689e+00 7.455594303889367946e-01 3.208949654305037202e-01
-1.468382701527115586e+00 8.079927192811381387e-01 3.517801799483987746e-01
-1.550826246291437283e+00 8.659323006588416360e-01 3.813588180632589975e-01
-1.620587007576988148e+00 9.172462649999705286e-01 4.085878667625836291e-01
-1.675063418829136674e+00 9.598027027824350688e-01 4.324243130338648600e-01
-1.711653913493270229e+00 9.914697044841598306e-01 4.518251438646027074e-01
-1.727756925014768852e+00 1.010115360583063726e+00 4.657473462422941357e-01
-1.720770886839011471e+00 1.013607761557066222e+00 4.731479071544366644e-01
-1.688094232411380347e+00 9.998149978840856766e-01 4.729838135885262029e-01
-1.628295241032996721e+00 9.674881172430865872e-01 4.645679390806941589e-01
-1.544621642367541181e+00 9.189100466407854606e-01 4.486367237257420926e-01
-1.441491045404461380e+00 8.572466955469058014e-01 4.262825043492438071e-01
-1.323321059133234057e+00 7.856639734311884338e-01 3.985976177767798778e-01
-1.194529292543309529e+00 7.073277897633586386e-01 3.666744008339248295e-01
-1.059533354624145218e+00 6.254040540131455828e-01 3.316051903462547967e-01
-9.227508543651995465e-01 5.430586756502793211e-01 2.944823231393461915e-01
-7.885994007559187224e-01 4.634575641444824701e-01 2.563981360387717623e-01
-6.614966027857850372e-01 3.897666289654992400e-01 2.184449658701147212e-01
-5.458600694442443668e-01 3.251517795830521362e-01 1.817151494589479832e-01
-4.457345894490285509e-01 2.722853608837802475e-01 1.473800963253557583e-01
-3.636736917637518607e-01 2.318654876637465112e-01 1.169275022429081545e-01
-3.018580957466448500e-01 2.040967242567277851e-01 9.192413341743568833e-02
-2.624685207559144806e-01 1.891836349964893249e-01 7.393675605476041079e-02
-2.476856861497764850e-01 1.873307842168005499e-01 6.453213636070732895e-02
-2.596903112864484831e-01 1.987427362514324614e-01 6.527704054110200493e-02
-3.006631155241440978e-01 2.236240554341526465e-01 7.773823480176936251e-02
-3.727848182210785621e-01 2.621793060987308577e-01 1.034824853485340063e-01
-4.782361387354673865e-01 3.146130525789366250e-01 1.440765583872208877e-01
-6.191977964255401812e-01 3.811298592085458625e-01 2.010872201236608703e-01
-7.955346023180112081e-01 4.610773606163365290e-01 2.749484201888187651e-01
-9.978481316572083148e-01 5.503756197097610103e-01 3.615630363709538275e-01
-1.214424250123448568e+00 6.440878432389970376e-01 4.557012271097252709e-01
-1.433548823397069238e+00 7.372772379542307242e-01 5.521331508448007463e-01
-1.643507717158347647e+00 8.250070106056227592e-01 6.456289660158217592e-01
-1.832586797087620623e+00 9.023403679433597002e-01 7.309588310624561824e-01
-1.989071928865205230e+00 9.643405167176186676e-01 8.028929044243628965e-01
-2.101248978171427417e+00 1.006070663678581001e+00 8.562013445412050006e-01
-2.157403810686582712e+00 1.022594015576415716e+00 8.856543098526312718e-01
-2.145822292091001504e+00 1.008973779161306261e+00 8.860219587983070300e-01
-2.059138494485005744e+00 9.621587711082016936e-01 8.539757893885939755e-01
-1.907379315648938478e+00 8.866402477911407010e-01 7.937926579166655339e-01
-1.704919859783127878e+00 7.887950755089239152e-01 7.116507602463891802e-01
-1.466135231087959179e+00 6.750001205603799459e-01 6.137282922416565922e-01
-1.205400533763763660e+00 5.516322492443105352e-01 5.062034497663367993e-01
-9.370908720108899193e-01 4.250683278595266956e-01 3.952544286843066579e-01
-6.755813500296639074e-01 3.016852227048277824e-01 2.870594248594322551e-01
-4.352470720204802412e-01 1.878598000790465961e-01 1.877966341556093766e-01
-2.304631421836635385e-01 8.996892628098214495e-02 1.036442524367045259e-01
-7.560466471956178713e-02 1.438946760944481013e-02 4.078047556659353257e-02
1.878573557600384664e-02 -3.418009893926506754e-02 3.724936270793041942e-03
5.749600942808589382e-02 -5.775514169966460692e-02 -9.637269995943439221e-03
4.914691592474850629e-02 -6.002956237228380260e-02 -3.079753278956279261e-03
2.359214154045408476e-03 -4.469726265764715351e-02 1.962387637641854407e-02
-7.424633679597780755e-02 -1.545214425627608815e-02 5.470000892484865734e-02
-1.720489778372536471e-01 2.401189113129961750e-02 9.837503432099170553e-02
-2.824279498817344192e-01 7.000094180455736226e-02 1.468753425195142848e-01
-3.967624938413665259e-01 1.188211060629728449e-01 1.964273234750805175e-01
-5.064318506281058063e-01 1.667784822060254801e-01 2.432573671423583495e-01
-6.028152611538790673e-01 2.101791685331822201e-01 2.835918634760033474e-01
-6.798367586703687460e-01 2.461814066322214611e-01 3.148859228210093564e-01
-7.415996914033803344e-01 2.753520600044909172e-01 3.395096073921159974e-01
-7.947522727265835529e-01 2.991101598200024969e-01 3.610617349488650651e-01
-8.459427160136346879e-01 3.188747372487619747e-01 3.831411232507931364e-01
-9.018192346382045699e-01 3.360648234607818141e-01 4.093465900574424499e-01
-9.690300419739583671e-01 3.520994496260718698e-01 4.432769531283529130e-01
-1.054223351394561359e+00 3.683976469146422739e-01 4.885310302230647106e-01
-1.164047376273690260e+00 3.863784464965046017e-01 5.487076391011240784e-01
-1.305150329984991142e+00 4.074608795416658769e-01 6.274055975220604875e-01
-1.484180425902138500e+00 4.330639772201375082e-01 7.282237232454190634e-01
-1.704479818131179769e+00 4.640185075485130928e-01 8.528718112106740135e-01
-1.956166612880593458e+00 4.988022195901700151e-01 9.955036731670302563e-01
-2.226052951676932068e+00 5.353046160851629987e-01 1.148384152088191446e+00
-2.500950976046813601e+00 5.714151997735554822e-01 1.303778090947898427e+00
-2.767672827516837408e+00 6.050234733954087396e-01 1.453950332719880834e+00
-3.013030647613620605e+00 6.340189396907854880e-01 1.591165720377878401e+00
-3.223836577863718134e+00 6.562911013997413390e-01 1.707689096895596670e+00
-3.386902759793751105e+00 6.697294612623404531e-01 1.795785305246777153e+00
-3.489041334930316207e+00 6.722235220186429938e-01 1.847719188405148705e+00
-3.517064444800011014e+00 6.616627864087087918e-01 1.855755589344439294e+00
-3.462759199392847265e+00 6.367493544562740082e-01 1.815239093933352921e+00
-3.337811728560911018e+00 5.994355758311951110e-01 1.733832730958940971e+00
-3.158882703633055566e+00 5.524863277442106924e-01 1.622279007778118398e+00
-2.942632795938118218e+00 4.986664874060552366e-01 1.491320431747788833e+00
-2.705722676804990456e+00 4.407409320274774944e-01 1.351699510224891654e+00
-2.464813017562510478e+00 3.814745388192118392e-01 1.214158750566330269e+00
-2.236564489539532019e+00 3.236321849919975846e-01 1.089440660129021188e+00
-2.037637764064895940e+00 2.699787477565692151e-01 9.882877462698717030e-01
-1.884693512467491061e+00 2.232791043236753703e-01 9.214425163458157542e-01
-1.794392406076154245e+00 1.862981319040503680e-01 8.996474777137583034e-01
-1.778273330619291270e+00 1.610547963143860450e-01 9.301977164734875902e-01
-1.827388029423513194e+00 1.465844177951858562e-01 1.006598633696281775e+00
-1.927666460214994215e+00 1.411764051929058350e-01 1.118908209196301629e+00
-2.065038580719878336e+00 1.431201673540031527e-01 1.257184422787678502e+00
-2.225434348664335538e+00 1.507051131249332043e-01 1.411485254284571278e+00
-2.394783721774528029e+00 1.622206513521521898e-01 1.571868683501129516e+00
-2.559016657776632897e+00 1.759561908821176690e-01 1.728392690251518538e+00
-2.704063114396783707e+00 1.902011405612833994e-01 1.871115254349859924e+00
-2.815853049361157545e+00 2.032449092361066634e-01 1.990094355610318333e+00
-2.880316420395916843e+00 2.133769057530437718e-01 2.075387973847044432e+00
-2.887670593593402391e+00 2.193315000180170171e-01 2.120109503724124433e+00
-2.845283304508887223e+00 2.216229825590770863e-01 2.129594523813343354e+00
-2.764810065070830714e+00 2.212106431566953635e-01 2.112234289796047992e+00
-2.657906387207692678e+00 2.190537715913424555e-01 2.076420057353580706e+00
-2.536227782847918721e+00 2.161116576434887471e-01 2.030543082167276747e+00
-2.411429763919988645e+00 2.133435910936053170e-01 1.982994619918487134e+00
-2.295167842352351606e+00 2.117088617221626889e-01 1.942165926288549338e+00
-2.199097530073462980e+00 2.121667593096313309e-01 1.916448256958803942e+00
-2.134874339011777700e+00 2.156765736364824049e-01 1.914232867610594191e+00
-2.114153781095765794e+00 2.231975944831859626e-01 1.943911013925261333e+00
-2.144806740477429585e+00 2.353441381725170922e-01 2.011051664063041144e+00
-2.219565373643300976e+00 2.513506074567872228e-01 2.109934474606008692e+00
-2.327377101022854777e+00 2.701064217607030415e-01 2.232016733867697500e+00
-2.457189343045537377e+00 2.905010005089658787e-01 2.368755730161607786e+00
-2.597949520140822699e+00 3.114237631262822825e-01 2.511608751801272632e+00
-2.738605052738174894e+00 3.317641290373570251e-01 2.652033087100212239e+00
-2.868103361267061668e+00 3.504115176668950449e-01 2.781486024371950805e+00
-2.975391866156953835e+00 3.662553484396022796e-01 2.891424851930017415e+00
-3.049417987837299560e+00 3.781850407801808367e-01 2.973306858087914506e+00
-3.079129146737573652e+00 3.850900141133370425e-01 3.018589331159176492e+00
-3.056738248216581244e+00 3.862311891406416953e-01 3.020969493989536403e+00
-2.987519950499273769e+00 3.823554704138079630e-01 2.983104179384412191e+00
-2.880014303315024282e+00 3.745812531328313599e-01 2.909890090597322843e+00
-2.742761356393189853e+00 3.640269324977066234e-01 2.806223930881775797e+00
-2.584301159463132436e+00 3.518109037084286017e-01 2.677002403491284266e+00
-2.413173762254197108e+00 3.390515619649909218e-01 2.527122211679342811e+00
-2.237919214495776465e+00 3.268673024673908190e-01 2.361480058699490847e+00
-2.067077565917218696e+00 3.163765204156221422e-01 2.184972647805227375e+00
-1.909188866247883309e+00 3.086976110096794623e-01 2.002496682250062054e+00
-1.772793165217120936e+00 3.049489694495576275e-01 1.818948865287490113e+00
-1.664885096307417989e+00 3.054951898896969831e-01 1.638858094468282900e+00
-1.586277893296210939e+00 3.076857916980639263e-01 1.465282107668747891e+00
-1.536239506352496953e+00 3.081165578935567417e-01 1.300910868630100081e+00
-1.514037885645273640e+00 3.033832714950729370e-01 1.148434341093539590e+00
-1.518940981343542385e+00 2.900817155215110743e-01 1.010542488800308503e+00
-1.550216743616297688e+00 2.648076729917693828e-01 8.899252754916053831e-01
-1.607133122632536715e+00 2.241569269247457863e-01 7.892726649086447832e-01
-1.688958068561267067e+00 1.647252603393324355e-01 7.112746207926349262e-01
-1.794959531571469924e+00 8.310845625443780138e-02 6.586211068848030203e-01
-1.924405461832150888e+00 -2.409770231104446658e-02 6.340020869263554015e-01
-2.075360746774721488e+00 -1.587104484975134788e-01 6.386365221113471380e-01
-2.241078022880254483e+00 -3.161990800825567050e-01 6.678593634451996941e-01
-2.413606863892250320e+00 -4.904459110030753854e-01 7.155345593861803799e-01
-2.584996843554166368e+00 -6.753332551959230212e-01 7.755260583925429607e-01
-2.747297535609503516e+00 -8.647434265979994095e-01 8.416978089225540804e-01
-2.892558513801747555e+00 -1.052558739146189470e+00 9.079137594344757201e-01
-3.012829351874395822e+00 -1.232661506777393612e+00 9.680378583865757447e-01
-3.100159623570912792e+00 -1.398934043428464502e+00 1.015934054237105810e+00
-3.146598902634795802e+00 -1.545258663036303215e+00 1.045466295444334115e+00
-3.144196762809533308e+00 -1.665517679537795281e+00 1.050498530466523084e+00
-3.087781384162540999e+00 -1.755464847815370488e+00 1.026816949892050745e+00
-2.983295849046633919e+00 -1.818340007794618129e+00 9.778970428115852931e-01
-2.839462084638478157e+00 -1.859254600980648542e+00 9.091367054403547421e-01
-2.665002018114744242e+00 -1.883320068878563847e+00 8.259338339935882178e-01
-2.468637576652084942e+00 -1.895647852993466831e+00 7.336863246865058530e-01
-2.259090687427204536e+00 -1.901349394830456729e+00 6.377920737343528712e-01
-2.045083277616758011e+00 -1.905536135894637217e+00 5.436489773523504043e-01
-1.835337274397414120e+00 -1.913319517691109528e+00 4.566549317557269116e-01
-1.638574604945827184e+00 -1.929810981724978447e+00 3.822078331597055234e-01
-1.463517196438703261e+00 -1.960121969501341876e+00 3.257055777795286877e-01
-1.316779304528181038e+00 -2.007615742446927420e+00 2.911782903515872656e-01
-1.196544378165574907e+00 -2.068662741642580016e+00 2.771849314318875490e-01
-1.098888134475849876e+00 -2.137885178074224068e+00 2.809166509647907928e-01
-1.019886290583996047e+00 -2.209905262727766662e+00 2.995645988946564753e-01
-9.556145636149770972e-01 -2.279345206589134420e+00 3.303199251658443525e-01
-9.021486706937659195e-01 -2.340827220644245532e+00 3.703737797227147355e-01
-8.555643289453355171e-01 -2.388973515879020848e+00 4.169173125096279353e-01
-8.119372554946548970e-01 -2.418406303279379888e+00 4.671416734709486485e-01
-7.673431674667045010e-01 -2.423747793831238617e+00 5.182380125510280822e-01
-7.178577819864538911e-01 -2.399620198520519221e+00 5.673974796942309329e-01
-6.605364589457042301e-01 -2.342434889446324053e+00 6.122555723086122725e-01
-5.963530732483571795e-01 -2.255759780784585278e+00 6.522251522314259642e-01
-5.272611145377577024e-01 -2.144951896636867694e+00 6.871634160509096922e-01
-4.552140724572331099e-01 -2.015368261104710346e+00 7.169275603553114662e-01
-3.821654366501165967e-01 -1.872365898289661601e+00 7.413747817328762979e-01
-3.100686967597349186e-01 -1.721301832293254508e+00 7.603622767718499764e-01
-2.408773424294337051e-01 -1.567533087217062970e+00 7.737472420604735168e-01
-1.765448633025397118e-01 -1.416416687162621146e+00 7.813868741869934853e-01
-1.190247490223858701e-01 -1.273309656231476072e+00 7.831383697396546717e-01
-7.027048923230135025e-02 -1.143569018525164571e+00 7.788589253067007556e-01
-3.173946841654848999e-02 -1.031510378602648270e+00 7.686519146078704123e-01
-2.904735583326538851e-03 -9.372838416201003664e-01 7.536053776306764762e-01
1.725672283901997714e-02 -8.599981825730184104e-01 7.350535103654793900e-01
2.976792042214709139e-02 -7.987621764568950677e-01 7.143305088026370431e-01
3.565187073770802184e-02 -7.526845982672386581e-01 6.927705689325142080e-01
3.593158735735967058e-02 -7.208742229995404038e-01 6.717078867454691071e-01
3.163008385275721535e-02 -7.024398256492979664e-01 6.524766582318617392e-01
2.377037379555536553e-02 -6.964901812120087854e-01 6.364110793820514367e-01
1.337547075741070748e-02 -7.021340646831716326e-01 6.248453461864014180e-01
1.468388309978224671e-03 -7.184802510582822821e-01 6.191136546352703496e-01
-1.092785997508669352e-02 -7.446375153328390617e-01 6.205502007190186742e-01
-2.279026052612885545e-02 -7.797146325023386337e-01 6.304891804280063905e-01
-3.309579977149366969e-02 -8.228203775622835447e-01 6.502647897525963838e-01
-4.082146413952388725e-02 -8.730635255081627966e-01 6.812112246831449891e-01
-4.494424005856514914e-02 -9.295528513354779365e-01 7.246626812100143145e-01
-4.444111395696201394e-02 -9.913971300397259601e-01 7.819533553235644696e-01
-3.828907226305849898e-02 -1.057705136616410968e+00 8.544174430141628918e-01
-2.546510140520014120e-02 -1.127585646061018299e+00 9.433891402721570341e-01
-4.946187811731311834e-03 -1.200147433369051608e+00 1.050202643087913223e+00
2.429068208900331260e-02 -1.274499273536007227e+00 1.176192147451791126e+00
6.326852186866299688e-02 -1.349749941557390809e+00 1.322691849354165505e+00
1.130103450988962366e-01 -1.425008212428685805e+00 1.491035944785370937e+00
1.745391653513613806e-01 -1.499382861145395651e+00 1.682558629735778633e+00
2.488779961977138910e-01 -1.571982662703019340e+00 1.898594100195750478e+00
