3.832078695297241211e+00 -2.507331669330596924e-01 -2.438773363828659058e-01 -0.000000000000000000e+00 -0.000000000000000000e+00 3.652036786079406738e-01 9.309276342391967773e-01
3.791258096694946289e+00 -9.067531675100326538e-02 -4.060993492603302002e-01 6.922496110200881958e-02 2.989224903285503387e-02 4.133869707584381104e-01 9.074280261993408203e-01
3.758302927017211914e+00 4.398109391331672668e-02 -5.458763837814331055e-01 -3.375031426548957825e-02 3.542812913656234741e-02 3.974470496177673340e-01 9.163196682929992676e-01
3.717911243438720703e+00 2.490388453006744385e-01 -7.819525599479675293e-01 -1.880041696131229401e-02 3.049105964601039886e-02 5.120315551757812500e-01 8.582193851470947266e-01
3.742958784103393555e+00 3.591703772544860840e-01 -1.209274888038635254e+00 -1.053933650255203247e-01 5.873614549636840820e-02 4.573088884353637695e-01 8.810851573944091797e-01
3.761501789093017578e+00 3.408259451389312744e-01 -1.586995840072631836e+00 -1.880935430526733398e-01 4.233793169260025024e-02 4.275644123554229736e-01 8.831856846809387207e-01
3.769683837890625000e+00 3.022747635841369629e-01 -1.769098162651062012e+00 -1.891325861215591431e-01 4.226868599653244019e-02 4.271315336227416992e-01 8.831766247749328613e-01
3.771295785903930664e+00 2.916789054870605469e-01 -1.802348256111145020e+00 -2.126478254795074463e-01 1.871575415134429932e-02 3.899894058704376221e-01 8.957337141036987305e-01
3.772974729537963867e+00 2.795667350292205811e-01 -1.835483908653259277e+00 -3.171100914478302002e-01 1.532347500324249268e-02 3.130008280277252197e-01 8.951184153556823730e-01
3.780066728591918945e+00 2.169116884469985962e-01 -1.956394314765930176e+00 -3.000768125057220459e-01 3.505407273769378662e-02 3.639450669288635254e-01 8.810613155364990234e-01
3.787958621978759766e+00 1.272860616445541382e-01 -2.064133405685424805e+00 -3.140705823898315430e-01 4.490654170513153076e-02 3.495871424674987793e-01 8.815509080886840820e-01
3.794899463653564453e+00 3.014533966779708862e-02 -2.141250371932983398e+00 -2.633979618549346924e-01 2.085807919502258301e-02 3.969877660274505615e-01 8.789693117141723633e-01
3.806883811950683594e+00 -2.006895393133163452e-01 -2.240618944168090820e+00 -3.127848505973815918e-01 2.800974994897842407e-02 3.433924615383148193e-01 8.851343393325805664e-01
3.811649084091186523e+00 -5.283319950103759766e-01 -2.268086910247802734e+00 -3.174334168434143066e-01 2.817641943693161011e-02 3.229168355464935303e-01 8.911603689193725586e-01
3.781593561172485352e+00 -6.655274033546447754e-01 -2.233727455139160156e+00 -2.249852865934371948e-01 2.372888475656509399e-02 3.901887834072113037e-01 8.925083875656127930e-01
3.761771440505981445e+00 -6.362289786338806152e-01 -2.222378253936767578e+00 -2.211605310440063477e-01 2.842410653829574585e-02 3.998537063598632812e-01 8.890427947044372559e-01
3.731693983078002930e+00 -5.515972971916198730e-01 -2.211774587631225586e+00 -2.269473224878311157e-01 2.200227230787277222e-02 3.842867314815521240e-01 8.946142196655273438e-01
3.696437835693359375e+00 -3.101341426372528076e-01 -2.229359149932861328e+00 -2.121491134166717529e-01 3.375485539436340332e-03 4.455365836620330811e-01 8.697577714920043945e-01
3.759748458862304688e+00 7.175063947215676308e-04 -2.159044027328491211e+00 -1.325355172157287598e-01 4.323710128664970398e-02 4.747284650802612305e-01 8.690210580825805664e-01
3.842881679534912109e+00 1.836481839418411255e-01 -2.039857149124145508e+00 -1.834936141967773438e-01 1.639606803655624390e-02 4.424852728843688965e-01 8.776491284370422363e-01
4.051947593688964844e+00 2.938108742237091064e-01 -1.929376840591430664e+00 -2.221350222826004028e-01 -2.237021923065185547e-02 4.303740561008453369e-01 8.746049404144287109e-01
4.250424861907958984e+00 3.374950289726257324e-01 -1.907925486564636230e+00 -2.392033338546752930e-01 -2.320968359708786011e-02 4.216598570346832275e-01 8.743260502815246582e-01
4.614531040191650391e+00 3.972755372524261475e-01 -1.908224582672119141e+00 -2.749620974063873291e-01 -8.581663668155670166e-02 3.672190606594085693e-01 8.844102621078491211e-01
5.082678794860839844e+00 4.419778287410736084e-01 -1.937629461288452148e+00 -2.320292294025421143e-01 -2.330724895000457764e-02 4.187817871570587158e-01 8.776337504386901855e-01
5.582023143768310547e+00 4.488329291343688965e-01 -1.992136240005493164e+00 -2.673441171646118164e-01 -4.558870568871498108e-02 3.806302249431610107e-01 8.840641975402832031e-01
5.920101642608642578e+00 4.343777298927307129e-01 -2.047636985778808594e+00 -3.245578408241271973e-01 -9.604540467262268066e-02 3.505831360816955566e-01 8.732290863990783691e-01
6.384179115295410156e+00 3.689585924148559570e-01 -2.198627710342407227e+00 -2.883450686931610107e-01 -1.137811914086341858e-01 3.824334144592285156e-01 8.704341650009155273e-01
6.793838500976562500e+00 2.836914658546447754e-01 -2.332372188568115234e+00 -2.098843008279800415e-01 -1.121716797351837158e-01 4.189112186431884766e-01 8.762872815132141113e-01
7.060630321502685547e+00 1.993206739425659180e-01 -2.378960609436035156e+00 -2.924144566059112549e-01 -1.496136337518692017e-01 3.829436600208282471e-01 8.634023070335388184e-01
7.175906658172607422e+00 1.513275504112243652e-01 -2.395974874496459961e+00 -3.115239739418029785e-01 -1.528197824954986572e-01 3.745488226413726807e-01 8.598325848579406738e-01
7.409040927886962891e+00 1.864166185259819031e-02 -2.420775175094604492e+00 -3.354421854019165039e-01 -1.457180827856063843e-01 3.584283292293548584e-01 8.589376807212829590e-01
7.689430236816406250e+00 -1.973806321620941162e-01 -2.435731410980224609e+00 -3.335152566432952881e-01 -1.456394195556640625e-01 3.602927029132843018e-01 8.589213490486145020e-01
7.773885250091552734e+00 -3.398577570915222168e-01 -2.428737163543701172e+00 -3.293327391147613525e-01 -1.469496786594390869e-01 3.705508112907409668e-01 8.559426069259643555e-01
7.717610836029052734e+00 -3.647939562797546387e-01 -2.408413410186767578e+00 -4.062115550041198730e-01 -1.556380838155746460e-01 3.064235746860504150e-01 8.466839194297790527e-01
7.617424011230468750e+00 -3.194233477115631104e-01 -2.375097990036010742e+00 -3.526502251625061035e-01 -1.368375271558761597e-01 3.766800463199615479e-01 8.455917835235595703e-01
7.616312503814697266e+00 -3.187441825866699219e-01 -2.374743938446044922e+00 -3.092637658119201660e-01 -1.463495194911956787e-01 3.866962492465972900e-01 8.563899397850036621e-01
7.477291584014892578e+00 -2.291897982358932495e-01 -2.335203886032104492e+00 -3.514735996723175049e-01 -1.421002745628356934e-01 3.327028751373291016e-01 8.634711503982543945e-01
7.284191131591796875e+00 -1.168991997838020325e-01 -2.297085523605346680e+00 -3.155847191810607910e-01 -8.444434404373168945e-02 3.977908790111541748e-01 8.573434352874755859e-01
7.231323242187500000e+00 -8.911804109811782837e-02 -2.288811683654785156e+00 -2.820268869400024414e-01 -9.299276024103164673e-02 4.991422295570373535e-01 8.140456080436706543e-01
7.084005355834960938e+00 -1.463886257261037827e-02 -2.266825914382934570e+00 -2.325206995010375977e-01 -7.545218616724014282e-02 5.556765198707580566e-01 7.946475148200988770e-01
7.074512958526611328e+00 -9.914092719554901123e-03 -2.265377521514892578e+00 -2.054659128189086914e-01 -6.604248285293579102e-02 5.869927406311035156e-01 7.802959680557250977e-01
7.066990375518798828e+00 -6.171646062284708023e-03 -2.264221191406250000e+00 -1.342744529247283936e-01 -4.766847193241119385e-02 6.561120748519897461e-01 7.410902976989746094e-01
6.964159965515136719e+00 4.525730013847351074e-02 -2.247062683105468750e+00 -1.759089827537536621e-01 -4.921621084213256836e-02 6.390553116798400879e-01 7.471560239791870117e-01
6.902766704559326172e+00 7.662467658519744873e-02 -2.235181331634521484e+00 -2.677130103111267090e-01 1.212698221206665039e-02 6.266358494758605957e-01 7.317855954170227051e-01
6.786475181579589844e+00 1.387493461370468140e-01 -2.208680152893066406e+00 -3.701616227626800537e-01 2.270318567752838135e-02 5.777840614318847656e-01 7.270696759223937988e-01
6.627626419067382812e+00 2.320199459791183472e-01 -2.164412260055541992e+00 -3.478651940822601318e-01 3.694966435432434082e-03 6.015457510948181152e-01 7.191097140312194824e-01
6.567004680633544922e+00 2.688647508621215820e-01 -2.145152330398559570e+00 -3.521832227706909180e-01 9.485647082328796387e-03 5.841175913810729980e-01 7.312207221984863281e-01
6.492999076843261719e+00 3.115918636322021484e-01 -2.119320631027221680e+00 -3.094858825206756592e-01 -3.505437076091766357e-02 6.344547867774963379e-01 7.074297070503234863e-01
6.304726600646972656e+00 4.008189439773559570e-01 -2.042045354843139648e+00 -3.306580781936645508e-01 -3.159497678279876709e-02 6.238282918930053711e-01 7.074639201164245605e-01
6.276362895965576172e+00 4.115886688232421875e-01 -2.029114484786987305e+00 -3.767687082290649414e-01 -2.956093847751617432e-02 5.511772632598876953e-01 7.438918948173522949e-01
6.221232891082763672e+00 4.305003285408020020e-01 -2.003114223480224609e+00 -3.656709790229797363e-01 -2.445869147777557373e-02 5.603268742561340332e-01 7.427787184715270996e-01
6.059407711029052734e+00 4.753623902797698975e-01 -1.922527313232421875e+00 -3.681176900863647461e-01 -2.329373359680175781e-02 5.581682920455932617e-01 7.432329058647155762e-01
5.736304759979248047e+00 5.364794135093688965e-01 -1.753653526306152344e+00 -3.073270022869110107e-01 -1.281981170177459717e-02 6.147549152374267578e-01 7.262659668922424316e-01
5.531824111938476562e+00 5.591453313827514648e-01 -1.645827889442443848e+00 -3.714330792427062988e-01 7.116869091987609863e-03 5.542890429496765137e-01 7.448157668113708496e-01
5.262675285339355469e+00 5.792523026466369629e-01 -1.451693058013916016e+00 -4.073075354099273682e-01 2.101075649261474609e-02 5.396964550018310547e-01 7.364692091941833496e-01
5.034191131591796875e+00 6.031040549278259277e-01 -1.244926691055297852e+00 -4.699167013168334961e-01 1.991380751132965088e-02 4.473111033439636230e-01 7.607197761535644531e-01
4.744246006011962891e+00 6.396371126174926758e-01 -9.583774209022521973e-01 -5.096991062164306641e-01 4.773251712322235107e-02 3.739433586597442627e-01 7.733659148216247559e-01
4.556867599487304688e+00 6.710578203201293945e-01 -7.754634618759155273e-01 -5.132345557212829590e-01 5.378612875938415527e-02 3.649402260780334473e-01 7.749297022819519043e-01
4.356842517852783203e+00 6.590469479560852051e-01 -7.015594840049743652e-01 -5.067493319511413574e-01 5.807925760746002197e-02 3.708016574382781982e-01 7.761043906211853027e-01
4.061744689941406250e+00 5.029806494712829590e-01 -6.062711477279663086e-01 -4.434728920459747314e-01 3.355790674686431885e-02 4.089337289333343506e-01 7.968556284904479980e-01
3.906008481979370117e+00 3.018122911453247070e-01 -5.661116838455200195e-01 -4.828153252601623535e-01 4.527318477630615234e-02 3.661307692527770996e-01 7.942216396331787109e-01
3.836365222930908203e+00 7.357444614171981812e-02 -5.106551051139831543e-01 -4.490596652030944824e-01 3.041289746761322021e-02 3.680248558521270752e-01 8.136203885078430176e-01
3.825646877288818359e+00 -4.695674777030944824e-02 -4.349570274353027344e-01 -4.869208931922912598e-01 -6.428807973861694336e-03 3.388691544532775879e-01 8.050058484077453613e-01
3.825589895248413086e+00 -1.228930428624153137e-01 -3.700586259365081787e-01 -5.091302990913391113e-01 -1.488753408193588257e-02 3.054152727127075195e-01 8.045409917831420898e-01
3.832077741622924805e+00 -2.507174611091613770e-01 -2.438934296369552612e-01 -5.079593658447265625e-01 -1.580992341041564941e-02 3.073942959308624268e-01 8.045098185539245605e-01
